trade_symbol,trade_entry_date,trade_exit_date,option_type,option_ticker,strike,expiration,bar_date,day_open,day_high,day_low,day_close,day_volume,n_bars,morning_price,actual_delta,search_attempt,replaced_from,new_dte,new_volume_entry_day
AA,2022-01-18,2022-02-14,backfill,O:AA220218C00065000,65.0,2022-02-18,2022-01-18,2.71,3.08,2.1,2.45,424,67,2.71,,monthly_30d_30d_otm,weekly_2_strike0,31,424
AA,2022-01-18,2022-02-14,backfill,O:AA220218C00065000,65.0,2022-02-18,2022-01-19,2.73,2.89,1.95,2.17,720,106,2.73,,monthly_30d_30d_otm,weekly_2_strike0,31,424
AA,2022-01-18,2022-02-14,backfill,O:AA220218C00065000,65.0,2022-02-18,2022-01-20,2.67,3.5,1.82,2.2,2754,178,2.67,,monthly_30d_30d_otm,weekly_2_strike0,31,424
AA,2022-01-18,2022-02-14,backfill,O:AA220218C00065000,65.0,2022-02-18,2022-01-21,1.81,1.81,0.95,1.02,596,86,1.81,,monthly_30d_30d_otm,weekly_2_strike0,31,424
AA,2022-01-18,2022-02-14,backfill,O:AA220218C00065000,65.0,2022-02-18,2022-01-24,0.61,1.5,0.41,1.46,274,44,0.61,,monthly_30d_30d_otm,weekly_2_strike0,31,424
AA,2022-01-18,2022-02-14,backfill,O:AA220218C00065000,65.0,2022-02-18,2022-01-25,1.4,2.6,1.4,2.52,589,63,1.4,,monthly_30d_30d_otm,weekly_2_strike0,31,424
AA,2022-01-18,2022-02-14,backfill,O:AA220218C00065000,65.0,2022-02-18,2022-01-26,2.49,3.3,2.02,2.31,511,73,2.49,,monthly_30d_30d_otm,weekly_2_strike0,31,424
AA,2022-01-18,2022-02-14,backfill,O:AA220218C00065000,65.0,2022-02-18,2022-01-27,2.32,2.32,1.23,1.34,2296,53,2.32,,monthly_30d_30d_otm,weekly_2_strike0,31,424
AA,2022-01-18,2022-02-14,backfill,O:AA220218C00065000,65.0,2022-02-18,2022-01-28,1.27,1.3,0.62,0.84,379,44,1.27,,monthly_30d_30d_otm,weekly_2_strike0,31,424
AA,2022-01-18,2022-02-14,backfill,O:AA220218C00065000,65.0,2022-02-18,2022-01-31,0.75,0.75,0.39,0.51,143,44,0.75,,monthly_30d_30d_otm,weekly_2_strike0,31,424
AA,2022-01-18,2022-02-14,backfill,O:AA220218C00065000,65.0,2022-02-18,2022-02-01,0.66,0.75,0.48,0.62,269,45,0.66,,monthly_30d_30d_otm,weekly_2_strike0,31,424
AA,2022-01-18,2022-02-14,backfill,O:AA220218C00065000,65.0,2022-02-18,2022-02-02,0.57,0.8,0.41,0.76,2110,40,0.57,,monthly_30d_30d_otm,weekly_2_strike0,31,424
AA,2022-01-18,2022-02-14,backfill,O:AA220218C00065000,65.0,2022-02-18,2022-02-03,0.72,2.23,0.72,2.05,3587,95,0.72,,monthly_30d_30d_otm,weekly_2_strike0,31,424
AA,2022-01-18,2022-02-14,backfill,O:AA220218C00065000,65.0,2022-02-18,2022-02-04,1.82,3.35,1.75,2.47,1669,110,1.82,,monthly_30d_30d_otm,weekly_2_strike0,31,424
AA,2022-01-18,2022-02-14,backfill,O:AA220218C00065000,65.0,2022-02-18,2022-02-07,2.71,3.05,1.81,2.07,237,64,2.71,,monthly_30d_30d_otm,weekly_2_strike0,31,424
AA,2022-01-18,2022-02-14,backfill,O:AA220218C00065000,65.0,2022-02-18,2022-02-08,3.35,7.61,3.3,5.75,665,97,3.35,,monthly_30d_30d_otm,weekly_2_strike0,31,424
AA,2022-01-18,2022-02-14,backfill,O:AA220218C00065000,65.0,2022-02-18,2022-02-09,6.8,7.75,5.5,7.35,112,35,6.8,,monthly_30d_30d_otm,weekly_2_strike0,31,424
AA,2022-01-18,2022-02-14,backfill,O:AA220218C00065000,65.0,2022-02-18,2022-02-10,7.3,8.8,5.85,6.38,6270,41,7.3,,monthly_30d_30d_otm,weekly_2_strike0,31,424
AA,2022-01-18,2022-02-14,backfill,O:AA220218C00065000,65.0,2022-02-18,2022-02-11,5.0,9.4,5.0,9.15,716,27,5.0,,monthly_30d_30d_otm,weekly_2_strike0,31,424
AA,2022-01-18,2022-02-14,backfill,O:AA220218C00065000,65.0,2022-02-18,2022-02-14,9.58,10.05,7.5,9.15,120,35,9.58,,monthly_30d_30d_otm,weekly_2_strike0,31,424
AA,2024-02-01,2024-02-26,backfill,O:AA240315C00030000,30.0,2024-03-15,2024-02-01,2.18,2.35,1.75,1.87,1859,52,2.18,,monthly_30d_atm,weekly_2_strike0,43,1859
AA,2024-02-01,2024-02-26,backfill,O:AA240315C00030000,30.0,2024-03-15,2024-02-02,1.47,1.85,1.47,1.85,94,20,1.47,,monthly_30d_atm,weekly_2_strike0,43,1859
AA,2024-02-01,2024-02-26,backfill,O:AA240315C00030000,30.0,2024-03-15,2024-02-05,1.2,1.2,0.75,0.77,2457,80,1.2,,monthly_30d_atm,weekly_2_strike0,43,1859
AA,2024-02-01,2024-02-26,backfill,O:AA240315C00030000,30.0,2024-03-15,2024-02-06,0.88,1.02,0.81,0.93,2244,60,0.88,,monthly_30d_atm,weekly_2_strike0,43,1859
AA,2024-02-01,2024-02-26,backfill,O:AA240315C00030000,30.0,2024-03-15,2024-02-07,0.98,0.98,0.74,0.88,514,34,0.98,,monthly_30d_atm,weekly_2_strike0,43,1859
AA,2024-02-01,2024-02-26,backfill,O:AA240315C00030000,30.0,2024-03-15,2024-02-08,0.82,1.05,0.79,0.92,426,36,0.82,,monthly_30d_atm,weekly_2_strike0,43,1859
AA,2024-02-01,2024-02-26,backfill,O:AA240315C00030000,30.0,2024-03-15,2024-02-09,0.85,0.85,0.61,0.65,404,43,0.85,,monthly_30d_atm,weekly_2_strike0,43,1859
AA,2024-02-01,2024-02-26,backfill,O:AA240315C00030000,30.0,2024-03-15,2024-02-12,0.68,0.99,0.65,0.93,557,49,0.68,,monthly_30d_atm,weekly_2_strike0,43,1859
AA,2024-02-01,2024-02-26,backfill,O:AA240315C00030000,30.0,2024-03-15,2024-02-13,0.65,0.65,0.38,0.43,3380,71,0.65,,monthly_30d_atm,weekly_2_strike0,43,1859
AA,2024-02-01,2024-02-26,backfill,O:AA240315C00030000,30.0,2024-03-15,2024-02-14,0.33,0.57,0.33,0.54,456,46,0.33,,monthly_30d_atm,weekly_2_strike0,43,1859
AA,2024-02-01,2024-02-26,backfill,O:AA240315C00030000,30.0,2024-03-15,2024-02-15,0.65,0.76,0.58,0.65,229,37,0.65,,monthly_30d_atm,weekly_2_strike0,43,1859
AA,2024-02-01,2024-02-26,backfill,O:AA240315C00030000,30.0,2024-03-15,2024-02-16,0.62,0.88,0.62,0.75,1459,54,0.62,,monthly_30d_atm,weekly_2_strike0,43,1859
AA,2024-02-01,2024-02-26,backfill,O:AA240315C00030000,30.0,2024-03-15,2024-02-20,0.45,0.5,0.39,0.46,886,51,0.45,,monthly_30d_atm,weekly_2_strike0,43,1859
AA,2024-02-01,2024-02-26,backfill,O:AA240315C00030000,30.0,2024-03-15,2024-02-21,0.53,0.84,0.53,0.8,2914,56,0.53,,monthly_30d_atm,weekly_2_strike0,43,1859
AA,2024-02-01,2024-02-26,backfill,O:AA240315C00030000,30.0,2024-03-15,2024-02-22,0.65,0.7,0.27,0.64,861,35,0.65,,monthly_30d_atm,weekly_2_strike0,43,1859
AA,2024-02-01,2024-02-26,backfill,O:AA240315C00030000,30.0,2024-03-15,2024-02-23,0.54,0.54,0.37,0.38,2134,38,0.54,,monthly_30d_atm,weekly_2_strike0,43,1859
AA,2024-02-01,2024-02-26,backfill,O:AA240315C00030000,30.0,2024-03-15,2024-02-26,0.2,0.2,0.12,0.14,128,35,0.2,,monthly_30d_atm,weekly_2_strike0,43,1859
AAL,2020-09-30,2020-10-27,backfill,O:AAL201120C00014000,14.0,2020-11-20,2020-09-30,1.09,1.33,1.05,1.08,1259,62,1.09,,monthly_45d_25d_otm,weekly_2_strike0,51,1259
AAL,2020-09-30,2020-10-27,backfill,O:AAL201120C00014000,14.0,2020-11-20,2020-10-01,1.12,1.25,1.12,1.19,378,49,1.12,,monthly_45d_25d_otm,weekly_2_strike0,51,1259
AAL,2020-09-30,2020-10-27,backfill,O:AAL201120C00014000,14.0,2020-11-20,2020-10-02,1.0,1.59,1.0,1.4,1255,104,1.0,,monthly_45d_25d_otm,weekly_2_strike0,51,1259
AAL,2020-09-30,2020-10-27,backfill,O:AAL201120C00014000,14.0,2020-11-20,2020-10-05,1.42,1.44,1.17,1.36,3360,83,1.42,,monthly_45d_25d_otm,weekly_2_strike0,51,1259
AAL,2020-09-30,2020-10-27,backfill,O:AAL201120C00014000,14.0,2020-11-20,2020-10-06,1.4,1.49,1.03,1.08,1405,114,1.4,,monthly_45d_25d_otm,weekly_2_strike0,51,1259
AAL,2020-09-30,2020-10-27,backfill,O:AAL201120C00014000,14.0,2020-11-20,2020-10-07,1.25,1.4,1.15,1.25,3547,126,1.25,,monthly_45d_25d_otm,weekly_2_strike0,51,1259
AAL,2020-09-30,2020-10-27,backfill,O:AAL201120C00014000,14.0,2020-11-20,2020-10-08,1.45,1.51,1.02,1.22,3357,114,1.45,,monthly_45d_25d_otm,weekly_2_strike0,51,1259
AAL,2020-09-30,2020-10-27,backfill,O:AAL201120C00014000,14.0,2020-11-20,2020-10-09,1.01,1.43,1.01,1.28,1653,105,1.01,,monthly_45d_25d_otm,weekly_2_strike0,51,1259
AAL,2020-09-30,2020-10-27,backfill,O:AAL201120C00014000,14.0,2020-11-20,2020-10-12,1.19,1.25,0.51,1.07,2391,108,1.19,,monthly_45d_25d_otm,weekly_2_strike0,51,1259
AAL,2020-09-30,2020-10-27,backfill,O:AAL201120C00014000,14.0,2020-11-20,2020-10-13,0.89,0.92,0.55,0.73,1722,108,0.89,,monthly_45d_25d_otm,weekly_2_strike0,51,1259
AAL,2020-09-30,2020-10-27,backfill,O:AAL201120C00014000,14.0,2020-11-20,2020-10-14,0.73,0.8,0.66,0.72,2130,80,0.73,,monthly_45d_25d_otm,weekly_2_strike0,51,1259
AAL,2020-09-30,2020-10-27,backfill,O:AAL201120C00014000,14.0,2020-11-20,2020-10-15,0.69,0.71,0.58,0.63,1612,78,0.69,,monthly_45d_25d_otm,weekly_2_strike0,51,1259
AAL,2020-09-30,2020-10-27,backfill,O:AAL201120C00014000,14.0,2020-11-20,2020-10-16,0.6,0.7,0.57,0.66,1689,91,0.6,,monthly_45d_25d_otm,weekly_2_strike0,51,1259
AAL,2020-09-30,2020-10-27,backfill,O:AAL201120C00014000,14.0,2020-11-20,2020-10-19,0.66,0.77,0.43,0.67,2892,123,0.66,,monthly_45d_25d_otm,weekly_2_strike0,51,1259
AAL,2020-09-30,2020-10-27,backfill,O:AAL201120C00014000,14.0,2020-11-20,2020-10-20,0.7,0.81,0.65,0.76,4003,109,0.7,,monthly_45d_25d_otm,weekly_2_strike0,51,1259
AAL,2020-09-30,2020-10-27,backfill,O:AAL201120C00014000,14.0,2020-11-20,2020-10-21,0.7,0.85,0.6,0.85,1692,71,0.7,,monthly_45d_25d_otm,weekly_2_strike0,51,1259
AAL,2020-09-30,2020-10-27,backfill,O:AAL201120C00014000,14.0,2020-11-20,2020-10-22,0.62,0.86,0.48,0.77,3621,139,0.62,,monthly_45d_25d_otm,weekly_2_strike0,51,1259
AAL,2020-09-30,2020-10-27,backfill,O:AAL201120C00014000,14.0,2020-11-20,2020-10-23,0.76,0.76,0.43,0.55,3481,105,0.76,,monthly_45d_25d_otm,weekly_2_strike0,51,1259
AAL,2020-09-30,2020-10-27,backfill,O:AAL201120C00014000,14.0,2020-11-20,2020-10-26,0.49,0.49,0.31,0.35,2681,120,0.49,,monthly_45d_25d_otm,weekly_2_strike0,51,1259
AAL,2020-09-30,2020-10-27,backfill,O:AAL201120C00014000,14.0,2020-11-20,2020-10-27,0.35,0.35,0.18,0.19,3396,103,0.35,,monthly_45d_25d_otm,weekly_2_strike0,51,1259
AAL,2021-02-01,2021-03-01,backfill,O:AAL210319C00019000,19.0,2021-03-19,2021-02-01,1.97,1.97,1.13,1.23,556,82,1.97,,monthly_30d_30d_otm,weekly_2_strike0,46,556
AAL,2021-02-01,2021-03-01,backfill,O:AAL210319C00019000,19.0,2021-03-19,2021-02-02,1.3,1.3,0.94,0.94,2594,89,1.3,,monthly_30d_30d_otm,weekly_2_strike0,46,556
AAL,2021-02-01,2021-03-01,backfill,O:AAL210319C00019000,19.0,2021-03-19,2021-02-03,0.9,1.4,0.9,1.35,879,70,0.9,,monthly_30d_30d_otm,weekly_2_strike0,46,556
AAL,2021-02-01,2021-03-01,backfill,O:AAL210319C00019000,19.0,2021-03-19,2021-02-04,1.3,1.3,1.07,1.11,1571,74,1.3,,monthly_30d_30d_otm,weekly_2_strike0,46,556
AAL,2021-02-01,2021-03-01,backfill,O:AAL210319C00019000,19.0,2021-03-19,2021-02-05,1.16,1.16,0.91,0.95,1115,59,1.16,,monthly_30d_30d_otm,weekly_2_strike0,46,556
AAL,2021-02-01,2021-03-01,backfill,O:AAL210319C00019000,19.0,2021-03-19,2021-02-08,0.9,1.28,0.9,1.12,2019,113,0.9,,monthly_30d_30d_otm,weekly_2_strike0,46,556
AAL,2021-02-01,2021-03-01,backfill,O:AAL210319C00019000,19.0,2021-03-19,2021-02-09,1.1,1.1,0.88,0.91,697,87,1.1,,monthly_30d_30d_otm,weekly_2_strike0,46,556
AAL,2021-02-01,2021-03-01,backfill,O:AAL210319C00019000,19.0,2021-03-19,2021-02-10,0.92,1.0,0.87,0.92,609,56,0.92,,monthly_30d_30d_otm,weekly_2_strike0,46,556
AAL,2021-02-01,2021-03-01,backfill,O:AAL210319C00019000,19.0,2021-03-19,2021-02-11,0.9,0.9,0.68,0.74,494,69,0.9,,monthly_30d_30d_otm,weekly_2_strike0,46,556
AAL,2021-02-01,2021-03-01,backfill,O:AAL210319C00019000,19.0,2021-03-19,2021-02-12,0.74,0.9,0.72,0.8,324,73,0.74,,monthly_30d_30d_otm,weekly_2_strike0,46,556
AAL,2021-02-01,2021-03-01,backfill,O:AAL210319C00019000,19.0,2021-03-19,2021-02-16,0.9,1.0,0.8,1.0,5196,109,0.9,,monthly_30d_30d_otm,weekly_2_strike0,46,556
AAL,2021-02-01,2021-03-01,backfill,O:AAL210319C00019000,19.0,2021-03-19,2021-02-17,0.97,1.24,0.84,1.03,4075,109,0.97,,monthly_30d_30d_otm,weekly_2_strike0,46,556
AAL,2021-02-01,2021-03-01,backfill,O:AAL210319C00019000,19.0,2021-03-19,2021-02-18,0.8,0.98,0.74,0.8,11169,88,0.8,,monthly_30d_30d_otm,weekly_2_strike0,46,556
AAL,2021-02-01,2021-03-01,backfill,O:AAL210319C00019000,19.0,2021-03-19,2021-02-19,0.81,1.35,0.81,1.3,5435,215,0.81,,monthly_30d_30d_otm,weekly_2_strike0,46,556
AAL,2021-02-01,2021-03-01,backfill,O:AAL210319C00019000,19.0,2021-03-19,2021-02-22,1.92,2.86,1.61,2.29,5529,199,1.92,,monthly_30d_30d_otm,weekly_2_strike0,46,556
AAL,2021-02-01,2021-03-01,backfill,O:AAL210319C00019000,19.0,2021-03-19,2021-02-23,2.71,2.71,1.28,2.48,19330,84,2.71,,monthly_30d_30d_otm,weekly_2_strike0,46,556
AAL,2021-02-01,2021-03-01,backfill,O:AAL210319C00019000,19.0,2021-03-19,2021-02-24,2.72,3.63,2.72,3.34,1896,102,2.72,,monthly_30d_30d_otm,weekly_2_strike0,46,556
AAL,2021-02-01,2021-03-01,backfill,O:AAL210319C00019000,19.0,2021-03-19,2021-02-25,3.6,3.6,2.26,2.61,280,43,3.6,,monthly_30d_30d_otm,weekly_2_strike0,46,556
AAL,2021-02-01,2021-03-01,backfill,O:AAL210319C00019000,19.0,2021-03-19,2021-02-26,2.09,2.93,2.09,2.6,713,43,2.09,,monthly_30d_30d_otm,weekly_2_strike0,46,556
AAL,2021-02-01,2021-03-01,backfill,O:AAL210319C00019000,19.0,2021-03-19,2021-03-01,3.0,3.45,2.51,2.57,4290,45,3.0,,monthly_30d_30d_otm,weekly_2_strike0,46,556
AAL,2021-03-02,2021-03-29,backfill,O:AAL210416C00024000,24.0,2021-04-16,2021-03-02,1.09,1.18,1.02,1.15,126,27,1.09,,monthly_30d_25d_otm,weekly_2_strike0,45,126
AAL,2021-03-02,2021-03-29,backfill,O:AAL210416C00024000,24.0,2021-04-16,2021-03-03,1.25,1.63,1.25,1.42,1269,66,1.25,,monthly_30d_25d_otm,weekly_2_strike0,45,126
AAL,2021-03-02,2021-03-29,backfill,O:AAL210416C00024000,24.0,2021-04-16,2021-03-04,1.53,1.53,0.87,1.07,1082,53,1.53,,monthly_30d_25d_otm,weekly_2_strike0,45,126
AAL,2021-03-02,2021-03-29,backfill,O:AAL210416C00024000,24.0,2021-04-16,2021-03-05,1.1,1.1,0.55,0.82,337,51,1.1,,monthly_30d_25d_otm,weekly_2_strike0,45,126
AAL,2021-03-02,2021-03-29,backfill,O:AAL210416C00024000,24.0,2021-04-16,2021-03-08,0.88,1.16,0.88,1.12,421,49,0.88,,monthly_30d_25d_otm,weekly_2_strike0,45,126
AAL,2021-03-02,2021-03-29,backfill,O:AAL210416C00024000,24.0,2021-04-16,2021-03-09,1.07,1.14,0.79,1.03,988,56,1.07,,monthly_30d_25d_otm,weekly_2_strike0,45,126
AAL,2021-03-02,2021-03-29,backfill,O:AAL210416C00024000,24.0,2021-04-16,2021-03-10,1.04,1.3,0.95,1.11,319,56,1.04,,monthly_30d_25d_otm,weekly_2_strike0,45,126
AAL,2021-03-02,2021-03-29,backfill,O:AAL210416C00024000,24.0,2021-04-16,2021-03-11,1.14,1.33,1.09,1.15,887,65,1.14,,monthly_30d_25d_otm,weekly_2_strike0,45,126
AAL,2021-03-02,2021-03-29,backfill,O:AAL210416C00024000,24.0,2021-04-16,2021-03-12,1.35,1.9,1.3,1.77,3329,195,1.35,,monthly_30d_25d_otm,weekly_2_strike0,45,126
AAL,2021-03-02,2021-03-29,backfill,O:AAL210416C00024000,24.0,2021-04-16,2021-03-15,2.39,3.35,2.17,2.68,5234,151,2.39,,monthly_30d_25d_otm,weekly_2_strike0,45,126
AAL,2021-03-02,2021-03-29,backfill,O:AAL210416C00024000,24.0,2021-04-16,2021-03-16,2.65,2.65,1.95,2.05,369,81,2.65,,monthly_30d_25d_otm,weekly_2_strike0,45,126
AAL,2021-03-02,2021-03-29,backfill,O:AAL210416C00024000,24.0,2021-04-16,2021-03-17,1.77,2.51,1.77,2.4,1264,75,1.77,,monthly_30d_25d_otm,weekly_2_strike0,45,126
AAL,2021-03-02,2021-03-29,backfill,O:AAL210416C00024000,24.0,2021-04-16,2021-03-18,2.44,3.07,2.21,2.21,1381,75,2.44,,monthly_30d_25d_otm,weekly_2_strike0,45,126
AAL,2021-03-02,2021-03-29,backfill,O:AAL210416C00024000,24.0,2021-04-16,2021-03-19,2.16,2.2,1.66,2.19,1417,92,2.16,,monthly_30d_25d_otm,weekly_2_strike0,45,126
AAL,2021-03-02,2021-03-29,backfill,O:AAL210416C00024000,24.0,2021-04-16,2021-03-22,1.99,1.99,1.35,1.4,6462,167,1.99,,monthly_30d_25d_otm,weekly_2_strike0,45,126
AAL,2021-03-02,2021-03-29,backfill,O:AAL210416C00024000,24.0,2021-04-16,2021-03-23,1.04,1.26,0.6,0.67,10903,163,1.04,,monthly_30d_25d_otm,weekly_2_strike0,45,126
AAL,2021-03-02,2021-03-29,backfill,O:AAL210416C00024000,24.0,2021-04-16,2021-03-24,0.83,0.96,0.49,0.51,8503,130,0.83,,monthly_30d_25d_otm,weekly_2_strike0,45,126
AAL,2021-03-02,2021-03-29,backfill,O:AAL210416C00024000,24.0,2021-04-16,2021-03-25,0.38,0.83,0.31,0.83,918,77,0.38,,monthly_30d_25d_otm,weekly_2_strike0,45,126
AAL,2021-03-02,2021-03-29,backfill,O:AAL210416C00024000,24.0,2021-04-16,2021-03-26,0.9,0.97,0.61,0.76,1330,92,0.9,,monthly_30d_25d_otm,weekly_2_strike0,45,126
AAL,2021-03-02,2021-03-29,backfill,O:AAL210416C00024000,24.0,2021-04-16,2021-03-29,0.84,0.88,0.6,0.74,407,84,0.84,,monthly_30d_25d_otm,weekly_2_strike0,45,126
AAL,2022-04-14,2022-05-12,backfill,O:AAL220520C00021000,21.0,2022-05-20,2022-04-14,0.54,0.71,0.51,0.55,1469,76,0.54,,monthly_30d_25d_otm,weekly_2_strike0,36,1469
AAL,2022-04-14,2022-05-12,backfill,O:AAL220520C00021000,21.0,2022-05-20,2022-04-18,0.47,0.53,0.4,0.41,910,61,0.47,,monthly_30d_25d_otm,weekly_2_strike0,36,1469
AAL,2022-04-14,2022-05-12,backfill,O:AAL220520C00021000,21.0,2022-05-20,2022-04-19,0.48,0.77,0.45,0.65,8764,96,0.48,,monthly_30d_25d_otm,weekly_2_strike0,36,1469
AAL,2022-04-14,2022-05-12,backfill,O:AAL220520C00021000,21.0,2022-05-20,2022-04-20,0.66,0.84,0.64,0.67,1388,68,0.66,,monthly_30d_25d_otm,weekly_2_strike0,36,1469
AAL,2022-04-14,2022-05-12,backfill,O:AAL220520C00021000,21.0,2022-05-20,2022-04-21,1.52,1.7,0.83,0.89,5653,170,1.52,,monthly_30d_25d_otm,weekly_2_strike0,36,1469
AAL,2022-04-14,2022-05-12,backfill,O:AAL220520C00021000,21.0,2022-05-20,2022-04-22,1.04,1.29,0.85,0.9,1542,103,1.04,,monthly_30d_25d_otm,weekly_2_strike0,36,1469
AAL,2022-04-14,2022-05-12,backfill,O:AAL220520C00021000,21.0,2022-05-20,2022-04-25,0.87,0.9,0.63,0.78,459,54,0.87,,monthly_30d_25d_otm,weekly_2_strike0,36,1469
AAL,2022-04-14,2022-05-12,backfill,O:AAL220520C00021000,21.0,2022-05-20,2022-04-26,0.74,0.74,0.42,0.42,378,52,0.74,,monthly_30d_25d_otm,weekly_2_strike0,36,1469
AAL,2022-04-14,2022-05-12,backfill,O:AAL220520C00021000,21.0,2022-05-20,2022-04-27,0.41,0.46,0.33,0.42,2364,58,0.41,,monthly_30d_25d_otm,weekly_2_strike0,36,1469
AAL,2022-04-14,2022-05-12,backfill,O:AAL220520C00021000,21.0,2022-05-20,2022-04-28,0.44,0.51,0.31,0.49,1623,52,0.44,,monthly_30d_25d_otm,weekly_2_strike0,36,1469
AAL,2022-04-14,2022-05-12,backfill,O:AAL220520C00021000,21.0,2022-05-20,2022-04-29,0.42,0.5,0.33,0.33,210,38,0.42,,monthly_30d_25d_otm,weekly_2_strike0,36,1469
AAL,2022-04-14,2022-05-12,backfill,O:AAL220520C00021000,21.0,2022-05-20,2022-05-02,0.31,0.34,0.19,0.24,666,63,0.31,,monthly_30d_25d_otm,weekly_2_strike0,36,1469
AAL,2022-04-14,2022-05-12,backfill,O:AAL220520C00021000,21.0,2022-05-20,2022-05-03,0.25,0.36,0.19,0.3,235,38,0.25,,monthly_30d_25d_otm,weekly_2_strike0,36,1469
AAL,2022-04-14,2022-05-12,backfill,O:AAL220520C00021000,21.0,2022-05-20,2022-05-04,0.24,0.35,0.21,0.35,696,59,0.24,,monthly_30d_25d_otm,weekly_2_strike0,36,1469
AAL,2022-04-14,2022-05-12,backfill,O:AAL220520C00021000,21.0,2022-05-20,2022-05-05,0.27,0.28,0.14,0.16,1496,50,0.27,,monthly_30d_25d_otm,weekly_2_strike0,36,1469
AAL,2022-04-14,2022-05-12,backfill,O:AAL220520C00021000,21.0,2022-05-20,2022-05-06,0.14,0.14,0.07,0.09,335,39,0.14,,monthly_30d_25d_otm,weekly_2_strike0,36,1469
AAL,2022-04-14,2022-05-12,backfill,O:AAL220520C00021000,21.0,2022-05-20,2022-05-09,0.08,0.09,0.03,0.05,1566,50,0.08,,monthly_30d_25d_otm,weekly_2_strike0,36,1469
AAL,2022-04-14,2022-05-12,backfill,O:AAL220520C00021000,21.0,2022-05-20,2022-05-10,0.04,0.05,0.03,0.03,146,23,0.04,,monthly_30d_25d_otm,weekly_2_strike0,36,1469
AAL,2022-04-14,2022-05-12,backfill,O:AAL220520C00021000,21.0,2022-05-20,2022-05-11,0.04,0.04,0.01,0.01,306,23,0.04,,monthly_30d_25d_otm,weekly_2_strike0,36,1469
AAL,2022-04-14,2022-05-12,backfill,O:AAL220520C00021000,21.0,2022-05-20,2022-05-12,0.02,0.03,0.01,0.02,1364,24,0.02,,monthly_30d_25d_otm,weekly_2_strike0,36,1469
AAL,2023-01-20,2023-02-16,backfill,O:AAL230217C00018000,18.0,2023-02-17,2023-01-20,0.33,0.35,0.26,0.31,190,36,0.33,,monthly_30d_25d_otm,weekly_1_strike0,28,190
AAL,2023-01-20,2023-02-16,backfill,O:AAL230217C00018000,18.0,2023-02-17,2023-01-23,0.29,0.29,0.22,0.22,249,30,0.29,,monthly_30d_25d_otm,weekly_1_strike0,28,190
AAL,2023-01-20,2023-02-16,backfill,O:AAL230217C00018000,18.0,2023-02-17,2023-01-24,0.18,0.23,0.17,0.19,105,13,0.18,,monthly_30d_25d_otm,weekly_1_strike0,28,190
AAL,2023-01-20,2023-02-16,backfill,O:AAL230217C00018000,18.0,2023-02-17,2023-01-25,0.2,0.25,0.2,0.23,1330,25,0.2,,monthly_30d_25d_otm,weekly_1_strike0,28,190
AAL,2023-01-20,2023-02-16,backfill,O:AAL230217C00018000,18.0,2023-02-17,2023-01-26,0.24,0.24,0.1,0.19,2336,45,0.24,,monthly_30d_25d_otm,weekly_1_strike0,28,190
AAL,2023-01-20,2023-02-16,backfill,O:AAL230217C00018000,18.0,2023-02-17,2023-01-27,0.19,0.22,0.12,0.14,562,39,0.19,,monthly_30d_25d_otm,weekly_1_strike0,28,190
AAL,2023-01-20,2023-02-16,backfill,O:AAL230217C00018000,18.0,2023-02-17,2023-01-30,0.12,0.16,0.09,0.1,1031,25,0.12,,monthly_30d_25d_otm,weekly_1_strike0,28,190
AAL,2023-01-20,2023-02-16,backfill,O:AAL230217C00018000,18.0,2023-02-17,2023-01-31,0.1,0.12,0.07,0.09,779,33,0.1,,monthly_30d_25d_otm,weekly_1_strike0,28,190
AAL,2023-01-20,2023-02-16,backfill,O:AAL230217C00018000,18.0,2023-02-17,2023-02-01,0.06,0.15,0.06,0.13,777,33,0.06,,monthly_30d_25d_otm,weekly_1_strike0,28,190
AAL,2023-01-20,2023-02-16,backfill,O:AAL230217C00018000,18.0,2023-02-17,2023-02-02,0.15,0.27,0.15,0.2,1775,85,0.15,,monthly_30d_25d_otm,weekly_1_strike0,28,190
AAL,2023-01-20,2023-02-16,backfill,O:AAL230217C00018000,18.0,2023-02-17,2023-02-03,0.2,0.24,0.14,0.17,1698,111,0.2,,monthly_30d_25d_otm,weekly_1_strike0,28,190
AAL,2023-01-20,2023-02-16,backfill,O:AAL230217C00018000,18.0,2023-02-17,2023-02-06,0.15,0.18,0.12,0.14,543,72,0.15,,monthly_30d_25d_otm,weekly_1_strike0,28,190
AAL,2023-01-20,2023-02-16,backfill,O:AAL230217C00018000,18.0,2023-02-17,2023-02-07,0.14,0.14,0.07,0.12,621,50,0.14,,monthly_30d_25d_otm,weekly_1_strike0,28,190
AAL,2023-01-20,2023-02-16,backfill,O:AAL230217C00018000,18.0,2023-02-17,2023-02-08,0.19,0.25,0.09,0.11,3684,127,0.19,,monthly_30d_25d_otm,weekly_1_strike0,28,190
AAL,2023-01-20,2023-02-16,backfill,O:AAL230217C00018000,18.0,2023-02-17,2023-02-09,0.1,0.14,0.05,0.05,2487,96,0.1,,monthly_30d_25d_otm,weekly_1_strike0,28,190
AAL,2023-01-20,2023-02-16,backfill,O:AAL230217C00018000,18.0,2023-02-17,2023-02-10,0.04,0.05,0.02,0.02,1271,60,0.04,,monthly_30d_25d_otm,weekly_1_strike0,28,190
AAL,2023-01-20,2023-02-16,backfill,O:AAL230217C00018000,18.0,2023-02-17,2023-02-13,0.03,0.04,0.02,0.03,458,48,0.03,,monthly_30d_25d_otm,weekly_1_strike0,28,190
AAL,2023-01-20,2023-02-16,backfill,O:AAL230217C00018000,18.0,2023-02-17,2023-02-14,0.02,0.03,0.01,0.01,898,42,0.02,,monthly_30d_25d_otm,weekly_1_strike0,28,190
AAL,2023-01-20,2023-02-16,backfill,O:AAL230217C00018000,18.0,2023-02-17,2023-02-15,0.01,0.02,0.01,0.02,182,26,0.01,,monthly_30d_25d_otm,weekly_1_strike0,28,190
AAL,2023-01-20,2023-02-16,backfill,O:AAL230217C00018000,18.0,2023-02-17,2023-02-16,0.01,0.03,0.01,0.02,206,20,0.01,,monthly_30d_25d_otm,weekly_1_strike0,28,190
AAPL,2023-03-14,2023-04-11,backfill,O:AAPL230519C00160000,160.0,2023-05-19,2023-03-14,4.45,5.06,4.2,4.87,2100,97,4.45,,monthly_60d_30d_otm,weekly_2_strike2,66,2100
AAPL,2023-03-14,2023-04-11,backfill,O:AAPL230519C00160000,160.0,2023-05-19,2023-03-15,4.55,5.13,4.2,5.0,1312,95,4.55,,monthly_60d_30d_otm,weekly_2_strike2,66,2100
AAPL,2023-03-14,2023-04-11,backfill,O:AAPL230519C00160000,160.0,2023-05-19,2023-03-16,4.9,6.21,4.73,5.98,2092,186,4.9,,monthly_60d_30d_otm,weekly_2_strike2,66,2100
AAPL,2023-03-14,2023-04-11,backfill,O:AAPL230519C00160000,160.0,2023-05-19,2023-03-17,6.01,6.5,5.5,5.95,1613,157,6.01,,monthly_60d_30d_otm,weekly_2_strike2,66,2100
AAPL,2023-03-14,2023-04-11,backfill,O:AAPL230519C00160000,160.0,2023-05-19,2023-03-20,5.93,7.0,5.5,6.78,3462,224,5.93,,monthly_60d_30d_otm,weekly_2_strike2,66,2100
AAPL,2023-03-14,2023-04-11,backfill,O:AAPL230519C00160000,160.0,2023-05-19,2023-03-21,6.61,7.5,6.13,7.5,2878,212,6.61,,monthly_60d_30d_otm,weekly_2_strike2,66,2100
AAPL,2023-03-14,2023-04-11,backfill,O:AAPL230519C00160000,160.0,2023-05-19,2023-03-22,7.45,8.95,6.8,6.8,4309,249,7.45,,monthly_60d_30d_otm,weekly_2_strike2,66,2100
AAPL,2023-03-14,2023-04-11,backfill,O:AAPL230519C00160000,160.0,2023-05-19,2023-03-23,7.05,8.55,6.8,7.4,4939,208,7.05,,monthly_60d_30d_otm,weekly_2_strike2,66,2100
AAPL,2023-03-14,2023-04-11,backfill,O:AAPL230519C00160000,160.0,2023-05-19,2023-03-24,7.3,8.1,6.9,8.1,2116,180,7.3,,monthly_60d_30d_otm,weekly_2_strike2,66,2100
AAPL,2023-03-14,2023-04-11,backfill,O:AAPL230519C00160000,160.0,2023-05-19,2023-03-27,7.75,8.1,6.55,6.6,2953,179,7.75,,monthly_60d_30d_otm,weekly_2_strike2,66,2100
AAPL,2023-03-14,2023-04-11,backfill,O:AAPL230519C00160000,160.0,2023-05-19,2023-03-28,6.57,6.6,5.4,6.1,1342,150,6.57,,monthly_60d_30d_otm,weekly_2_strike2,66,2100
AAPL,2023-03-14,2023-04-11,backfill,O:AAPL230519C00160000,160.0,2023-05-19,2023-03-29,6.9,7.73,6.85,7.6,1656,182,6.9,,monthly_60d_30d_otm,weekly_2_strike2,66,2100
AAPL,2023-03-14,2023-04-11,backfill,O:AAPL230519C00160000,160.0,2023-05-19,2023-03-30,8.0,8.6,7.85,8.49,2907,177,8.0,,monthly_60d_30d_otm,weekly_2_strike2,66,2100
AAPL,2023-03-14,2023-04-11,backfill,O:AAPL230519C00160000,160.0,2023-05-19,2023-03-31,8.75,10.05,8.35,9.9,1610,194,8.75,,monthly_60d_30d_otm,weekly_2_strike2,66,2100
AAPL,2023-03-14,2023-04-11,backfill,O:AAPL230519C00160000,160.0,2023-05-19,2023-04-03,9.36,10.72,9.36,10.72,1139,140,9.36,,monthly_60d_30d_otm,weekly_2_strike2,66,2100
AAPL,2023-03-14,2023-04-11,backfill,O:AAPL230519C00160000,160.0,2023-05-19,2023-04-04,10.63,11.06,10.15,10.2,2400,128,10.63,,monthly_60d_30d_otm,weekly_2_strike2,66,2100
AAPL,2023-03-14,2023-04-11,backfill,O:AAPL230519C00160000,160.0,2023-05-19,2023-04-05,9.68,9.85,7.89,9.15,973,133,9.68,,monthly_60d_30d_otm,weekly_2_strike2,66,2100
AAPL,2023-03-14,2023-04-11,backfill,O:AAPL230519C00160000,160.0,2023-05-19,2023-04-06,8.15,9.65,7.8,9.4,529,109,8.15,,monthly_60d_30d_otm,weekly_2_strike2,66,2100
AAPL,2023-03-14,2023-04-11,backfill,O:AAPL230519C00160000,160.0,2023-05-19,2023-04-10,7.27,7.57,6.6,7.57,1790,178,7.27,,monthly_60d_30d_otm,weekly_2_strike2,66,2100
AAPL,2023-03-14,2023-04-11,backfill,O:AAPL230519C00160000,160.0,2023-05-19,2023-04-11,7.6,7.6,6.55,6.7,1718,149,7.6,,monthly_60d_30d_otm,weekly_2_strike2,66,2100
AAPL,2025-08-15,2025-09-12,backfill,O:AAPL250919C00245000,245.0,2025-09-19,2025-08-15,2.62,2.75,1.67,2.02,8302,228,2.62,,monthly_30d_30d_otm,weekly_1_strike0,35,8302
AAPL,2025-08-15,2025-09-12,backfill,O:AAPL250919C00245000,245.0,2025-09-19,2025-08-18,1.99,2.32,1.61,1.73,2797,179,1.99,,monthly_30d_30d_otm,weekly_1_strike0,35,8302
AAPL,2025-08-15,2025-09-12,backfill,O:AAPL250919C00245000,245.0,2025-09-19,2025-08-19,1.74,2.14,1.28,1.43,3682,183,1.74,,monthly_30d_30d_otm,weekly_1_strike0,35,8302
AAPL,2025-08-15,2025-09-12,backfill,O:AAPL250919C00245000,245.0,2025-09-19,2025-08-20,1.3,1.31,0.8,0.8,5113,189,1.3,,monthly_30d_30d_otm,weekly_1_strike0,35,8302
AAPL,2025-08-15,2025-09-12,backfill,O:AAPL250919C00245000,245.0,2025-09-19,2025-08-21,0.82,0.86,0.57,0.58,3794,132,0.82,,monthly_30d_30d_otm,weekly_1_strike0,35,8302
AAPL,2025-08-15,2025-09-12,backfill,O:AAPL250919C00245000,245.0,2025-09-19,2025-08-22,0.62,1.01,0.57,0.82,1635,188,0.62,,monthly_30d_30d_otm,weekly_1_strike0,35,8302
AAPL,2025-08-15,2025-09-12,backfill,O:AAPL250919C00245000,245.0,2025-09-19,2025-08-25,0.69,1.07,0.65,0.79,2106,146,0.69,,monthly_30d_30d_otm,weekly_1_strike0,35,8302
AAPL,2025-08-15,2025-09-12,backfill,O:AAPL250919C00245000,245.0,2025-09-19,2025-08-26,0.71,1.03,0.56,1.03,2194,159,0.71,,monthly_30d_30d_otm,weekly_1_strike0,35,8302
AAPL,2025-08-15,2025-09-12,backfill,O:AAPL250919C00245000,245.0,2025-09-19,2025-08-27,0.94,1.25,0.93,1.13,3593,170,0.94,,monthly_30d_30d_otm,weekly_1_strike0,35,8302
AAPL,2025-08-15,2025-09-12,backfill,O:AAPL250919C00245000,245.0,2025-09-19,2025-08-28,1.04,1.56,0.93,1.37,3309,218,1.04,,monthly_30d_30d_otm,weekly_1_strike0,35,8302
AAPL,2025-08-15,2025-09-12,backfill,O:AAPL250919C00245000,245.0,2025-09-19,2025-08-29,1.33,1.47,0.99,1.04,3311,201,1.33,,monthly_30d_30d_otm,weekly_1_strike0,35,8302
AAPL,2025-08-15,2025-09-12,backfill,O:AAPL250919C00245000,245.0,2025-09-19,2025-09-02,0.73,0.82,0.5,0.67,2050,156,0.73,,monthly_30d_30d_otm,weekly_1_strike0,35,8302
AAPL,2025-08-15,2025-09-12,backfill,O:AAPL250919C00245000,245.0,2025-09-19,2025-09-03,1.78,2.03,1.26,2.01,10159,289,1.78,,monthly_30d_30d_otm,weekly_1_strike0,35,8302
AAPL,2025-08-15,2025-09-12,backfill,O:AAPL250919C00245000,245.0,2025-09-19,2025-09-04,1.98,2.41,1.37,2.05,9795,269,1.98,,monthly_30d_30d_otm,weekly_1_strike0,35,8302
AAPL,2025-08-15,2025-09-12,backfill,O:AAPL250919C00245000,245.0,2025-09-19,2025-09-05,2.04,2.51,1.7,1.85,6809,305,2.04,,monthly_30d_30d_otm,weekly_1_strike0,35,8302
AAPL,2025-08-15,2025-09-12,backfill,O:AAPL250919C00245000,245.0,2025-09-19,2025-09-08,1.72,1.86,1.06,1.31,9423,358,1.72,,monthly_30d_30d_otm,weekly_1_strike0,35,8302
AAPL,2025-08-15,2025-09-12,backfill,O:AAPL250919C00245000,245.0,2025-09-19,2025-09-09,1.12,1.7,0.58,0.63,21189,369,1.12,,monthly_30d_30d_otm,weekly_1_strike0,35,8302
AAPL,2025-08-15,2025-09-12,backfill,O:AAPL250919C00245000,245.0,2025-09-19,2025-09-10,0.39,0.39,0.18,0.19,17142,293,0.39,,monthly_30d_30d_otm,weekly_1_strike0,35,8302
AAPL,2025-08-15,2025-09-12,backfill,O:AAPL250919C00245000,245.0,2025-09-19,2025-09-11,0.19,0.21,0.16,0.18,10119,255,0.19,,monthly_30d_30d_otm,weekly_1_strike0,35,8302
AAPL,2025-08-15,2025-09-12,backfill,O:AAPL250919C00245000,245.0,2025-09-19,2025-09-12,0.12,0.44,0.12,0.32,25803,345,0.12,,monthly_30d_30d_otm,weekly_1_strike0,35,8302
ABBV,2020-03-17,2020-04-14,backfill,O:ABBV200417C00085000,85.0,2020-04-17,2020-03-17,2.0,2.51,0.85,1.2,775,61,2.0,,monthly_30d_30d_otm,weekly_2_strike0,31,775
ABBV,2020-03-17,2020-04-14,backfill,O:ABBV200417C00085000,85.0,2020-04-17,2020-03-18,1.0,1.32,0.46,0.55,274,36,1.0,,monthly_30d_30d_otm,weekly_2_strike0,31,775
ABBV,2020-03-17,2020-04-14,backfill,O:ABBV200417C00085000,85.0,2020-04-17,2020-03-19,0.75,1.4,0.54,0.84,929,43,0.75,,monthly_30d_30d_otm,weekly_2_strike0,31,775
ABBV,2020-03-17,2020-04-14,backfill,O:ABBV200417C00085000,85.0,2020-04-17,2020-03-20,0.45,0.7,0.3,0.35,221,34,0.45,,monthly_30d_30d_otm,weekly_2_strike0,31,775
ABBV,2020-03-17,2020-04-14,backfill,O:ABBV200417C00085000,85.0,2020-04-17,2020-03-23,0.24,0.25,0.11,0.16,136,20,0.24,,monthly_30d_30d_otm,weekly_2_strike0,31,775
ABBV,2020-03-17,2020-04-14,backfill,O:ABBV200417C00085000,85.0,2020-04-17,2020-03-24,0.25,0.45,0.22,0.45,87,26,0.25,,monthly_30d_30d_otm,weekly_2_strike0,31,775
ABBV,2020-03-17,2020-04-14,backfill,O:ABBV200417C00085000,85.0,2020-04-17,2020-03-25,0.24,0.45,0.24,0.3,67,10,0.24,,monthly_30d_30d_otm,weekly_2_strike0,31,775
ABBV,2020-03-17,2020-04-14,backfill,O:ABBV200417C00085000,85.0,2020-04-17,2020-03-26,0.36,0.75,0.33,0.65,297,37,0.36,,monthly_30d_30d_otm,weekly_2_strike0,31,775
ABBV,2020-03-17,2020-04-14,backfill,O:ABBV200417C00085000,85.0,2020-04-17,2020-03-27,0.66,0.95,0.52,0.84,114,17,0.66,,monthly_30d_30d_otm,weekly_2_strike0,31,775
ABBV,2020-03-17,2020-04-14,backfill,O:ABBV200417C00085000,85.0,2020-04-17,2020-03-30,0.76,0.76,0.35,0.45,279,31,0.76,,monthly_30d_30d_otm,weekly_2_strike0,31,775
ABBV,2020-03-17,2020-04-14,backfill,O:ABBV200417C00085000,85.0,2020-04-17,2020-03-31,0.41,0.55,0.37,0.55,110,15,0.41,,monthly_30d_30d_otm,weekly_2_strike0,31,775
ABBV,2020-03-17,2020-04-14,backfill,O:ABBV200417C00085000,85.0,2020-04-17,2020-04-01,0.34,0.34,0.2,0.27,33,7,0.34,,monthly_30d_30d_otm,weekly_2_strike0,31,775
ABBV,2020-03-17,2020-04-14,backfill,O:ABBV200417C00085000,85.0,2020-04-17,2020-04-02,0.21,0.25,0.1,0.1,18,4,0.21,,monthly_30d_30d_otm,weekly_2_strike0,31,775
ABBV,2020-03-17,2020-04-14,backfill,O:ABBV200417C00085000,85.0,2020-04-17,2020-04-03,0.26,0.28,0.1,0.1,138,17,0.26,,monthly_30d_30d_otm,weekly_2_strike0,31,775
ABBV,2020-03-17,2020-04-14,backfill,O:ABBV200417C00085000,85.0,2020-04-17,2020-04-06,0.1,0.14,0.08,0.14,41,13,0.1,,monthly_30d_30d_otm,weekly_2_strike0,31,775
ABBV,2020-03-17,2020-04-14,backfill,O:ABBV200417C00085000,85.0,2020-04-17,2020-04-07,0.15,0.57,0.11,0.11,1002,24,0.15,,monthly_30d_30d_otm,weekly_2_strike0,31,775
ABBV,2020-03-17,2020-04-14,backfill,O:ABBV200417C00085000,85.0,2020-04-17,2020-04-08,0.08,0.24,0.06,0.12,56,12,0.08,,monthly_30d_30d_otm,weekly_2_strike0,31,775
ABBV,2020-03-17,2020-04-14,backfill,O:ABBV200417C00085000,85.0,2020-04-17,2020-04-09,0.2,0.2,0.14,0.2,457,16,0.2,,monthly_30d_30d_otm,weekly_2_strike0,31,775
ABBV,2020-03-17,2020-04-14,backfill,O:ABBV200417C00085000,85.0,2020-04-17,2020-04-13,0.21,0.3,0.05,0.08,63,17,0.21,,monthly_30d_30d_otm,weekly_2_strike0,31,775
ABBV,2020-03-17,2020-04-14,backfill,O:ABBV200417C00085000,85.0,2020-04-17,2020-04-14,0.1,0.29,0.06,0.15,817,57,0.1,,monthly_30d_30d_otm,weekly_2_strike0,31,775
ABBV,2023-04-13,2023-04-27,backfill,O:ABBV230519C00165000,165.0,2023-05-19,2023-04-13,2.25,3.31,2.25,3.31,375,46,2.25,,monthly_30d_25d_otm,weekly_2_strike5,36,375
ABBV,2023-04-13,2023-04-27,backfill,O:ABBV230519C00165000,165.0,2023-05-19,2023-04-14,3.41,3.41,2.58,2.81,308,32,3.41,,monthly_30d_25d_otm,weekly_2_strike5,36,375
ABBV,2023-04-13,2023-04-27,backfill,O:ABBV230519C00165000,165.0,2023-05-19,2023-04-17,3.08,3.08,2.27,2.31,457,45,3.08,,monthly_30d_25d_otm,weekly_2_strike5,36,375
ABBV,2023-04-13,2023-04-27,backfill,O:ABBV230519C00165000,165.0,2023-05-19,2023-04-18,2.02,2.11,1.5,1.71,322,43,2.02,,monthly_30d_25d_otm,weekly_2_strike5,36,375
ABBV,2023-04-13,2023-04-27,backfill,O:ABBV230519C00165000,165.0,2023-05-19,2023-04-19,1.45,2.2,1.45,2.2,345,64,1.45,,monthly_30d_25d_otm,weekly_2_strike5,36,375
ABBV,2023-04-13,2023-04-27,backfill,O:ABBV230519C00165000,165.0,2023-05-19,2023-04-20,2.13,2.28,1.99,2.28,220,46,2.13,,monthly_30d_25d_otm,weekly_2_strike5,36,375
ABBV,2023-04-13,2023-04-27,backfill,O:ABBV230519C00165000,165.0,2023-05-19,2023-04-21,2.55,2.83,2.49,2.53,598,63,2.55,,monthly_30d_25d_otm,weekly_2_strike5,36,375
ABBV,2023-04-13,2023-04-27,backfill,O:ABBV230519C00165000,165.0,2023-05-19,2023-04-24,2.45,3.15,2.4,2.93,4073,76,2.45,,monthly_30d_25d_otm,weekly_2_strike5,36,375
ABBV,2023-04-13,2023-04-27,backfill,O:ABBV230519C00165000,165.0,2023-05-19,2023-04-25,3.44,4.15,3.32,3.46,399,69,3.44,,monthly_30d_25d_otm,weekly_2_strike5,36,375
ABBV,2023-04-13,2023-04-27,backfill,O:ABBV230519C00165000,165.0,2023-05-19,2023-04-26,2.23,2.6,1.59,2.18,1435,88,2.23,,monthly_30d_25d_otm,weekly_2_strike5,36,375
ABBV,2023-04-13,2023-04-27,backfill,O:ABBV230519C00165000,165.0,2023-05-19,2023-04-27,0.15,0.35,0.04,0.06,2843,150,0.15,,monthly_30d_25d_otm,weekly_2_strike5,36,375
ABBV,2025-02-11,2025-03-11,backfill,O:ABBV250321C00190000,190.0,2025-03-21,2025-02-11,4.5,6.1,4.5,6.05,35,12,4.5,,monthly_30d_atm,weekly_2_strike0,38,35
ABBV,2025-02-11,2025-03-11,backfill,O:ABBV250321C00190000,190.0,2025-03-21,2025-02-12,5.48,7.65,5.48,6.42,249,20,5.48,,monthly_30d_atm,weekly_2_strike0,38,35
ABBV,2025-02-11,2025-03-11,backfill,O:ABBV250321C00190000,190.0,2025-03-21,2025-02-13,7.0,7.4,6.67,7.2,55,16,7.0,,monthly_30d_atm,weekly_2_strike0,38,35
ABBV,2025-02-11,2025-03-11,backfill,O:ABBV250321C00190000,190.0,2025-03-21,2025-02-14,6.6,8.25,6.6,6.72,55,21,6.6,,monthly_30d_atm,weekly_2_strike0,38,35
ABBV,2025-02-11,2025-03-11,backfill,O:ABBV250321C00190000,190.0,2025-03-21,2025-02-18,5.9,9.15,5.9,9.14,187,31,5.9,,monthly_30d_atm,weekly_2_strike0,38,35
ABBV,2025-02-11,2025-03-11,backfill,O:ABBV250321C00190000,190.0,2025-03-21,2025-02-19,9.6,9.81,8.8,9.72,57,25,9.6,,monthly_30d_atm,weekly_2_strike0,38,35
ABBV,2025-02-11,2025-03-11,backfill,O:ABBV250321C00190000,190.0,2025-03-21,2025-02-20,9.85,12.89,9.4,12.72,605,41,9.85,,monthly_30d_atm,weekly_2_strike0,38,35
ABBV,2025-02-11,2025-03-11,backfill,O:ABBV250321C00190000,190.0,2025-03-21,2025-02-21,12.88,15.3,11.99,14.07,99,28,12.88,,monthly_30d_atm,weekly_2_strike0,38,35
ABBV,2025-02-11,2025-03-11,backfill,O:ABBV250321C00190000,190.0,2025-03-21,2025-02-24,14.21,16.4,13.83,15.65,181,18,14.21,,monthly_30d_atm,weekly_2_strike0,38,35
ABBV,2025-02-11,2025-03-11,backfill,O:ABBV250321C00190000,190.0,2025-03-21,2025-02-25,15.42,16.55,14.65,15.4,16,7,15.42,,monthly_30d_atm,weekly_2_strike0,38,35
ABBV,2025-02-11,2025-03-11,backfill,O:ABBV250321C00190000,190.0,2025-03-21,2025-02-26,14.97,14.97,13.31,14.4,18,10,14.97,,monthly_30d_atm,weekly_2_strike0,38,35
ABBV,2025-02-11,2025-03-11,backfill,O:ABBV250321C00190000,190.0,2025-03-21,2025-02-27,16.05,17.0,15.53,16.17,170,28,16.05,,monthly_30d_atm,weekly_2_strike0,38,35
ABBV,2025-02-11,2025-03-11,backfill,O:ABBV250321C00190000,190.0,2025-03-21,2025-02-28,17.8,19.2,16.5,19.2,22,12,17.8,,monthly_30d_atm,weekly_2_strike0,38,35
ABBV,2025-02-11,2025-03-11,backfill,O:ABBV250321C00190000,190.0,2025-03-21,2025-03-03,21.53,22.52,20.8,22.09,444,16,21.53,,monthly_30d_atm,weekly_2_strike0,38,35
ABBV,2025-02-11,2025-03-11,backfill,O:ABBV250321C00190000,190.0,2025-03-21,2025-03-04,25.33,25.33,18.9,19.25,10,6,25.33,,monthly_30d_atm,weekly_2_strike0,38,35
ABBV,2025-02-11,2025-03-11,backfill,O:ABBV250321C00190000,190.0,2025-03-21,2025-03-05,19.35,22.49,19.35,22.49,6,6,19.35,,monthly_30d_atm,weekly_2_strike0,38,35
ABBV,2025-02-11,2025-03-11,backfill,O:ABBV250321C00190000,190.0,2025-03-21,2025-03-06,19.89,21.2,19.89,21.2,3,3,19.89,,monthly_30d_atm,weekly_2_strike0,38,35
ABBV,2025-02-11,2025-03-11,backfill,O:ABBV250321C00190000,190.0,2025-03-21,2025-03-07,20.77,25.19,20.77,24.15,105,7,20.77,,monthly_30d_atm,weekly_2_strike0,38,35
ABBV,2025-02-11,2025-03-11,backfill,O:ABBV250321C00190000,190.0,2025-03-21,2025-03-10,26.8,28.99,26.8,27.35,141,10,26.8,,monthly_30d_atm,weekly_2_strike0,38,35
ABBV,2025-02-11,2025-03-11,backfill,O:ABBV250321C00190000,190.0,2025-03-21,2025-03-11,25.28,25.85,23.39,24.74,108,18,25.28,,monthly_30d_atm,weekly_2_strike0,38,35
ABBV,2025-09-03,2025-09-30,backfill,O:ABBV251017C00220000,220.0,2025-10-17,2025-09-03,2.88,3.0,2.53,2.75,231,25,2.88,,monthly_30d_25d_otm,weekly_2_strike0,44,231
ABBV,2025-09-03,2025-09-30,backfill,O:ABBV251017C00220000,220.0,2025-10-17,2025-09-04,2.75,3.2,2.53,2.7,210,23,2.75,,monthly_30d_25d_otm,weekly_2_strike0,44,231
ABBV,2025-09-03,2025-09-30,backfill,O:ABBV251017C00220000,220.0,2025-10-17,2025-09-05,2.44,3.1,2.18,2.35,130,27,2.44,,monthly_30d_25d_otm,weekly_2_strike0,44,231
ABBV,2025-09-03,2025-09-30,backfill,O:ABBV251017C00220000,220.0,2025-10-17,2025-09-08,1.6,1.79,1.3,1.51,129,34,1.6,,monthly_30d_25d_otm,weekly_2_strike0,44,231
ABBV,2025-09-03,2025-09-30,backfill,O:ABBV251017C00220000,220.0,2025-10-17,2025-09-09,1.63,1.75,1.51,1.57,239,18,1.63,,monthly_30d_25d_otm,weekly_2_strike0,44,231
ABBV,2025-09-03,2025-09-30,backfill,O:ABBV251017C00220000,220.0,2025-10-17,2025-09-10,1.75,2.31,1.34,2.22,197,38,1.75,,monthly_30d_25d_otm,weekly_2_strike0,44,231
ABBV,2025-09-03,2025-09-30,backfill,O:ABBV251017C00220000,220.0,2025-10-17,2025-09-11,5.39,6.65,4.5,6.2,354,74,5.39,,monthly_30d_25d_otm,weekly_2_strike0,44,231
ABBV,2025-09-03,2025-09-30,backfill,O:ABBV251017C00220000,220.0,2025-10-17,2025-09-12,5.53,5.62,4.69,4.69,85,31,5.53,,monthly_30d_25d_otm,weekly_2_strike0,44,231
ABBV,2025-09-03,2025-09-30,backfill,O:ABBV251017C00220000,220.0,2025-10-17,2025-09-15,4.7,4.7,2.86,4.3,131,37,4.7,,monthly_30d_25d_otm,weekly_2_strike0,44,231
ABBV,2025-09-03,2025-09-30,backfill,O:ABBV251017C00220000,220.0,2025-10-17,2025-09-16,4.35,4.65,3.4,3.65,121,32,4.35,,monthly_30d_25d_otm,weekly_2_strike0,44,231
ABBV,2025-09-03,2025-09-30,backfill,O:ABBV251017C00220000,220.0,2025-10-17,2025-09-17,4.5,6.2,4.15,5.4,339,71,4.5,,monthly_30d_25d_otm,weekly_2_strike0,44,231
ABBV,2025-09-03,2025-09-30,backfill,O:ABBV251017C00220000,220.0,2025-10-17,2025-09-18,5.7,6.2,5.15,6.2,488,40,5.7,,monthly_30d_25d_otm,weekly_2_strike0,44,231
ABBV,2025-09-03,2025-09-30,backfill,O:ABBV251017C00220000,220.0,2025-10-17,2025-09-19,6.75,7.05,5.6,6.37,1230,78,6.75,,monthly_30d_25d_otm,weekly_2_strike0,44,231
ABBV,2025-09-03,2025-09-30,backfill,O:ABBV251017C00220000,220.0,2025-10-17,2025-09-22,6.45,7.72,6.45,6.59,118,32,6.45,,monthly_30d_25d_otm,weekly_2_strike0,44,231
ABBV,2025-09-03,2025-09-30,backfill,O:ABBV251017C00220000,220.0,2025-10-17,2025-09-23,6.43,6.98,5.7,5.7,90,14,6.43,,monthly_30d_25d_otm,weekly_2_strike0,44,231
ABBV,2025-09-03,2025-09-30,backfill,O:ABBV251017C00220000,220.0,2025-10-17,2025-09-24,5.55,5.55,3.93,4.45,139,34,5.55,,monthly_30d_25d_otm,weekly_2_strike0,44,231
ABBV,2025-09-03,2025-09-30,backfill,O:ABBV251017C00220000,220.0,2025-10-17,2025-09-25,5.55,5.55,3.65,3.9,108,30,5.55,,monthly_30d_25d_otm,weekly_2_strike0,44,231
ABBV,2025-09-03,2025-09-30,backfill,O:ABBV251017C00220000,220.0,2025-10-17,2025-09-26,4.52,4.55,3.3,4.43,140,42,4.52,,monthly_30d_25d_otm,weekly_2_strike0,44,231
ABBV,2025-09-03,2025-09-30,backfill,O:ABBV251017C00220000,220.0,2025-10-17,2025-09-29,4.5,5.5,4.28,5.46,102,26,4.5,,monthly_30d_25d_otm,weekly_2_strike0,44,231
ABBV,2025-09-03,2025-09-30,backfill,O:ABBV251017C00220000,220.0,2025-10-17,2025-09-30,6.15,13.0,6.15,12.58,331,50,6.15,,monthly_30d_25d_otm,weekly_2_strike0,44,231
ABNB,2021-08-09,2021-09-03,backfill,O:ABNB210917C00160000,160.0,2021-09-17,2021-08-09,4.38,5.18,4.38,4.56,239,34,4.38,,monthly_30d_20d_otm,weekly_2_strike0,39,239
ABNB,2021-08-09,2021-09-03,backfill,O:ABNB210917C00160000,160.0,2021-09-17,2021-08-10,4.5,4.75,3.94,3.96,147,30,4.5,,monthly_30d_20d_otm,weekly_2_strike0,39,239
ABNB,2021-08-09,2021-09-03,backfill,O:ABNB210917C00160000,160.0,2021-09-17,2021-08-11,3.6,4.25,3.15,3.67,573,46,3.6,,monthly_30d_20d_otm,weekly_2_strike0,39,239
ABNB,2021-08-09,2021-09-03,backfill,O:ABNB210917C00160000,160.0,2021-09-17,2021-08-12,3.99,5.2,3.57,4.97,708,103,3.99,,monthly_30d_20d_otm,weekly_2_strike0,39,239
ABNB,2021-08-09,2021-09-03,backfill,O:ABNB210917C00160000,160.0,2021-09-17,2021-08-13,3.15,4.2,2.11,4.0,1562,170,3.15,,monthly_30d_20d_otm,weekly_2_strike0,39,239
ABNB,2021-08-09,2021-09-03,backfill,O:ABNB210917C00160000,160.0,2021-09-17,2021-08-16,3.63,3.63,2.0,2.66,1188,146,3.63,,monthly_30d_20d_otm,weekly_2_strike0,39,239
ABNB,2021-08-09,2021-09-03,backfill,O:ABNB210917C00160000,160.0,2021-09-17,2021-08-17,1.89,2.39,1.68,1.78,529,95,1.89,,monthly_30d_20d_otm,weekly_2_strike0,39,239
ABNB,2021-08-09,2021-09-03,backfill,O:ABNB210917C00160000,160.0,2021-09-17,2021-08-18,1.7,2.64,1.36,2.21,664,115,1.7,,monthly_30d_20d_otm,weekly_2_strike0,39,239
ABNB,2021-08-09,2021-09-03,backfill,O:ABNB210917C00160000,160.0,2021-09-17,2021-08-19,1.81,1.91,1.48,1.6,239,67,1.81,,monthly_30d_20d_otm,weekly_2_strike0,39,239
ABNB,2021-08-09,2021-09-03,backfill,O:ABNB210917C00160000,160.0,2021-09-17,2021-08-20,1.4,1.58,1.15,1.22,281,73,1.4,,monthly_30d_20d_otm,weekly_2_strike0,39,239
ABNB,2021-08-09,2021-09-03,backfill,O:ABNB210917C00160000,160.0,2021-09-17,2021-08-23,1.29,1.75,1.14,1.25,397,103,1.29,,monthly_30d_20d_otm,weekly_2_strike0,39,239
ABNB,2021-08-09,2021-09-03,backfill,O:ABNB210917C00160000,160.0,2021-09-17,2021-08-24,1.2,7.3,1.15,7.2,4608,269,1.2,,monthly_30d_20d_otm,weekly_2_strike0,39,239
ABNB,2021-08-09,2021-09-03,backfill,O:ABNB210917C00160000,160.0,2021-09-17,2021-08-25,5.44,7.85,5.25,6.04,880,126,5.44,,monthly_30d_20d_otm,weekly_2_strike0,39,239
ABNB,2021-08-09,2021-09-03,backfill,O:ABNB210917C00160000,160.0,2021-09-17,2021-08-26,6.1,6.1,2.43,2.75,1353,155,6.1,,monthly_30d_20d_otm,weekly_2_strike0,39,239
ABNB,2021-08-09,2021-09-03,backfill,O:ABNB210917C00160000,160.0,2021-09-17,2021-08-27,2.46,3.5,2.46,2.71,745,125,2.46,,monthly_30d_20d_otm,weekly_2_strike0,39,239
ABNB,2021-08-09,2021-09-03,backfill,O:ABNB210917C00160000,160.0,2021-09-17,2021-08-30,2.71,3.7,1.92,3.06,883,146,2.71,,monthly_30d_20d_otm,weekly_2_strike0,39,239
ABNB,2021-08-09,2021-09-03,backfill,O:ABNB210917C00160000,160.0,2021-09-17,2021-08-31,2.98,3.97,2.25,2.52,802,113,2.98,,monthly_30d_20d_otm,weekly_2_strike0,39,239
ABNB,2021-08-09,2021-09-03,backfill,O:ABNB210917C00160000,160.0,2021-09-17,2021-09-01,2.3,3.9,2.29,2.89,932,157,2.3,,monthly_30d_20d_otm,weekly_2_strike0,39,239
ABNB,2021-08-09,2021-09-03,backfill,O:ABNB210917C00160000,160.0,2021-09-17,2021-09-02,2.95,4.05,2.84,3.0,612,112,2.95,,monthly_30d_20d_otm,weekly_2_strike0,39,239
ABNB,2021-08-09,2021-09-03,backfill,O:ABNB210917C00160000,160.0,2021-09-17,2021-09-03,3.3,4.45,2.88,3.02,1038,131,3.3,,monthly_30d_20d_otm,weekly_2_strike0,39,239
ABNB,2022-09-15,2022-09-22,backfill,O:ABNB221021C00125000,125.0,2022-10-21,2022-09-15,9.16,10.8,8.37,8.37,180,59,9.16,,monthly_30d_atm,weekly_2_strike0,36,180
ABNB,2022-09-15,2022-09-22,backfill,O:ABNB221021C00125000,125.0,2022-10-21,2022-09-16,6.57,6.95,4.95,5.45,201,65,6.57,,monthly_30d_atm,weekly_2_strike0,36,180
ABNB,2022-09-15,2022-09-22,backfill,O:ABNB221021C00125000,125.0,2022-10-21,2022-09-19,5.1,5.14,4.4,4.78,286,40,5.1,,monthly_30d_atm,weekly_2_strike0,36,180
ABNB,2022-09-15,2022-09-22,backfill,O:ABNB221021C00125000,125.0,2022-10-21,2022-09-20,4.55,5.75,3.89,3.89,382,45,4.55,,monthly_30d_atm,weekly_2_strike0,36,180
ABNB,2022-09-15,2022-09-22,backfill,O:ABNB221021C00125000,125.0,2022-10-21,2022-09-21,3.97,4.7,2.66,2.91,241,66,3.97,,monthly_30d_atm,weekly_2_strike0,36,180
ABNB,2022-09-15,2022-09-22,backfill,O:ABNB221021C00125000,125.0,2022-10-21,2022-09-22,2.51,2.51,0.75,0.75,263,90,2.51,,monthly_30d_atm,weekly_2_strike0,36,180
ABNB,2022-10-12,2022-11-08,backfill,O:ABNB221118C00115000,115.0,2022-11-18,2022-10-12,5.95,9.0,5.95,8.7,101,37,5.95,,monthly_30d_35d_otm,weekly_2_strike0,37,101
ABNB,2022-10-12,2022-11-08,backfill,O:ABNB221118C00115000,115.0,2022-11-18,2022-10-13,5.7,8.83,5.59,8.68,251,50,5.7,,monthly_30d_35d_otm,weekly_2_strike0,37,101
ABNB,2022-10-12,2022-11-08,backfill,O:ABNB221118C00115000,115.0,2022-11-18,2022-10-14,9.95,10.3,6.9,6.9,403,63,9.95,,monthly_30d_35d_otm,weekly_2_strike0,37,101
ABNB,2022-10-12,2022-11-08,backfill,O:ABNB221118C00115000,115.0,2022-11-18,2022-10-17,8.4,10.4,8.4,10.16,322,42,8.4,,monthly_30d_35d_otm,weekly_2_strike0,37,101
ABNB,2022-10-12,2022-11-08,backfill,O:ABNB221118C00115000,115.0,2022-11-18,2022-10-18,11.1,12.5,9.65,10.8,320,40,11.1,,monthly_30d_35d_otm,weekly_2_strike0,37,101
ABNB,2022-10-12,2022-11-08,backfill,O:ABNB221118C00115000,115.0,2022-11-18,2022-10-19,11.0,11.07,9.55,9.95,37,14,11.0,,monthly_30d_35d_otm,weekly_2_strike0,37,101
ABNB,2022-10-12,2022-11-08,backfill,O:ABNB221118C00115000,115.0,2022-11-18,2022-10-20,9.95,12.0,9.8,10.2,159,18,9.95,,monthly_30d_35d_otm,weekly_2_strike0,37,101
ABNB,2022-10-12,2022-11-08,backfill,O:ABNB221118C00115000,115.0,2022-11-18,2022-10-21,9.53,11.6,9.25,11.55,317,35,9.53,,monthly_30d_35d_otm,weekly_2_strike0,37,101
ABNB,2022-10-12,2022-11-08,backfill,O:ABNB221118C00115000,115.0,2022-11-18,2022-10-24,9.77,9.77,7.32,9.05,156,25,9.77,,monthly_30d_35d_otm,weekly_2_strike0,37,101
ABNB,2022-10-12,2022-11-08,backfill,O:ABNB221118C00115000,115.0,2022-11-18,2022-10-25,8.1,10.55,7.25,10.35,158,38,8.1,,monthly_30d_35d_otm,weekly_2_strike0,37,101
ABNB,2022-10-12,2022-11-08,backfill,O:ABNB221118C00115000,115.0,2022-11-18,2022-10-26,10.25,10.55,8.0,8.0,34,8,10.25,,monthly_30d_35d_otm,weekly_2_strike0,37,101
ABNB,2022-10-12,2022-11-08,backfill,O:ABNB221118C00115000,115.0,2022-11-18,2022-10-27,7.7,7.7,6.15,6.15,36,13,7.7,,monthly_30d_35d_otm,weekly_2_strike0,37,101
ABNB,2022-10-12,2022-11-08,backfill,O:ABNB221118C00115000,115.0,2022-11-18,2022-10-28,5.9,7.45,5.75,7.44,170,36,5.9,,monthly_30d_35d_otm,weekly_2_strike0,37,101
ABNB,2022-10-12,2022-11-08,backfill,O:ABNB221118C00115000,115.0,2022-11-18,2022-10-31,6.19,6.19,4.0,4.15,164,57,6.19,,monthly_30d_35d_otm,weekly_2_strike0,37,101
ABNB,2022-10-12,2022-11-08,backfill,O:ABNB221118C00115000,115.0,2022-11-18,2022-11-01,5.75,6.25,4.5,4.76,563,91,5.75,,monthly_30d_35d_otm,weekly_2_strike0,37,101
ABNB,2022-10-12,2022-11-08,backfill,O:ABNB221118C00115000,115.0,2022-11-18,2022-11-02,0.67,1.59,0.23,0.28,1816,103,0.67,,monthly_30d_35d_otm,weekly_2_strike0,37,101
ABNB,2022-10-12,2022-11-08,backfill,O:ABNB221118C00115000,115.0,2022-11-18,2022-11-03,0.2,0.2,0.05,0.13,49,28,0.2,,monthly_30d_35d_otm,weekly_2_strike0,37,101
ABNB,2022-10-12,2022-11-08,backfill,O:ABNB221118C00115000,115.0,2022-11-18,2022-11-04,0.14,0.21,0.08,0.21,644,31,0.14,,monthly_30d_35d_otm,weekly_2_strike0,37,101
ABNB,2022-10-12,2022-11-08,backfill,O:ABNB221118C00115000,115.0,2022-11-18,2022-11-07,0.23,0.23,0.14,0.15,45,13,0.23,,monthly_30d_35d_otm,weekly_2_strike0,37,101
ABNB,2022-10-12,2022-11-08,backfill,O:ABNB221118C00115000,115.0,2022-11-18,2022-11-08,0.15,0.5,0.14,0.28,97,32,0.15,,monthly_30d_35d_otm,weekly_2_strike0,37,101
ABNB,2024-03-19,2024-04-16,backfill,O:ABNB240419C00165000,165.0,2024-04-19,2024-03-19,5.15,5.98,4.94,5.15,66,28,5.15,,monthly_30d_40d_otm,weekly_3_strike1,31,66
ABNB,2024-03-19,2024-04-16,backfill,O:ABNB240419C00165000,165.0,2024-04-19,2024-03-20,5.1,6.5,5.1,6.0,184,32,5.1,,monthly_30d_40d_otm,weekly_3_strike1,31,66
ABNB,2024-03-19,2024-04-16,backfill,O:ABNB240419C00165000,165.0,2024-04-19,2024-03-21,6.74,9.25,6.7,8.15,273,58,6.74,,monthly_30d_40d_otm,weekly_3_strike1,31,66
ABNB,2024-03-19,2024-04-16,backfill,O:ABNB240419C00165000,165.0,2024-04-19,2024-03-22,7.65,8.15,7.0,7.75,69,17,7.65,,monthly_30d_40d_otm,weekly_3_strike1,31,66
ABNB,2024-03-19,2024-04-16,backfill,O:ABNB240419C00165000,165.0,2024-04-19,2024-03-25,7.4,7.8,6.57,7.45,127,17,7.4,,monthly_30d_40d_otm,weekly_3_strike1,31,66
ABNB,2024-03-19,2024-04-16,backfill,O:ABNB240419C00165000,165.0,2024-04-19,2024-03-26,8.3,8.48,6.9,6.9,61,18,8.3,,monthly_30d_40d_otm,weekly_3_strike1,31,66
ABNB,2024-03-19,2024-04-16,backfill,O:ABNB240419C00165000,165.0,2024-04-19,2024-03-27,6.26,6.5,5.6,5.6,36,19,6.26,,monthly_30d_40d_otm,weekly_3_strike1,31,66
ABNB,2024-03-19,2024-04-16,backfill,O:ABNB240419C00165000,165.0,2024-04-19,2024-03-28,5.86,6.4,4.8,4.9,118,27,5.86,,monthly_30d_40d_otm,weekly_3_strike1,31,66
ABNB,2024-03-19,2024-04-16,backfill,O:ABNB240419C00165000,165.0,2024-04-19,2024-04-01,5.72,5.72,3.75,4.02,387,54,5.72,,monthly_30d_40d_otm,weekly_3_strike1,31,66
ABNB,2024-03-19,2024-04-16,backfill,O:ABNB240419C00165000,165.0,2024-04-19,2024-04-02,2.86,2.86,2.2,2.6,409,70,2.86,,monthly_30d_40d_otm,weekly_3_strike1,31,66
ABNB,2024-03-19,2024-04-16,backfill,O:ABNB240419C00165000,165.0,2024-04-19,2024-04-03,2.1,2.78,2.1,2.1,280,52,2.1,,monthly_30d_40d_otm,weekly_3_strike1,31,66
ABNB,2024-03-19,2024-04-16,backfill,O:ABNB240419C00165000,165.0,2024-04-19,2024-04-04,2.67,3.59,2.03,2.03,283,54,2.67,,monthly_30d_40d_otm,weekly_3_strike1,31,66
ABNB,2024-03-19,2024-04-16,backfill,O:ABNB240419C00165000,165.0,2024-04-19,2024-04-05,2.2,3.13,2.2,2.74,955,56,2.2,,monthly_30d_40d_otm,weekly_3_strike1,31,66
ABNB,2024-03-19,2024-04-16,backfill,O:ABNB240419C00165000,165.0,2024-04-19,2024-04-08,2.17,2.23,1.72,1.84,182,54,2.17,,monthly_30d_40d_otm,weekly_3_strike1,31,66
ABNB,2024-03-19,2024-04-16,backfill,O:ABNB240419C00165000,165.0,2024-04-19,2024-04-09,2.18,2.73,1.67,2.43,506,87,2.18,,monthly_30d_40d_otm,weekly_3_strike1,31,66
ABNB,2024-03-19,2024-04-16,backfill,O:ABNB240419C00165000,165.0,2024-04-19,2024-04-10,1.8,1.8,1.14,1.55,232,46,1.8,,monthly_30d_40d_otm,weekly_3_strike1,31,66
ABNB,2024-03-19,2024-04-16,backfill,O:ABNB240419C00165000,165.0,2024-04-19,2024-04-11,1.05,3.73,1.05,3.29,1332,177,1.05,,monthly_30d_40d_otm,weekly_3_strike1,31,66
ABNB,2024-03-19,2024-04-16,backfill,O:ABNB240419C00165000,165.0,2024-04-19,2024-04-12,1.68,2.18,0.95,1.02,1120,127,1.68,,monthly_30d_40d_otm,weekly_3_strike1,31,66
ABNB,2024-03-19,2024-04-16,backfill,O:ABNB240419C00165000,165.0,2024-04-19,2024-04-15,1.83,1.83,0.22,0.28,992,164,1.83,,monthly_30d_40d_otm,weekly_3_strike1,31,66
ABNB,2024-03-19,2024-04-16,backfill,O:ABNB240419C00165000,165.0,2024-04-19,2024-04-16,0.39,0.58,0.2,0.2,765,93,0.39,,monthly_30d_40d_otm,weekly_3_strike1,31,66
ABT,2020-04-20,2020-05-15,backfill,O:ABT200515C00095000,95.0,2020-05-15,2020-04-20,4.3,7.25,3.45,5.9,1197,129,4.3,,monthly_30d_atm,weekly_2_strike0,25,1197
ABT,2020-04-20,2020-05-15,backfill,O:ABT200515C00095000,95.0,2020-05-15,2020-04-21,4.95,5.13,3.55,3.7,691,105,4.95,,monthly_30d_atm,weekly_2_strike0,25,1197
ABT,2020-04-20,2020-05-15,backfill,O:ABT200515C00095000,95.0,2020-05-15,2020-04-22,4.0,4.5,3.25,4.2,413,88,4.0,,monthly_30d_atm,weekly_2_strike0,25,1197
ABT,2020-04-20,2020-05-15,backfill,O:ABT200515C00095000,95.0,2020-05-15,2020-04-23,4.6,5.0,3.0,3.2,367,67,4.6,,monthly_30d_atm,weekly_2_strike0,25,1197
ABT,2020-04-20,2020-05-15,backfill,O:ABT200515C00095000,95.0,2020-05-15,2020-04-24,3.12,3.25,2.31,2.6,531,72,3.12,,monthly_30d_atm,weekly_2_strike0,25,1197
ABT,2020-04-20,2020-05-15,backfill,O:ABT200515C00095000,95.0,2020-05-15,2020-04-27,3.46,3.46,2.46,2.8,513,78,3.46,,monthly_30d_atm,weekly_2_strike0,25,1197
ABT,2020-04-20,2020-05-15,backfill,O:ABT200515C00095000,95.0,2020-05-15,2020-04-28,2.67,2.86,1.19,1.2,699,73,2.67,,monthly_30d_atm,weekly_2_strike0,25,1197
ABT,2020-04-20,2020-05-15,backfill,O:ABT200515C00095000,95.0,2020-05-15,2020-04-29,1.28,1.4,1.0,1.3,539,66,1.28,,monthly_30d_atm,weekly_2_strike0,25,1197
ABT,2020-04-20,2020-05-15,backfill,O:ABT200515C00095000,95.0,2020-05-15,2020-04-30,1.22,1.62,0.93,1.12,2908,145,1.22,,monthly_30d_atm,weekly_2_strike0,25,1197
ABT,2020-04-20,2020-05-15,backfill,O:ABT200515C00095000,95.0,2020-05-15,2020-05-01,0.65,0.95,0.57,0.64,408,71,0.65,,monthly_30d_atm,weekly_2_strike0,25,1197
ABT,2020-04-20,2020-05-15,backfill,O:ABT200515C00095000,95.0,2020-05-15,2020-05-04,0.53,0.6,0.4,0.48,225,52,0.53,,monthly_30d_atm,weekly_2_strike0,25,1197
ABT,2020-04-20,2020-05-15,backfill,O:ABT200515C00095000,95.0,2020-05-15,2020-05-05,0.52,1.43,0.51,1.22,1330,128,0.52,,monthly_30d_atm,weekly_2_strike0,25,1197
ABT,2020-04-20,2020-05-15,backfill,O:ABT200515C00095000,95.0,2020-05-15,2020-05-06,1.33,1.33,0.6,0.6,508,64,1.33,,monthly_30d_atm,weekly_2_strike0,25,1197
ABT,2020-04-20,2020-05-15,backfill,O:ABT200515C00095000,95.0,2020-05-15,2020-05-07,0.63,1.49,0.63,1.21,960,158,0.63,,monthly_30d_atm,weekly_2_strike0,25,1197
ABT,2020-04-20,2020-05-15,backfill,O:ABT200515C00095000,95.0,2020-05-15,2020-05-08,1.48,1.56,0.66,0.9,600,91,1.48,,monthly_30d_atm,weekly_2_strike0,25,1197
ABT,2020-04-20,2020-05-15,backfill,O:ABT200515C00095000,95.0,2020-05-15,2020-05-11,0.72,3.19,0.6,2.15,3340,253,0.72,,monthly_30d_atm,weekly_2_strike0,25,1197
ABT,2020-04-20,2020-05-15,backfill,O:ABT200515C00095000,95.0,2020-05-15,2020-05-12,2.28,2.53,0.65,0.66,1550,107,2.28,,monthly_30d_atm,weekly_2_strike0,25,1197
ABT,2020-04-20,2020-05-15,backfill,O:ABT200515C00095000,95.0,2020-05-15,2020-05-13,0.41,0.87,0.2,0.31,1839,109,0.41,,monthly_30d_atm,weekly_2_strike0,25,1197
ABT,2020-04-20,2020-05-15,backfill,O:ABT200515C00095000,95.0,2020-05-15,2020-05-14,0.15,0.24,0.04,0.07,1499,59,0.15,,monthly_30d_atm,weekly_2_strike0,25,1197
ABT,2020-04-20,2020-05-15,backfill,O:ABT200515C00095000,95.0,2020-05-15,2020-05-15,0.03,0.05,0.01,0.01,107,24,0.03,,monthly_30d_atm,weekly_2_strike0,25,1197
ABT,2021-02-11,2021-03-04,backfill,O:ABT210319C00130000,130.0,2021-03-19,2021-02-11,2.1,2.4,1.88,2.36,738,58,2.1,,monthly_30d_35d_otm,weekly_2_strike0,36,738
ABT,2021-02-11,2021-03-04,backfill,O:ABT210319C00130000,130.0,2021-03-19,2021-02-12,2.38,3.25,1.83,3.1,414,72,2.38,,monthly_30d_35d_otm,weekly_2_strike0,36,738
ABT,2021-02-11,2021-03-04,backfill,O:ABT210319C00130000,130.0,2021-03-19,2021-02-16,3.1,3.1,2.04,2.6,313,45,3.1,,monthly_30d_35d_otm,weekly_2_strike0,36,738
ABT,2021-02-11,2021-03-04,backfill,O:ABT210319C00130000,130.0,2021-03-19,2021-02-17,2.6,2.6,2.05,2.2,735,25,2.6,,monthly_30d_35d_otm,weekly_2_strike0,36,738
ABT,2021-02-11,2021-03-04,backfill,O:ABT210319C00130000,130.0,2021-03-19,2021-02-18,1.78,1.82,1.31,1.52,348,35,1.78,,monthly_30d_35d_otm,weekly_2_strike0,36,738
ABT,2021-02-11,2021-03-04,backfill,O:ABT210319C00130000,130.0,2021-03-19,2021-02-19,1.3,1.3,0.87,0.87,178,25,1.3,,monthly_30d_35d_otm,weekly_2_strike0,36,738
ABT,2021-02-11,2021-03-04,backfill,O:ABT210319C00130000,130.0,2021-03-19,2021-02-22,0.84,0.84,0.55,0.75,151,28,0.84,,monthly_30d_35d_otm,weekly_2_strike0,36,738
ABT,2021-02-11,2021-03-04,backfill,O:ABT210319C00130000,130.0,2021-03-19,2021-02-23,0.7,0.82,0.51,0.68,55,16,0.7,,monthly_30d_35d_otm,weekly_2_strike0,36,738
ABT,2021-02-11,2021-03-04,backfill,O:ABT210319C00130000,130.0,2021-03-19,2021-02-24,0.7,0.78,0.53,0.76,40,16,0.7,,monthly_30d_35d_otm,weekly_2_strike0,36,738
ABT,2021-02-11,2021-03-04,backfill,O:ABT210319C00130000,130.0,2021-03-19,2021-02-25,0.48,0.82,0.48,0.68,309,13,0.48,,monthly_30d_35d_otm,weekly_2_strike0,36,738
ABT,2021-02-11,2021-03-04,backfill,O:ABT210319C00130000,130.0,2021-03-19,2021-02-26,0.6,0.6,0.41,0.47,35,15,0.6,,monthly_30d_35d_otm,weekly_2_strike0,36,738
ABT,2021-02-11,2021-03-04,backfill,O:ABT210319C00130000,130.0,2021-03-19,2021-03-01,0.45,0.47,0.36,0.47,221,22,0.45,,monthly_30d_35d_otm,weekly_2_strike0,36,738
ABT,2021-02-11,2021-03-04,backfill,O:ABT210319C00130000,130.0,2021-03-19,2021-03-02,0.36,0.47,0.34,0.44,20,6,0.36,,monthly_30d_35d_otm,weekly_2_strike0,36,738
ABT,2021-02-11,2021-03-04,backfill,O:ABT210319C00130000,130.0,2021-03-19,2021-03-03,0.3,0.34,0.23,0.31,207,16,0.3,,monthly_30d_35d_otm,weekly_2_strike0,36,738
ABT,2021-02-11,2021-03-04,backfill,O:ABT210319C00130000,130.0,2021-03-19,2021-03-04,0.25,0.3,0.16,0.16,29,5,0.25,,monthly_30d_35d_otm,weekly_2_strike0,36,738
ABT,2023-01-03,2023-01-31,backfill,O:ABT230217C00115000,115.0,2023-02-17,2023-01-03,2.32,2.32,1.59,1.8,42,12,2.32,,monthly_30d_30d_otm,weekly_2_strike0,45,42
ABT,2023-01-03,2023-01-31,backfill,O:ABT230217C00115000,115.0,2023-02-17,2023-01-04,2.15,2.45,2.03,2.14,57,18,2.15,,monthly_30d_30d_otm,weekly_2_strike0,45,42
ABT,2023-01-03,2023-01-31,backfill,O:ABT230217C00115000,115.0,2023-02-17,2023-01-05,2.11,2.24,1.95,2.02,85,23,2.11,,monthly_30d_30d_otm,weekly_2_strike0,45,42
ABT,2023-01-03,2023-01-31,backfill,O:ABT230217C00115000,115.0,2023-02-17,2023-01-06,1.9,2.75,1.9,2.75,144,19,1.9,,monthly_30d_30d_otm,weekly_2_strike0,45,42
ABT,2023-01-03,2023-01-31,backfill,O:ABT230217C00115000,115.0,2023-02-17,2023-01-09,2.55,3.01,2.52,2.67,566,22,2.55,,monthly_30d_30d_otm,weekly_2_strike0,45,42
ABT,2023-01-03,2023-01-31,backfill,O:ABT230217C00115000,115.0,2023-02-17,2023-01-10,3.01,3.2,2.7,3.15,1725,31,3.01,,monthly_30d_30d_otm,weekly_2_strike0,45,42
ABT,2023-01-03,2023-01-31,backfill,O:ABT230217C00115000,115.0,2023-02-17,2023-01-11,3.2,3.74,2.52,2.81,182,33,3.2,,monthly_30d_30d_otm,weekly_2_strike0,45,42
ABT,2023-01-03,2023-01-31,backfill,O:ABT230217C00115000,115.0,2023-02-17,2023-01-12,2.53,2.53,1.93,1.93,50,22,2.53,,monthly_30d_30d_otm,weekly_2_strike0,45,42
ABT,2023-01-03,2023-01-31,backfill,O:ABT230217C00115000,115.0,2023-02-17,2023-01-13,2.54,2.91,2.54,2.91,273,22,2.54,,monthly_30d_30d_otm,weekly_2_strike0,45,42
ABT,2023-01-03,2023-01-31,backfill,O:ABT230217C00115000,115.0,2023-02-17,2023-01-17,2.9,3.1,2.7,2.76,256,26,2.9,,monthly_30d_30d_otm,weekly_2_strike0,45,42
ABT,2023-01-03,2023-01-31,backfill,O:ABT230217C00115000,115.0,2023-02-17,2023-01-18,2.4,2.44,1.85,1.88,244,22,2.4,,monthly_30d_30d_otm,weekly_2_strike0,45,42
ABT,2023-01-03,2023-01-31,backfill,O:ABT230217C00115000,115.0,2023-02-17,2023-01-19,1.75,2.04,1.5,1.91,448,30,1.75,,monthly_30d_30d_otm,weekly_2_strike0,45,42
ABT,2023-01-03,2023-01-31,backfill,O:ABT230217C00115000,115.0,2023-02-17,2023-01-20,2.01,2.26,1.75,2.2,235,21,2.01,,monthly_30d_30d_otm,weekly_2_strike0,45,42
ABT,2023-01-03,2023-01-31,backfill,O:ABT230217C00115000,115.0,2023-02-17,2023-01-23,2.04,2.98,2.03,2.63,1152,26,2.04,,monthly_30d_30d_otm,weekly_2_strike0,45,42
ABT,2023-01-03,2023-01-31,backfill,O:ABT230217C00115000,115.0,2023-02-17,2023-01-24,2.34,2.34,1.83,1.87,154,30,2.34,,monthly_30d_30d_otm,weekly_2_strike0,45,42
ABT,2023-01-03,2023-01-31,backfill,O:ABT230217C00115000,115.0,2023-02-17,2023-01-25,0.81,1.57,0.59,0.72,115,32,0.81,,monthly_30d_30d_otm,weekly_2_strike0,45,42
ABT,2023-01-03,2023-01-31,backfill,O:ABT230217C00115000,115.0,2023-02-17,2023-01-26,0.9,0.9,0.61,0.79,308,28,0.9,,monthly_30d_30d_otm,weekly_2_strike0,45,42
ABT,2023-01-03,2023-01-31,backfill,O:ABT230217C00115000,115.0,2023-02-17,2023-01-27,0.68,0.77,0.5,0.5,141,26,0.68,,monthly_30d_30d_otm,weekly_2_strike0,45,42
ABT,2023-01-03,2023-01-31,backfill,O:ABT230217C00115000,115.0,2023-02-17,2023-01-30,0.48,0.58,0.44,0.44,131,13,0.48,,monthly_30d_30d_otm,weekly_2_strike0,45,42
ABT,2023-01-03,2023-01-31,backfill,O:ABT230217C00115000,115.0,2023-02-17,2023-01-31,0.44,0.46,0.28,0.46,80,17,0.44,,monthly_30d_30d_otm,weekly_2_strike0,45,42
ABT,2024-02-28,2024-03-19,backfill,O:ABT240419C00125000,125.0,2024-04-19,2024-02-28,1.28,1.4,1.24,1.4,57,20,1.28,,monthly_45d_25d_otm,weekly_2_strike0,51,57
ABT,2024-02-28,2024-03-19,backfill,O:ABT240419C00125000,125.0,2024-04-19,2024-02-29,1.31,1.31,1.12,1.12,52,9,1.31,,monthly_45d_25d_otm,weekly_2_strike0,51,57
ABT,2024-02-28,2024-03-19,backfill,O:ABT240419C00125000,125.0,2024-04-19,2024-03-01,0.97,1.21,0.85,1.06,222,24,0.97,,monthly_45d_25d_otm,weekly_2_strike0,51,57
ABT,2024-02-28,2024-03-19,backfill,O:ABT240419C00125000,125.0,2024-04-19,2024-03-04,1.06,1.5,1.02,1.45,116,31,1.06,,monthly_45d_25d_otm,weekly_2_strike0,51,57
ABT,2024-02-28,2024-03-19,backfill,O:ABT240419C00125000,125.0,2024-04-19,2024-03-05,1.5,1.55,0.95,0.98,69,15,1.5,,monthly_45d_25d_otm,weekly_2_strike0,51,57
ABT,2024-02-28,2024-03-19,backfill,O:ABT240419C00125000,125.0,2024-04-19,2024-03-06,1.01,1.26,1.01,1.26,286,27,1.01,,monthly_45d_25d_otm,weekly_2_strike0,51,57
ABT,2024-02-28,2024-03-19,backfill,O:ABT240419C00125000,125.0,2024-04-19,2024-03-07,1.4,1.88,1.37,1.8,349,55,1.4,,monthly_45d_25d_otm,weekly_2_strike0,51,57
ABT,2024-02-28,2024-03-19,backfill,O:ABT240419C00125000,125.0,2024-04-19,2024-03-08,1.8,1.88,1.55,1.67,70,20,1.8,,monthly_45d_25d_otm,weekly_2_strike0,51,57
ABT,2024-02-28,2024-03-19,backfill,O:ABT240419C00125000,125.0,2024-04-19,2024-03-11,1.62,1.62,1.17,1.17,194,11,1.62,,monthly_45d_25d_otm,weekly_2_strike0,51,57
ABT,2024-02-28,2024-03-19,backfill,O:ABT240419C00125000,125.0,2024-04-19,2024-03-12,1.26,1.47,1.24,1.47,228,27,1.26,,monthly_45d_25d_otm,weekly_2_strike0,51,57
ABT,2024-02-28,2024-03-19,backfill,O:ABT240419C00125000,125.0,2024-04-19,2024-03-13,1.14,1.31,1.02,1.07,132,13,1.14,,monthly_45d_25d_otm,weekly_2_strike0,51,57
ABT,2024-02-28,2024-03-19,backfill,O:ABT240419C00125000,125.0,2024-04-19,2024-03-14,0.96,0.96,0.63,0.74,916,32,0.96,,monthly_45d_25d_otm,weekly_2_strike0,51,57
ABT,2024-02-28,2024-03-19,backfill,O:ABT240419C00125000,125.0,2024-04-19,2024-03-15,0.35,0.35,0.18,0.25,172,38,0.35,,monthly_45d_25d_otm,weekly_2_strike0,51,57
ABT,2024-02-28,2024-03-19,backfill,O:ABT240419C00125000,125.0,2024-04-19,2024-03-18,0.35,0.35,0.1,0.1,84,18,0.35,,monthly_45d_25d_otm,weekly_2_strike0,51,57
ABT,2024-02-28,2024-03-19,backfill,O:ABT240419C00125000,125.0,2024-04-19,2024-03-19,0.12,0.25,0.12,0.16,242,12,0.12,,monthly_45d_25d_otm,weekly_2_strike0,51,57
ABT,2024-08-08,2024-09-05,backfill,O:ABT240920C00110000,110.0,2024-09-20,2024-08-08,4.05,4.05,3.41,3.5,28,11,4.05,,monthly_30d_atm,weekly_2_strike0,43,28
ABT,2024-08-08,2024-09-05,backfill,O:ABT240920C00110000,110.0,2024-09-20,2024-08-09,3.34,3.34,2.47,2.85,272,70,3.34,,monthly_30d_atm,weekly_2_strike0,43,28
ABT,2024-08-08,2024-09-05,backfill,O:ABT240920C00110000,110.0,2024-09-20,2024-08-12,2.58,2.58,2.08,2.2,278,46,2.58,,monthly_30d_atm,weekly_2_strike0,43,28
ABT,2024-08-08,2024-09-05,backfill,O:ABT240920C00110000,110.0,2024-09-20,2024-08-13,2.4,2.47,2.2,2.43,81,29,2.4,,monthly_30d_atm,weekly_2_strike0,43,28
ABT,2024-08-08,2024-09-05,backfill,O:ABT240920C00110000,110.0,2024-09-20,2024-08-14,2.45,3.2,2.45,3.17,282,40,2.45,,monthly_30d_atm,weekly_2_strike0,43,28
ABT,2024-08-08,2024-09-05,backfill,O:ABT240920C00110000,110.0,2024-09-20,2024-08-15,3.69,3.69,2.94,3.45,188,38,3.69,,monthly_30d_atm,weekly_2_strike0,43,28
ABT,2024-08-08,2024-09-05,backfill,O:ABT240920C00110000,110.0,2024-09-20,2024-08-16,3.55,3.6,3.2,3.35,1300,29,3.55,,monthly_30d_atm,weekly_2_strike0,43,28
ABT,2024-08-08,2024-09-05,backfill,O:ABT240920C00110000,110.0,2024-09-20,2024-08-19,4.0,4.0,3.5,3.76,48,20,4.0,,monthly_30d_atm,weekly_2_strike0,43,28
ABT,2024-08-08,2024-09-05,backfill,O:ABT240920C00110000,110.0,2024-09-20,2024-08-20,3.8,3.8,2.86,3.15,110,17,3.8,,monthly_30d_atm,weekly_2_strike0,43,28
ABT,2024-08-08,2024-09-05,backfill,O:ABT240920C00110000,110.0,2024-09-20,2024-08-21,3.15,3.45,3.0,3.1,142,17,3.15,,monthly_30d_atm,weekly_2_strike0,43,28
ABT,2024-08-08,2024-09-05,backfill,O:ABT240920C00110000,110.0,2024-09-20,2024-08-22,3.35,3.66,3.17,3.66,48,15,3.35,,monthly_30d_atm,weekly_2_strike0,43,28
ABT,2024-08-08,2024-09-05,backfill,O:ABT240920C00110000,110.0,2024-09-20,2024-08-23,3.95,4.0,3.63,4.0,152,11,3.95,,monthly_30d_atm,weekly_2_strike0,43,28
ABT,2024-08-08,2024-09-05,backfill,O:ABT240920C00110000,110.0,2024-09-20,2024-08-26,4.12,4.3,3.4,3.9,68,16,4.12,,monthly_30d_atm,weekly_2_strike0,43,28
ABT,2024-08-08,2024-09-05,backfill,O:ABT240920C00110000,110.0,2024-09-20,2024-08-27,3.75,4.25,3.55,4.25,13,9,3.75,,monthly_30d_atm,weekly_2_strike0,43,28
ABT,2024-08-08,2024-09-05,backfill,O:ABT240920C00110000,110.0,2024-09-20,2024-08-28,4.15,4.15,3.69,3.74,200,16,4.15,,monthly_30d_atm,weekly_2_strike0,43,28
ABT,2024-08-08,2024-09-05,backfill,O:ABT240920C00110000,110.0,2024-09-20,2024-08-29,4.15,4.15,3.75,3.75,21,8,4.15,,monthly_30d_atm,weekly_2_strike0,43,28
ABT,2024-08-08,2024-09-05,backfill,O:ABT240920C00110000,110.0,2024-09-20,2024-08-30,3.85,4.25,3.19,4.25,118,15,3.85,,monthly_30d_atm,weekly_2_strike0,43,28
ABT,2024-08-08,2024-09-05,backfill,O:ABT240920C00110000,110.0,2024-09-20,2024-09-03,4.57,5.4,4.52,5.25,160,14,4.57,,monthly_30d_atm,weekly_2_strike0,43,28
ABT,2024-08-08,2024-09-05,backfill,O:ABT240920C00110000,110.0,2024-09-20,2024-09-04,5.79,6.01,4.4,4.4,50,13,5.79,,monthly_30d_atm,weekly_2_strike0,43,28
ABT,2024-08-08,2024-09-05,backfill,O:ABT240920C00110000,110.0,2024-09-20,2024-09-05,5.0,5.05,3.62,3.8,48,6,5.0,,monthly_30d_atm,weekly_2_strike0,43,28
ABT,2024-09-12,2024-10-09,backfill,O:ABT241018C00120000,120.0,2024-10-18,2024-09-12,1.57,1.8,1.35,1.8,88,12,1.57,,monthly_30d_25d_otm,weekly_2_strike0,36,88
ABT,2024-09-12,2024-10-09,backfill,O:ABT241018C00120000,120.0,2024-10-18,2024-09-13,1.36,1.61,1.36,1.52,64,10,1.36,,monthly_30d_25d_otm,weekly_2_strike0,36,88
ABT,2024-09-12,2024-10-09,backfill,O:ABT241018C00120000,120.0,2024-10-18,2024-09-16,1.74,2.0,1.61,1.95,638,35,1.74,,monthly_30d_25d_otm,weekly_2_strike0,36,88
ABT,2024-09-12,2024-10-09,backfill,O:ABT241018C00120000,120.0,2024-10-18,2024-09-17,2.0,2.32,1.87,2.1,108,27,2.0,,monthly_30d_25d_otm,weekly_2_strike0,36,88
ABT,2024-09-12,2024-10-09,backfill,O:ABT241018C00120000,120.0,2024-10-18,2024-09-18,1.61,1.61,1.02,1.08,102,42,1.61,,monthly_30d_25d_otm,weekly_2_strike0,36,88
ABT,2024-09-12,2024-10-09,backfill,O:ABT241018C00120000,120.0,2024-10-18,2024-09-19,1.04,1.04,0.65,0.74,335,34,1.04,,monthly_30d_25d_otm,weekly_2_strike0,36,88
ABT,2024-09-12,2024-10-09,backfill,O:ABT241018C00120000,120.0,2024-10-18,2024-09-20,0.57,0.79,0.57,0.61,1008,27,0.57,,monthly_30d_25d_otm,weekly_2_strike0,36,88
ABT,2024-09-12,2024-10-09,backfill,O:ABT241018C00120000,120.0,2024-10-18,2024-09-23,0.52,0.77,0.5,0.77,155,28,0.52,,monthly_30d_25d_otm,weekly_2_strike0,36,88
ABT,2024-09-12,2024-10-09,backfill,O:ABT241018C00120000,120.0,2024-10-18,2024-09-24,0.57,0.59,0.45,0.45,69,26,0.57,,monthly_30d_25d_otm,weekly_2_strike0,36,88
ABT,2024-09-12,2024-10-09,backfill,O:ABT241018C00120000,120.0,2024-10-18,2024-09-25,0.54,0.54,0.32,0.39,23,14,0.54,,monthly_30d_25d_otm,weekly_2_strike0,36,88
ABT,2024-09-12,2024-10-09,backfill,O:ABT241018C00120000,120.0,2024-10-18,2024-09-26,0.37,0.39,0.32,0.37,38,8,0.37,,monthly_30d_25d_otm,weekly_2_strike0,36,88
ABT,2024-09-12,2024-10-09,backfill,O:ABT241018C00120000,120.0,2024-10-18,2024-09-27,0.45,0.45,0.32,0.35,185,11,0.45,,monthly_30d_25d_otm,weekly_2_strike0,36,88
ABT,2024-09-12,2024-10-09,backfill,O:ABT241018C00120000,120.0,2024-10-18,2024-09-30,0.4,0.6,0.34,0.6,54,12,0.4,,monthly_30d_25d_otm,weekly_2_strike0,36,88
ABT,2024-09-12,2024-10-09,backfill,O:ABT241018C00120000,120.0,2024-10-18,2024-10-01,0.66,0.66,0.34,0.34,48,11,0.66,,monthly_30d_25d_otm,weekly_2_strike0,36,88
ABT,2024-09-12,2024-10-09,backfill,O:ABT241018C00120000,120.0,2024-10-18,2024-10-02,0.46,0.5,0.46,0.5,15,8,0.46,,monthly_30d_25d_otm,weekly_2_strike0,36,88
ABT,2024-09-12,2024-10-09,backfill,O:ABT241018C00120000,120.0,2024-10-18,2024-10-03,0.5,0.5,0.36,0.36,4,1,0.5,,monthly_30d_25d_otm,weekly_2_strike0,36,88
ABT,2024-09-12,2024-10-09,backfill,O:ABT241018C00120000,120.0,2024-10-18,2024-10-04,0.3,0.44,0.3,0.4,104,10,0.3,,monthly_30d_25d_otm,weekly_2_strike0,36,88
ABT,2024-09-12,2024-10-09,backfill,O:ABT241018C00120000,120.0,2024-10-18,2024-10-07,0.33,0.51,0.33,0.48,34,11,0.33,,monthly_30d_25d_otm,weekly_2_strike0,36,88
ABT,2024-09-12,2024-10-09,backfill,O:ABT241018C00120000,120.0,2024-10-18,2024-10-08,0.58,0.78,0.54,0.75,95,15,0.58,,monthly_30d_25d_otm,weekly_2_strike0,36,88
ABT,2024-09-12,2024-10-09,backfill,O:ABT241018C00120000,120.0,2024-10-18,2024-10-09,0.77,0.97,0.77,0.97,45,16,0.77,,monthly_30d_25d_otm,weekly_2_strike0,36,88
ADBE,2022-12-06,2023-01-04,backfill,O:ADBE230120C00365000,365.0,2023-01-20,2022-12-06,8.07,8.07,7.5,8.05,12,6,8.07,,monthly_30d_30d_otm,weekly_2_strike0,45,12
ADBE,2022-12-06,2023-01-04,backfill,O:ADBE230120C00365000,365.0,2023-01-20,2022-12-07,7.07,7.6,7.05,7.15,15,9,7.07,,monthly_30d_30d_otm,weekly_2_strike0,45,12
ADBE,2022-12-06,2023-01-04,backfill,O:ADBE230120C00365000,365.0,2023-01-20,2022-12-08,7.3,9.35,7.3,8.52,11,5,7.3,,monthly_30d_30d_otm,weekly_2_strike0,45,12
ADBE,2022-12-06,2023-01-04,backfill,O:ADBE230120C00365000,365.0,2023-01-20,2022-12-09,8.75,9.05,8.75,9.05,46,2,8.75,,monthly_30d_30d_otm,weekly_2_strike0,45,12
ADBE,2022-12-06,2023-01-04,backfill,O:ADBE230120C00365000,365.0,2023-01-20,2022-12-12,9.73,10.2,9.5,9.9,261,26,9.73,,monthly_30d_30d_otm,weekly_2_strike0,45,12
ADBE,2022-12-06,2023-01-04,backfill,O:ADBE230120C00365000,365.0,2023-01-20,2022-12-13,15.95,16.05,9.55,10.55,164,39,15.95,,monthly_30d_30d_otm,weekly_2_strike0,45,12
ADBE,2022-12-06,2023-01-04,backfill,O:ADBE230120C00365000,365.0,2023-01-20,2022-12-14,10.84,11.29,9.8,9.96,175,16,10.84,,monthly_30d_30d_otm,weekly_2_strike0,45,12
ADBE,2022-12-06,2023-01-04,backfill,O:ADBE230120C00365000,365.0,2023-01-20,2022-12-15,6.75,6.8,5.22,6.05,130,25,6.75,,monthly_30d_30d_otm,weekly_2_strike0,45,12
ADBE,2022-12-06,2023-01-04,backfill,O:ADBE230120C00365000,365.0,2023-01-20,2022-12-16,8.98,11.34,5.31,5.31,182,53,8.98,,monthly_30d_30d_otm,weekly_2_strike0,45,12
ADBE,2022-12-06,2023-01-04,backfill,O:ADBE230120C00365000,365.0,2023-01-20,2022-12-19,4.75,5.67,2.75,3.06,223,43,4.75,,monthly_30d_30d_otm,weekly_2_strike0,45,12
ADBE,2022-12-06,2023-01-04,backfill,O:ADBE230120C00365000,365.0,2023-01-20,2022-12-20,3.15,6.2,3.15,4.65,108,30,3.15,,monthly_30d_30d_otm,weekly_2_strike0,45,12
ADBE,2022-12-06,2023-01-04,backfill,O:ADBE230120C00365000,365.0,2023-01-20,2022-12-21,5.27,6.3,4.87,4.87,47,12,5.27,,monthly_30d_30d_otm,weekly_2_strike0,45,12
ADBE,2022-12-06,2023-01-04,backfill,O:ADBE230120C00365000,365.0,2023-01-20,2022-12-22,4.23,4.55,3.53,4.05,101,17,4.23,,monthly_30d_30d_otm,weekly_2_strike0,45,12
ADBE,2022-12-06,2023-01-04,backfill,O:ADBE230120C00365000,365.0,2023-01-20,2022-12-23,4.0,4.4,3.67,4.25,18,10,4.0,,monthly_30d_30d_otm,weekly_2_strike0,45,12
ADBE,2022-12-06,2023-01-04,backfill,O:ADBE230120C00365000,365.0,2023-01-20,2022-12-27,3.75,3.75,2.95,2.95,12,5,3.75,,monthly_30d_30d_otm,weekly_2_strike0,45,12
ADBE,2022-12-06,2023-01-04,backfill,O:ADBE230120C00365000,365.0,2023-01-20,2022-12-28,2.9,3.3,1.89,2.03,40,18,2.9,,monthly_30d_30d_otm,weekly_2_strike0,45,12
ADBE,2022-12-06,2023-01-04,backfill,O:ADBE230120C00365000,365.0,2023-01-20,2022-12-29,2.22,3.3,2.22,3.3,50,15,2.22,,monthly_30d_30d_otm,weekly_2_strike0,45,12
ADBE,2022-12-06,2023-01-04,backfill,O:ADBE230120C00365000,365.0,2023-01-20,2022-12-30,2.09,2.56,2.03,2.56,80,27,2.09,,monthly_30d_30d_otm,weekly_2_strike0,45,12
ADBE,2022-12-06,2023-01-04,backfill,O:ADBE230120C00365000,365.0,2023-01-20,2023-01-03,3.24,4.29,1.84,2.3,55,16,3.24,,monthly_30d_30d_otm,weekly_2_strike0,45,12
ADBE,2022-12-06,2023-01-04,backfill,O:ADBE230120C00365000,365.0,2023-01-20,2023-01-04,3.15,3.78,2.22,2.39,149,24,3.15,,monthly_30d_30d_otm,weekly_2_strike0,45,12
ADBE,2023-03-31,2023-04-28,backfill,O:ADBE230421C00400000,400.0,2023-04-21,2023-03-31,3.9,4.36,3.32,4.35,55,30,3.9,,monthly_30d_30d_otm,weekly_2_strike0,21,55
ADBE,2023-03-31,2023-04-28,backfill,O:ADBE230421C00400000,400.0,2023-04-21,2023-04-03,2.92,3.53,2.35,2.61,60,23,2.92,,monthly_30d_30d_otm,weekly_2_strike0,21,55
ADBE,2023-03-31,2023-04-28,backfill,O:ADBE230421C00400000,400.0,2023-04-21,2023-04-04,2.74,3.58,2.5,3.15,112,37,2.74,,monthly_30d_30d_otm,weekly_2_strike0,21,55
ADBE,2023-03-31,2023-04-28,backfill,O:ADBE230421C00400000,400.0,2023-04-21,2023-04-05,3.3,3.3,1.84,2.56,61,29,3.3,,monthly_30d_30d_otm,weekly_2_strike0,21,55
ADBE,2023-03-31,2023-04-28,backfill,O:ADBE230421C00400000,400.0,2023-04-21,2023-04-06,1.75,2.15,1.52,1.7,74,28,1.75,,monthly_30d_30d_otm,weekly_2_strike0,21,55
ADBE,2023-03-31,2023-04-28,backfill,O:ADBE230421C00400000,400.0,2023-04-21,2023-04-10,1.04,1.07,0.53,0.73,168,61,1.04,,monthly_30d_30d_otm,weekly_2_strike0,21,55
ADBE,2023-03-31,2023-04-28,backfill,O:ADBE230421C00400000,400.0,2023-04-21,2023-04-11,0.62,0.66,0.3,0.37,683,48,0.62,,monthly_30d_30d_otm,weekly_2_strike0,21,55
ADBE,2023-03-31,2023-04-28,backfill,O:ADBE230421C00400000,400.0,2023-04-21,2023-04-12,0.6,0.62,0.21,0.22,338,41,0.6,,monthly_30d_30d_otm,weekly_2_strike0,21,55
ADBE,2023-03-31,2023-04-28,backfill,O:ADBE230421C00400000,400.0,2023-04-21,2023-04-13,0.35,0.47,0.27,0.36,458,46,0.35,,monthly_30d_30d_otm,weekly_2_strike0,21,55
ADBE,2023-03-31,2023-04-28,backfill,O:ADBE230421C00400000,400.0,2023-04-21,2023-04-14,0.29,0.41,0.18,0.27,157,40,0.29,,monthly_30d_30d_otm,weekly_2_strike0,21,55
ADBE,2023-03-31,2023-04-28,backfill,O:ADBE230421C00400000,400.0,2023-04-21,2023-04-17,0.23,0.27,0.07,0.09,162,36,0.23,,monthly_30d_30d_otm,weekly_2_strike0,21,55
ADBE,2023-03-31,2023-04-28,backfill,O:ADBE230421C00400000,400.0,2023-04-21,2023-04-18,0.09,0.12,0.04,0.06,86,20,0.09,,monthly_30d_30d_otm,weekly_2_strike0,21,55
ADBE,2023-03-31,2023-04-28,backfill,O:ADBE230421C00400000,400.0,2023-04-21,2023-04-19,0.04,0.05,0.02,0.05,93,19,0.04,,monthly_30d_30d_otm,weekly_2_strike0,21,55
ADBE,2023-03-31,2023-04-28,backfill,O:ADBE230421C00400000,400.0,2023-04-21,2023-04-20,0.03,0.03,0.02,0.02,47,14,0.03,,monthly_30d_30d_otm,weekly_2_strike0,21,55
ADBE,2023-03-31,2023-04-28,backfill,O:ADBE230421C00400000,400.0,2023-04-21,2023-04-21,0.02,0.03,0.01,0.03,167,23,0.02,,monthly_30d_30d_otm,weekly_2_strike0,21,55
ADBE,2025-06-09,2025-06-13,backfill,O:ADBE250718C00435000,435.0,2025-07-18,2025-06-09,13.76,14.75,13.76,14.06,44,15,13.76,,monthly_30d_30d_otm,weekly_2_strike0,39,44
ADBE,2025-06-09,2025-06-13,backfill,O:ADBE250718C00435000,435.0,2025-07-18,2025-06-10,13.55,14.65,13.1,13.1,16,10,13.55,,monthly_30d_30d_otm,weekly_2_strike0,39,44
ADBE,2025-06-09,2025-06-13,backfill,O:ADBE250718C00435000,435.0,2025-07-18,2025-06-11,12.5,13.0,11.5,11.65,6,6,12.5,,monthly_30d_30d_otm,weekly_2_strike0,39,44
ADBE,2025-06-09,2025-06-13,backfill,O:ADBE250718C00435000,435.0,2025-07-18,2025-06-12,11.85,12.8,11.4,12.35,74,25,11.85,,monthly_30d_30d_otm,weekly_2_strike0,39,44
ADBE,2025-06-09,2025-06-13,backfill,O:ADBE250718C00435000,435.0,2025-07-18,2025-06-13,3.18,3.18,1.36,1.56,117,37,3.18,,monthly_30d_30d_otm,weekly_2_strike0,39,44
ADBE,2025-10-28,2025-11-06,backfill,O:ADBE251121C00370000,370.0,2025-11-21,2025-10-28,8.6,10.53,8.6,8.92,276,39,8.6,,monthly_30d_35d_otm,weekly_2_strike0,24,276
ADBE,2025-10-28,2025-11-06,backfill,O:ADBE251121C00370000,370.0,2025-11-21,2025-10-29,6.61,6.61,2.92,2.92,767,69,6.61,,monthly_30d_35d_otm,weekly_2_strike0,24,276
ADBE,2025-10-28,2025-11-06,backfill,O:ADBE251121C00370000,370.0,2025-11-21,2025-10-30,3.07,3.6,2.5,2.86,56,33,3.07,,monthly_30d_35d_otm,weekly_2_strike0,24,276
ADBE,2025-10-28,2025-11-06,backfill,O:ADBE251121C00370000,370.0,2025-11-21,2025-10-31,2.94,2.95,2.12,2.55,123,54,2.94,,monthly_30d_35d_otm,weekly_2_strike0,24,276
ADBE,2025-10-28,2025-11-06,backfill,O:ADBE251121C00370000,370.0,2025-11-21,2025-11-03,2.27,2.59,1.69,1.92,73,35,2.27,,monthly_30d_35d_otm,weekly_2_strike0,24,276
ADBE,2025-10-28,2025-11-06,backfill,O:ADBE251121C00370000,370.0,2025-11-21,2025-11-04,1.75,2.07,1.5,1.74,88,35,1.75,,monthly_30d_35d_otm,weekly_2_strike0,24,276
ADBE,2025-10-28,2025-11-06,backfill,O:ADBE251121C00370000,370.0,2025-11-21,2025-11-05,1.65,1.65,1.15,1.35,50,25,1.65,,monthly_30d_35d_otm,weekly_2_strike0,24,276
ADBE,2025-10-28,2025-11-06,backfill,O:ADBE251121C00370000,370.0,2025-11-21,2025-11-06,1.16,1.28,0.8,0.91,189,63,1.16,,monthly_30d_35d_otm,weekly_2_strike0,24,276
ADBE,2025-12-18,2026-01-13,backfill,O:ADBE260116C00355000,355.0,2026-01-16,2025-12-18,13.08,13.13,9.73,11.85,189,30,13.08,,monthly_30d_atm,weekly_2_strike0,29,189
ADBE,2025-12-18,2026-01-13,backfill,O:ADBE260116C00355000,355.0,2026-01-16,2025-12-19,11.25,11.67,9.4,10.58,93,39,11.25,,monthly_30d_atm,weekly_2_strike0,29,189
ADBE,2025-12-18,2026-01-13,backfill,O:ADBE260116C00355000,355.0,2026-01-16,2025-12-22,13.05,13.05,10.56,10.9,38,18,13.05,,monthly_30d_atm,weekly_2_strike0,29,189
ADBE,2025-12-18,2026-01-13,backfill,O:ADBE260116C00355000,355.0,2026-01-16,2025-12-23,11.85,11.85,7.4,8.09,245,33,11.85,,monthly_30d_atm,weekly_2_strike0,29,189
ADBE,2025-12-18,2026-01-13,backfill,O:ADBE260116C00355000,355.0,2026-01-16,2025-12-24,8.0,9.0,7.75,8.45,53,17,8.0,,monthly_30d_atm,weekly_2_strike0,29,189
ADBE,2025-12-18,2026-01-13,backfill,O:ADBE260116C00355000,355.0,2026-01-16,2025-12-26,9.1,9.1,7.5,8.05,118,20,9.1,,monthly_30d_atm,weekly_2_strike0,29,189
ADBE,2025-12-18,2026-01-13,backfill,O:ADBE260116C00355000,355.0,2026-01-16,2025-12-29,8.5,8.95,6.37,7.0,96,21,8.5,,monthly_30d_atm,weekly_2_strike0,29,189
ADBE,2025-12-18,2026-01-13,backfill,O:ADBE260116C00355000,355.0,2026-01-16,2025-12-30,5.7,7.75,5.7,6.35,74,16,5.7,,monthly_30d_atm,weekly_2_strike0,29,189
ADBE,2025-12-18,2026-01-13,backfill,O:ADBE260116C00355000,355.0,2026-01-16,2025-12-31,5.8,5.8,4.75,4.87,35,14,5.8,,monthly_30d_atm,weekly_2_strike0,29,189
ADBE,2025-12-18,2026-01-13,backfill,O:ADBE260116C00355000,355.0,2026-01-16,2026-01-02,4.61,4.61,1.08,1.28,144,40,4.61,,monthly_30d_atm,weekly_2_strike0,29,189
ADBE,2025-12-18,2026-01-13,backfill,O:ADBE260116C00355000,355.0,2026-01-16,2026-01-05,0.85,1.31,0.72,1.0,306,42,0.85,,monthly_30d_atm,weekly_2_strike0,29,189
ADBE,2025-12-18,2026-01-13,backfill,O:ADBE260116C00355000,355.0,2026-01-16,2026-01-06,0.74,1.33,0.74,1.2,414,38,0.74,,monthly_30d_atm,weekly_2_strike0,29,189
ADBE,2025-12-18,2026-01-13,backfill,O:ADBE260116C00355000,355.0,2026-01-16,2026-01-07,1.22,2.09,1.1,1.41,151,39,1.22,,monthly_30d_atm,weekly_2_strike0,29,189
ADBE,2025-12-18,2026-01-13,backfill,O:ADBE260116C00355000,355.0,2026-01-16,2026-01-08,1.11,1.93,1.11,1.33,207,32,1.11,,monthly_30d_atm,weekly_2_strike0,29,189
ADBE,2025-12-18,2026-01-13,backfill,O:ADBE260116C00355000,355.0,2026-01-16,2026-01-09,0.77,0.8,0.5,0.52,437,46,0.77,,monthly_30d_atm,weekly_2_strike0,29,189
ADBE,2025-12-18,2026-01-13,backfill,O:ADBE260116C00355000,355.0,2026-01-16,2026-01-12,0.47,0.47,0.2,0.28,622,47,0.47,,monthly_30d_atm,weekly_2_strike0,29,189
ADBE,2025-12-18,2026-01-13,backfill,O:ADBE260116C00355000,355.0,2026-01-16,2026-01-13,0.1,0.21,0.09,0.1,171,30,0.1,,monthly_30d_atm,weekly_2_strike0,29,189
ADI,2020-06-05,2020-07-02,backfill,O:ADI200717C00140000,140.0,2020-07-17,2020-06-05,0.97,0.97,0.97,0.97,8,1,0.97,,monthly_30d_25d_otm,weekly_1_strike0,42,8
ADI,2020-06-05,2020-07-02,backfill,O:ADI200717C00140000,140.0,2020-07-17,2020-06-08,0.55,0.6,0.55,0.55,574,9,0.55,,monthly_30d_25d_otm,weekly_1_strike0,42,8
ADI,2020-06-05,2020-07-02,backfill,O:ADI200717C00140000,140.0,2020-07-17,2020-06-09,0.6,0.6,0.6,0.6,127,3,0.6,,monthly_30d_25d_otm,weekly_1_strike0,42,8
ADI,2020-06-05,2020-07-02,backfill,O:ADI200717C00140000,140.0,2020-07-17,2020-06-10,0.55,0.65,0.55,0.6,492,6,0.55,,monthly_30d_25d_otm,weekly_1_strike0,42,8
ADI,2020-06-05,2020-07-02,backfill,O:ADI200717C00140000,140.0,2020-07-17,2020-06-11,0.35,0.35,0.35,0.35,12,2,0.35,,monthly_30d_25d_otm,weekly_1_strike0,42,8
ADI,2020-06-05,2020-07-02,backfill,O:ADI200717C00140000,140.0,2020-07-17,2020-06-16,0.6,0.65,0.6,0.65,5,2,0.6,,monthly_30d_25d_otm,weekly_1_strike0,42,8
ADI,2020-11-11,2020-12-09,backfill,O:ADI201218C00145000,145.0,2020-12-18,2020-11-11,2.25,2.47,2.2,2.47,22,4,2.25,,monthly_30d_25d_otm,weekly_2_strike2,37,22
ADI,2020-11-11,2020-12-09,backfill,O:ADI201218C00145000,145.0,2020-12-18,2020-11-12,1.65,1.65,1.65,1.65,1,1,1.65,,monthly_30d_25d_otm,weekly_2_strike2,37,22
ADI,2020-11-11,2020-12-09,backfill,O:ADI201218C00145000,145.0,2020-12-18,2020-11-13,2.1,2.1,1.6,1.6,25,6,2.1,,monthly_30d_25d_otm,weekly_2_strike2,37,22
ADI,2020-11-11,2020-12-09,backfill,O:ADI201218C00145000,145.0,2020-12-18,2020-11-16,2.6,2.6,2.15,2.15,48,6,2.6,,monthly_30d_25d_otm,weekly_2_strike2,37,22
ADI,2020-11-11,2020-12-09,backfill,O:ADI201218C00145000,145.0,2020-12-18,2020-11-17,1.5,1.55,1.49,1.55,9,6,1.5,,monthly_30d_25d_otm,weekly_2_strike2,37,22
ADI,2020-11-11,2020-12-09,backfill,O:ADI201218C00145000,145.0,2020-12-18,2020-11-18,1.35,1.35,1.35,1.35,3,1,1.35,,monthly_30d_25d_otm,weekly_2_strike2,37,22
ADI,2020-11-11,2020-12-09,backfill,O:ADI201218C00145000,145.0,2020-12-18,2020-11-19,1.21,1.21,1.0,1.0,2,2,1.21,,monthly_30d_25d_otm,weekly_2_strike2,37,22
ADI,2020-11-11,2020-12-09,backfill,O:ADI201218C00145000,145.0,2020-12-18,2020-11-20,1.25,1.25,1.1,1.1,3,2,1.25,,monthly_30d_25d_otm,weekly_2_strike2,37,22
ADI,2020-11-11,2020-12-09,backfill,O:ADI201218C00145000,145.0,2020-12-18,2020-11-23,0.95,1.2,0.95,1.2,72,15,0.95,,monthly_30d_25d_otm,weekly_2_strike2,37,22
ADI,2020-11-11,2020-12-09,backfill,O:ADI201218C00145000,145.0,2020-12-18,2020-11-24,1.07,1.11,0.5,0.81,265,18,1.07,,monthly_30d_25d_otm,weekly_2_strike2,37,22
ADI,2020-11-11,2020-12-09,backfill,O:ADI201218C00145000,145.0,2020-12-18,2020-11-25,0.8,0.9,0.55,0.55,62,9,0.8,,monthly_30d_25d_otm,weekly_2_strike2,37,22
ADI,2020-11-11,2020-12-09,backfill,O:ADI201218C00145000,145.0,2020-12-18,2020-11-27,0.93,0.95,0.79,0.79,17,4,0.93,,monthly_30d_25d_otm,weekly_2_strike2,37,22
ADI,2020-11-11,2020-12-09,backfill,O:ADI201218C00145000,145.0,2020-12-18,2020-11-30,0.7,1.0,0.7,1.0,64,4,0.7,,monthly_30d_25d_otm,weekly_2_strike2,37,22
ADI,2020-11-11,2020-12-09,backfill,O:ADI201218C00145000,145.0,2020-12-18,2020-12-01,1.36,1.8,1.2,1.3,64,19,1.36,,monthly_30d_25d_otm,weekly_2_strike2,37,22
ADI,2020-11-11,2020-12-09,backfill,O:ADI201218C00145000,145.0,2020-12-18,2020-12-02,1.43,1.6,1.15,1.29,6,5,1.43,,monthly_30d_25d_otm,weekly_2_strike2,37,22
ADI,2020-11-11,2020-12-09,backfill,O:ADI201218C00145000,145.0,2020-12-18,2020-12-03,1.3,1.5,1.09,1.09,24,11,1.3,,monthly_30d_25d_otm,weekly_2_strike2,37,22
ADI,2020-11-11,2020-12-09,backfill,O:ADI201218C00145000,145.0,2020-12-18,2020-12-04,1.0,2.6,1.0,2.4,76,12,1.0,,monthly_30d_25d_otm,weekly_2_strike2,37,22
ADI,2020-11-11,2020-12-09,backfill,O:ADI201218C00145000,145.0,2020-12-18,2020-12-07,2.06,2.23,1.77,1.77,26,5,2.06,,monthly_30d_25d_otm,weekly_2_strike2,37,22
ADI,2020-11-11,2020-12-09,backfill,O:ADI201218C00145000,145.0,2020-12-18,2020-12-08,2.05,3.01,2.05,2.7,141,14,2.05,,monthly_30d_25d_otm,weekly_2_strike2,37,22
ADI,2020-11-11,2020-12-09,backfill,O:ADI201218C00145000,145.0,2020-12-18,2020-12-09,2.16,3.0,0.95,1.25,85,14,2.16,,monthly_30d_25d_otm,weekly_2_strike2,37,22
ADI,2022-05-20,2022-06-16,backfill,O:ADI220617C00175000,175.0,2022-06-17,2022-05-20,1.65,2.05,1.0,1.55,280,15,1.65,,monthly_30d_30d_otm,weekly_1_strike2,28,280
ADI,2022-05-20,2022-06-16,backfill,O:ADI220617C00175000,175.0,2022-06-17,2022-05-23,1.62,1.65,1.4,1.4,6,5,1.62,,monthly_30d_30d_otm,weekly_1_strike2,28,280
ADI,2022-05-20,2022-06-16,backfill,O:ADI220617C00175000,175.0,2022-06-17,2022-05-24,1.25,1.46,1.25,1.4,4,3,1.25,,monthly_30d_30d_otm,weekly_1_strike2,28,280
ADI,2022-05-20,2022-06-16,backfill,O:ADI220617C00175000,175.0,2022-06-17,2022-05-25,1.6,1.6,1.1,1.37,18,7,1.6,,monthly_30d_30d_otm,weekly_1_strike2,28,280
ADI,2022-05-20,2022-06-16,backfill,O:ADI220617C00175000,175.0,2022-06-17,2022-05-26,1.4,1.8,1.4,1.57,14,9,1.4,,monthly_30d_30d_otm,weekly_1_strike2,28,280
ADI,2022-05-20,2022-06-16,backfill,O:ADI220617C00175000,175.0,2022-06-17,2022-05-27,1.55,1.9,1.55,1.9,8,3,1.55,,monthly_30d_30d_otm,weekly_1_strike2,28,280
ADI,2022-05-20,2022-06-16,backfill,O:ADI220617C00175000,175.0,2022-06-17,2022-05-31,2.35,2.35,2.1,2.1,3,2,2.35,,monthly_30d_30d_otm,weekly_1_strike2,28,280
ADI,2022-05-20,2022-06-16,backfill,O:ADI220617C00175000,175.0,2022-06-17,2022-06-01,2.02,2.02,1.1,1.15,11,4,2.02,,monthly_30d_30d_otm,weekly_1_strike2,28,280
ADI,2022-05-20,2022-06-16,backfill,O:ADI220617C00175000,175.0,2022-06-17,2022-06-02,1.4,2.05,1.4,2.05,44,4,1.4,,monthly_30d_30d_otm,weekly_1_strike2,28,280
ADI,2022-05-20,2022-06-16,backfill,O:ADI220617C00175000,175.0,2022-06-17,2022-06-03,1.78,1.78,0.95,0.99,32,6,1.78,,monthly_30d_30d_otm,weekly_1_strike2,28,280
ADI,2022-05-20,2022-06-16,backfill,O:ADI220617C00175000,175.0,2022-06-17,2022-06-06,1.15,1.3,0.7,0.7,31,15,1.15,,monthly_30d_30d_otm,weekly_1_strike2,28,280
ADI,2022-05-20,2022-06-16,backfill,O:ADI220617C00175000,175.0,2022-06-17,2022-06-07,0.53,0.75,0.51,0.75,15,4,0.53,,monthly_30d_30d_otm,weekly_1_strike2,28,280
ADI,2022-05-20,2022-06-16,backfill,O:ADI220617C00175000,175.0,2022-06-17,2022-06-08,0.85,0.85,0.5,0.5,83,3,0.85,,monthly_30d_30d_otm,weekly_1_strike2,28,280
ADI,2022-05-20,2022-06-16,backfill,O:ADI220617C00175000,175.0,2022-06-17,2022-06-09,0.52,0.52,0.23,0.23,13,4,0.52,,monthly_30d_30d_otm,weekly_1_strike2,28,280
ADI,2022-05-20,2022-06-16,backfill,O:ADI220617C00175000,175.0,2022-06-17,2022-06-10,0.47,0.63,0.05,0.1,239,15,0.47,,monthly_30d_30d_otm,weekly_1_strike2,28,280
ADI,2022-05-20,2022-06-16,backfill,O:ADI220617C00175000,175.0,2022-06-17,2022-06-15,0.25,0.25,0.25,0.25,1,1,0.25,,monthly_30d_30d_otm,weekly_1_strike2,28,280
ADI,2022-05-20,2022-06-16,backfill,O:ADI220617C00175000,175.0,2022-06-17,2022-06-16,0.06,0.06,0.06,0.06,1,1,0.06,,monthly_30d_30d_otm,weekly_1_strike2,28,280
ADI,2024-05-08,2024-06-05,backfill,O:ADI240621C00210000,210.0,2024-06-21,2024-05-08,4.3,4.6,4.2,4.2,59,8,4.3,,monthly_30d_35d_otm,weekly_2_strike0,44,59
ADI,2024-05-08,2024-06-05,backfill,O:ADI240621C00210000,210.0,2024-06-21,2024-05-09,4.9,5.1,4.5,5.1,19,9,4.9,,monthly_30d_35d_otm,weekly_2_strike0,44,59
ADI,2024-05-08,2024-06-05,backfill,O:ADI240621C00210000,210.0,2024-06-21,2024-05-10,5.5,5.5,5.2,5.2,49,7,5.5,,monthly_30d_35d_otm,weekly_2_strike0,44,59
ADI,2024-05-08,2024-06-05,backfill,O:ADI240621C00210000,210.0,2024-06-21,2024-05-13,6.2,6.53,6.12,6.12,47,14,6.2,,monthly_30d_35d_otm,weekly_2_strike0,44,59
ADI,2024-05-08,2024-06-05,backfill,O:ADI240621C00210000,210.0,2024-06-21,2024-05-14,6.56,8.15,6.56,7.65,52,13,6.56,,monthly_30d_35d_otm,weekly_2_strike0,44,59
ADI,2024-05-08,2024-06-05,backfill,O:ADI240621C00210000,210.0,2024-06-21,2024-05-15,9.0,9.85,8.25,9.6,107,14,9.0,,monthly_30d_35d_otm,weekly_2_strike0,44,59
ADI,2024-05-08,2024-06-05,backfill,O:ADI240621C00210000,210.0,2024-06-21,2024-05-16,8.5,9.19,8.5,9.06,19,5,8.5,,monthly_30d_35d_otm,weekly_2_strike0,44,59
ADI,2024-05-08,2024-06-05,backfill,O:ADI240621C00210000,210.0,2024-06-21,2024-05-17,9.0,9.1,8.1,8.9,82,13,9.0,,monthly_30d_35d_otm,weekly_2_strike0,44,59
ADI,2024-05-08,2024-06-05,backfill,O:ADI240621C00210000,210.0,2024-06-21,2024-05-20,9.8,11.3,9.5,11.3,10,5,9.8,,monthly_30d_35d_otm,weekly_2_strike0,44,59
ADI,2024-05-08,2024-06-05,backfill,O:ADI240621C00210000,210.0,2024-06-21,2024-05-21,9.5,10.0,9.46,10.0,58,4,9.5,,monthly_30d_35d_otm,weekly_2_strike0,44,59
ADI,2024-05-08,2024-06-05,backfill,O:ADI240621C00210000,210.0,2024-06-21,2024-05-22,17.16,30.43,17.16,30.43,64,16,17.16,,monthly_30d_35d_otm,weekly_2_strike0,44,59
ADI,2024-05-08,2024-06-05,backfill,O:ADI240621C00210000,210.0,2024-06-21,2024-05-23,28.25,28.25,23.0,23.0,40,7,28.25,,monthly_30d_35d_otm,weekly_2_strike0,44,59
ADI,2024-05-08,2024-06-05,backfill,O:ADI240621C00210000,210.0,2024-06-21,2024-05-24,27.39,27.49,24.66,24.66,21,4,27.39,,monthly_30d_35d_otm,weekly_2_strike0,44,59
ADI,2024-05-08,2024-06-05,backfill,O:ADI240621C00210000,210.0,2024-06-21,2024-05-28,21.4,23.9,21.4,22.53,75,14,21.4,,monthly_30d_35d_otm,weekly_2_strike0,44,59
ADI,2024-05-08,2024-06-05,backfill,O:ADI240621C00210000,210.0,2024-06-21,2024-05-29,20.15,20.15,20.03,20.03,3,2,20.15,,monthly_30d_35d_otm,weekly_2_strike0,44,59
ADI,2024-05-08,2024-06-05,backfill,O:ADI240621C00210000,210.0,2024-06-21,2024-05-30,19.5,20.1,19.5,20.1,14,3,19.5,,monthly_30d_35d_otm,weekly_2_strike0,44,59
ADI,2024-05-08,2024-06-05,backfill,O:ADI240621C00210000,210.0,2024-06-21,2024-05-31,22.26,22.73,21.7,22.2,2910,13,22.26,,monthly_30d_35d_otm,weekly_2_strike0,44,59
ADI,2024-05-08,2024-06-05,backfill,O:ADI240621C00210000,210.0,2024-06-21,2024-06-03,21.75,22.0,19.41,21.7,73,10,21.75,,monthly_30d_35d_otm,weekly_2_strike0,44,59
ADI,2024-05-08,2024-06-05,backfill,O:ADI240621C00210000,210.0,2024-06-21,2024-06-04,21.45,21.8,21.0,21.8,5,3,21.45,,monthly_30d_35d_otm,weekly_2_strike0,44,59
ADI,2024-05-08,2024-06-05,backfill,O:ADI240621C00210000,210.0,2024-06-21,2024-06-05,25.35,25.35,25.35,25.35,1,1,25.35,,monthly_30d_35d_otm,weekly_2_strike0,44,59
ADI,2025-06-16,2025-07-15,backfill,O:ADI250718C00240000,240.0,2025-07-18,2025-06-16,4.4,4.4,3.8,4.32,217,13,4.4,,monthly_30d_30d_otm,weekly_2_strike1,32,217
ADI,2025-06-16,2025-07-15,backfill,O:ADI250718C00240000,240.0,2025-07-18,2025-06-17,4.4,4.4,4.2,4.2,25,2,4.4,,monthly_30d_30d_otm,weekly_2_strike1,32,217
ADI,2025-06-16,2025-07-15,backfill,O:ADI250718C00240000,240.0,2025-07-18,2025-06-18,4.8,4.8,3.6,3.6,44,7,4.8,,monthly_30d_30d_otm,weekly_2_strike1,32,217
ADI,2025-06-16,2025-07-15,backfill,O:ADI250718C00240000,240.0,2025-07-18,2025-06-20,2.71,3.0,2.71,3.0,9,5,2.71,,monthly_30d_30d_otm,weekly_2_strike1,32,217
ADI,2025-06-16,2025-07-15,backfill,O:ADI250718C00240000,240.0,2025-07-18,2025-06-23,2.87,2.87,2.8,2.8,13,4,2.87,,monthly_30d_30d_otm,weekly_2_strike1,32,217
ADI,2025-06-16,2025-07-15,backfill,O:ADI250718C00240000,240.0,2025-07-18,2025-06-24,3.7,4.4,3.7,4.4,6,5,3.7,,monthly_30d_30d_otm,weekly_2_strike1,32,217
ADI,2025-06-16,2025-07-15,backfill,O:ADI250718C00240000,240.0,2025-07-18,2025-06-25,3.88,3.88,3.88,3.88,1,1,3.88,,monthly_30d_30d_otm,weekly_2_strike1,32,217
ADI,2025-06-16,2025-07-15,backfill,O:ADI250718C00240000,240.0,2025-07-18,2025-06-26,4.28,5.31,4.28,5.05,75,10,4.28,,monthly_30d_30d_otm,weekly_2_strike1,32,217
ADI,2025-06-16,2025-07-15,backfill,O:ADI250718C00240000,240.0,2025-07-18,2025-06-27,5.0,5.3,3.95,3.95,14,9,5.0,,monthly_30d_30d_otm,weekly_2_strike1,32,217
ADI,2025-06-16,2025-07-15,backfill,O:ADI250718C00240000,240.0,2025-07-18,2025-06-30,4.33,4.6,4.33,4.6,48,8,4.33,,monthly_30d_30d_otm,weekly_2_strike1,32,217
ADI,2025-06-16,2025-07-15,backfill,O:ADI250718C00240000,240.0,2025-07-18,2025-07-01,4.13,6.0,4.13,6.0,8,4,4.13,,monthly_30d_30d_otm,weekly_2_strike1,32,217
ADI,2025-06-16,2025-07-15,backfill,O:ADI250718C00240000,240.0,2025-07-18,2025-07-02,8.5,8.7,8.32,8.67,59,4,8.5,,monthly_30d_30d_otm,weekly_2_strike1,32,217
ADI,2025-06-16,2025-07-15,backfill,O:ADI250718C00240000,240.0,2025-07-18,2025-07-03,9.1,9.1,8.45,9.0,101,3,9.1,,monthly_30d_30d_otm,weekly_2_strike1,32,217
ADI,2025-06-16,2025-07-15,backfill,O:ADI250718C00240000,240.0,2025-07-18,2025-07-07,7.95,7.95,5.37,5.37,25,5,7.95,,monthly_30d_30d_otm,weekly_2_strike1,32,217
ADI,2025-06-16,2025-07-15,backfill,O:ADI250718C00240000,240.0,2025-07-18,2025-07-08,9.15,9.15,8.97,8.97,2,2,9.15,,monthly_30d_30d_otm,weekly_2_strike1,32,217
ADI,2025-06-16,2025-07-15,backfill,O:ADI250718C00240000,240.0,2025-07-18,2025-07-09,5.42,5.56,4.7,5.56,45,6,5.42,,monthly_30d_30d_otm,weekly_2_strike1,32,217
ADI,2025-06-16,2025-07-15,backfill,O:ADI250718C00240000,240.0,2025-07-18,2025-07-10,7.48,7.48,7.48,7.48,3,1,7.48,,monthly_30d_30d_otm,weekly_2_strike1,32,217
ADI,2025-06-16,2025-07-15,backfill,O:ADI250718C00240000,240.0,2025-07-18,2025-07-11,6.5,7.2,6.5,7.03,14,2,6.5,,monthly_30d_30d_otm,weekly_2_strike1,32,217
ADI,2025-06-16,2025-07-15,backfill,O:ADI250718C00240000,240.0,2025-07-18,2025-07-14,5.3,5.6,5.29,5.6,5,2,5.3,,monthly_30d_30d_otm,weekly_2_strike1,32,217
ADI,2025-06-16,2025-07-15,backfill,O:ADI250718C00240000,240.0,2025-07-18,2025-07-15,4.91,5.3,3.7,3.7,10,6,4.91,,monthly_30d_30d_otm,weekly_2_strike1,32,217
ADI,2025-12-09,2026-01-07,backfill,O:ADI260116C00300000,300.0,2026-01-16,2025-12-09,2.92,2.98,2.3,2.3,28,8,2.92,,monthly_30d_25d_otm,weekly_2_strike0,38,28
ADI,2025-12-09,2026-01-07,backfill,O:ADI260116C00300000,300.0,2026-01-16,2025-12-10,3.1,3.2,2.75,3.2,174,7,3.1,,monthly_30d_25d_otm,weekly_2_strike0,38,28
ADI,2025-12-09,2026-01-07,backfill,O:ADI260116C00300000,300.0,2026-01-16,2025-12-11,3.2,3.54,2.84,3.54,363,10,3.2,,monthly_30d_25d_otm,weekly_2_strike0,38,28
ADI,2025-12-09,2026-01-07,backfill,O:ADI260116C00300000,300.0,2026-01-16,2025-12-12,2.85,3.5,2.8,2.8,141,7,2.85,,monthly_30d_25d_otm,weekly_2_strike0,38,28
ADI,2025-12-09,2026-01-07,backfill,O:ADI260116C00300000,300.0,2026-01-16,2025-12-15,2.45,2.55,2.26,2.5,142,13,2.45,,monthly_30d_25d_otm,weekly_2_strike0,38,28
ADI,2025-12-09,2026-01-07,backfill,O:ADI260116C00300000,300.0,2026-01-16,2025-12-16,2.2,2.43,1.7,1.99,156,16,2.2,,monthly_30d_25d_otm,weekly_2_strike0,38,28
ADI,2025-12-09,2026-01-07,backfill,O:ADI260116C00300000,300.0,2026-01-16,2025-12-17,1.98,1.98,0.8,0.9,3062,34,1.98,,monthly_30d_25d_otm,weekly_2_strike0,38,28
ADI,2025-12-09,2026-01-07,backfill,O:ADI260116C00300000,300.0,2026-01-16,2025-12-18,1.25,1.35,1.05,1.2,77,22,1.25,,monthly_30d_25d_otm,weekly_2_strike0,38,28
ADI,2025-12-09,2026-01-07,backfill,O:ADI260116C00300000,300.0,2026-01-16,2025-12-19,1.45,1.6,1.0,1.0,436,13,1.45,,monthly_30d_25d_otm,weekly_2_strike0,38,28
ADI,2025-12-09,2026-01-07,backfill,O:ADI260116C00300000,300.0,2026-01-16,2025-12-22,1.08,1.09,0.87,0.87,8,6,1.08,,monthly_30d_25d_otm,weekly_2_strike0,38,28
ADI,2025-12-09,2026-01-07,backfill,O:ADI260116C00300000,300.0,2026-01-16,2025-12-23,0.75,0.75,0.75,0.75,4,3,0.75,,monthly_30d_25d_otm,weekly_2_strike0,38,28
ADI,2025-12-09,2026-01-07,backfill,O:ADI260116C00300000,300.0,2026-01-16,2025-12-24,0.75,0.75,0.65,0.65,7,2,0.75,,monthly_30d_25d_otm,weekly_2_strike0,38,28
ADI,2025-12-09,2026-01-07,backfill,O:ADI260116C00300000,300.0,2026-01-16,2025-12-26,0.5,0.54,0.5,0.5,108,6,0.5,,monthly_30d_25d_otm,weekly_2_strike0,38,28
ADI,2025-12-09,2026-01-07,backfill,O:ADI260116C00300000,300.0,2026-01-16,2025-12-29,0.42,0.65,0.4,0.4,15,3,0.42,,monthly_30d_25d_otm,weekly_2_strike0,38,28
ADI,2025-12-09,2026-01-07,backfill,O:ADI260116C00300000,300.0,2026-01-16,2025-12-30,0.45,0.45,0.45,0.45,1,1,0.45,,monthly_30d_25d_otm,weekly_2_strike0,38,28
ADI,2025-12-09,2026-01-07,backfill,O:ADI260116C00300000,300.0,2026-01-16,2026-01-02,0.2,0.24,0.15,0.15,18,5,0.2,,monthly_30d_25d_otm,weekly_2_strike0,38,28
ADI,2025-12-09,2026-01-07,backfill,O:ADI260116C00300000,300.0,2026-01-16,2026-01-05,0.25,0.65,0.25,0.3,146,7,0.25,,monthly_30d_25d_otm,weekly_2_strike0,38,28
ADI,2025-12-09,2026-01-07,backfill,O:ADI260116C00300000,300.0,2026-01-16,2026-01-06,0.77,3.4,0.77,2.91,748,41,0.77,,monthly_30d_25d_otm,weekly_2_strike0,38,28
ADI,2025-12-09,2026-01-07,backfill,O:ADI260116C00300000,300.0,2026-01-16,2026-01-07,1.5,2.69,1.45,2.69,62,15,1.5,,monthly_30d_25d_otm,weekly_2_strike0,38,28
AFRM,2023-02-10,2023-03-10,backfill,O:AFRM230317C00012500,12.5,2023-03-17,2023-02-10,2.1,2.2,1.56,1.62,1277,81,2.1,,monthly_30d_slight_itm,weekly_1_strike0,35,1277
AFRM,2023-02-10,2023-03-10,backfill,O:AFRM230317C00012500,12.5,2023-03-17,2023-02-13,1.58,2.02,1.37,1.7,519,81,1.58,,monthly_30d_slight_itm,weekly_1_strike0,35,1277
AFRM,2023-02-10,2023-03-10,backfill,O:AFRM230317C00012500,12.5,2023-03-17,2023-02-14,1.55,1.96,1.37,1.87,1324,84,1.55,,monthly_30d_slight_itm,weekly_1_strike0,35,1277
AFRM,2023-02-10,2023-03-10,backfill,O:AFRM230317C00012500,12.5,2023-03-17,2023-02-15,1.83,3.36,1.83,3.0,814,104,1.83,,monthly_30d_slight_itm,weekly_1_strike0,35,1277
AFRM,2023-02-10,2023-03-10,backfill,O:AFRM230317C00012500,12.5,2023-03-17,2023-02-16,2.39,2.7,2.13,2.16,363,50,2.39,,monthly_30d_slight_itm,weekly_1_strike0,35,1277
AFRM,2023-02-10,2023-03-10,backfill,O:AFRM230317C00012500,12.5,2023-03-17,2023-02-17,1.96,1.96,1.45,1.71,632,66,1.96,,monthly_30d_slight_itm,weekly_1_strike0,35,1277
AFRM,2023-02-10,2023-03-10,backfill,O:AFRM230317C00012500,12.5,2023-03-17,2023-02-21,1.46,1.6,1.25,1.55,362,51,1.46,,monthly_30d_slight_itm,weekly_1_strike0,35,1277
AFRM,2023-02-10,2023-03-10,backfill,O:AFRM230317C00012500,12.5,2023-03-17,2023-02-22,1.63,2.1,1.57,1.85,512,44,1.63,,monthly_30d_slight_itm,weekly_1_strike0,35,1277
AFRM,2023-02-10,2023-03-10,backfill,O:AFRM230317C00012500,12.5,2023-03-17,2023-02-23,2.13,2.13,1.59,1.94,137,41,2.13,,monthly_30d_slight_itm,weekly_1_strike0,35,1277
AFRM,2023-02-10,2023-03-10,backfill,O:AFRM230317C00012500,12.5,2023-03-17,2023-02-24,1.72,1.81,1.4,1.57,133,26,1.72,,monthly_30d_slight_itm,weekly_1_strike0,35,1277
AFRM,2023-02-10,2023-03-10,backfill,O:AFRM230317C00012500,12.5,2023-03-17,2023-02-27,1.57,1.6,1.43,1.59,71,18,1.57,,monthly_30d_slight_itm,weekly_1_strike0,35,1277
AFRM,2023-02-10,2023-03-10,backfill,O:AFRM230317C00012500,12.5,2023-03-17,2023-02-28,1.3,2.05,1.3,1.92,301,27,1.3,,monthly_30d_slight_itm,weekly_1_strike0,35,1277
AFRM,2023-02-10,2023-03-10,backfill,O:AFRM230317C00012500,12.5,2023-03-17,2023-03-01,1.62,1.62,1.0,1.14,250,31,1.62,,monthly_30d_slight_itm,weekly_1_strike0,35,1277
AFRM,2023-02-10,2023-03-10,backfill,O:AFRM230317C00012500,12.5,2023-03-17,2023-03-02,0.94,1.31,0.84,1.29,134,31,0.94,,monthly_30d_slight_itm,weekly_1_strike0,35,1277
AFRM,2023-02-10,2023-03-10,backfill,O:AFRM230317C00012500,12.5,2023-03-17,2023-03-03,1.31,1.8,1.31,1.66,200,30,1.31,,monthly_30d_slight_itm,weekly_1_strike0,35,1277
AFRM,2023-02-10,2023-03-10,backfill,O:AFRM230317C00012500,12.5,2023-03-17,2023-03-06,1.67,2.15,1.31,1.33,277,45,1.67,,monthly_30d_slight_itm,weekly_1_strike0,35,1277
AFRM,2023-02-10,2023-03-10,backfill,O:AFRM230317C00012500,12.5,2023-03-17,2023-03-07,1.21,1.33,0.6,0.61,787,91,1.21,,monthly_30d_slight_itm,weekly_1_strike0,35,1277
AFRM,2023-02-10,2023-03-10,backfill,O:AFRM230317C00012500,12.5,2023-03-17,2023-03-08,0.6,0.78,0.46,0.62,2075,79,0.6,,monthly_30d_slight_itm,weekly_1_strike0,35,1277
AFRM,2023-02-10,2023-03-10,backfill,O:AFRM230317C00012500,12.5,2023-03-17,2023-03-09,0.57,0.75,0.3,0.33,2013,95,0.57,,monthly_30d_slight_itm,weekly_1_strike0,35,1277
AFRM,2023-02-10,2023-03-10,backfill,O:AFRM230317C00012500,12.5,2023-03-17,2023-03-10,0.23,0.24,0.11,0.13,1958,56,0.23,,monthly_30d_slight_itm,weekly_1_strike0,35,1277
AFRM,2023-09-06,2023-10-03,backfill,O:AFRM231020C00027500,27.5,2023-10-20,2023-09-06,0.73,0.73,0.63,0.63,9247,6,0.73,,monthly_30d_25d_otm,weekly_2_strike0,44,9247
AFRM,2023-09-06,2023-10-03,backfill,O:AFRM231020C00027500,27.5,2023-10-20,2023-09-07,0.5,0.71,0.48,0.69,343,12,0.5,,monthly_30d_25d_otm,weekly_2_strike0,44,9247
AFRM,2023-09-06,2023-10-03,backfill,O:AFRM231020C00027500,27.5,2023-10-20,2023-09-08,0.55,0.59,0.55,0.56,24,8,0.55,,monthly_30d_25d_otm,weekly_2_strike0,44,9247
AFRM,2023-09-06,2023-10-03,backfill,O:AFRM231020C00027500,27.5,2023-10-20,2023-09-11,0.72,0.85,0.67,0.8,9035,24,0.72,,monthly_30d_25d_otm,weekly_2_strike0,44,9247
AFRM,2023-09-06,2023-10-03,backfill,O:AFRM231020C00027500,27.5,2023-10-20,2023-09-12,0.79,0.98,0.79,0.88,518,28,0.79,,monthly_30d_25d_otm,weekly_2_strike0,44,9247
AFRM,2023-09-06,2023-10-03,backfill,O:AFRM231020C00027500,27.5,2023-10-20,2023-09-13,0.87,0.88,0.67,0.7,81,18,0.87,,monthly_30d_25d_otm,weekly_2_strike0,44,9247
AFRM,2023-09-06,2023-10-03,backfill,O:AFRM231020C00027500,27.5,2023-10-20,2023-09-14,0.74,0.81,0.67,0.67,1072,58,0.74,,monthly_30d_25d_otm,weekly_2_strike0,44,9247
AFRM,2023-09-06,2023-10-03,backfill,O:AFRM231020C00027500,27.5,2023-10-20,2023-09-15,0.62,0.88,0.62,0.85,646,50,0.62,,monthly_30d_25d_otm,weekly_2_strike0,44,9247
AFRM,2023-09-06,2023-10-03,backfill,O:AFRM231020C00027500,27.5,2023-10-20,2023-09-18,0.86,1.28,0.71,1.05,696,77,0.86,,monthly_30d_25d_otm,weekly_2_strike0,44,9247
AFRM,2023-09-06,2023-10-03,backfill,O:AFRM231020C00027500,27.5,2023-10-20,2023-09-19,1.02,1.02,0.55,0.62,88,21,1.02,,monthly_30d_25d_otm,weekly_2_strike0,44,9247
AFRM,2023-09-06,2023-10-03,backfill,O:AFRM231020C00027500,27.5,2023-10-20,2023-09-20,0.64,0.76,0.56,0.6,83,12,0.64,,monthly_30d_25d_otm,weekly_2_strike0,44,9247
AFRM,2023-09-06,2023-10-03,backfill,O:AFRM231020C00027500,27.5,2023-10-20,2023-09-21,0.28,0.29,0.2,0.2,785,18,0.28,,monthly_30d_25d_otm,weekly_2_strike0,44,9247
AFRM,2023-09-06,2023-10-03,backfill,O:AFRM231020C00027500,27.5,2023-10-20,2023-09-22,0.23,0.23,0.12,0.14,38,7,0.23,,monthly_30d_25d_otm,weekly_2_strike0,44,9247
AFRM,2023-09-06,2023-10-03,backfill,O:AFRM231020C00027500,27.5,2023-10-20,2023-09-25,0.1,0.2,0.09,0.18,20382,79,0.1,,monthly_30d_25d_otm,weekly_2_strike0,44,9247
AFRM,2023-09-06,2023-10-03,backfill,O:AFRM231020C00027500,27.5,2023-10-20,2023-09-26,0.16,0.2,0.13,0.14,881,56,0.16,,monthly_30d_25d_otm,weekly_2_strike0,44,9247
AFRM,2023-09-06,2023-10-03,backfill,O:AFRM231020C00027500,27.5,2023-10-20,2023-09-27,0.15,0.16,0.11,0.13,419,40,0.15,,monthly_30d_25d_otm,weekly_2_strike0,44,9247
AFRM,2023-09-06,2023-10-03,backfill,O:AFRM231020C00027500,27.5,2023-10-20,2023-09-28,0.13,0.18,0.13,0.16,1925,54,0.13,,monthly_30d_25d_otm,weekly_2_strike0,44,9247
AFRM,2023-09-06,2023-10-03,backfill,O:AFRM231020C00027500,27.5,2023-10-20,2023-09-29,0.2,0.3,0.14,0.14,2168,66,0.2,,monthly_30d_25d_otm,weekly_2_strike0,44,9247
AFRM,2023-09-06,2023-10-03,backfill,O:AFRM231020C00027500,27.5,2023-10-20,2023-10-02,0.12,0.13,0.09,0.09,469,33,0.12,,monthly_30d_25d_otm,weekly_2_strike0,44,9247
AFRM,2023-09-06,2023-10-03,backfill,O:AFRM231020C00027500,27.5,2023-10-20,2023-10-03,0.08,0.08,0.03,0.04,536,27,0.08,,monthly_30d_25d_otm,weekly_2_strike0,44,9247
AI,2023-02-01,2023-03-01,backfill,O:AI230317C00020000,20.0,2023-03-17,2023-02-01,3.5,4.5,2.9,4.2,763,83,3.5,,monthly_30d_atm,weekly_2_strike0,44,763
AI,2023-02-01,2023-03-01,backfill,O:AI230317C00020000,20.0,2023-03-17,2023-02-02,4.6,5.2,3.9,4.25,517,48,4.6,,monthly_30d_atm,weekly_2_strike0,44,763
AI,2023-02-01,2023-03-01,backfill,O:AI230317C00020000,20.0,2023-03-17,2023-02-03,5.5,9.95,5.43,8.1,457,55,5.5,,monthly_30d_atm,weekly_2_strike0,44,763
AI,2023-02-01,2023-03-01,backfill,O:AI230317C00020000,20.0,2023-03-17,2023-02-06,8.61,12.5,8.2,9.6,356,36,8.61,,monthly_30d_atm,weekly_2_strike0,44,763
AI,2023-02-01,2023-03-01,backfill,O:AI230317C00020000,20.0,2023-03-17,2023-02-07,8.2,9.15,5.7,6.65,711,30,8.2,,monthly_30d_atm,weekly_2_strike0,44,763
AI,2023-02-01,2023-03-01,backfill,O:AI230317C00020000,20.0,2023-03-17,2023-02-08,7.78,9.8,7.2,8.2,458,28,7.78,,monthly_30d_atm,weekly_2_strike0,44,763
AI,2023-02-01,2023-03-01,backfill,O:AI230317C00020000,20.0,2023-03-17,2023-02-09,8.1,8.1,5.2,5.3,374,36,8.1,,monthly_30d_atm,weekly_2_strike0,44,763
AI,2023-02-01,2023-03-01,backfill,O:AI230317C00020000,20.0,2023-03-17,2023-02-10,5.0,5.64,4.79,5.4,221,28,5.0,,monthly_30d_atm,weekly_2_strike0,44,763
AI,2023-02-01,2023-03-01,backfill,O:AI230317C00020000,20.0,2023-03-17,2023-02-13,5.6,5.6,3.8,3.99,642,45,5.6,,monthly_30d_atm,weekly_2_strike0,44,763
AI,2023-02-01,2023-03-01,backfill,O:AI230317C00020000,20.0,2023-03-17,2023-02-14,3.6,5.35,3.5,5.2,392,44,3.6,,monthly_30d_atm,weekly_2_strike0,44,763
AI,2023-02-01,2023-03-01,backfill,O:AI230317C00020000,20.0,2023-03-17,2023-02-15,5.2,6.8,5.2,6.8,602,49,5.2,,monthly_30d_atm,weekly_2_strike0,44,763
AI,2023-02-01,2023-03-01,backfill,O:AI230317C00020000,20.0,2023-03-17,2023-02-16,6.0,7.7,5.6,5.6,407,33,6.0,,monthly_30d_atm,weekly_2_strike0,44,763
AI,2023-02-01,2023-03-01,backfill,O:AI230317C00020000,20.0,2023-03-17,2023-02-17,4.77,5.41,4.4,5.2,492,20,4.77,,monthly_30d_atm,weekly_2_strike0,44,763
AI,2023-02-01,2023-03-01,backfill,O:AI230317C00020000,20.0,2023-03-17,2023-02-21,6.0,6.4,3.45,3.48,100,21,6.0,,monthly_30d_atm,weekly_2_strike0,44,763
AI,2023-02-01,2023-03-01,backfill,O:AI230317C00020000,20.0,2023-03-17,2023-02-22,4.0,4.4,3.7,4.0,510,8,4.0,,monthly_30d_atm,weekly_2_strike0,44,763
AI,2023-02-01,2023-03-01,backfill,O:AI230317C00020000,20.0,2023-03-17,2023-02-23,4.8,4.8,3.66,4.3,70,13,4.8,,monthly_30d_atm,weekly_2_strike0,44,763
AI,2023-02-01,2023-03-01,backfill,O:AI230317C00020000,20.0,2023-03-17,2023-02-24,3.66,3.8,3.2,3.62,96,20,3.66,,monthly_30d_atm,weekly_2_strike0,44,763
AI,2023-02-01,2023-03-01,backfill,O:AI230317C00020000,20.0,2023-03-17,2023-02-27,3.4,3.6,2.9,3.21,205,22,3.4,,monthly_30d_atm,weekly_2_strike0,44,763
AI,2023-02-01,2023-03-01,backfill,O:AI230317C00020000,20.0,2023-03-17,2023-02-28,3.84,4.1,3.7,3.7,6,5,3.84,,monthly_30d_atm,weekly_2_strike0,44,763
AI,2023-02-01,2023-03-01,backfill,O:AI230317C00020000,20.0,2023-03-17,2023-03-01,2.55,2.9,2.21,2.48,187,37,2.55,,monthly_30d_atm,weekly_2_strike0,44,763
AI,2023-06-05,2023-07-03,backfill,O:AI230721C00045000,45.0,2023-07-21,2023-06-05,1.65,2.95,1.4,2.8,575,105,1.65,,monthly_30d_25d_otm,weekly_2_strike0,46,575
AI,2023-06-05,2023-07-03,backfill,O:AI230721C00045000,45.0,2023-07-21,2023-06-06,2.7,4.1,2.3,3.8,1693,119,2.7,,monthly_30d_25d_otm,weekly_2_strike0,46,575
AI,2023-06-05,2023-07-03,backfill,O:AI230721C00045000,45.0,2023-07-21,2023-06-07,4.1,4.2,2.55,2.9,556,91,4.1,,monthly_30d_25d_otm,weekly_2_strike0,46,575
AI,2023-06-05,2023-07-03,backfill,O:AI230721C00045000,45.0,2023-07-21,2023-06-08,2.77,3.23,2.4,2.59,207,44,2.77,,monthly_30d_25d_otm,weekly_2_strike0,46,575
AI,2023-06-05,2023-07-03,backfill,O:AI230721C00045000,45.0,2023-07-21,2023-06-09,2.82,3.7,2.45,2.65,507,67,2.82,,monthly_30d_25d_otm,weekly_2_strike0,46,575
AI,2023-06-05,2023-07-03,backfill,O:AI230721C00045000,45.0,2023-07-21,2023-06-12,2.8,3.12,2.15,2.6,170,55,2.8,,monthly_30d_25d_otm,weekly_2_strike0,46,575
AI,2023-06-05,2023-07-03,backfill,O:AI230721C00045000,45.0,2023-07-21,2023-06-13,2.8,6.7,2.55,5.4,2681,211,2.8,,monthly_30d_25d_otm,weekly_2_strike0,46,575
AI,2023-06-05,2023-07-03,backfill,O:AI230721C00045000,45.0,2023-07-21,2023-06-14,5.4,5.65,4.2,5.0,667,139,5.4,,monthly_30d_25d_otm,weekly_2_strike0,46,575
AI,2023-06-05,2023-07-03,backfill,O:AI230721C00045000,45.0,2023-07-21,2023-06-15,4.4,8.55,4.3,6.6,1727,194,4.4,,monthly_30d_25d_otm,weekly_2_strike0,46,575
AI,2023-06-05,2023-07-03,backfill,O:AI230721C00045000,45.0,2023-07-21,2023-06-16,8.08,8.5,5.2,5.8,915,133,8.08,,monthly_30d_25d_otm,weekly_2_strike0,46,575
AI,2023-06-05,2023-07-03,backfill,O:AI230721C00045000,45.0,2023-07-21,2023-06-20,6.1,6.98,4.2,4.7,920,100,6.1,,monthly_30d_25d_otm,weekly_2_strike0,46,575
AI,2023-06-05,2023-07-03,backfill,O:AI230721C00045000,45.0,2023-07-21,2023-06-21,4.8,5.1,2.37,2.7,988,130,4.8,,monthly_30d_25d_otm,weekly_2_strike0,46,575
AI,2023-06-05,2023-07-03,backfill,O:AI230721C00045000,45.0,2023-07-21,2023-06-22,2.27,2.8,1.97,2.17,461,94,2.27,,monthly_30d_25d_otm,weekly_2_strike0,46,575
AI,2023-06-05,2023-07-03,backfill,O:AI230721C00045000,45.0,2023-07-21,2023-06-23,1.73,1.95,1.05,1.15,1075,111,1.73,,monthly_30d_25d_otm,weekly_2_strike0,46,575
AI,2023-06-05,2023-07-03,backfill,O:AI230721C00045000,45.0,2023-07-21,2023-06-26,1.05,1.5,0.6,0.6,355,81,1.05,,monthly_30d_25d_otm,weekly_2_strike0,46,575
AI,2023-06-05,2023-07-03,backfill,O:AI230721C00045000,45.0,2023-07-21,2023-06-27,0.65,0.95,0.6,0.78,625,63,0.65,,monthly_30d_25d_otm,weekly_2_strike0,46,575
AI,2023-06-05,2023-07-03,backfill,O:AI230721C00045000,45.0,2023-07-21,2023-06-28,0.75,1.27,0.6,1.0,316,78,0.75,,monthly_30d_25d_otm,weekly_2_strike0,46,575
AI,2023-06-05,2023-07-03,backfill,O:AI230721C00045000,45.0,2023-07-21,2023-06-29,1.1,1.35,0.87,0.95,126,37,1.1,,monthly_30d_25d_otm,weekly_2_strike0,46,575
AI,2023-06-05,2023-07-03,backfill,O:AI230721C00045000,45.0,2023-07-21,2023-06-30,1.25,1.45,0.75,0.85,820,76,1.25,,monthly_30d_25d_otm,weekly_2_strike0,46,575
AI,2023-06-05,2023-07-03,backfill,O:AI230721C00045000,45.0,2023-07-21,2023-07-03,0.9,0.97,0.6,0.84,364,50,0.9,,monthly_30d_25d_otm,weekly_2_strike0,46,575
AI,2024-06-17,2024-07-16,backfill,O:AI240719C00035000,35.0,2024-07-19,2024-06-17,0.3,0.32,0.22,0.29,468,38,0.3,,monthly_30d_20d_otm,weekly_2_strike0,32,468
AI,2024-06-17,2024-07-16,backfill,O:AI240719C00035000,35.0,2024-07-19,2024-06-18,0.29,0.32,0.22,0.24,603,38,0.29,,monthly_30d_20d_otm,weekly_2_strike0,32,468
AI,2024-06-17,2024-07-16,backfill,O:AI240719C00035000,35.0,2024-07-19,2024-06-20,0.2,0.22,0.12,0.13,545,50,0.2,,monthly_30d_20d_otm,weekly_2_strike0,32,468
AI,2024-06-17,2024-07-16,backfill,O:AI240719C00035000,35.0,2024-07-19,2024-06-21,0.1,0.13,0.07,0.09,178,36,0.1,,monthly_30d_20d_otm,weekly_2_strike0,32,468
AI,2024-06-17,2024-07-16,backfill,O:AI240719C00035000,35.0,2024-07-19,2024-06-24,0.09,0.11,0.08,0.11,398,21,0.09,,monthly_30d_20d_otm,weekly_2_strike0,32,468
AI,2024-06-17,2024-07-16,backfill,O:AI240719C00035000,35.0,2024-07-19,2024-06-25,0.08,0.08,0.06,0.07,97,15,0.08,,monthly_30d_20d_otm,weekly_2_strike0,32,468
AI,2024-06-17,2024-07-16,backfill,O:AI240719C00035000,35.0,2024-07-19,2024-06-26,0.07,0.1,0.06,0.07,324,18,0.07,,monthly_30d_20d_otm,weekly_2_strike0,32,468
AI,2024-06-17,2024-07-16,backfill,O:AI240719C00035000,35.0,2024-07-19,2024-06-27,0.07,0.1,0.07,0.09,78,13,0.07,,monthly_30d_20d_otm,weekly_2_strike0,32,468
AI,2024-06-17,2024-07-16,backfill,O:AI240719C00035000,35.0,2024-07-19,2024-06-28,0.1,0.2,0.07,0.09,604,29,0.1,,monthly_30d_20d_otm,weekly_2_strike0,32,468
AI,2024-06-17,2024-07-16,backfill,O:AI240719C00035000,35.0,2024-07-19,2024-07-01,0.06,0.09,0.06,0.07,240,13,0.06,,monthly_30d_20d_otm,weekly_2_strike0,32,468
AI,2024-06-17,2024-07-16,backfill,O:AI240719C00035000,35.0,2024-07-19,2024-07-02,0.06,0.08,0.03,0.04,265,10,0.06,,monthly_30d_20d_otm,weekly_2_strike0,32,468
AI,2024-06-17,2024-07-16,backfill,O:AI240719C00035000,35.0,2024-07-19,2024-07-03,0.07,0.07,0.04,0.04,139,8,0.07,,monthly_30d_20d_otm,weekly_2_strike0,32,468
AI,2024-06-17,2024-07-16,backfill,O:AI240719C00035000,35.0,2024-07-19,2024-07-05,0.04,0.13,0.04,0.11,8590,47,0.04,,monthly_30d_20d_otm,weekly_2_strike0,32,468
AI,2024-06-17,2024-07-16,backfill,O:AI240719C00035000,35.0,2024-07-19,2024-07-08,0.11,0.19,0.06,0.07,7336,64,0.11,,monthly_30d_20d_otm,weekly_2_strike0,32,468
AI,2024-06-17,2024-07-16,backfill,O:AI240719C00035000,35.0,2024-07-19,2024-07-09,0.06,0.07,0.01,0.04,1043,30,0.06,,monthly_30d_20d_otm,weekly_2_strike0,32,468
AI,2024-06-17,2024-07-16,backfill,O:AI240719C00035000,35.0,2024-07-19,2024-07-10,0.05,0.05,0.03,0.04,132,14,0.05,,monthly_30d_20d_otm,weekly_2_strike0,32,468
AI,2024-06-17,2024-07-16,backfill,O:AI240719C00035000,35.0,2024-07-19,2024-07-11,0.04,0.08,0.03,0.05,3754,32,0.04,,monthly_30d_20d_otm,weekly_2_strike0,32,468
AI,2024-06-17,2024-07-16,backfill,O:AI240719C00035000,35.0,2024-07-19,2024-07-12,0.09,0.09,0.02,0.04,344,15,0.09,,monthly_30d_20d_otm,weekly_2_strike0,32,468
AI,2024-06-17,2024-07-16,backfill,O:AI240719C00035000,35.0,2024-07-19,2024-07-15,0.02,0.05,0.02,0.04,481,24,0.02,,monthly_30d_20d_otm,weekly_2_strike0,32,468
AI,2024-06-17,2024-07-16,backfill,O:AI240719C00035000,35.0,2024-07-19,2024-07-16,0.05,0.08,0.01,0.02,1340,18,0.05,,monthly_30d_20d_otm,weekly_2_strike0,32,468
AMAT,2020-11-18,2020-12-16,backfill,O:AMAT201218C00080000,80.0,2020-12-18,2020-11-18,1.05,1.65,1.0,1.45,2151,196,1.05,,monthly_30d_30d_otm,weekly_2_strike0,30,2151
AMAT,2020-11-18,2020-12-16,backfill,O:AMAT201218C00080000,80.0,2020-12-18,2020-11-19,1.29,2.68,1.04,1.86,809,89,1.29,,monthly_30d_30d_otm,weekly_2_strike0,30,2151
AMAT,2020-11-18,2020-12-16,backfill,O:AMAT201218C00080000,80.0,2020-12-18,2020-11-20,1.67,3.52,1.64,1.66,962,78,1.67,,monthly_30d_30d_otm,weekly_2_strike0,30,2151
AMAT,2020-11-18,2020-12-16,backfill,O:AMAT201218C00080000,80.0,2020-12-18,2020-11-23,1.7,3.24,1.7,3.24,695,123,1.7,,monthly_30d_30d_otm,weekly_2_strike0,30,2151
AMAT,2020-11-18,2020-12-16,backfill,O:AMAT201218C00080000,80.0,2020-12-18,2020-11-24,3.54,4.79,2.86,4.76,422,81,3.54,,monthly_30d_30d_otm,weekly_2_strike0,30,2151
AMAT,2020-11-18,2020-12-16,backfill,O:AMAT201218C00080000,80.0,2020-12-18,2020-11-25,4.35,4.35,3.4,3.46,90,22,4.35,,monthly_30d_30d_otm,weekly_2_strike0,30,2151
AMAT,2020-11-18,2020-12-16,backfill,O:AMAT201218C00080000,80.0,2020-12-18,2020-11-27,4.0,4.7,4.0,4.45,77,16,4.0,,monthly_30d_30d_otm,weekly_2_strike0,30,2151
AMAT,2020-11-18,2020-12-16,backfill,O:AMAT201218C00080000,80.0,2020-12-18,2020-11-30,3.85,4.05,3.13,4.05,54,18,3.85,,monthly_30d_30d_otm,weekly_2_strike0,30,2151
AMAT,2020-11-18,2020-12-16,backfill,O:AMAT201218C00080000,80.0,2020-12-18,2020-12-01,4.65,5.23,4.44,5.08,20,13,4.65,,monthly_30d_30d_otm,weekly_2_strike0,30,2151
AMAT,2020-11-18,2020-12-16,backfill,O:AMAT201218C00080000,80.0,2020-12-18,2020-12-02,4.44,6.15,4.44,6.15,243,36,4.44,,monthly_30d_30d_otm,weekly_2_strike0,30,2151
AMAT,2020-11-18,2020-12-16,backfill,O:AMAT201218C00080000,80.0,2020-12-18,2020-12-03,6.68,7.51,6.5,6.5,89,12,6.68,,monthly_30d_30d_otm,weekly_2_strike0,30,2151
AMAT,2020-11-18,2020-12-16,backfill,O:AMAT201218C00080000,80.0,2020-12-18,2020-12-04,7.65,9.35,7.65,9.18,37,13,7.65,,monthly_30d_30d_otm,weekly_2_strike0,30,2151
AMAT,2020-11-18,2020-12-16,backfill,O:AMAT201218C00080000,80.0,2020-12-18,2020-12-07,8.15,9.5,8.15,9.22,101,15,8.15,,monthly_30d_30d_otm,weekly_2_strike0,30,2151
AMAT,2020-11-18,2020-12-16,backfill,O:AMAT201218C00080000,80.0,2020-12-18,2020-12-08,9.45,10.25,9.45,9.94,89,11,9.45,,monthly_30d_30d_otm,weekly_2_strike0,30,2151
AMAT,2020-11-18,2020-12-16,backfill,O:AMAT201218C00080000,80.0,2020-12-18,2020-12-09,9.7,9.7,7.95,8.17,303,21,9.7,,monthly_30d_30d_otm,weekly_2_strike0,30,2151
AMAT,2020-11-18,2020-12-16,backfill,O:AMAT201218C00080000,80.0,2020-12-18,2020-12-10,7.57,8.64,7.57,8.23,20,5,7.57,,monthly_30d_30d_otm,weekly_2_strike0,30,2151
AMAT,2020-11-18,2020-12-16,backfill,O:AMAT201218C00080000,80.0,2020-12-18,2020-12-11,7.1,7.75,7.1,7.75,11,4,7.1,,monthly_30d_30d_otm,weekly_2_strike0,30,2151
AMAT,2020-11-18,2020-12-16,backfill,O:AMAT201218C00080000,80.0,2020-12-18,2020-12-14,9.75,9.8,8.59,8.59,71,10,9.75,,monthly_30d_30d_otm,weekly_2_strike0,30,2151
AMAT,2020-11-18,2020-12-16,backfill,O:AMAT201218C00080000,80.0,2020-12-18,2020-12-15,9.6,9.6,8.14,8.15,81,11,9.6,,monthly_30d_30d_otm,weekly_2_strike0,30,2151
AMAT,2020-11-18,2020-12-16,backfill,O:AMAT201218C00080000,80.0,2020-12-18,2020-12-16,7.8,8.77,7.8,8.56,22,6,7.8,,monthly_30d_30d_otm,weekly_2_strike0,30,2151
AMAT,2022-11-16,2022-12-14,backfill,O:AMAT221216C00115000,115.0,2022-12-16,2022-11-16,2.7,2.95,1.92,2.07,175,35,2.7,,monthly_30d_30d_otm,weekly_2_strike0,30,175
AMAT,2022-11-16,2022-12-14,backfill,O:AMAT221216C00115000,115.0,2022-12-16,2022-11-17,1.54,2.52,1.54,2.14,249,54,1.54,,monthly_30d_30d_otm,weekly_2_strike0,30,175
AMAT,2022-11-16,2022-12-14,backfill,O:AMAT221216C00115000,115.0,2022-12-16,2022-11-18,3.68,3.68,1.53,1.6,335,70,3.68,,monthly_30d_30d_otm,weekly_2_strike0,30,175
AMAT,2022-11-16,2022-12-14,backfill,O:AMAT221216C00115000,115.0,2022-12-16,2022-11-21,1.27,1.65,0.93,1.65,102,37,1.27,,monthly_30d_30d_otm,weekly_2_strike0,30,175
AMAT,2022-11-16,2022-12-14,backfill,O:AMAT221216C00115000,115.0,2022-12-16,2022-11-22,1.55,1.65,1.23,1.63,90,29,1.55,,monthly_30d_30d_otm,weekly_2_strike0,30,175
AMAT,2022-11-16,2022-12-14,backfill,O:AMAT221216C00115000,115.0,2022-12-16,2022-11-23,1.79,2.1,1.68,1.7,225,44,1.79,,monthly_30d_30d_otm,weekly_2_strike0,30,175
AMAT,2022-11-16,2022-12-14,backfill,O:AMAT221216C00115000,115.0,2022-12-16,2022-11-25,1.64,1.64,1.23,1.23,135,20,1.64,,monthly_30d_30d_otm,weekly_2_strike0,30,175
AMAT,2022-11-16,2022-12-14,backfill,O:AMAT221216C00115000,115.0,2022-12-16,2022-11-28,0.9,0.9,0.65,0.69,67,28,0.9,,monthly_30d_30d_otm,weekly_2_strike0,30,175
AMAT,2022-11-16,2022-12-14,backfill,O:AMAT221216C00115000,115.0,2022-12-16,2022-11-29,0.8,0.87,0.6,0.6,101,18,0.8,,monthly_30d_30d_otm,weekly_2_strike0,30,175
AMAT,2022-11-16,2022-12-14,backfill,O:AMAT221216C00115000,115.0,2022-12-16,2022-11-30,0.8,1.75,0.54,1.61,73,23,0.8,,monthly_30d_30d_otm,weekly_2_strike0,30,175
AMAT,2022-11-16,2022-12-14,backfill,O:AMAT221216C00115000,115.0,2022-12-16,2022-12-01,1.82,1.82,0.92,1.07,205,24,1.82,,monthly_30d_30d_otm,weekly_2_strike0,30,175
AMAT,2022-11-16,2022-12-14,backfill,O:AMAT221216C00115000,115.0,2022-12-16,2022-12-02,0.76,0.83,0.62,0.77,155,23,0.76,,monthly_30d_30d_otm,weekly_2_strike0,30,175
AMAT,2022-11-16,2022-12-14,backfill,O:AMAT221216C00115000,115.0,2022-12-16,2022-12-05,0.66,0.9,0.6,0.7,48,16,0.66,,monthly_30d_30d_otm,weekly_2_strike0,30,175
AMAT,2022-11-16,2022-12-14,backfill,O:AMAT221216C00115000,115.0,2022-12-16,2022-12-06,0.54,0.6,0.54,0.57,48,7,0.54,,monthly_30d_30d_otm,weekly_2_strike0,30,175
AMAT,2022-11-16,2022-12-14,backfill,O:AMAT221216C00115000,115.0,2022-12-16,2022-12-07,0.71,1.05,0.71,0.74,66,18,0.71,,monthly_30d_30d_otm,weekly_2_strike0,30,175
AMAT,2022-11-16,2022-12-14,backfill,O:AMAT221216C00115000,115.0,2022-12-16,2022-12-08,1.2,1.3,1.0,1.01,95,19,1.2,,monthly_30d_30d_otm,weekly_2_strike0,30,175
AMAT,2022-11-16,2022-12-14,backfill,O:AMAT221216C00115000,115.0,2022-12-16,2022-12-09,0.92,1.2,0.72,0.72,205,38,0.92,,monthly_30d_30d_otm,weekly_2_strike0,30,175
AMAT,2022-11-16,2022-12-14,backfill,O:AMAT221216C00115000,115.0,2022-12-16,2022-12-12,0.5,1.0,0.4,1.0,404,54,0.5,,monthly_30d_30d_otm,weekly_2_strike0,30,175
AMAT,2022-11-16,2022-12-14,backfill,O:AMAT221216C00115000,115.0,2022-12-16,2022-12-13,2.24,2.8,1.02,1.12,460,67,2.24,,monthly_30d_30d_otm,weekly_2_strike0,30,175
AMAT,2022-11-16,2022-12-14,backfill,O:AMAT221216C00115000,115.0,2022-12-16,2022-12-14,1.16,1.2,0.16,0.21,541,47,1.16,,monthly_30d_30d_otm,weekly_2_strike0,30,175
AMAT,2024-02-16,2024-03-15,backfill,O:AMAT240315C00195000,195.0,2024-03-15,2024-02-16,12.52,15.5,10.05,10.55,11320,113,12.52,,monthly_30d_slight_itm,weekly_1_strike0,28,11320
AMAT,2024-02-16,2024-03-15,backfill,O:AMAT240315C00195000,195.0,2024-03-15,2024-02-20,7.87,7.87,3.9,4.9,336,71,7.87,,monthly_30d_slight_itm,weekly_1_strike0,28,11320
AMAT,2024-02-16,2024-03-15,backfill,O:AMAT240315C00195000,195.0,2024-03-15,2024-02-21,4.35,5.2,3.7,5.2,236,29,4.35,,monthly_30d_slight_itm,weekly_1_strike0,28,11320
AMAT,2024-02-16,2024-03-15,backfill,O:AMAT240315C00195000,195.0,2024-03-15,2024-02-22,9.4,10.72,8.22,9.8,225,63,9.4,,monthly_30d_slight_itm,weekly_1_strike0,28,11320
AMAT,2024-02-16,2024-03-15,backfill,O:AMAT240315C00195000,195.0,2024-03-15,2024-02-23,9.4,9.4,7.25,7.65,85,28,9.4,,monthly_30d_slight_itm,weekly_1_strike0,28,11320
AMAT,2024-02-16,2024-03-15,backfill,O:AMAT240315C00195000,195.0,2024-03-15,2024-02-26,10.0,11.55,8.53,11.55,198,32,10.0,,monthly_30d_slight_itm,weekly_1_strike0,28,11320
AMAT,2024-02-16,2024-03-15,backfill,O:AMAT240315C00195000,195.0,2024-03-15,2024-02-27,11.5,11.5,10.35,10.95,80,6,11.5,,monthly_30d_slight_itm,weekly_1_strike0,28,11320
AMAT,2024-02-16,2024-03-15,backfill,O:AMAT240315C00195000,195.0,2024-03-15,2024-02-28,7.75,7.85,6.65,6.95,147,42,7.75,,monthly_30d_slight_itm,weekly_1_strike0,28,11320
AMAT,2024-02-16,2024-03-15,backfill,O:AMAT240315C00195000,195.0,2024-03-15,2024-02-29,7.6,9.55,7.2,9.55,67,14,7.6,,monthly_30d_slight_itm,weekly_1_strike0,28,11320
AMAT,2024-02-16,2024-03-15,backfill,O:AMAT240315C00195000,195.0,2024-03-15,2024-03-01,10.95,17.45,10.95,16.65,58,23,10.95,,monthly_30d_slight_itm,weekly_1_strike0,28,11320
AMAT,2024-02-16,2024-03-15,backfill,O:AMAT240315C00195000,195.0,2024-03-15,2024-03-04,18.08,19.4,16.46,18.0,32,9,18.08,,monthly_30d_slight_itm,weekly_1_strike0,28,11320
AMAT,2024-02-16,2024-03-15,backfill,O:AMAT240315C00195000,195.0,2024-03-15,2024-03-05,15.9,15.9,11.8,12.8,43,7,15.9,,monthly_30d_slight_itm,weekly_1_strike0,28,11320
AMAT,2024-02-16,2024-03-15,backfill,O:AMAT240315C00195000,195.0,2024-03-15,2024-03-06,16.45,18.35,16.45,17.89,16,5,16.45,,monthly_30d_slight_itm,weekly_1_strike0,28,11320
AMAT,2024-02-16,2024-03-15,backfill,O:AMAT240315C00195000,195.0,2024-03-15,2024-03-07,19.36,19.36,18.2,18.25,21,3,19.36,,monthly_30d_slight_itm,weekly_1_strike0,28,11320
AMAT,2024-02-16,2024-03-15,backfill,O:AMAT240315C00195000,195.0,2024-03-15,2024-03-08,16.95,16.95,12.8,13.56,39,11,16.95,,monthly_30d_slight_itm,weekly_1_strike0,28,11320
AMAT,2024-02-16,2024-03-15,backfill,O:AMAT240315C00195000,195.0,2024-03-15,2024-03-11,8.43,8.43,6.7,8.0,31,16,8.43,,monthly_30d_slight_itm,weekly_1_strike0,28,11320
AMAT,2024-02-16,2024-03-15,backfill,O:AMAT240315C00195000,195.0,2024-03-15,2024-03-12,10.17,10.2,6.5,10.2,50,14,10.17,,monthly_30d_slight_itm,weekly_1_strike0,28,11320
AMAT,2024-02-16,2024-03-15,backfill,O:AMAT240315C00195000,195.0,2024-03-15,2024-03-13,8.75,8.93,6.09,6.09,22,11,8.75,,monthly_30d_slight_itm,weekly_1_strike0,28,11320
AMAT,2024-02-16,2024-03-15,backfill,O:AMAT240315C00195000,195.0,2024-03-15,2024-03-14,6.15,6.63,4.85,4.85,142,9,6.15,,monthly_30d_slight_itm,weekly_1_strike0,28,11320
AMAT,2024-02-16,2024-03-15,backfill,O:AMAT240315C00195000,195.0,2024-03-15,2024-03-15,3.59,5.6,3.1,4.05,111,34,3.59,,monthly_30d_slight_itm,weekly_1_strike0,28,11320
AMAT,2024-07-12,2024-07-17,backfill,O:AMAT240816C00250000,250.0,2024-08-16,2024-07-12,8.6,11.6,8.1,9.2,277,55,8.6,,monthly_30d_35d_otm,weekly_1_strike0,35,277
AMAT,2024-07-12,2024-07-17,backfill,O:AMAT240816C00250000,250.0,2024-08-16,2024-07-15,10.5,11.7,9.47,9.9,233,43,10.5,,monthly_30d_35d_otm,weekly_1_strike0,35,277
AMAT,2024-07-12,2024-07-17,backfill,O:AMAT240816C00250000,250.0,2024-08-16,2024-07-16,10.25,10.5,8.65,10.5,372,33,10.25,,monthly_30d_35d_otm,weekly_1_strike0,35,277
AMAT,2024-07-12,2024-07-17,backfill,O:AMAT240816C00250000,250.0,2024-08-16,2024-07-17,4.95,5.3,2.55,2.55,371,96,4.95,,monthly_30d_35d_otm,weekly_1_strike0,35,277
AMAT,2025-05-14,2025-06-11,backfill,O:AMAT250620C00190000,190.0,2025-06-20,2025-05-14,2.94,3.5,2.94,3.3,243,48,2.94,,monthly_30d_25d_otm,weekly_2_strike2,37,243
AMAT,2025-05-14,2025-06-11,backfill,O:AMAT250620C00190000,190.0,2025-06-20,2025-05-15,2.74,3.93,2.66,3.64,407,65,2.74,,monthly_30d_25d_otm,weekly_2_strike2,37,243
AMAT,2025-05-14,2025-06-11,backfill,O:AMAT250620C00190000,190.0,2025-06-20,2025-05-16,0.94,2.1,0.62,0.82,877,95,0.94,,monthly_30d_25d_otm,weekly_2_strike2,37,243
AMAT,2025-05-14,2025-06-11,backfill,O:AMAT250620C00190000,190.0,2025-06-20,2025-05-19,0.61,0.75,0.6,0.75,126,29,0.61,,monthly_30d_25d_otm,weekly_2_strike2,37,243
AMAT,2025-05-14,2025-06-11,backfill,O:AMAT250620C00190000,190.0,2025-06-20,2025-05-20,0.72,0.72,0.57,0.62,336,14,0.72,,monthly_30d_25d_otm,weekly_2_strike2,37,243
AMAT,2025-05-14,2025-06-11,backfill,O:AMAT250620C00190000,190.0,2025-06-20,2025-05-21,0.57,0.63,0.47,0.48,21,11,0.57,,monthly_30d_25d_otm,weekly_2_strike2,37,243
AMAT,2025-05-14,2025-06-11,backfill,O:AMAT250620C00190000,190.0,2025-06-20,2025-05-22,0.45,0.49,0.39,0.4,31,8,0.45,,monthly_30d_25d_otm,weekly_2_strike2,37,243
AMAT,2025-05-14,2025-06-11,backfill,O:AMAT250620C00190000,190.0,2025-06-20,2025-05-23,0.14,0.27,0.14,0.24,14,5,0.14,,monthly_30d_25d_otm,weekly_2_strike2,37,243
AMAT,2025-05-14,2025-06-11,backfill,O:AMAT250620C00190000,190.0,2025-06-20,2025-05-27,0.3,0.31,0.23,0.3,30,13,0.3,,monthly_30d_25d_otm,weekly_2_strike2,37,243
AMAT,2025-05-14,2025-06-11,backfill,O:AMAT250620C00190000,190.0,2025-06-20,2025-05-28,0.3,0.33,0.27,0.33,17,7,0.3,,monthly_30d_25d_otm,weekly_2_strike2,37,243
AMAT,2025-05-14,2025-06-11,backfill,O:AMAT250620C00190000,190.0,2025-06-20,2025-05-29,0.33,0.33,0.14,0.15,129,26,0.33,,monthly_30d_25d_otm,weekly_2_strike2,37,243
AMAT,2025-05-14,2025-06-11,backfill,O:AMAT250620C00190000,190.0,2025-06-20,2025-05-30,0.11,0.18,0.05,0.1,71,13,0.11,,monthly_30d_25d_otm,weekly_2_strike2,37,243
AMAT,2025-05-14,2025-06-11,backfill,O:AMAT250620C00190000,190.0,2025-06-20,2025-06-02,0.1,0.1,0.05,0.08,12,8,0.1,,monthly_30d_25d_otm,weekly_2_strike2,37,243
AMAT,2025-05-14,2025-06-11,backfill,O:AMAT250620C00190000,190.0,2025-06-20,2025-06-03,0.07,0.15,0.07,0.07,39,10,0.07,,monthly_30d_25d_otm,weekly_2_strike2,37,243
AMAT,2025-05-14,2025-06-11,backfill,O:AMAT250620C00190000,190.0,2025-06-20,2025-06-04,0.05,0.1,0.05,0.1,8,4,0.05,,monthly_30d_25d_otm,weekly_2_strike2,37,243
AMAT,2025-05-14,2025-06-11,backfill,O:AMAT250620C00190000,190.0,2025-06-20,2025-06-05,0.2,0.2,0.19,0.19,4,2,0.2,,monthly_30d_25d_otm,weekly_2_strike2,37,243
AMAT,2025-05-14,2025-06-11,backfill,O:AMAT250620C00190000,190.0,2025-06-20,2025-06-06,0.17,0.24,0.15,0.15,41,9,0.17,,monthly_30d_25d_otm,weekly_2_strike2,37,243
AMAT,2025-05-14,2025-06-11,backfill,O:AMAT250620C00190000,190.0,2025-06-20,2025-06-09,0.17,0.25,0.16,0.18,62,12,0.17,,monthly_30d_25d_otm,weekly_2_strike2,37,243
AMAT,2025-05-14,2025-06-11,backfill,O:AMAT250620C00190000,190.0,2025-06-20,2025-06-10,0.14,0.34,0.14,0.32,81,22,0.14,,monthly_30d_25d_otm,weekly_2_strike2,37,243
AMAT,2025-05-14,2025-06-11,backfill,O:AMAT250620C00190000,190.0,2025-06-20,2025-06-11,0.33,0.33,0.12,0.15,67,10,0.33,,monthly_30d_25d_otm,weekly_2_strike2,37,243
AMAT,2025-10-08,2025-11-04,backfill,O:AMAT251121C00210000,210.0,2025-11-21,2025-10-08,14.43,18.82,14.43,18.25,18,8,14.43,,monthly_30d_atm,weekly_2_strike0,44,18
AMAT,2025-10-08,2025-11-04,backfill,O:AMAT251121C00210000,210.0,2025-11-21,2025-10-09,18.0,20.0,18.0,19.87,103,10,18.0,,monthly_30d_atm,weekly_2_strike0,44,18
AMAT,2025-10-08,2025-11-04,backfill,O:AMAT251121C00210000,210.0,2025-11-21,2025-10-10,20.0,22.2,15.18,15.57,49,17,20.0,,monthly_30d_atm,weekly_2_strike0,44,18
AMAT,2025-10-08,2025-11-04,backfill,O:AMAT251121C00210000,210.0,2025-11-21,2025-10-13,19.0,20.65,18.66,19.1,30,7,19.0,,monthly_30d_atm,weekly_2_strike0,44,18
AMAT,2025-10-08,2025-11-04,backfill,O:AMAT251121C00210000,210.0,2025-11-21,2025-10-14,19.85,20.45,18.9,20.45,197,8,19.85,,monthly_30d_atm,weekly_2_strike0,44,18
AMAT,2025-10-08,2025-11-04,backfill,O:AMAT251121C00210000,210.0,2025-11-21,2025-10-15,22.5,24.9,21.35,24.9,32,9,22.5,,monthly_30d_atm,weekly_2_strike0,44,18
AMAT,2025-10-08,2025-11-04,backfill,O:AMAT251121C00210000,210.0,2025-11-21,2025-10-16,27.8,27.8,24.18,26.0,15,12,27.8,,monthly_30d_atm,weekly_2_strike0,44,18
AMAT,2025-10-08,2025-11-04,backfill,O:AMAT251121C00210000,210.0,2025-11-21,2025-10-17,23.55,23.9,21.77,21.77,28,8,23.55,,monthly_30d_atm,weekly_2_strike0,44,18
AMAT,2025-10-08,2025-11-04,backfill,O:AMAT251121C00210000,210.0,2025-11-21,2025-10-20,23.97,25.9,23.8,24.7,9,7,23.97,,monthly_30d_atm,weekly_2_strike0,44,18
AMAT,2025-10-08,2025-11-04,backfill,O:AMAT251121C00210000,210.0,2025-11-21,2025-10-21,22.2,23.8,22.2,22.85,10,4,22.2,,monthly_30d_atm,weekly_2_strike0,44,18
AMAT,2025-10-08,2025-11-04,backfill,O:AMAT251121C00210000,210.0,2025-11-21,2025-10-22,22.15,22.15,16.13,17.8,56,11,22.15,,monthly_30d_atm,weekly_2_strike0,44,18
AMAT,2025-10-08,2025-11-04,backfill,O:AMAT251121C00210000,210.0,2025-11-21,2025-10-23,22.74,25.1,22.74,25.1,3,3,22.74,,monthly_30d_atm,weekly_2_strike0,44,18
AMAT,2025-10-08,2025-11-04,backfill,O:AMAT251121C00210000,210.0,2025-11-21,2025-10-24,23.44,24.81,23.44,24.81,17,6,23.44,,monthly_30d_atm,weekly_2_strike0,44,18
AMAT,2025-10-08,2025-11-04,backfill,O:AMAT251121C00210000,210.0,2025-11-21,2025-10-27,27.58,28.8,26.39,26.39,32,7,27.58,,monthly_30d_atm,weekly_2_strike0,44,18
AMAT,2025-10-08,2025-11-04,backfill,O:AMAT251121C00210000,210.0,2025-11-21,2025-10-28,25.75,25.75,23.0,23.7,4,3,25.75,,monthly_30d_atm,weekly_2_strike0,44,18
AMAT,2025-10-08,2025-11-04,backfill,O:AMAT251121C00210000,210.0,2025-11-21,2025-10-29,28.0,30.07,26.88,29.87,63,12,28.0,,monthly_30d_atm,weekly_2_strike0,44,18
AMAT,2025-10-08,2025-11-04,backfill,O:AMAT251121C00210000,210.0,2025-11-21,2025-10-30,32.5,32.5,26.4,26.4,48,5,32.5,,monthly_30d_atm,weekly_2_strike0,44,18
AMAT,2025-10-08,2025-11-04,backfill,O:AMAT251121C00210000,210.0,2025-11-21,2025-10-31,29.22,29.22,25.73,27.56,9,4,29.22,,monthly_30d_atm,weekly_2_strike0,44,18
AMAT,2025-10-08,2025-11-04,backfill,O:AMAT251121C00210000,210.0,2025-11-21,2025-11-03,30.45,31.0,30.45,31.0,13,2,30.45,,monthly_30d_atm,weekly_2_strike0,44,18
AMAT,2025-10-08,2025-11-04,backfill,O:AMAT251121C00210000,210.0,2025-11-21,2025-11-04,27.5,28.18,27.5,28.09,11,2,27.5,,monthly_30d_atm,weekly_2_strike0,44,18
AMAT,2026-01-12,2026-02-09,backfill,O:AMAT260220C00320000,320.0,2026-02-20,2026-01-12,12.51,15.82,12.51,14.95,178,37,12.51,,monthly_30d_35d_otm,weekly_2_strike0,39,178
AMAT,2026-01-12,2026-02-09,backfill,O:AMAT260220C00320000,320.0,2026-02-20,2026-01-13,14.9,16.07,12.56,12.56,32,13,14.9,,monthly_30d_35d_otm,weekly_2_strike0,39,178
AMAT,2026-01-12,2026-02-09,backfill,O:AMAT260220C00320000,320.0,2026-02-20,2026-01-14,10.8,11.55,9.96,11.55,569,18,10.8,,monthly_30d_35d_otm,weekly_2_strike0,39,178
AMAT,2026-01-12,2026-02-09,backfill,O:AMAT260220C00320000,320.0,2026-02-20,2026-01-15,26.22,26.36,19.75,19.75,338,50,26.22,,monthly_30d_35d_otm,weekly_2_strike0,39,178
AMAT,2026-01-12,2026-02-09,backfill,O:AMAT260220C00320000,320.0,2026-02-20,2026-01-16,23.2,24.5,20.8,24.33,127,25,23.2,,monthly_30d_35d_otm,weekly_2_strike0,39,178
AMAT,2026-01-12,2026-02-09,backfill,O:AMAT260220C00320000,320.0,2026-02-20,2026-01-20,20.0,22.5,18.0,19.5,138,34,20.0,,monthly_30d_35d_otm,weekly_2_strike0,39,178
AMAT,2026-01-12,2026-02-09,backfill,O:AMAT260220C00320000,320.0,2026-02-20,2026-01-21,21.43,24.9,20.17,22.8,75,22,21.43,,monthly_30d_35d_otm,weekly_2_strike0,39,178
AMAT,2026-01-12,2026-02-09,backfill,O:AMAT260220C00320000,320.0,2026-02-20,2026-01-22,25.0,25.0,17.7,18.0,74,17,25.0,,monthly_30d_35d_otm,weekly_2_strike0,39,178
AMAT,2026-01-12,2026-02-09,backfill,O:AMAT260220C00320000,320.0,2026-02-20,2026-01-23,17.33,20.0,16.0,19.0,105,28,17.33,,monthly_30d_35d_otm,weekly_2_strike0,39,178
AMAT,2026-01-12,2026-02-09,backfill,O:AMAT260220C00320000,320.0,2026-02-20,2026-01-26,18.45,18.83,17.0,17.7,81,22,18.45,,monthly_30d_35d_otm,weekly_2_strike0,39,178
AMAT,2026-01-12,2026-02-09,backfill,O:AMAT260220C00320000,320.0,2026-02-20,2026-01-27,20.07,27.96,19.98,26.41,219,25,20.07,,monthly_30d_35d_otm,weekly_2_strike0,39,178
AMAT,2026-01-12,2026-02-09,backfill,O:AMAT260220C00320000,320.0,2026-02-20,2026-01-28,31.43,31.43,26.8,28.61,23,10,31.43,,monthly_30d_35d_otm,weekly_2_strike0,39,178
AMAT,2026-01-12,2026-02-09,backfill,O:AMAT260220C00320000,320.0,2026-02-20,2026-01-29,31.0,31.0,24.35,24.35,2,2,31.0,,monthly_30d_35d_otm,weekly_2_strike0,39,178
AMAT,2026-01-12,2026-02-09,backfill,O:AMAT260220C00320000,320.0,2026-02-20,2026-01-30,29.6,29.6,19.85,20.47,13,11,29.6,,monthly_30d_35d_otm,weekly_2_strike0,39,178
AMAT,2026-01-12,2026-02-09,backfill,O:AMAT260220C00320000,320.0,2026-02-20,2026-02-02,20.6,20.89,20.6,20.89,2,2,20.6,,monthly_30d_35d_otm,weekly_2_strike0,39,178
AMAT,2026-01-12,2026-02-09,backfill,O:AMAT260220C00320000,320.0,2026-02-20,2026-02-03,17.28,17.45,13.47,15.92,19,18,17.28,,monthly_30d_35d_otm,weekly_2_strike0,39,178
AMAT,2026-01-12,2026-02-09,backfill,O:AMAT260220C00320000,320.0,2026-02-20,2026-02-04,12.27,12.27,6.39,7.75,580,48,12.27,,monthly_30d_35d_otm,weekly_2_strike0,39,178
AMAT,2026-01-12,2026-02-09,backfill,O:AMAT260220C00320000,320.0,2026-02-20,2026-02-05,8.57,10.1,7.6,9.91,492,16,8.57,,monthly_30d_35d_otm,weekly_2_strike0,39,178
AMAT,2026-01-12,2026-02-09,backfill,O:AMAT260220C00320000,320.0,2026-02-20,2026-02-06,14.0,18.5,14.0,17.66,143,25,14.0,,monthly_30d_35d_otm,weekly_2_strike0,39,178
AMAT,2026-01-12,2026-02-09,backfill,O:AMAT260220C00320000,320.0,2026-02-20,2026-02-09,15.5,21.6,15.15,20.6,393,11,15.5,,monthly_30d_35d_otm,weekly_2_strike0,39,178
AMC,2021-01-28,2021-02-02,backfill,O:AMC210219C00026000,26.0,2021-02-19,2021-01-28,10.0,10.0,1.8,2.8,14,8,10.0,,monthly_30d_30d_otm,weekly_2_strike0,22,14
AMC,2021-01-28,2021-02-02,backfill,O:AMC210219C00026000,26.0,2021-02-19,2021-01-29,8.0,8.0,3.56,4.9,51,27,8.0,,monthly_30d_30d_otm,weekly_2_strike0,22,14
AMC,2021-01-28,2021-02-02,backfill,O:AMC210219C00026000,26.0,2021-02-19,2021-02-01,6.3,7.1,3.0,3.05,2205,50,6.3,,monthly_30d_30d_otm,weekly_2_strike0,22,14
AMC,2021-01-28,2021-02-02,backfill,O:AMC210219C00026000,26.0,2021-02-19,2021-02-02,1.28,1.28,0.39,0.55,148,43,1.28,,monthly_30d_30d_otm,weekly_2_strike0,22,14
AMC,2023-11-17,2023-12-15,backfill,O:AMC231215C00008000,8.0,2023-12-15,2023-11-17,0.55,0.62,0.53,0.58,502,55,0.55,,monthly_30d_35d_otm,weekly_1_strike0,28,502
AMC,2023-11-17,2023-12-15,backfill,O:AMC231215C00008000,8.0,2023-12-15,2023-11-20,0.66,0.66,0.41,0.41,781,65,0.66,,monthly_30d_35d_otm,weekly_1_strike0,28,502
AMC,2023-11-17,2023-12-15,backfill,O:AMC231215C00008000,8.0,2023-12-15,2023-11-21,0.39,0.39,0.22,0.26,1737,84,0.39,,monthly_30d_35d_otm,weekly_1_strike0,28,502
AMC,2023-11-17,2023-12-15,backfill,O:AMC231215C00008000,8.0,2023-12-15,2023-11-22,0.26,0.36,0.26,0.3,1368,69,0.26,,monthly_30d_35d_otm,weekly_1_strike0,28,502
AMC,2023-11-17,2023-12-15,backfill,O:AMC231215C00008000,8.0,2023-12-15,2023-11-24,0.28,0.28,0.23,0.24,258,33,0.28,,monthly_30d_35d_otm,weekly_1_strike0,28,502
AMC,2023-11-17,2023-12-15,backfill,O:AMC231215C00008000,8.0,2023-12-15,2023-11-27,0.11,0.22,0.11,0.19,1592,63,0.11,,monthly_30d_35d_otm,weekly_1_strike0,28,502
AMC,2023-11-17,2023-12-15,backfill,O:AMC231215C00008000,8.0,2023-12-15,2023-11-28,0.16,0.19,0.13,0.17,650,55,0.16,,monthly_30d_35d_otm,weekly_1_strike0,28,502
AMC,2023-11-17,2023-12-15,backfill,O:AMC231215C00008000,8.0,2023-12-15,2023-11-29,0.21,0.48,0.21,0.41,2263,132,0.21,,monthly_30d_35d_otm,weekly_1_strike0,28,502
AMC,2023-11-17,2023-12-15,backfill,O:AMC231215C00008000,8.0,2023-12-15,2023-11-30,0.42,0.42,0.2,0.21,1046,83,0.42,,monthly_30d_35d_otm,weekly_1_strike0,28,502
AMC,2023-11-17,2023-12-15,backfill,O:AMC231215C00008000,8.0,2023-12-15,2023-12-01,0.2,0.4,0.12,0.3,5845,132,0.2,,monthly_30d_35d_otm,weekly_1_strike0,28,502
AMC,2023-11-17,2023-12-15,backfill,O:AMC231215C00008000,8.0,2023-12-15,2023-12-04,0.29,0.52,0.26,0.51,7702,251,0.29,,monthly_30d_35d_otm,weekly_1_strike0,28,502
AMC,2023-11-17,2023-12-15,backfill,O:AMC231215C00008000,8.0,2023-12-15,2023-12-05,0.48,0.48,0.23,0.26,7479,174,0.48,,monthly_30d_35d_otm,weekly_1_strike0,28,502
AMC,2023-11-17,2023-12-15,backfill,O:AMC231215C00008000,8.0,2023-12-15,2023-12-06,0.31,0.31,0.17,0.18,3509,146,0.31,,monthly_30d_35d_otm,weekly_1_strike0,28,502
AMC,2023-11-17,2023-12-15,backfill,O:AMC231215C00008000,8.0,2023-12-15,2023-12-07,0.18,0.18,0.11,0.12,3235,138,0.18,,monthly_30d_35d_otm,weekly_1_strike0,28,502
AMC,2023-11-17,2023-12-15,backfill,O:AMC231215C00008000,8.0,2023-12-15,2023-12-08,0.12,0.16,0.1,0.11,11110,192,0.12,,monthly_30d_35d_otm,weekly_1_strike0,28,502
AMC,2023-11-17,2023-12-15,backfill,O:AMC231215C00008000,8.0,2023-12-15,2023-12-11,0.08,0.14,0.05,0.1,12303,281,0.08,,monthly_30d_35d_otm,weekly_1_strike0,28,502
AMC,2023-11-17,2023-12-15,backfill,O:AMC231215C00008000,8.0,2023-12-15,2023-12-12,0.12,0.12,0.02,0.03,6071,190,0.12,,monthly_30d_35d_otm,weekly_1_strike0,28,502
AMC,2023-11-17,2023-12-15,backfill,O:AMC231215C00008000,8.0,2023-12-15,2023-12-13,0.02,0.03,0.01,0.02,3451,154,0.02,,monthly_30d_35d_otm,weekly_1_strike0,28,502
AMC,2023-11-17,2023-12-15,backfill,O:AMC231215C00008000,8.0,2023-12-15,2023-12-14,0.05,0.06,0.01,0.01,9254,151,0.05,,monthly_30d_35d_otm,weekly_1_strike0,28,502
AMC,2023-11-17,2023-12-15,backfill,O:AMC231215C00008000,8.0,2023-12-15,2023-12-15,0.01,0.02,0.01,0.01,2032,100,0.01,,monthly_30d_35d_otm,weekly_1_strike0,28,502
AMD,2020-08-05,2020-09-01,backfill,O:AMD200918C00095000,95.0,2020-09-18,2020-08-05,3.5,3.93,2.86,3.11,729,108,3.5,,monthly_30d_35d_otm,weekly_2_strike0,44,729
AMD,2020-08-05,2020-09-01,backfill,O:AMD200918C00095000,95.0,2020-09-18,2020-08-06,3.2,3.55,2.93,3.3,1692,109,3.2,,monthly_30d_35d_otm,weekly_2_strike0,44,729
AMD,2020-08-05,2020-09-01,backfill,O:AMD200918C00095000,95.0,2020-09-18,2020-08-07,3.3,3.55,2.3,2.81,1222,136,3.3,,monthly_30d_35d_otm,weekly_2_strike0,44,729
AMD,2020-08-05,2020-09-01,backfill,O:AMD200918C00095000,95.0,2020-09-18,2020-08-10,2.77,2.86,1.44,1.82,566,108,2.77,,monthly_30d_35d_otm,weekly_2_strike0,44,729
AMD,2020-08-05,2020-09-01,backfill,O:AMD200918C00095000,95.0,2020-09-18,2020-08-11,1.47,1.47,0.83,0.97,810,142,1.47,,monthly_30d_35d_otm,weekly_2_strike0,44,729
AMD,2020-08-05,2020-09-01,backfill,O:AMD200918C00095000,95.0,2020-09-18,2020-08-12,1.05,2.01,0.94,1.93,779,131,1.05,,monthly_30d_35d_otm,weekly_2_strike0,44,729
AMD,2020-08-05,2020-09-01,backfill,O:AMD200918C00095000,95.0,2020-09-18,2020-08-13,1.97,2.21,1.48,1.5,467,96,1.97,,monthly_30d_35d_otm,weekly_2_strike0,44,729
AMD,2020-08-05,2020-09-01,backfill,O:AMD200918C00095000,95.0,2020-09-18,2020-08-14,1.32,1.78,1.16,1.19,1049,111,1.32,,monthly_30d_35d_otm,weekly_2_strike0,44,729
AMD,2020-08-05,2020-09-01,backfill,O:AMD200918C00095000,95.0,2020-09-18,2020-08-17,1.46,1.46,1.14,1.22,424,88,1.46,,monthly_30d_35d_otm,weekly_2_strike0,44,729
AMD,2020-08-05,2020-09-01,backfill,O:AMD200918C00095000,95.0,2020-09-18,2020-08-18,1.23,1.23,0.9,1.01,481,93,1.23,,monthly_30d_35d_otm,weekly_2_strike0,44,729
AMD,2020-08-05,2020-09-01,backfill,O:AMD200918C00095000,95.0,2020-09-18,2020-08-19,1.05,1.05,0.78,0.88,566,90,1.05,,monthly_30d_35d_otm,weekly_2_strike0,44,729
AMD,2020-08-05,2020-09-01,backfill,O:AMD200918C00095000,95.0,2020-09-18,2020-08-20,0.98,1.16,0.65,1.08,894,118,0.98,,monthly_30d_35d_otm,weekly_2_strike0,44,729
AMD,2020-08-05,2020-09-01,backfill,O:AMD200918C00095000,95.0,2020-09-18,2020-08-21,1.32,1.41,0.99,1.24,1001,129,1.32,,monthly_30d_35d_otm,weekly_2_strike0,44,729
AMD,2020-08-05,2020-09-01,backfill,O:AMD200918C00095000,95.0,2020-09-18,2020-08-24,1.29,1.51,0.72,0.79,1213,176,1.29,,monthly_30d_35d_otm,weekly_2_strike0,44,729
AMD,2020-08-05,2020-09-01,backfill,O:AMD200918C00095000,95.0,2020-09-18,2020-08-25,0.76,1.84,0.69,1.67,2790,230,0.76,,monthly_30d_35d_otm,weekly_2_strike0,44,729
AMD,2020-08-05,2020-09-01,backfill,O:AMD200918C00095000,95.0,2020-09-18,2020-08-26,1.73,1.99,1.25,1.52,3886,215,1.73,,monthly_30d_35d_otm,weekly_2_strike0,44,729
AMD,2020-08-05,2020-09-01,backfill,O:AMD200918C00095000,95.0,2020-09-18,2020-08-27,1.5,1.56,1.04,1.11,2029,226,1.5,,monthly_30d_35d_otm,weekly_2_strike0,44,729
AMD,2020-08-05,2020-09-01,backfill,O:AMD200918C00095000,95.0,2020-09-18,2020-08-28,1.18,1.66,1.18,1.35,1851,167,1.18,,monthly_30d_35d_otm,weekly_2_strike0,44,729
AMD,2020-08-05,2020-09-01,backfill,O:AMD200918C00095000,95.0,2020-09-18,2020-08-31,1.35,4.25,1.27,3.04,8918,350,1.35,,monthly_30d_35d_otm,weekly_2_strike0,44,729
AMD,2020-08-05,2020-09-01,backfill,O:AMD200918C00095000,95.0,2020-09-18,2020-09-01,3.45,3.85,2.73,3.75,5092,327,3.45,,monthly_30d_35d_otm,weekly_2_strike0,44,729
AMD,2020-09-28,2020-10-23,backfill,O:AMD201120C00095000,95.0,2020-11-20,2020-09-28,1.9,2.85,1.9,2.65,504,72,1.9,,monthly_45d_20d_otm,weekly_2_strike1,53,504
AMD,2020-09-28,2020-10-23,backfill,O:AMD201120C00095000,95.0,2020-11-20,2020-09-29,2.7,3.64,2.7,3.32,1053,128,2.7,,monthly_45d_20d_otm,weekly_2_strike1,53,504
AMD,2020-09-28,2020-10-23,backfill,O:AMD201120C00095000,95.0,2020-11-20,2020-09-30,3.35,3.55,3.0,3.35,590,119,3.35,,monthly_45d_20d_otm,weekly_2_strike1,53,504
AMD,2020-09-28,2020-10-23,backfill,O:AMD201120C00095000,95.0,2020-11-20,2020-10-01,3.5,4.49,3.5,4.3,801,154,3.5,,monthly_45d_20d_otm,weekly_2_strike1,53,504
AMD,2020-09-28,2020-10-23,backfill,O:AMD201120C00095000,95.0,2020-11-20,2020-10-02,3.6,4.35,3.35,3.45,388,123,3.6,,monthly_45d_20d_otm,weekly_2_strike1,53,504
AMD,2020-09-28,2020-10-23,backfill,O:AMD201120C00095000,95.0,2020-11-20,2020-10-05,3.65,4.67,3.64,4.55,1048,166,3.65,,monthly_45d_20d_otm,weekly_2_strike1,53,504
AMD,2020-09-28,2020-10-23,backfill,O:AMD201120C00095000,95.0,2020-11-20,2020-10-06,4.6,4.95,3.54,4.0,1465,168,4.6,,monthly_45d_20d_otm,weekly_2_strike1,53,504
AMD,2020-09-28,2020-10-23,backfill,O:AMD201120C00095000,95.0,2020-11-20,2020-10-07,4.2,5.0,4.2,4.75,1151,155,4.2,,monthly_45d_20d_otm,weekly_2_strike1,53,504
AMD,2020-09-28,2020-10-23,backfill,O:AMD201120C00095000,95.0,2020-11-20,2020-10-08,5.1,5.65,3.98,4.25,8839,228,5.1,,monthly_45d_20d_otm,weekly_2_strike1,53,504
AMD,2020-09-28,2020-10-23,backfill,O:AMD201120C00095000,95.0,2020-11-20,2020-10-09,3.7,4.2,2.7,2.88,8903,257,3.7,,monthly_45d_20d_otm,weekly_2_strike1,53,504
AMD,2020-09-28,2020-10-23,backfill,O:AMD201120C00095000,95.0,2020-11-20,2020-10-12,2.9,3.4,2.78,2.86,1033,175,2.9,,monthly_45d_20d_otm,weekly_2_strike1,53,504
AMD,2020-09-28,2020-10-23,backfill,O:AMD201120C00095000,95.0,2020-11-20,2020-10-13,3.08,3.45,2.69,3.2,1051,151,3.08,,monthly_45d_20d_otm,weekly_2_strike1,53,504
AMD,2020-09-28,2020-10-23,backfill,O:AMD201120C00095000,95.0,2020-11-20,2020-10-14,2.97,3.17,2.65,2.9,892,130,2.97,,monthly_45d_20d_otm,weekly_2_strike1,53,504
AMD,2020-09-28,2020-10-23,backfill,O:AMD201120C00095000,95.0,2020-11-20,2020-10-15,2.43,3.0,2.12,2.48,1322,129,2.43,,monthly_45d_20d_otm,weekly_2_strike1,53,504
AMD,2020-09-28,2020-10-23,backfill,O:AMD201120C00095000,95.0,2020-11-20,2020-10-16,2.54,2.7,2.15,2.35,564,140,2.54,,monthly_45d_20d_otm,weekly_2_strike1,53,504
AMD,2020-09-28,2020-10-23,backfill,O:AMD201120C00095000,95.0,2020-11-20,2020-10-19,2.38,2.65,1.9,1.98,887,154,2.38,,monthly_45d_20d_otm,weekly_2_strike1,53,504
AMD,2020-09-28,2020-10-23,backfill,O:AMD201120C00095000,95.0,2020-11-20,2020-10-20,2.0,2.2,1.71,2.03,1769,126,2.0,,monthly_45d_20d_otm,weekly_2_strike1,53,504
AMD,2020-09-28,2020-10-23,backfill,O:AMD201120C00095000,95.0,2020-11-20,2020-10-21,2.02,2.07,1.22,1.22,1005,159,2.02,,monthly_45d_20d_otm,weekly_2_strike1,53,504
AMD,2020-09-28,2020-10-23,backfill,O:AMD201120C00095000,95.0,2020-11-20,2020-10-22,1.26,1.46,0.99,0.99,5357,132,1.26,,monthly_45d_20d_otm,weekly_2_strike1,53,504
AMD,2020-09-28,2020-10-23,backfill,O:AMD201120C00095000,95.0,2020-11-20,2020-10-23,1.27,1.73,1.04,1.73,1910,124,1.27,,monthly_45d_20d_otm,weekly_2_strike1,53,504
AMD,2021-08-04,2021-08-31,backfill,O:AMD211015C00120000,120.0,2021-10-15,2021-08-04,7.19,12.97,7.19,11.45,22347,266,7.19,,monthly_60d_40d_otm,weekly_2_strike0,72,22347
AMD,2021-08-04,2021-08-31,backfill,O:AMD211015C00120000,120.0,2021-10-15,2021-08-05,10.2,10.3,6.35,6.8,3272,198,10.2,,monthly_60d_40d_otm,weekly_2_strike0,72,22347
AMD,2021-08-04,2021-08-31,backfill,O:AMD211015C00120000,120.0,2021-10-15,2021-08-06,5.85,8.4,5.1,5.3,2929,155,5.85,,monthly_60d_40d_otm,weekly_2_strike0,72,22347
AMD,2021-08-04,2021-08-31,backfill,O:AMD211015C00120000,120.0,2021-10-15,2021-08-09,5.73,6.1,4.25,4.4,6924,154,5.73,,monthly_60d_40d_otm,weekly_2_strike0,72,22347
AMD,2021-08-04,2021-08-31,backfill,O:AMD211015C00120000,120.0,2021-10-15,2021-08-10,4.59,4.8,3.35,4.25,1958,155,4.59,,monthly_60d_40d_otm,weekly_2_strike0,72,22347
AMD,2021-08-04,2021-08-31,backfill,O:AMD211015C00120000,120.0,2021-10-15,2021-08-11,4.6,5.25,3.9,4.36,1240,134,4.6,,monthly_60d_40d_otm,weekly_2_strike0,72,22347
AMD,2021-08-04,2021-08-31,backfill,O:AMD211015C00120000,120.0,2021-10-15,2021-08-12,4.15,4.55,3.6,3.6,650,72,4.15,,monthly_60d_40d_otm,weekly_2_strike0,72,22347
AMD,2021-08-04,2021-08-31,backfill,O:AMD211015C00120000,120.0,2021-10-15,2021-08-13,3.74,5.75,3.7,5.09,1470,141,3.74,,monthly_60d_40d_otm,weekly_2_strike0,72,22347
AMD,2021-08-04,2021-08-31,backfill,O:AMD211015C00120000,120.0,2021-10-15,2021-08-16,5.0,5.45,3.35,3.76,1651,113,5.0,,monthly_60d_40d_otm,weekly_2_strike0,72,22347
AMD,2021-08-04,2021-08-31,backfill,O:AMD211015C00120000,120.0,2021-10-15,2021-08-17,3.3,4.15,3.3,3.62,934,83,3.3,,monthly_60d_40d_otm,weekly_2_strike0,72,22347
AMD,2021-08-04,2021-08-31,backfill,O:AMD211015C00120000,120.0,2021-10-15,2021-08-18,3.75,3.75,2.37,2.37,807,149,3.75,,monthly_60d_40d_otm,weekly_2_strike0,72,22347
AMD,2021-08-04,2021-08-31,backfill,O:AMD211015C00120000,120.0,2021-10-15,2021-08-19,2.34,3.0,2.15,2.4,1214,124,2.34,,monthly_60d_40d_otm,weekly_2_strike0,72,22347
AMD,2021-08-04,2021-08-31,backfill,O:AMD211015C00120000,120.0,2021-10-15,2021-08-20,2.58,2.8,2.2,2.35,822,115,2.58,,monthly_60d_40d_otm,weekly_2_strike0,72,22347
AMD,2021-08-04,2021-08-31,backfill,O:AMD211015C00120000,120.0,2021-10-15,2021-08-23,2.5,3.21,2.33,3.18,1589,198,2.5,,monthly_60d_40d_otm,weekly_2_strike0,72,22347
AMD,2021-08-04,2021-08-31,backfill,O:AMD211015C00120000,120.0,2021-10-15,2021-08-24,3.3,3.3,2.68,2.72,1348,209,3.3,,monthly_60d_40d_otm,weekly_2_strike0,72,22347
AMD,2021-08-04,2021-08-31,backfill,O:AMD211015C00120000,120.0,2021-10-15,2021-08-25,2.72,3.37,2.63,2.81,2306,189,2.72,,monthly_60d_40d_otm,weekly_2_strike0,72,22347
AMD,2021-08-04,2021-08-31,backfill,O:AMD211015C00120000,120.0,2021-10-15,2021-08-26,2.87,3.0,2.4,2.46,5329,212,2.87,,monthly_60d_40d_otm,weekly_2_strike0,72,22347
AMD,2021-08-04,2021-08-31,backfill,O:AMD211015C00120000,120.0,2021-10-15,2021-08-27,2.65,3.8,2.63,3.61,4712,284,2.65,,monthly_60d_40d_otm,weekly_2_strike0,72,22347
AMD,2021-08-04,2021-08-31,backfill,O:AMD211015C00120000,120.0,2021-10-15,2021-08-30,3.88,4.8,3.49,3.52,3012,241,3.88,,monthly_60d_40d_otm,weekly_2_strike0,72,22347
AMD,2021-08-04,2021-08-31,backfill,O:AMD211015C00120000,120.0,2021-10-15,2021-08-31,2.9,3.55,2.68,3.05,3858,257,2.9,,monthly_60d_40d_otm,weekly_2_strike0,72,22347
AMD,2023-01-10,2023-02-07,backfill,O:AMD230217C00065000,65.0,2023-02-17,2023-01-10,5.86,6.75,5.86,6.65,475,53,5.86,,monthly_30d_slight_itm,weekly_2_strike0,38,475
AMD,2023-01-10,2023-02-07,backfill,O:AMD230217C00065000,65.0,2023-02-17,2023-01-11,6.85,7.29,6.07,7.29,311,61,6.85,,monthly_30d_slight_itm,weekly_2_strike0,38,475
AMD,2023-01-10,2023-02-07,backfill,O:AMD230217C00065000,65.0,2023-02-17,2023-01-12,7.75,8.9,6.0,8.43,1411,96,7.75,,monthly_30d_slight_itm,weekly_2_strike0,38,475
AMD,2023-01-10,2023-02-07,backfill,O:AMD230217C00065000,65.0,2023-02-17,2023-01-13,7.7,8.35,7.35,8.3,358,66,7.7,,monthly_30d_slight_itm,weekly_2_strike0,38,475
AMD,2023-01-10,2023-02-07,backfill,O:AMD230217C00065000,65.0,2023-02-17,2023-01-17,8.25,9.48,8.05,8.6,344,75,8.25,,monthly_30d_slight_itm,weekly_2_strike0,38,475
AMD,2023-01-10,2023-02-07,backfill,O:AMD230217C00065000,65.0,2023-02-17,2023-01-18,8.8,9.42,7.81,7.95,517,55,8.8,,monthly_30d_slight_itm,weekly_2_strike0,38,475
AMD,2023-01-10,2023-02-07,backfill,O:AMD230217C00065000,65.0,2023-02-17,2023-01-19,6.55,6.8,5.6,5.8,518,76,6.55,,monthly_30d_slight_itm,weekly_2_strike0,38,475
AMD,2023-01-10,2023-02-07,backfill,O:AMD230217C00065000,65.0,2023-02-17,2023-01-20,5.85,7.24,5.63,7.22,652,64,5.85,,monthly_30d_slight_itm,weekly_2_strike0,38,475
AMD,2023-01-10,2023-02-07,backfill,O:AMD230217C00065000,65.0,2023-02-17,2023-01-23,8.5,12.48,8.49,12.4,526,62,8.5,,monthly_30d_slight_itm,weekly_2_strike0,38,475
AMD,2023-01-10,2023-02-07,backfill,O:AMD230217C00065000,65.0,2023-02-17,2023-01-24,10.12,11.55,9.25,10.85,94,29,10.12,,monthly_30d_slight_itm,weekly_2_strike0,38,475
AMD,2023-01-10,2023-02-07,backfill,O:AMD230217C00065000,65.0,2023-02-17,2023-01-25,9.4,11.25,8.9,11.05,318,27,9.4,,monthly_30d_slight_itm,weekly_2_strike0,38,475
AMD,2023-01-10,2023-02-07,backfill,O:AMD230217C00065000,65.0,2023-02-17,2023-01-26,12.4,12.55,10.62,11.09,91,19,12.4,,monthly_30d_slight_itm,weekly_2_strike0,38,475
AMD,2023-01-10,2023-02-07,backfill,O:AMD230217C00065000,65.0,2023-02-17,2023-01-27,10.27,12.5,10.2,11.35,165,29,10.27,,monthly_30d_slight_itm,weekly_2_strike0,38,475
AMD,2023-01-10,2023-02-07,backfill,O:AMD230217C00065000,65.0,2023-02-17,2023-01-30,9.01,9.75,8.9,8.9,35,11,9.01,,monthly_30d_slight_itm,weekly_2_strike0,38,475
AMD,2023-01-10,2023-02-07,backfill,O:AMD230217C00065000,65.0,2023-02-17,2023-01-31,8.63,10.95,8.63,10.95,116,25,8.63,,monthly_30d_slight_itm,weekly_2_strike0,38,475
AMD,2023-01-10,2023-02-07,backfill,O:AMD230217C00065000,65.0,2023-02-17,2023-02-01,13.9,20.25,13.25,19.91,358,43,13.9,,monthly_30d_slight_itm,weekly_2_strike0,38,475
AMD,2023-01-10,2023-02-07,backfill,O:AMD230217C00065000,65.0,2023-02-17,2023-02-02,19.5,23.29,19.5,22.0,87,30,19.5,,monthly_30d_slight_itm,weekly_2_strike0,38,475
AMD,2023-01-10,2023-02-07,backfill,O:AMD230217C00065000,65.0,2023-02-17,2023-02-03,21.99,23.39,21.2,21.3,28,15,21.99,,monthly_30d_slight_itm,weekly_2_strike0,38,475
AMD,2023-01-10,2023-02-07,backfill,O:AMD230217C00065000,65.0,2023-02-17,2023-02-06,19.6,20.22,18.8,18.8,48,15,19.6,,monthly_30d_slight_itm,weekly_2_strike0,38,475
AMD,2023-01-10,2023-02-07,backfill,O:AMD230217C00065000,65.0,2023-02-17,2023-02-07,19.3,20.7,18.27,20.7,35,13,19.3,,monthly_30d_slight_itm,weekly_2_strike0,38,475
AMD,2023-02-13,2023-03-13,backfill,O:AMD230317C00090000,90.0,2023-03-17,2023-02-13,1.87,2.56,1.66,2.23,3001,178,1.87,,monthly_30d_30d_otm,weekly_2_strike0,32,3001
AMD,2023-02-13,2023-03-13,backfill,O:AMD230317C00090000,90.0,2023-03-17,2023-02-14,2.0,3.1,1.71,3.01,6469,242,2.0,,monthly_30d_30d_otm,weekly_2_strike0,32,3001
AMD,2023-02-13,2023-03-13,backfill,O:AMD230317C00090000,90.0,2023-03-17,2023-02-15,2.66,2.94,2.02,2.5,2734,194,2.66,,monthly_30d_30d_otm,weekly_2_strike0,32,3001
AMD,2023-02-13,2023-03-13,backfill,O:AMD230317C00090000,90.0,2023-03-17,2023-02-16,1.81,1.89,1.1,1.1,3962,230,1.81,,monthly_30d_30d_otm,weekly_2_strike0,32,3001
AMD,2023-02-13,2023-03-13,backfill,O:AMD230317C00090000,90.0,2023-03-17,2023-02-17,1.03,1.04,0.65,0.75,4336,234,1.03,,monthly_30d_30d_otm,weekly_2_strike0,32,3001
AMD,2023-02-13,2023-03-13,backfill,O:AMD230317C00090000,90.0,2023-03-17,2023-02-21,0.59,0.74,0.46,0.49,11860,192,0.59,,monthly_30d_30d_otm,weekly_2_strike0,32,3001
AMD,2023-02-13,2023-03-13,backfill,O:AMD230317C00090000,90.0,2023-03-17,2023-02-22,0.49,0.59,0.36,0.39,2586,154,0.49,,monthly_30d_30d_otm,weekly_2_strike0,32,3001
AMD,2023-02-13,2023-03-13,backfill,O:AMD230317C00090000,90.0,2023-03-17,2023-02-23,0.92,1.1,0.5,0.66,2582,190,0.92,,monthly_30d_30d_otm,weekly_2_strike0,32,3001
AMD,2023-02-13,2023-03-13,backfill,O:AMD230317C00090000,90.0,2023-03-17,2023-02-24,0.45,0.6,0.38,0.44,678,110,0.45,,monthly_30d_30d_otm,weekly_2_strike0,32,3001
AMD,2023-02-13,2023-03-13,backfill,O:AMD230317C00090000,90.0,2023-03-17,2023-02-27,0.56,0.6,0.38,0.38,1730,120,0.56,,monthly_30d_30d_otm,weekly_2_strike0,32,3001
AMD,2023-02-13,2023-03-13,backfill,O:AMD230317C00090000,90.0,2023-03-17,2023-02-28,0.3,0.46,0.28,0.34,900,107,0.3,,monthly_30d_30d_otm,weekly_2_strike0,32,3001
AMD,2023-02-13,2023-03-13,backfill,O:AMD230317C00090000,90.0,2023-03-17,2023-03-01,0.32,0.49,0.28,0.29,865,77,0.32,,monthly_30d_30d_otm,weekly_2_strike0,32,3001
AMD,2023-02-13,2023-03-13,backfill,O:AMD230317C00090000,90.0,2023-03-17,2023-03-02,0.26,0.5,0.17,0.44,1294,138,0.26,,monthly_30d_30d_otm,weekly_2_strike0,32,3001
AMD,2023-02-13,2023-03-13,backfill,O:AMD230317C00090000,90.0,2023-03-17,2023-03-03,0.43,0.45,0.28,0.44,4162,171,0.43,,monthly_30d_30d_otm,weekly_2_strike0,32,3001
AMD,2023-02-13,2023-03-13,backfill,O:AMD230317C00090000,90.0,2023-03-17,2023-03-06,0.47,0.58,0.29,0.31,2204,181,0.47,,monthly_30d_30d_otm,weekly_2_strike0,32,3001
AMD,2023-02-13,2023-03-13,backfill,O:AMD230317C00090000,90.0,2023-03-17,2023-03-07,0.3,0.88,0.26,0.43,3923,235,0.3,,monthly_30d_30d_otm,weekly_2_strike0,32,3001
AMD,2023-02-13,2023-03-13,backfill,O:AMD230317C00090000,90.0,2023-03-17,2023-03-08,0.5,1.13,0.43,0.99,10455,313,0.5,,monthly_30d_30d_otm,weekly_2_strike0,32,3001
AMD,2023-02-13,2023-03-13,backfill,O:AMD230317C00090000,90.0,2023-03-17,2023-03-09,0.94,1.71,0.64,0.66,20262,344,0.94,,monthly_30d_30d_otm,weekly_2_strike0,32,3001
AMD,2023-02-13,2023-03-13,backfill,O:AMD230317C00090000,90.0,2023-03-17,2023-03-10,0.74,0.8,0.35,0.38,5792,300,0.74,,monthly_30d_30d_otm,weekly_2_strike0,32,3001
AMD,2023-02-13,2023-03-13,backfill,O:AMD230317C00090000,90.0,2023-03-17,2023-03-13,0.32,0.4,0.15,0.24,6300,297,0.32,,monthly_30d_30d_otm,weekly_2_strike0,32,3001
AMD,2023-05-03,2023-05-31,backfill,O:AMD230616C00095000,95.0,2023-06-16,2023-05-03,1.42,1.72,0.87,0.96,7664,305,1.42,,monthly_30d_20d_otm,weekly_2_strike0,44,7664
AMD,2023-05-03,2023-05-31,backfill,O:AMD230616C00095000,95.0,2023-06-16,2023-05-04,0.96,4.56,0.91,2.31,8340,272,0.96,,monthly_30d_20d_otm,weekly_2_strike0,44,7664
AMD,2023-05-03,2023-05-31,backfill,O:AMD230616C00095000,95.0,2023-06-16,2023-05-05,1.72,3.4,1.59,3.05,3238,255,1.72,,monthly_30d_20d_otm,weekly_2_strike0,44,7664
AMD,2023-05-03,2023-05-31,backfill,O:AMD230616C00095000,95.0,2023-06-16,2023-05-08,3.1,6.25,2.75,5.7,9193,333,3.1,,monthly_30d_20d_otm,weekly_2_strike0,44,7664
AMD,2023-05-03,2023-05-31,backfill,O:AMD230616C00095000,95.0,2023-06-16,2023-05-09,5.68,6.44,4.85,5.75,2643,221,5.68,,monthly_30d_20d_otm,weekly_2_strike0,44,7664
AMD,2023-05-03,2023-05-31,backfill,O:AMD230616C00095000,95.0,2023-06-16,2023-05-10,6.31,8.9,6.1,6.78,3438,228,6.31,,monthly_30d_20d_otm,weekly_2_strike0,44,7664
AMD,2023-05-03,2023-05-31,backfill,O:AMD230616C00095000,95.0,2023-06-16,2023-05-11,7.5,8.2,6.35,6.7,2397,129,7.5,,monthly_30d_20d_otm,weekly_2_strike0,44,7664
AMD,2023-05-03,2023-05-31,backfill,O:AMD230616C00095000,95.0,2023-06-16,2023-05-12,6.75,6.9,4.65,5.35,5105,199,6.75,,monthly_30d_20d_otm,weekly_2_strike0,44,7664
AMD,2023-05-03,2023-05-31,backfill,O:AMD230616C00095000,95.0,2023-06-16,2023-05-15,5.2,6.55,4.3,6.55,4027,189,5.2,,monthly_30d_20d_otm,weekly_2_strike0,44,7664
AMD,2023-05-03,2023-05-31,backfill,O:AMD230616C00095000,95.0,2023-06-16,2023-05-16,6.52,10.85,6.52,9.4,6420,215,6.52,,monthly_30d_20d_otm,weekly_2_strike0,44,7664
AMD,2023-05-03,2023-05-31,backfill,O:AMD230616C00095000,95.0,2023-06-16,2023-05-17,9.3,11.29,8.41,11.0,1263,126,9.3,,monthly_30d_20d_otm,weekly_2_strike0,44,7664
AMD,2023-05-03,2023-05-31,backfill,O:AMD230616C00095000,95.0,2023-06-16,2023-05-18,11.18,14.6,11.18,14.4,1099,123,11.18,,monthly_30d_20d_otm,weekly_2_strike0,44,7664
AMD,2023-05-03,2023-05-31,backfill,O:AMD230616C00095000,95.0,2023-06-16,2023-05-19,12.95,13.58,11.55,12.55,529,81,12.95,,monthly_30d_20d_otm,weekly_2_strike0,44,7664
AMD,2023-05-03,2023-05-31,backfill,O:AMD230616C00095000,95.0,2023-06-16,2023-05-22,12.05,15.05,10.65,14.39,1475,69,12.05,,monthly_30d_20d_otm,weekly_2_strike0,44,7664
AMD,2023-05-03,2023-05-31,backfill,O:AMD230616C00095000,95.0,2023-06-16,2023-05-23,13.75,17.0,13.75,14.5,1144,78,13.75,,monthly_30d_20d_otm,weekly_2_strike0,44,7664
AMD,2023-05-03,2023-05-31,backfill,O:AMD230616C00095000,95.0,2023-06-16,2023-05-24,12.4,14.99,11.85,14.7,1694,33,12.4,,monthly_30d_20d_otm,weekly_2_strike0,44,7664
AMD,2023-05-03,2023-05-31,backfill,O:AMD230616C00095000,95.0,2023-06-16,2023-05-25,23.75,26.15,22.0,25.94,695,129,23.75,,monthly_30d_20d_otm,weekly_2_strike0,44,7664
AMD,2023-05-03,2023-05-31,backfill,O:AMD230616C00095000,95.0,2023-06-16,2023-05-26,27.95,33.0,26.67,32.55,437,92,27.95,,monthly_30d_20d_otm,weekly_2_strike0,44,7664
AMD,2023-05-03,2023-05-31,backfill,O:AMD230616C00095000,95.0,2023-06-16,2023-05-30,33.65,36.25,29.25,30.53,275,60,33.65,,monthly_30d_20d_otm,weekly_2_strike0,44,7664
AMD,2023-05-03,2023-05-31,backfill,O:AMD230616C00095000,95.0,2023-06-16,2023-05-31,28.04,28.77,23.59,23.59,184,44,28.04,,monthly_30d_20d_otm,weekly_2_strike0,44,7664
AMD,2024-03-07,2024-03-19,backfill,O:AMD240419C00230000,230.0,2024-04-19,2024-03-07,9.05,9.55,7.6,8.75,2982,180,9.05,,monthly_30d_35d_otm,weekly_2_strike0,43,2982
AMD,2024-03-07,2024-03-19,backfill,O:AMD240419C00230000,230.0,2024-04-19,2024-03-08,9.15,17.06,7.58,7.65,15951,299,9.15,,monthly_30d_35d_otm,weekly_2_strike0,43,2982
AMD,2024-03-07,2024-03-19,backfill,O:AMD240419C00230000,230.0,2024-04-19,2024-03-11,6.45,6.47,4.15,4.39,4615,217,6.45,,monthly_30d_35d_otm,weekly_2_strike0,43,2982
AMD,2024-03-07,2024-03-19,backfill,O:AMD240419C00230000,230.0,2024-04-19,2024-03-12,4.8,5.15,3.48,5.1,2162,175,4.8,,monthly_30d_35d_otm,weekly_2_strike0,43,2982
AMD,2024-03-07,2024-03-19,backfill,O:AMD240419C00230000,230.0,2024-04-19,2024-03-13,4.0,4.0,3.05,3.3,1392,214,4.0,,monthly_30d_35d_otm,weekly_2_strike0,43,2982
AMD,2024-03-07,2024-03-19,backfill,O:AMD240419C00230000,230.0,2024-04-19,2024-03-14,2.79,3.65,1.68,1.91,1912,231,2.79,,monthly_30d_35d_otm,weekly_2_strike0,43,2982
AMD,2024-03-07,2024-03-19,backfill,O:AMD240419C00230000,230.0,2024-04-19,2024-03-15,1.62,2.84,1.62,2.29,1171,188,1.62,,monthly_30d_35d_otm,weekly_2_strike0,43,2982
AMD,2024-03-07,2024-03-19,backfill,O:AMD240419C00230000,230.0,2024-04-19,2024-03-18,2.54,2.54,1.7,1.76,10589,175,2.54,,monthly_30d_35d_otm,weekly_2_strike0,43,2982
AMD,2024-03-07,2024-03-19,backfill,O:AMD240419C00230000,230.0,2024-04-19,2024-03-19,0.97,1.21,0.58,0.7,3482,201,0.97,,monthly_30d_35d_otm,weekly_2_strike0,43,2982
AMD,2025-05-08,2025-06-05,backfill,O:AMD250620C00110000,110.0,2025-06-20,2025-05-08,3.35,4.9,3.2,3.2,3114,229,3.35,,monthly_30d_35d_otm,weekly_2_strike0,43,3114
AMD,2025-05-08,2025-06-05,backfill,O:AMD250620C00110000,110.0,2025-06-20,2025-05-09,3.45,3.7,3.0,3.3,5607,189,3.45,,monthly_30d_35d_otm,weekly_2_strike0,43,3114
AMD,2025-05-08,2025-06-05,backfill,O:AMD250620C00110000,110.0,2025-06-20,2025-05-12,7.25,7.25,4.7,5.04,6500,309,7.25,,monthly_30d_35d_otm,weekly_2_strike0,43,3114
AMD,2025-05-08,2025-06-05,backfill,O:AMD250620C00110000,110.0,2025-06-20,2025-05-13,5.65,8.0,5.62,7.52,4591,302,5.65,,monthly_30d_35d_otm,weekly_2_strike0,43,3114
AMD,2025-05-08,2025-06-05,backfill,O:AMD250620C00110000,110.0,2025-06-20,2025-05-14,12.4,15.37,10.85,11.48,3418,212,12.4,,monthly_30d_35d_otm,weekly_2_strike0,43,3114
AMD,2025-05-08,2025-06-05,backfill,O:AMD250620C00110000,110.0,2025-06-20,2025-05-15,11.35,11.35,8.72,9.3,865,124,11.35,,monthly_30d_35d_otm,weekly_2_strike0,43,3114
AMD,2025-05-08,2025-06-05,backfill,O:AMD250620C00110000,110.0,2025-06-20,2025-05-16,11.53,11.6,10.05,10.65,643,129,11.53,,monthly_30d_35d_otm,weekly_2_strike0,43,3114
AMD,2025-05-08,2025-06-05,backfill,O:AMD250620C00110000,110.0,2025-06-20,2025-05-19,9.0,9.48,8.4,8.75,754,96,9.0,,monthly_30d_35d_otm,weekly_2_strike0,43,3114
AMD,2025-05-08,2025-06-05,backfill,O:AMD250620C00110000,110.0,2025-06-20,2025-05-20,8.4,8.45,6.96,7.8,618,88,8.4,,monthly_30d_35d_otm,weekly_2_strike0,43,3114
AMD,2025-05-08,2025-06-05,backfill,O:AMD250620C00110000,110.0,2025-06-20,2025-05-21,8.0,9.55,6.6,7.2,1191,127,8.0,,monthly_30d_35d_otm,weekly_2_strike0,43,3114
AMD,2025-05-08,2025-06-05,backfill,O:AMD250620C00110000,110.0,2025-06-20,2025-05-22,6.9,7.21,6.1,6.1,380,88,6.9,,monthly_30d_35d_otm,weekly_2_strike0,43,3114
AMD,2025-05-08,2025-06-05,backfill,O:AMD250620C00110000,110.0,2025-06-20,2025-05-23,5.05,6.1,4.8,5.8,1785,164,5.05,,monthly_30d_35d_otm,weekly_2_strike0,43,3114
AMD,2025-05-08,2025-06-05,backfill,O:AMD250620C00110000,110.0,2025-06-20,2025-05-27,7.25,8.55,6.7,7.84,1119,114,7.25,,monthly_30d_35d_otm,weekly_2_strike0,43,3114
AMD,2025-05-08,2025-06-05,backfill,O:AMD250620C00110000,110.0,2025-06-20,2025-05-28,8.15,8.15,6.8,6.91,1012,72,8.15,,monthly_30d_35d_otm,weekly_2_strike0,43,3114
AMD,2025-05-08,2025-06-05,backfill,O:AMD250620C00110000,110.0,2025-06-20,2025-05-29,8.3,8.4,6.2,6.53,877,102,8.3,,monthly_30d_35d_otm,weekly_2_strike0,43,3114
AMD,2025-05-08,2025-06-05,backfill,O:AMD250620C00110000,110.0,2025-06-20,2025-05-30,5.8,5.85,4.11,5.1,1655,164,5.8,,monthly_30d_35d_otm,weekly_2_strike0,43,3114
AMD,2025-05-08,2025-06-05,backfill,O:AMD250620C00110000,110.0,2025-06-20,2025-06-02,5.23,7.35,5.15,7.11,604,109,5.23,,monthly_30d_35d_otm,weekly_2_strike0,43,3114
AMD,2025-05-08,2025-06-05,backfill,O:AMD250620C00110000,110.0,2025-06-20,2025-06-03,7.0,9.35,6.3,8.5,645,116,7.0,,monthly_30d_35d_otm,weekly_2_strike0,43,3114
AMD,2025-05-08,2025-06-05,backfill,O:AMD250620C00110000,110.0,2025-06-20,2025-06-04,9.1,10.55,8.0,9.97,668,91,9.1,,monthly_30d_35d_otm,weekly_2_strike0,43,3114
AMD,2025-05-08,2025-06-05,backfill,O:AMD250620C00110000,110.0,2025-06-20,2025-06-05,10.5,10.5,7.05,7.75,460,85,10.5,,monthly_30d_35d_otm,weekly_2_strike0,43,3114
AMGN,2020-04-16,2020-05-13,backfill,O:AMGN200515C00245000,245.0,2020-05-15,2020-04-16,3.0,3.5,2.79,3.5,877,16,3.0,,monthly_30d_30d_otm,weekly_2_strike0,29,877
AMGN,2020-04-16,2020-05-13,backfill,O:AMGN200515C00245000,245.0,2020-05-15,2020-04-17,3.85,4.32,2.97,3.96,95,16,3.85,,monthly_30d_30d_otm,weekly_2_strike0,29,877
AMGN,2020-04-16,2020-05-13,backfill,O:AMGN200515C00245000,245.0,2020-05-15,2020-04-20,4.0,6.27,4.0,5.54,112,21,4.0,,monthly_30d_30d_otm,weekly_2_strike0,29,877
AMGN,2020-04-16,2020-05-13,backfill,O:AMGN200515C00245000,245.0,2020-05-15,2020-04-21,4.15,4.8,3.8,3.8,25,16,4.15,,monthly_30d_30d_otm,weekly_2_strike0,29,877
AMGN,2020-04-16,2020-05-13,backfill,O:AMGN200515C00245000,245.0,2020-05-15,2020-04-22,3.1,3.1,2.64,2.76,4,3,3.1,,monthly_30d_30d_otm,weekly_2_strike0,29,877
AMGN,2020-04-16,2020-05-13,backfill,O:AMGN200515C00245000,245.0,2020-05-15,2020-04-23,3.6,4.3,3.23,3.55,119,11,3.6,,monthly_30d_30d_otm,weekly_2_strike0,29,877
AMGN,2020-04-16,2020-05-13,backfill,O:AMGN200515C00245000,245.0,2020-05-15,2020-04-24,3.0,3.9,3.0,3.9,14,4,3.0,,monthly_30d_30d_otm,weekly_2_strike0,29,877
AMGN,2020-04-16,2020-05-13,backfill,O:AMGN200515C00245000,245.0,2020-05-15,2020-04-27,4.1,5.92,4.1,5.92,107,20,4.1,,monthly_30d_30d_otm,weekly_2_strike0,29,877
AMGN,2020-04-16,2020-05-13,backfill,O:AMGN200515C00245000,245.0,2020-05-15,2020-04-28,5.87,6.07,3.4,3.4,23,9,5.87,,monthly_30d_30d_otm,weekly_2_strike0,29,877
AMGN,2020-04-16,2020-05-13,backfill,O:AMGN200515C00245000,245.0,2020-05-15,2020-04-29,2.44,3.1,2.44,2.56,44,11,2.44,,monthly_30d_30d_otm,weekly_2_strike0,29,877
AMGN,2020-04-16,2020-05-13,backfill,O:AMGN200515C00245000,245.0,2020-05-15,2020-04-30,2.31,2.75,1.48,2.58,87,21,2.31,,monthly_30d_30d_otm,weekly_2_strike0,29,877
AMGN,2020-04-16,2020-05-13,backfill,O:AMGN200515C00245000,245.0,2020-05-15,2020-05-01,1.8,1.8,0.6,0.85,46,24,1.8,,monthly_30d_30d_otm,weekly_2_strike0,29,877
AMGN,2020-04-16,2020-05-13,backfill,O:AMGN200515C00245000,245.0,2020-05-15,2020-05-04,0.39,0.65,0.39,0.62,91,16,0.39,,monthly_30d_30d_otm,weekly_2_strike0,29,877
AMGN,2020-04-16,2020-05-13,backfill,O:AMGN200515C00245000,245.0,2020-05-15,2020-05-05,0.51,1.39,0.51,0.85,49,14,0.51,,monthly_30d_30d_otm,weekly_2_strike0,29,877
AMGN,2020-04-16,2020-05-13,backfill,O:AMGN200515C00245000,245.0,2020-05-15,2020-05-06,1.1,1.63,1.04,1.11,109,29,1.1,,monthly_30d_30d_otm,weekly_2_strike0,29,877
AMGN,2020-04-16,2020-05-13,backfill,O:AMGN200515C00245000,245.0,2020-05-15,2020-05-07,1.26,1.26,0.5,0.54,15,6,1.26,,monthly_30d_30d_otm,weekly_2_strike0,29,877
AMGN,2020-04-16,2020-05-13,backfill,O:AMGN200515C00245000,245.0,2020-05-15,2020-05-08,0.2,0.28,0.15,0.19,47,14,0.2,,monthly_30d_30d_otm,weekly_2_strike0,29,877
AMGN,2020-04-16,2020-05-13,backfill,O:AMGN200515C00245000,245.0,2020-05-15,2020-05-11,0.2,2.09,0.2,2.09,1086,58,0.2,,monthly_30d_30d_otm,weekly_2_strike0,29,877
AMGN,2020-04-16,2020-05-13,backfill,O:AMGN200515C00245000,245.0,2020-05-15,2020-05-12,1.87,2.33,0.8,0.84,499,36,1.87,,monthly_30d_30d_otm,weekly_2_strike0,29,877
AMGN,2020-04-16,2020-05-13,backfill,O:AMGN200515C00245000,245.0,2020-05-15,2020-05-13,0.76,1.85,0.5,0.5,270,32,0.76,,monthly_30d_30d_otm,weekly_2_strike0,29,877
AMGN,2022-04-07,2022-04-28,backfill,O:AMGN220520C00255000,255.0,2022-05-20,2022-04-07,4.5,5.95,4.5,5.65,987,38,4.5,,monthly_30d_30d_otm,weekly_3_strike0,43,987
AMGN,2022-04-07,2022-04-28,backfill,O:AMGN220520C00255000,255.0,2022-05-20,2022-04-08,5.5,6.3,5.15,6.25,109,22,5.5,,monthly_30d_30d_otm,weekly_3_strike0,43,987
AMGN,2022-04-07,2022-04-28,backfill,O:AMGN220520C00255000,255.0,2022-05-20,2022-04-11,7.5,7.5,5.2,5.4,309,35,7.5,,monthly_30d_30d_otm,weekly_3_strike0,43,987
AMGN,2022-04-07,2022-04-28,backfill,O:AMGN220520C00255000,255.0,2022-05-20,2022-04-12,5.05,5.05,3.6,4.28,141,19,5.05,,monthly_30d_30d_otm,weekly_3_strike0,43,987
AMGN,2022-04-07,2022-04-28,backfill,O:AMGN220520C00255000,255.0,2022-05-20,2022-04-13,6.25,6.25,5.2,6.08,159,29,6.25,,monthly_30d_30d_otm,weekly_3_strike0,43,987
AMGN,2022-04-07,2022-04-28,backfill,O:AMGN220520C00255000,255.0,2022-05-20,2022-04-14,7.89,7.95,6.38,6.38,123,34,7.89,,monthly_30d_30d_otm,weekly_3_strike0,43,987
AMGN,2022-04-07,2022-04-28,backfill,O:AMGN220520C00255000,255.0,2022-05-20,2022-04-18,6.2,6.55,4.64,4.64,504,23,6.2,,monthly_30d_30d_otm,weekly_3_strike0,43,987
AMGN,2022-04-07,2022-04-28,backfill,O:AMGN220520C00255000,255.0,2022-05-20,2022-04-19,5.42,6.7,4.37,5.25,59,19,5.42,,monthly_30d_30d_otm,weekly_3_strike0,43,987
AMGN,2022-04-07,2022-04-28,backfill,O:AMGN220520C00255000,255.0,2022-05-20,2022-04-20,5.71,6.73,5.5,6.39,34,10,5.71,,monthly_30d_30d_otm,weekly_3_strike0,43,987
AMGN,2022-04-07,2022-04-28,backfill,O:AMGN220520C00255000,255.0,2022-05-20,2022-04-21,6.5,7.95,6.5,7.15,74,25,6.5,,monthly_30d_30d_otm,weekly_3_strike0,43,987
AMGN,2022-04-07,2022-04-28,backfill,O:AMGN220520C00255000,255.0,2022-05-20,2022-04-22,5.24,5.6,4.5,4.6,181,16,5.24,,monthly_30d_30d_otm,weekly_3_strike0,43,987
AMGN,2022-04-07,2022-04-28,backfill,O:AMGN220520C00255000,255.0,2022-05-20,2022-04-25,4.45,4.67,3.65,4.67,105,24,4.45,,monthly_30d_30d_otm,weekly_3_strike0,43,987
AMGN,2022-04-07,2022-04-28,backfill,O:AMGN220520C00255000,255.0,2022-05-20,2022-04-26,4.87,5.0,4.39,4.39,44,8,4.87,,monthly_30d_30d_otm,weekly_3_strike0,43,987
AMGN,2022-04-07,2022-04-28,backfill,O:AMGN220520C00255000,255.0,2022-05-20,2022-04-27,4.31,5.55,3.6,3.9,894,34,4.31,,monthly_30d_30d_otm,weekly_3_strike0,43,987
AMGN,2022-04-07,2022-04-28,backfill,O:AMGN220520C00255000,255.0,2022-05-20,2022-04-28,0.7,1.45,0.41,0.58,227,38,0.7,,monthly_30d_30d_otm,weekly_3_strike0,43,987
AMGN,2023-08-14,2023-09-11,backfill,O:AMGN230915C00270000,270.0,2023-09-15,2023-08-14,2.4,2.79,1.63,1.63,41,12,2.4,,monthly_30d_35d_otm,weekly_2_strike0,32,41
AMGN,2023-08-14,2023-09-11,backfill,O:AMGN230915C00270000,270.0,2023-09-15,2023-08-15,1.63,4.1,1.63,3.9,99,46,1.63,,monthly_30d_35d_otm,weekly_2_strike0,32,41
AMGN,2023-08-14,2023-09-11,backfill,O:AMGN230915C00270000,270.0,2023-09-15,2023-08-16,3.7,4.5,3.05,3.23,310,42,3.7,,monthly_30d_35d_otm,weekly_2_strike0,32,41
AMGN,2023-08-14,2023-09-11,backfill,O:AMGN230915C00270000,270.0,2023-09-15,2023-08-17,3.5,4.31,3.2,3.25,156,26,3.5,,monthly_30d_35d_otm,weekly_2_strike0,32,41
AMGN,2023-08-14,2023-09-11,backfill,O:AMGN230915C00270000,270.0,2023-09-15,2023-08-18,2.66,2.83,2.41,2.58,71,14,2.66,,monthly_30d_35d_otm,weekly_2_strike0,32,41
AMGN,2023-08-14,2023-09-11,backfill,O:AMGN230915C00270000,270.0,2023-09-15,2023-08-21,2.14,2.14,1.62,1.83,45,14,2.14,,monthly_30d_35d_otm,weekly_2_strike0,32,41
AMGN,2023-08-14,2023-09-11,backfill,O:AMGN230915C00270000,270.0,2023-09-15,2023-08-22,1.59,1.59,0.6,1.11,168,21,1.59,,monthly_30d_35d_otm,weekly_2_strike0,32,41
AMGN,2023-08-14,2023-09-11,backfill,O:AMGN230915C00270000,270.0,2023-09-15,2023-08-23,1.1,1.1,0.79,0.86,117,22,1.1,,monthly_30d_35d_otm,weekly_2_strike0,32,41
AMGN,2023-08-14,2023-09-11,backfill,O:AMGN230915C00270000,270.0,2023-09-15,2023-08-24,1.12,1.25,0.78,0.8,146,15,1.12,,monthly_30d_35d_otm,weekly_2_strike0,32,41
AMGN,2023-08-14,2023-09-11,backfill,O:AMGN230915C00270000,270.0,2023-09-15,2023-08-25,0.86,0.86,0.54,0.59,216,49,0.86,,monthly_30d_35d_otm,weekly_2_strike0,32,41
AMGN,2023-08-14,2023-09-11,backfill,O:AMGN230915C00270000,270.0,2023-09-15,2023-08-28,0.48,0.62,0.34,0.36,160,17,0.48,,monthly_30d_35d_otm,weekly_2_strike0,32,41
AMGN,2023-08-14,2023-09-11,backfill,O:AMGN230915C00270000,270.0,2023-09-15,2023-08-29,0.4,0.61,0.37,0.58,55,17,0.4,,monthly_30d_35d_otm,weekly_2_strike0,32,41
AMGN,2023-08-14,2023-09-11,backfill,O:AMGN230915C00270000,270.0,2023-09-15,2023-08-30,0.6,0.6,0.3,0.3,23,8,0.6,,monthly_30d_35d_otm,weekly_2_strike0,32,41
AMGN,2023-08-14,2023-09-11,backfill,O:AMGN230915C00270000,270.0,2023-09-15,2023-08-31,0.3,0.45,0.23,0.25,57,5,0.3,,monthly_30d_35d_otm,weekly_2_strike0,32,41
AMGN,2023-08-14,2023-09-11,backfill,O:AMGN230915C00270000,270.0,2023-09-15,2023-09-01,0.3,0.43,0.19,0.19,23,8,0.3,,monthly_30d_35d_otm,weekly_2_strike0,32,41
AMGN,2023-08-14,2023-09-11,backfill,O:AMGN230915C00270000,270.0,2023-09-15,2023-09-05,0.14,0.16,0.1,0.1,56,5,0.14,,monthly_30d_35d_otm,weekly_2_strike0,32,41
AMGN,2023-08-14,2023-09-11,backfill,O:AMGN230915C00270000,270.0,2023-09-15,2023-09-06,0.21,0.21,0.02,0.04,204,11,0.21,,monthly_30d_35d_otm,weekly_2_strike0,32,41
AMGN,2023-08-14,2023-09-11,backfill,O:AMGN230915C00270000,270.0,2023-09-15,2023-09-07,0.07,0.11,0.05,0.11,201,9,0.07,,monthly_30d_35d_otm,weekly_2_strike0,32,41
AMGN,2023-08-14,2023-09-11,backfill,O:AMGN230915C00270000,270.0,2023-09-15,2023-09-08,0.14,0.21,0.14,0.15,74,13,0.14,,monthly_30d_35d_otm,weekly_2_strike0,32,41
AMGN,2023-08-14,2023-09-11,backfill,O:AMGN230915C00270000,270.0,2023-09-15,2023-09-11,0.13,0.3,0.1,0.25,357,32,0.13,,monthly_30d_35d_otm,weekly_2_strike0,32,41
AMGN,2025-02-21,2025-03-20,backfill,O:AMGN250321C00310000,310.0,2025-03-21,2025-02-21,2.2,5.0,2.2,4.65,1115,50,2.2,,monthly_30d_35d_otm,weekly_1_strike0,28,1115
AMGN,2025-02-21,2025-03-20,backfill,O:AMGN250321C00310000,310.0,2025-03-21,2025-02-24,4.52,8.67,4.52,7.15,536,38,4.52,,monthly_30d_35d_otm,weekly_1_strike0,28,1115
AMGN,2025-02-21,2025-03-20,backfill,O:AMGN250321C00310000,310.0,2025-03-21,2025-02-25,7.7,12.43,7.7,10.95,344,26,7.7,,monthly_30d_35d_otm,weekly_1_strike0,28,1115
AMGN,2025-02-21,2025-03-20,backfill,O:AMGN250321C00310000,310.0,2025-03-21,2025-02-26,8.75,8.75,5.85,5.95,26,11,8.75,,monthly_30d_35d_otm,weekly_1_strike0,28,1115
AMGN,2025-02-21,2025-03-20,backfill,O:AMGN250321C00310000,310.0,2025-03-21,2025-02-27,5.35,7.6,4.82,5.6,24,8,5.35,,monthly_30d_35d_otm,weekly_1_strike0,28,1115
AMGN,2025-02-21,2025-03-20,backfill,O:AMGN250321C00310000,310.0,2025-03-21,2025-02-28,5.15,5.15,5.15,5.15,1,1,5.15,,monthly_30d_35d_otm,weekly_1_strike0,28,1115
AMGN,2025-02-21,2025-03-20,backfill,O:AMGN250321C00310000,310.0,2025-03-21,2025-03-03,7.1,7.28,5.93,7.26,27,6,7.1,,monthly_30d_35d_otm,weekly_1_strike0,28,1115
AMGN,2025-02-21,2025-03-20,backfill,O:AMGN250321C00310000,310.0,2025-03-21,2025-03-04,10.87,12.8,8.63,9.1,78,15,10.87,,monthly_30d_35d_otm,weekly_1_strike0,28,1115
AMGN,2025-02-21,2025-03-20,backfill,O:AMGN250321C00310000,310.0,2025-03-21,2025-03-05,7.36,12.03,7.36,10.75,48,10,7.36,,monthly_30d_35d_otm,weekly_1_strike0,28,1115
AMGN,2025-02-21,2025-03-20,backfill,O:AMGN250321C00310000,310.0,2025-03-21,2025-03-06,10.91,11.09,8.91,11.09,23,7,10.91,,monthly_30d_35d_otm,weekly_1_strike0,28,1115
AMGN,2025-02-21,2025-03-20,backfill,O:AMGN250321C00310000,310.0,2025-03-21,2025-03-07,14.0,19.6,14.0,17.8,373,14,14.0,,monthly_30d_35d_otm,weekly_1_strike0,28,1115
AMGN,2025-02-21,2025-03-20,backfill,O:AMGN250321C00310000,310.0,2025-03-21,2025-03-10,19.65,27.0,19.65,20.5,95,14,19.65,,monthly_30d_35d_otm,weekly_1_strike0,28,1115
AMGN,2025-02-21,2025-03-20,backfill,O:AMGN250321C00310000,310.0,2025-03-21,2025-03-11,16.04,16.04,13.47,13.8,27,8,16.04,,monthly_30d_35d_otm,weekly_1_strike0,28,1115
AMGN,2025-02-21,2025-03-20,backfill,O:AMGN250321C00310000,310.0,2025-03-21,2025-03-12,7.18,9.07,6.3,6.8,51,13,7.18,,monthly_30d_35d_otm,weekly_1_strike0,28,1115
AMGN,2025-02-21,2025-03-20,backfill,O:AMGN250321C00310000,310.0,2025-03-21,2025-03-13,8.58,8.58,6.9,6.9,17,8,8.58,,monthly_30d_35d_otm,weekly_1_strike0,28,1115
AMGN,2025-02-21,2025-03-20,backfill,O:AMGN250321C00310000,310.0,2025-03-21,2025-03-14,6.15,6.87,5.65,6.12,22,13,6.15,,monthly_30d_35d_otm,weekly_1_strike0,28,1115
AMGN,2025-02-21,2025-03-20,backfill,O:AMGN250321C00310000,310.0,2025-03-21,2025-03-17,5.3,9.0,5.3,8.63,57,12,5.3,,monthly_30d_35d_otm,weekly_1_strike0,28,1115
AMGN,2025-02-21,2025-03-20,backfill,O:AMGN250321C00310000,310.0,2025-03-21,2025-03-18,8.32,10.0,7.45,10.0,40,9,8.32,,monthly_30d_35d_otm,weekly_1_strike0,28,1115
AMGN,2025-02-21,2025-03-20,backfill,O:AMGN250321C00310000,310.0,2025-03-21,2025-03-19,8.03,8.03,4.99,7.0,198,24,8.03,,monthly_30d_35d_otm,weekly_1_strike0,28,1115
AMGN,2025-02-21,2025-03-20,backfill,O:AMGN250321C00310000,310.0,2025-03-21,2025-03-20,4.2,5.94,3.43,5.94,64,18,4.2,,monthly_30d_35d_otm,weekly_1_strike0,28,1115
AMGN,2025-08-05,2025-09-02,backfill,O:AMGN250919C00310000,310.0,2025-09-19,2025-08-05,6.22,6.75,5.87,6.7,35,13,6.22,,monthly_30d_35d_otm,weekly_2_strike0,45,35
AMGN,2025-08-05,2025-09-02,backfill,O:AMGN250919C00310000,310.0,2025-09-19,2025-08-06,3.0,3.0,1.08,1.2,189,29,3.0,,monthly_30d_35d_otm,weekly_2_strike0,45,35
AMGN,2025-08-05,2025-09-02,backfill,O:AMGN250919C00310000,310.0,2025-09-19,2025-08-07,1.39,1.39,1.0,1.1,231,8,1.39,,monthly_30d_35d_otm,weekly_2_strike0,45,35
AMGN,2025-08-05,2025-09-02,backfill,O:AMGN250919C00310000,310.0,2025-09-19,2025-08-08,1.31,1.38,1.07,1.32,52,16,1.31,,monthly_30d_35d_otm,weekly_2_strike0,45,35
AMGN,2025-08-05,2025-09-02,backfill,O:AMGN250919C00310000,310.0,2025-09-19,2025-08-11,1.38,1.38,0.8,0.82,114,19,1.38,,monthly_30d_35d_otm,weekly_2_strike0,45,35
AMGN,2025-08-05,2025-09-02,backfill,O:AMGN250919C00310000,310.0,2025-09-19,2025-08-12,0.81,0.81,0.57,0.69,35,8,0.81,,monthly_30d_35d_otm,weekly_2_strike0,45,35
AMGN,2025-08-05,2025-09-02,backfill,O:AMGN250919C00310000,310.0,2025-09-19,2025-08-13,0.96,0.96,0.9,0.92,14,5,0.96,,monthly_30d_35d_otm,weekly_2_strike0,45,35
AMGN,2025-08-05,2025-09-02,backfill,O:AMGN250919C00310000,310.0,2025-09-19,2025-08-14,1.18,1.18,1.0,1.0,61,7,1.18,,monthly_30d_35d_otm,weekly_2_strike0,45,35
AMGN,2025-08-05,2025-09-02,backfill,O:AMGN250919C00310000,310.0,2025-09-19,2025-08-15,2.57,2.57,1.3,1.93,523,30,2.57,,monthly_30d_35d_otm,weekly_2_strike0,45,35
AMGN,2025-08-05,2025-09-02,backfill,O:AMGN250919C00310000,310.0,2025-09-19,2025-08-18,1.9,2.01,1.08,1.08,209,24,1.9,,monthly_30d_35d_otm,weekly_2_strike0,45,35
AMGN,2025-08-05,2025-09-02,backfill,O:AMGN250919C00310000,310.0,2025-09-19,2025-08-19,1.3,1.45,1.13,1.42,45,13,1.3,,monthly_30d_35d_otm,weekly_2_strike0,45,35
AMGN,2025-08-05,2025-09-02,backfill,O:AMGN250919C00310000,310.0,2025-09-19,2025-08-20,2.1,2.45,1.75,1.75,442,20,2.1,,monthly_30d_35d_otm,weekly_2_strike0,45,35
AMGN,2025-08-05,2025-09-02,backfill,O:AMGN250919C00310000,310.0,2025-09-19,2025-08-21,1.9,2.21,1.49,1.54,509,39,1.9,,monthly_30d_35d_otm,weekly_2_strike0,45,35
AMGN,2025-08-05,2025-09-02,backfill,O:AMGN250919C00310000,310.0,2025-09-19,2025-08-22,1.9,2.04,1.14,1.14,38,22,1.9,,monthly_30d_35d_otm,weekly_2_strike0,45,35
AMGN,2025-08-05,2025-09-02,backfill,O:AMGN250919C00310000,310.0,2025-09-19,2025-08-25,0.9,0.9,0.63,0.72,23,9,0.9,,monthly_30d_35d_otm,weekly_2_strike0,45,35
AMGN,2025-08-05,2025-09-02,backfill,O:AMGN250919C00310000,310.0,2025-09-19,2025-08-26,0.59,0.68,0.59,0.62,5,4,0.59,,monthly_30d_35d_otm,weekly_2_strike0,45,35
AMGN,2025-08-05,2025-09-02,backfill,O:AMGN250919C00310000,310.0,2025-09-19,2025-08-27,0.59,0.6,0.44,0.47,59,8,0.59,,monthly_30d_35d_otm,weekly_2_strike0,45,35
AMGN,2025-08-05,2025-09-02,backfill,O:AMGN250919C00310000,310.0,2025-09-19,2025-08-28,0.37,0.42,0.35,0.35,37,6,0.37,,monthly_30d_35d_otm,weekly_2_strike0,45,35
AMGN,2025-08-05,2025-09-02,backfill,O:AMGN250919C00310000,310.0,2025-09-19,2025-08-29,0.41,0.47,0.36,0.37,18,7,0.41,,monthly_30d_35d_otm,weekly_2_strike0,45,35
AMGN,2025-08-05,2025-09-02,backfill,O:AMGN250919C00310000,310.0,2025-09-19,2025-09-02,0.35,0.35,0.25,0.25,8,3,0.35,,monthly_30d_35d_otm,weekly_2_strike0,45,35
AMT,2020-02-03,2020-02-28,backfill,O:AMT200320C00240000,240.0,2020-03-20,2020-02-03,4.8,4.9,4.45,4.9,8,4,4.8,,monthly_30d_30d_otm,weekly_2_strike0,46,8
AMT,2020-02-03,2020-02-28,backfill,O:AMT200320C00240000,240.0,2020-03-20,2020-02-04,4.67,6.3,4.67,6.3,24,11,4.67,,monthly_30d_30d_otm,weekly_2_strike0,46,8
AMT,2020-02-03,2020-02-28,backfill,O:AMT200320C00240000,240.0,2020-03-20,2020-02-05,6.1,6.11,5.2,5.29,57,9,6.1,,monthly_30d_30d_otm,weekly_2_strike0,46,8
AMT,2020-02-03,2020-02-28,backfill,O:AMT200320C00240000,240.0,2020-03-20,2020-02-06,6.2,6.3,6.05,6.05,35,3,6.2,,monthly_30d_30d_otm,weekly_2_strike0,46,8
AMT,2020-02-03,2020-02-28,backfill,O:AMT200320C00240000,240.0,2020-03-20,2020-02-07,6.5,6.6,6.47,6.6,12,6,6.5,,monthly_30d_30d_otm,weekly_2_strike0,46,8
AMT,2020-02-03,2020-02-28,backfill,O:AMT200320C00240000,240.0,2020-03-20,2020-02-10,6.9,9.0,6.9,9.0,8,7,6.9,,monthly_30d_30d_otm,weekly_2_strike0,46,8
AMT,2020-02-03,2020-02-28,backfill,O:AMT200320C00240000,240.0,2020-03-20,2020-02-11,16.0,19.05,15.75,16.9,31,16,16.0,,monthly_30d_30d_otm,weekly_2_strike0,46,8
AMT,2020-02-03,2020-02-28,backfill,O:AMT200320C00240000,240.0,2020-03-20,2020-02-12,16.81,18.87,16.35,18.4,8,4,16.81,,monthly_30d_30d_otm,weekly_2_strike0,46,8
AMT,2020-02-03,2020-02-28,backfill,O:AMT200320C00240000,240.0,2020-03-20,2020-02-13,17.53,19.2,17.53,19.2,14,5,17.53,,monthly_30d_30d_otm,weekly_2_strike0,46,8
AMT,2020-02-03,2020-02-28,backfill,O:AMT200320C00240000,240.0,2020-03-20,2020-02-14,18.9,20.07,18.2,18.2,30,9,18.9,,monthly_30d_30d_otm,weekly_2_strike0,46,8
AMT,2020-02-03,2020-02-28,backfill,O:AMT200320C00240000,240.0,2020-03-20,2020-02-18,17.37,17.37,16.8,16.8,4,4,17.37,,monthly_30d_30d_otm,weekly_2_strike0,46,8
AMT,2020-02-03,2020-02-28,backfill,O:AMT200320C00240000,240.0,2020-03-20,2020-02-19,14.12,14.12,12.72,12.72,53,9,14.12,,monthly_30d_30d_otm,weekly_2_strike0,46,8
AMT,2020-02-03,2020-02-28,backfill,O:AMT200320C00240000,240.0,2020-03-20,2020-02-20,11.85,11.85,9.98,10.93,32,6,11.85,,monthly_30d_30d_otm,weekly_2_strike0,46,8
AMT,2020-02-03,2020-02-28,backfill,O:AMT200320C00240000,240.0,2020-03-20,2020-02-21,11.98,11.98,11.05,11.05,20,6,11.98,,monthly_30d_30d_otm,weekly_2_strike0,46,8
AMT,2020-02-03,2020-02-28,backfill,O:AMT200320C00240000,240.0,2020-03-20,2020-02-24,10.43,11.29,9.8,10.41,17,6,10.43,,monthly_30d_30d_otm,weekly_2_strike0,46,8
AMT,2020-02-03,2020-02-28,backfill,O:AMT200320C00240000,240.0,2020-03-20,2020-02-25,14.73,14.73,9.6,10.93,3,3,14.73,,monthly_30d_30d_otm,weekly_2_strike0,46,8
AMT,2020-02-03,2020-02-28,backfill,O:AMT200320C00240000,240.0,2020-03-20,2020-02-26,8.59,9.0,8.59,9.0,2,2,8.59,,monthly_30d_30d_otm,weekly_2_strike0,46,8
AMT,2020-02-03,2020-02-28,backfill,O:AMT200320C00240000,240.0,2020-03-20,2020-02-27,8.2,9.0,6.0,6.0,44,15,8.2,,monthly_30d_30d_otm,weekly_2_strike0,46,8
AMT,2020-02-03,2020-02-28,backfill,O:AMT200320C00240000,240.0,2020-03-20,2020-02-28,3.3,4.9,3.0,3.35,38,6,3.3,,monthly_30d_30d_otm,weekly_2_strike0,46,8
AMT,2021-03-29,2021-04-26,backfill,O:AMT210521C00230000,230.0,2021-05-21,2021-03-29,13.8,16.0,12.1,16.0,23,5,13.8,,monthly_45d_slight_itm,weekly_2_strike0,53,23
AMT,2021-03-29,2021-04-26,backfill,O:AMT210521C00230000,230.0,2021-05-21,2021-03-31,12.09,14.4,12.09,14.4,20,7,12.09,,monthly_45d_slight_itm,weekly_2_strike0,53,23
AMT,2021-03-29,2021-04-26,backfill,O:AMT210521C00230000,230.0,2021-05-21,2021-04-01,12.6,12.6,12.23,12.23,20,1,12.6,,monthly_45d_slight_itm,weekly_2_strike0,53,23
AMT,2021-03-29,2021-04-26,backfill,O:AMT210521C00230000,230.0,2021-05-21,2021-04-05,15.0,15.1,14.9,14.9,5,3,15.0,,monthly_45d_slight_itm,weekly_2_strike0,53,23
AMT,2021-03-29,2021-04-26,backfill,O:AMT210521C00230000,230.0,2021-05-21,2021-04-06,15.46,16.35,14.5,14.5,14,4,15.46,,monthly_45d_slight_itm,weekly_2_strike0,53,23
AMT,2021-03-29,2021-04-26,backfill,O:AMT210521C00230000,230.0,2021-05-21,2021-04-07,14.95,16.3,14.95,15.7,3,3,14.95,,monthly_45d_slight_itm,weekly_2_strike0,53,23
AMT,2021-03-29,2021-04-26,backfill,O:AMT210521C00230000,230.0,2021-05-21,2021-04-08,16.44,16.44,16.44,16.44,1,1,16.44,,monthly_45d_slight_itm,weekly_2_strike0,53,23
AMT,2021-03-29,2021-04-26,backfill,O:AMT210521C00230000,230.0,2021-05-21,2021-04-09,12.8,13.15,12.19,12.19,14,8,12.8,,monthly_45d_slight_itm,weekly_2_strike0,53,23
AMT,2021-03-29,2021-04-26,backfill,O:AMT210521C00230000,230.0,2021-05-21,2021-04-12,13.5,13.5,13.5,13.5,1,1,13.5,,monthly_45d_slight_itm,weekly_2_strike0,53,23
AMT,2021-03-29,2021-04-26,backfill,O:AMT210521C00230000,230.0,2021-05-21,2021-04-14,16.0,16.0,14.3,14.3,3,3,16.0,,monthly_45d_slight_itm,weekly_2_strike0,53,23
AMT,2021-03-29,2021-04-26,backfill,O:AMT210521C00230000,230.0,2021-05-21,2021-04-15,17.93,17.93,17.93,17.93,4,1,17.93,,monthly_45d_slight_itm,weekly_2_strike0,53,23
AMT,2021-03-29,2021-04-26,backfill,O:AMT210521C00230000,230.0,2021-05-21,2021-04-16,18.67,20.6,18.67,20.5,14,8,18.67,,monthly_45d_slight_itm,weekly_2_strike0,53,23
AMT,2021-03-29,2021-04-26,backfill,O:AMT210521C00230000,230.0,2021-05-21,2021-04-19,19.38,19.38,19.38,19.38,1,1,19.38,,monthly_45d_slight_itm,weekly_2_strike0,53,23
AMT,2021-03-29,2021-04-26,backfill,O:AMT210521C00230000,230.0,2021-05-21,2021-04-20,19.6,23.5,19.6,23.22,3,3,19.6,,monthly_45d_slight_itm,weekly_2_strike0,53,23
AMT,2021-03-29,2021-04-26,backfill,O:AMT210521C00230000,230.0,2021-05-21,2021-04-21,23.2,23.2,23.2,23.2,1,1,23.2,,monthly_45d_slight_itm,weekly_2_strike0,53,23
AMT,2021-03-29,2021-04-26,backfill,O:AMT210521C00230000,230.0,2021-05-21,2021-04-26,24.5,24.5,24.5,24.5,1,1,24.5,,monthly_45d_slight_itm,weekly_2_strike0,53,23
AMT,2022-06-30,2022-07-28,backfill,O:AMT220819C00260000,260.0,2022-08-19,2022-06-30,9.4,10.7,8.8,10.7,57,10,9.4,,monthly_45d_40d_otm,weekly_3_strike4,50,57
AMT,2022-06-30,2022-07-28,backfill,O:AMT220819C00260000,260.0,2022-08-19,2022-07-01,11.0,11.3,10.15,11.17,32,7,11.0,,monthly_45d_40d_otm,weekly_3_strike4,50,57
AMT,2022-06-30,2022-07-28,backfill,O:AMT220819C00260000,260.0,2022-08-19,2022-07-05,8.3,9.0,7.17,9.0,36,12,8.3,,monthly_45d_40d_otm,weekly_3_strike4,50,57
AMT,2022-06-30,2022-07-28,backfill,O:AMT220819C00260000,260.0,2022-08-19,2022-07-06,11.0,11.0,10.4,10.72,5,4,11.0,,monthly_45d_40d_otm,weekly_3_strike4,50,57
AMT,2022-06-30,2022-07-28,backfill,O:AMT220819C00260000,260.0,2022-08-19,2022-07-07,10.8,10.8,8.78,9.8,14,8,10.8,,monthly_45d_40d_otm,weekly_3_strike4,50,57
AMT,2022-06-30,2022-07-28,backfill,O:AMT220819C00260000,260.0,2022-08-19,2022-07-08,9.0,9.0,8.3,8.9,38,7,9.0,,monthly_45d_40d_otm,weekly_3_strike4,50,57
AMT,2022-06-30,2022-07-28,backfill,O:AMT220819C00260000,260.0,2022-08-19,2022-07-11,7.7,8.9,7.7,8.5,45,10,7.7,,monthly_45d_40d_otm,weekly_3_strike4,50,57
AMT,2022-06-30,2022-07-28,backfill,O:AMT220819C00260000,260.0,2022-08-19,2022-07-12,9.2,9.2,7.5,7.59,38,14,9.2,,monthly_45d_40d_otm,weekly_3_strike4,50,57
AMT,2022-06-30,2022-07-28,backfill,O:AMT220819C00260000,260.0,2022-08-19,2022-07-13,7.11,9.2,6.85,8.88,127,17,7.11,,monthly_45d_40d_otm,weekly_3_strike4,50,57
AMT,2022-06-30,2022-07-28,backfill,O:AMT220819C00260000,260.0,2022-08-19,2022-07-14,7.8,8.74,7.59,8.74,60,11,7.8,,monthly_45d_40d_otm,weekly_3_strike4,50,57
AMT,2022-06-30,2022-07-28,backfill,O:AMT220819C00260000,260.0,2022-08-19,2022-07-15,9.43,10.0,7.53,7.6,39,12,9.43,,monthly_45d_40d_otm,weekly_3_strike4,50,57
AMT,2022-06-30,2022-07-28,backfill,O:AMT220819C00260000,260.0,2022-08-19,2022-07-18,6.6,6.7,4.47,4.47,181,37,6.6,,monthly_45d_40d_otm,weekly_3_strike4,50,57
AMT,2022-06-30,2022-07-28,backfill,O:AMT220819C00260000,260.0,2022-08-19,2022-07-19,5.0,6.93,5.0,6.93,99,18,5.0,,monthly_45d_40d_otm,weekly_3_strike4,50,57
AMT,2022-06-30,2022-07-28,backfill,O:AMT220819C00260000,260.0,2022-08-19,2022-07-20,4.5,6.5,4.25,4.25,18,10,4.5,,monthly_45d_40d_otm,weekly_3_strike4,50,57
AMT,2022-06-30,2022-07-28,backfill,O:AMT220819C00260000,260.0,2022-08-19,2022-07-21,4.77,6.2,4.66,5.89,30,24,4.77,,monthly_45d_40d_otm,weekly_3_strike4,50,57
AMT,2022-06-30,2022-07-28,backfill,O:AMT220819C00260000,260.0,2022-08-19,2022-07-22,6.4,8.3,6.4,7.9,98,22,6.4,,monthly_45d_40d_otm,weekly_3_strike4,50,57
AMT,2022-06-30,2022-07-28,backfill,O:AMT220819C00260000,260.0,2022-08-19,2022-07-25,7.8,7.8,6.6,6.6,15,6,7.8,,monthly_45d_40d_otm,weekly_3_strike4,50,57
AMT,2022-06-30,2022-07-28,backfill,O:AMT220819C00260000,260.0,2022-08-19,2022-07-26,9.1,9.1,7.3,7.5,63,15,9.1,,monthly_45d_40d_otm,weekly_3_strike4,50,57
AMT,2022-06-30,2022-07-28,backfill,O:AMT220819C00260000,260.0,2022-08-19,2022-07-27,8.2,8.2,5.5,6.3,40,16,8.2,,monthly_45d_40d_otm,weekly_3_strike4,50,57
AMT,2022-06-30,2022-07-28,backfill,O:AMT220819C00260000,260.0,2022-08-19,2022-07-28,8.16,13.0,8.16,12.58,72,31,8.16,,monthly_45d_40d_otm,weekly_3_strike4,50,57
AMT,2023-11-02,2023-11-30,backfill,O:AMT231215C00195000,195.0,2023-12-15,2023-11-02,1.55,3.0,1.55,2.62,134,10,1.55,,monthly_30d_30d_otm,weekly_3_strike1,43,134
AMT,2023-11-02,2023-11-30,backfill,O:AMT231215C00195000,195.0,2023-12-15,2023-11-03,5.22,5.85,4.55,5.15,63,19,5.22,,monthly_30d_30d_otm,weekly_3_strike1,43,134
AMT,2023-11-02,2023-11-30,backfill,O:AMT231215C00195000,195.0,2023-12-15,2023-11-06,3.85,3.85,2.66,2.7,31,12,3.85,,monthly_30d_30d_otm,weekly_3_strike1,43,134
AMT,2023-11-02,2023-11-30,backfill,O:AMT231215C00195000,195.0,2023-12-15,2023-11-07,3.3,3.3,2.65,2.65,21,8,3.3,,monthly_30d_30d_otm,weekly_3_strike1,43,134
AMT,2023-11-02,2023-11-30,backfill,O:AMT231215C00195000,195.0,2023-12-15,2023-11-08,1.9,2.01,1.8,1.85,19,7,1.9,,monthly_30d_30d_otm,weekly_3_strike1,43,134
AMT,2023-11-02,2023-11-30,backfill,O:AMT231215C00195000,195.0,2023-12-15,2023-11-09,1.85,1.9,1.25,1.25,21,9,1.85,,monthly_30d_30d_otm,weekly_3_strike1,43,134
AMT,2023-11-02,2023-11-30,backfill,O:AMT231215C00195000,195.0,2023-12-15,2023-11-10,1.3,1.77,1.05,1.77,32,7,1.3,,monthly_30d_30d_otm,weekly_3_strike1,43,134
AMT,2023-11-02,2023-11-30,backfill,O:AMT231215C00195000,195.0,2023-12-15,2023-11-13,1.5,2.0,1.49,1.75,21,5,1.5,,monthly_30d_30d_otm,weekly_3_strike1,43,134
AMT,2023-11-02,2023-11-30,backfill,O:AMT231215C00195000,195.0,2023-12-15,2023-11-14,5.07,6.0,4.3,5.45,67,25,5.07,,monthly_30d_30d_otm,weekly_3_strike1,43,134
AMT,2023-11-02,2023-11-30,backfill,O:AMT231215C00195000,195.0,2023-12-15,2023-11-15,4.96,7.91,4.96,6.85,34,18,4.96,,monthly_30d_30d_otm,weekly_3_strike1,43,134
AMT,2023-11-02,2023-11-30,backfill,O:AMT231215C00195000,195.0,2023-12-15,2023-11-16,6.48,8.66,6.48,8.66,26,7,6.48,,monthly_30d_30d_otm,weekly_3_strike1,43,134
AMT,2023-11-02,2023-11-30,backfill,O:AMT231215C00195000,195.0,2023-12-15,2023-11-17,8.65,8.65,7.1,7.15,78,12,8.65,,monthly_30d_30d_otm,weekly_3_strike1,43,134
AMT,2023-11-02,2023-11-30,backfill,O:AMT231215C00195000,195.0,2023-12-15,2023-11-20,6.0,8.3,5.9,8.3,9,9,6.0,,monthly_30d_30d_otm,weekly_3_strike1,43,134
AMT,2023-11-02,2023-11-30,backfill,O:AMT231215C00195000,195.0,2023-12-15,2023-11-21,7.2,7.2,6.2,6.6,20,5,7.2,,monthly_30d_30d_otm,weekly_3_strike1,43,134
AMT,2023-11-02,2023-11-30,backfill,O:AMT231215C00195000,195.0,2023-12-15,2023-11-22,8.0,8.0,6.56,7.0,5,4,8.0,,monthly_30d_30d_otm,weekly_3_strike1,43,134
AMT,2023-11-02,2023-11-30,backfill,O:AMT231215C00195000,195.0,2023-12-15,2023-11-24,5.7,7.0,5.7,7.0,7,4,5.7,,monthly_30d_30d_otm,weekly_3_strike1,43,134
AMT,2023-11-02,2023-11-30,backfill,O:AMT231215C00195000,195.0,2023-12-15,2023-11-27,7.76,9.5,7.76,9.4,65,8,7.76,,monthly_30d_30d_otm,weekly_3_strike1,43,134
AMT,2023-11-02,2023-11-30,backfill,O:AMT231215C00195000,195.0,2023-12-15,2023-11-28,8.16,9.7,8.16,9.6,4,3,8.16,,monthly_30d_30d_otm,weekly_3_strike1,43,134
AMT,2023-11-02,2023-11-30,backfill,O:AMT231215C00195000,195.0,2023-12-15,2023-11-29,10.75,14.3,10.65,14.3,7,4,10.75,,monthly_30d_30d_otm,weekly_3_strike1,43,134
AMT,2023-11-02,2023-11-30,backfill,O:AMT231215C00195000,195.0,2023-12-15,2023-11-30,12.5,14.26,12.5,13.3,12,6,12.5,,monthly_30d_30d_otm,weekly_3_strike1,43,134
AMZN,2020-02-06,2020-02-27,backfill,O:AMZN200320C02040000,2040.0,2020-03-20,2020-02-06,67.22,72.78,60.0,69.45,112,48,67.22,,monthly_30d_atm,weekly_2_strike0,43,112
AMZN,2020-02-06,2020-02-27,backfill,O:AMZN200320C02040000,2040.0,2020-03-20,2020-02-07,66.2,101.21,63.73,85.08,75,41,66.2,,monthly_30d_atm,weekly_2_strike0,43,112
AMZN,2020-02-06,2020-02-27,backfill,O:AMZN200320C02040000,2040.0,2020-03-20,2020-02-10,93.65,130.35,93.65,126.0,220,41,93.65,,monthly_30d_atm,weekly_2_strike0,43,112
AMZN,2020-02-06,2020-02-27,backfill,O:AMZN200320C02040000,2040.0,2020-03-20,2020-02-11,139.85,170.0,135.0,135.0,172,33,139.85,,monthly_30d_atm,weekly_2_strike0,43,112
AMZN,2020-02-06,2020-02-27,backfill,O:AMZN200320C02040000,2040.0,2020-03-20,2020-02-12,162.25,164.25,147.04,156.86,45,11,162.25,,monthly_30d_atm,weekly_2_strike0,43,112
AMZN,2020-02-06,2020-02-27,backfill,O:AMZN200320C02040000,2040.0,2020-03-20,2020-02-13,136.4,138.0,135.55,135.55,14,5,136.4,,monthly_30d_atm,weekly_2_strike0,43,112
AMZN,2020-02-06,2020-02-27,backfill,O:AMZN200320C02040000,2040.0,2020-03-20,2020-02-14,133.68,133.68,119.85,119.85,2,2,133.68,,monthly_30d_atm,weekly_2_strike0,43,112
AMZN,2020-02-06,2020-02-27,backfill,O:AMZN200320C02040000,2040.0,2020-03-20,2020-02-18,121.34,145.25,121.34,140.0,15,7,121.34,,monthly_30d_atm,weekly_2_strike0,43,112
AMZN,2020-02-06,2020-02-27,backfill,O:AMZN200320C02040000,2040.0,2020-03-20,2020-02-19,145.25,159.38,144.98,155.99,77,15,145.25,,monthly_30d_atm,weekly_2_strike0,43,112
AMZN,2020-02-06,2020-02-27,backfill,O:AMZN200320C02040000,2040.0,2020-03-20,2020-02-20,146.26,146.26,115.1,128.87,17,8,146.26,,monthly_30d_atm,weekly_2_strike0,43,112
AMZN,2020-02-06,2020-02-27,backfill,O:AMZN200320C02040000,2040.0,2020-03-20,2020-02-21,120.0,120.5,91.98,91.98,7,5,120.0,,monthly_30d_atm,weekly_2_strike0,43,112
AMZN,2020-02-06,2020-02-27,backfill,O:AMZN200320C02040000,2040.0,2020-03-20,2020-02-24,51.12,62.98,44.74,52.5,139,46,51.12,,monthly_30d_atm,weekly_2_strike0,43,112
AMZN,2020-02-06,2020-02-27,backfill,O:AMZN200320C02040000,2040.0,2020-03-20,2020-02-25,57.85,57.85,36.89,38.76,81,47,57.85,,monthly_30d_atm,weekly_2_strike0,43,112
AMZN,2020-02-06,2020-02-27,backfill,O:AMZN200320C02040000,2040.0,2020-03-20,2020-02-26,46.47,49.0,36.47,40.3,37,24,46.47,,monthly_30d_atm,weekly_2_strike0,43,112
AMZN,2020-02-06,2020-02-27,backfill,O:AMZN200320C02040000,2040.0,2020-03-20,2020-02-27,24.41,38.0,23.54,24.26,60,31,24.41,,monthly_30d_atm,weekly_2_strike0,43,112
AMZN,2020-06-16,2020-07-14,backfill,O:AMZN200717C02720000,2720.0,2020-07-17,2020-06-16,53.0,53.0,46.85,48.95,60,28,53.0,,monthly_30d_30d_otm,weekly_2_strike0,31,60
AMZN,2020-06-16,2020-07-14,backfill,O:AMZN200717C02720000,2720.0,2020-07-17,2020-06-17,60.99,66.22,59.28,60.0,37,28,60.99,,monthly_30d_30d_otm,weekly_2_strike0,31,60
AMZN,2020-06-16,2020-07-14,backfill,O:AMZN200717C02720000,2720.0,2020-07-17,2020-06-18,63.91,66.03,58.58,59.5,66,22,63.91,,monthly_30d_30d_otm,weekly_2_strike0,31,60
AMZN,2020-06-16,2020-07-14,backfill,O:AMZN200717C02720000,2720.0,2020-07-17,2020-06-19,69.5,76.01,61.5,67.0,197,55,69.5,,monthly_30d_30d_otm,weekly_2_strike0,31,60
AMZN,2020-06-16,2020-07-14,backfill,O:AMZN200717C02720000,2720.0,2020-07-17,2020-06-22,72.1,82.0,68.97,82.0,145,59,72.1,,monthly_30d_30d_otm,weekly_2_strike0,31,60
AMZN,2020-06-16,2020-07-14,backfill,O:AMZN200717C02720000,2720.0,2020-07-17,2020-06-23,90.92,122.0,83.91,102.31,320,84,90.92,,monthly_30d_30d_otm,weekly_2_strike0,31,60
AMZN,2020-06-16,2020-07-14,backfill,O:AMZN200717C02720000,2720.0,2020-07-17,2020-06-24,112.7,125.1,92.0,98.53,129,42,112.7,,monthly_30d_30d_otm,weekly_2_strike0,31,60
AMZN,2020-06-16,2020-07-14,backfill,O:AMZN200717C02720000,2720.0,2020-07-17,2020-06-25,95.0,99.31,85.79,98.64,161,60,95.0,,monthly_30d_30d_otm,weekly_2_strike0,31,60
AMZN,2020-06-16,2020-07-14,backfill,O:AMZN200717C02720000,2720.0,2020-07-17,2020-06-26,109.0,116.0,71.9,72.55,116,64,109.0,,monthly_30d_30d_otm,weekly_2_strike0,31,60
AMZN,2020-06-16,2020-07-14,backfill,O:AMZN200717C02720000,2720.0,2020-07-17,2020-06-29,70.0,70.0,48.35,51.85,102,31,70.0,,monthly_30d_30d_otm,weekly_2_strike0,31,60
AMZN,2020-06-16,2020-07-14,backfill,O:AMZN200717C02720000,2720.0,2020-07-17,2020-06-30,54.67,95.0,54.46,88.79,369,88,54.67,,monthly_30d_30d_otm,weekly_2_strike0,31,60
AMZN,2020-06-16,2020-07-14,backfill,O:AMZN200717C02720000,2720.0,2020-07-17,2020-07-01,88.7,190.7,83.05,188.03,511,71,88.7,,monthly_30d_30d_otm,weekly_2_strike0,31,60
AMZN,2020-06-16,2020-07-14,backfill,O:AMZN200717C02720000,2720.0,2020-07-17,2020-07-02,205.85,248.0,171.75,180.0,106,27,205.85,,monthly_30d_30d_otm,weekly_2_strike0,31,60
AMZN,2020-06-16,2020-07-14,backfill,O:AMZN200717C02720000,2720.0,2020-07-17,2020-07-06,222.1,337.0,222.1,337.0,19,11,222.1,,monthly_30d_30d_otm,weekly_2_strike0,31,60
AMZN,2020-06-16,2020-07-14,backfill,O:AMZN200717C02720000,2720.0,2020-07-17,2020-07-07,343.46,345.65,296.06,299.0,15,6,343.46,,monthly_30d_30d_otm,weekly_2_strike0,31,60
AMZN,2020-06-16,2020-07-14,backfill,O:AMZN200717C02720000,2720.0,2020-07-17,2020-07-08,335.08,363.8,317.29,363.8,28,12,335.08,,monthly_30d_30d_otm,weekly_2_strike0,31,60
AMZN,2020-06-16,2020-07-14,backfill,O:AMZN200717C02720000,2720.0,2020-07-17,2020-07-09,397.55,467.84,380.81,467.84,241,25,397.55,,monthly_30d_30d_otm,weekly_2_strike0,31,60
AMZN,2020-06-16,2020-07-14,backfill,O:AMZN200717C02720000,2720.0,2020-07-17,2020-07-10,460.15,471.73,460.0,471.73,8,6,460.15,,monthly_30d_30d_otm,weekly_2_strike0,31,60
AMZN,2020-06-16,2020-07-14,backfill,O:AMZN200717C02720000,2720.0,2020-07-17,2020-07-13,556.87,609.65,393.81,393.81,12,6,556.87,,monthly_30d_30d_otm,weekly_2_strike0,31,60
AMZN,2020-06-16,2020-07-14,backfill,O:AMZN200717C02720000,2720.0,2020-07-17,2020-07-14,324.51,350.0,317.85,317.85,110,7,324.51,,monthly_30d_30d_otm,weekly_2_strike0,31,60
AMZN,2021-07-19,2021-07-30,backfill,O:AMZN210820C03630000,3630.0,2021-08-20,2021-07-19,95.2,95.2,76.6,92.85,40,19,95.2,,monthly_30d_35d_otm,weekly_2_strike0,32,40
AMZN,2021-07-19,2021-07-30,backfill,O:AMZN210820C03630000,3630.0,2021-08-20,2021-07-20,98.07,106.14,82.79,103.86,68,25,98.07,,monthly_30d_35d_otm,weekly_2_strike0,32,40
AMZN,2021-07-19,2021-07-30,backfill,O:AMZN210820C03630000,3630.0,2021-08-20,2021-07-21,94.3,98.2,86.65,98.2,78,18,94.3,,monthly_30d_35d_otm,weekly_2_strike0,32,40
AMZN,2021-07-19,2021-07-30,backfill,O:AMZN210820C03630000,3630.0,2021-08-20,2021-07-22,105.55,124.0,105.55,123.3,198,91,105.55,,monthly_30d_35d_otm,weekly_2_strike0,32,40
AMZN,2021-07-19,2021-07-30,backfill,O:AMZN210820C03630000,3630.0,2021-08-20,2021-07-23,123.5,137.21,118.24,128.5,46,29,123.5,,monthly_30d_35d_otm,weekly_2_strike0,32,40
AMZN,2021-07-19,2021-07-30,backfill,O:AMZN210820C03630000,3630.0,2021-08-20,2021-07-26,135.02,161.75,135.02,147.9,15,11,135.02,,monthly_30d_35d_otm,weekly_2_strike0,32,40
AMZN,2021-07-19,2021-07-30,backfill,O:AMZN210820C03630000,3630.0,2021-08-20,2021-07-27,142.25,142.25,96.23,109.0,95,53,142.25,,monthly_30d_35d_otm,weekly_2_strike0,32,40
AMZN,2021-07-19,2021-07-30,backfill,O:AMZN210820C03630000,3630.0,2021-08-20,2021-07-28,117.82,121.68,95.8,105.0,157,70,117.82,,monthly_30d_35d_otm,weekly_2_strike0,32,40
AMZN,2021-07-19,2021-07-30,backfill,O:AMZN210820C03630000,3630.0,2021-08-20,2021-07-29,100.8,105.15,77.45,81.0,141,72,100.8,,monthly_30d_35d_otm,weekly_2_strike0,32,40
AMZN,2021-07-19,2021-07-30,backfill,O:AMZN210820C03630000,3630.0,2021-08-20,2021-07-30,12.8,14.64,9.22,9.38,96,49,12.8,,monthly_30d_35d_otm,weekly_2_strike0,32,40
AMZN,2023-10-09,2023-11-03,backfill,O:AMZN231117C00130000,130.0,2023-11-17,2023-10-09,5.25,6.2,4.7,5.99,10934,257,5.25,,monthly_30d_40d_otm,weekly_2_strike0,39,10934
AMZN,2023-10-09,2023-11-03,backfill,O:AMZN231117C00130000,130.0,2023-11-17,2023-10-10,6.2,7.15,5.95,6.4,16578,237,6.2,,monthly_30d_40d_otm,weekly_2_strike0,39,10934
AMZN,2023-10-09,2023-11-03,backfill,O:AMZN231117C00130000,130.0,2023-11-17,2023-10-11,6.5,7.85,6.45,7.75,2969,188,6.5,,monthly_30d_40d_otm,weekly_2_strike0,39,10934
AMZN,2023-10-09,2023-11-03,backfill,O:AMZN231117C00130000,130.0,2023-11-17,2023-10-12,7.75,9.19,7.35,7.85,3102,231,7.75,,monthly_30d_40d_otm,weekly_2_strike0,39,10934
AMZN,2023-10-09,2023-11-03,backfill,O:AMZN231117C00130000,130.0,2023-11-17,2023-10-13,8.2,8.32,6.3,6.7,3546,183,8.2,,monthly_30d_40d_otm,weekly_2_strike0,39,10934
AMZN,2023-10-09,2023-11-03,backfill,O:AMZN231117C00130000,130.0,2023-11-17,2023-10-16,6.95,8.21,6.95,7.95,1069,141,6.95,,monthly_30d_40d_otm,weekly_2_strike0,39,10934
AMZN,2023-10-09,2023-11-03,backfill,O:AMZN231117C00130000,130.0,2023-11-17,2023-10-17,6.65,7.9,5.95,7.18,2096,156,6.65,,monthly_30d_40d_otm,weekly_2_strike0,39,10934
AMZN,2023-10-09,2023-11-03,backfill,O:AMZN231117C00130000,130.0,2023-11-17,2023-10-18,6.3,6.8,5.3,5.55,2889,216,6.3,,monthly_30d_40d_otm,weekly_2_strike0,39,10934
AMZN,2023-10-09,2023-11-03,backfill,O:AMZN231117C00130000,130.0,2023-11-17,2023-10-19,6.75,7.5,5.3,5.7,4584,229,6.75,,monthly_30d_40d_otm,weekly_2_strike0,39,10934
AMZN,2023-10-09,2023-11-03,backfill,O:AMZN231117C00130000,130.0,2023-11-17,2023-10-20,5.55,5.55,4.2,4.22,6717,268,5.55,,monthly_30d_40d_otm,weekly_2_strike0,39,10934
AMZN,2023-10-09,2023-11-03,backfill,O:AMZN231117C00130000,130.0,2023-11-17,2023-10-23,4.0,5.05,3.7,4.6,5316,232,4.0,,monthly_30d_40d_otm,weekly_2_strike0,39,10934
AMZN,2023-10-09,2023-11-03,backfill,O:AMZN231117C00130000,130.0,2023-11-17,2023-10-24,5.05,5.55,4.4,5.45,6915,236,5.05,,monthly_30d_40d_otm,weekly_2_strike0,39,10934
AMZN,2023-10-09,2023-11-03,backfill,O:AMZN231117C00130000,130.0,2023-11-17,2023-10-25,4.1,4.2,2.85,3.05,5125,274,4.1,,monthly_30d_40d_otm,weekly_2_strike0,39,10934
AMZN,2023-10-09,2023-11-03,backfill,O:AMZN231117C00130000,130.0,2023-11-17,2023-10-26,2.74,3.01,2.02,2.33,26845,313,2.74,,monthly_30d_40d_otm,weekly_2_strike0,39,10934
AMZN,2023-10-09,2023-11-03,backfill,O:AMZN231117C00130000,130.0,2023-11-17,2023-10-27,3.35,4.38,2.48,3.35,14678,310,3.35,,monthly_30d_40d_otm,weekly_2_strike0,39,10934
AMZN,2023-10-09,2023-11-03,backfill,O:AMZN231117C00130000,130.0,2023-11-17,2023-10-30,4.1,5.95,3.69,5.8,4643,263,4.1,,monthly_30d_40d_otm,weekly_2_strike0,39,10934
AMZN,2023-10-09,2023-11-03,backfill,O:AMZN231117C00130000,130.0,2023-11-17,2023-10-31,5.75,6.24,4.95,5.7,1941,143,5.75,,monthly_30d_40d_otm,weekly_2_strike0,39,10934
AMZN,2023-10-09,2023-11-03,backfill,O:AMZN231117C00130000,130.0,2023-11-17,2023-11-01,6.25,8.62,6.25,8.4,4546,184,6.25,,monthly_30d_40d_otm,weekly_2_strike0,39,10934
AMZN,2023-10-09,2023-11-03,backfill,O:AMZN231117C00130000,130.0,2023-11-17,2023-11-02,9.7,9.77,7.84,9.05,2851,135,9.7,,monthly_30d_40d_otm,weekly_2_strike0,39,10934
AMZN,2023-10-09,2023-11-03,backfill,O:AMZN231117C00130000,130.0,2023-11-17,2023-11-03,9.65,10.2,8.5,9.2,1409,117,9.65,,monthly_30d_40d_otm,weekly_2_strike0,39,10934
AMZN,2023-11-10,2023-12-08,backfill,O:AMZN231215C00150000,150.0,2023-12-15,2023-11-10,1.24,2.12,1.17,2.11,13892,288,1.24,,monthly_30d_30d_otm,weekly_1_strike0,35,13892
AMZN,2023-11-10,2023-12-08,backfill,O:AMZN231215C00150000,150.0,2023-12-15,2023-11-13,1.67,1.96,1.35,1.79,2290,230,1.67,,monthly_30d_30d_otm,weekly_1_strike0,35,13892
AMZN,2023-11-10,2023-12-08,backfill,O:AMZN231215C00150000,150.0,2023-12-15,2023-11-14,2.45,3.4,2.15,2.72,23561,347,2.45,,monthly_30d_30d_otm,weekly_1_strike0,35,13892
AMZN,2023-11-10,2023-12-08,backfill,O:AMZN231215C00150000,150.0,2023-12-15,2023-11-15,3.1,3.27,1.73,1.89,6918,334,3.1,,monthly_30d_30d_otm,weekly_1_strike0,35,13892
AMZN,2023-11-10,2023-12-08,backfill,O:AMZN231215C00150000,150.0,2023-12-15,2023-11-16,1.27,1.9,1.04,1.7,8126,264,1.27,,monthly_30d_30d_otm,weekly_1_strike0,35,13892
AMZN,2023-11-10,2023-12-08,backfill,O:AMZN231215C00150000,150.0,2023-12-15,2023-11-17,1.63,2.35,1.62,2.31,9491,319,1.63,,monthly_30d_30d_otm,weekly_1_strike0,35,13892
AMZN,2023-11-10,2023-12-08,backfill,O:AMZN231215C00150000,150.0,2023-12-15,2023-11-20,2.27,2.75,1.99,2.35,7327,302,2.27,,monthly_30d_30d_otm,weekly_1_strike0,35,13892
AMZN,2023-11-10,2023-12-08,backfill,O:AMZN231215C00150000,150.0,2023-12-15,2023-11-21,1.57,1.62,1.14,1.6,7558,248,1.57,,monthly_30d_30d_otm,weekly_1_strike0,35,13892
AMZN,2023-11-10,2023-12-08,backfill,O:AMZN231215C00150000,150.0,2023-12-15,2023-11-22,1.72,2.84,1.72,2.37,17671,277,1.72,,monthly_30d_30d_otm,weekly_1_strike0,35,13892
AMZN,2023-11-10,2023-12-08,backfill,O:AMZN231215C00150000,150.0,2023-12-15,2023-11-24,2.25,2.53,1.8,2.17,2773,179,2.25,,monthly_30d_30d_otm,weekly_1_strike0,35,13892
AMZN,2023-11-10,2023-12-08,backfill,O:AMZN231215C00150000,150.0,2023-12-15,2023-11-27,2.52,3.24,2.27,2.49,18529,337,2.52,,monthly_30d_30d_otm,weekly_1_strike0,35,13892
AMZN,2023-11-10,2023-12-08,backfill,O:AMZN231215C00150000,150.0,2023-12-15,2023-11-28,2.17,2.28,1.58,1.94,16673,311,2.17,,monthly_30d_30d_otm,weekly_1_strike0,35,13892
AMZN,2023-11-10,2023-12-08,backfill,O:AMZN231215C00150000,150.0,2023-12-15,2023-11-29,2.21,2.48,1.56,1.62,8614,310,2.21,,monthly_30d_30d_otm,weekly_1_strike0,35,13892
AMZN,2023-11-10,2023-12-08,backfill,O:AMZN231215C00150000,150.0,2023-12-15,2023-11-30,1.11,1.88,0.98,1.44,8174,312,1.11,,monthly_30d_30d_otm,weekly_1_strike0,35,13892
AMZN,2023-11-10,2023-12-08,backfill,O:AMZN231215C00150000,150.0,2023-12-15,2023-12-01,1.36,1.62,1.24,1.5,7255,315,1.36,,monthly_30d_30d_otm,weekly_1_strike0,35,13892
AMZN,2023-11-10,2023-12-08,backfill,O:AMZN231215C00150000,150.0,2023-12-15,2023-12-04,1.03,1.03,0.56,0.88,6472,297,1.03,,monthly_30d_30d_otm,weekly_1_strike0,35,13892
AMZN,2023-11-10,2023-12-08,backfill,O:AMZN231215C00150000,150.0,2023-12-15,2023-12-05,0.62,2.15,0.56,1.4,14112,349,0.62,,monthly_30d_30d_otm,weekly_1_strike0,35,13892
AMZN,2023-11-10,2023-12-08,backfill,O:AMZN231215C00150000,150.0,2023-12-15,2023-12-06,1.58,1.69,0.64,0.64,9672,309,1.58,,monthly_30d_30d_otm,weekly_1_strike0,35,13892
AMZN,2023-11-10,2023-12-08,backfill,O:AMZN231215C00150000,150.0,2023-12-15,2023-12-07,1.02,1.5,0.83,1.12,17092,364,1.02,,monthly_30d_30d_otm,weekly_1_strike0,35,13892
AMZN,2023-11-10,2023-12-08,backfill,O:AMZN231215C00150000,150.0,2023-12-15,2023-12-08,0.72,1.15,0.69,1.0,23035,375,0.72,,monthly_30d_30d_otm,weekly_1_strike0,35,13892
AMZN,2024-12-16,2025-01-15,backfill,O:AMZN250117C00240000,240.0,2025-01-17,2024-12-16,3.95,4.75,3.2,4.75,4433,268,3.95,,monthly_30d_30d_otm,weekly_2_strike0,32,4433
AMZN,2024-12-16,2025-01-15,backfill,O:AMZN250117C00240000,240.0,2025-01-17,2024-12-17,4.3,4.6,3.2,4.15,10585,236,4.3,,monthly_30d_30d_otm,weekly_2_strike0,32,4433
AMZN,2024-12-16,2025-01-15,backfill,O:AMZN250117C00240000,240.0,2025-01-17,2024-12-18,3.75,4.06,1.85,1.99,11805,243,3.75,,monthly_30d_30d_otm,weekly_2_strike0,32,4433
AMZN,2024-12-16,2025-01-15,backfill,O:AMZN250117C00240000,240.0,2025-01-17,2024-12-19,2.53,2.7,2.1,2.31,6810,220,2.53,,monthly_30d_30d_otm,weekly_2_strike0,32,4433
AMZN,2024-12-16,2025-01-15,backfill,O:AMZN250117C00240000,240.0,2025-01-17,2024-12-20,1.64,2.02,1.3,1.81,4351,266,1.64,,monthly_30d_30d_otm,weekly_2_strike0,32,4433
AMZN,2024-12-16,2025-01-15,backfill,O:AMZN250117C00240000,240.0,2025-01-17,2024-12-23,1.74,1.85,1.33,1.34,1950,213,1.74,,monthly_30d_30d_otm,weekly_2_strike0,32,4433
AMZN,2024-12-16,2025-01-15,backfill,O:AMZN250117C00240000,240.0,2025-01-17,2024-12-24,1.54,1.96,1.45,1.75,3425,139,1.54,,monthly_30d_30d_otm,weekly_2_strike0,32,4433
AMZN,2024-12-16,2025-01-15,backfill,O:AMZN250117C00240000,240.0,2025-01-17,2024-12-26,1.55,1.65,1.28,1.33,2058,191,1.55,,monthly_30d_30d_otm,weekly_2_strike0,32,4433
AMZN,2024-12-16,2025-01-15,backfill,O:AMZN250117C00240000,240.0,2025-01-17,2024-12-27,1.13,1.16,0.66,0.81,9968,194,1.13,,monthly_30d_30d_otm,weekly_2_strike0,32,4433
AMZN,2024-12-16,2025-01-15,backfill,O:AMZN250117C00240000,240.0,2025-01-17,2024-12-30,0.5,0.56,0.38,0.48,3123,152,0.5,,monthly_30d_30d_otm,weekly_2_strike0,32,4433
AMZN,2024-12-16,2025-01-15,backfill,O:AMZN250117C00240000,240.0,2025-01-17,2024-12-31,0.55,0.56,0.3,0.31,1109,110,0.55,,monthly_30d_30d_otm,weekly_2_strike0,32,4433
AMZN,2024-12-16,2025-01-15,backfill,O:AMZN250117C00240000,240.0,2025-01-17,2025-01-02,0.41,0.65,0.3,0.32,2168,130,0.41,,monthly_30d_30d_otm,weekly_2_strike0,32,4433
AMZN,2024-12-16,2025-01-15,backfill,O:AMZN250117C00240000,240.0,2025-01-17,2025-01-03,0.41,0.63,0.34,0.42,944,140,0.41,,monthly_30d_30d_otm,weekly_2_strike0,32,4433
AMZN,2024-12-16,2025-01-15,backfill,O:AMZN250117C00240000,240.0,2025-01-17,2025-01-06,0.59,0.82,0.42,0.64,6722,237,0.59,,monthly_30d_30d_otm,weekly_2_strike0,32,4433
AMZN,2024-12-16,2025-01-15,backfill,O:AMZN250117C00240000,240.0,2025-01-17,2025-01-07,0.66,0.69,0.22,0.25,6099,168,0.66,,monthly_30d_30d_otm,weekly_2_strike0,32,4433
AMZN,2024-12-16,2025-01-15,backfill,O:AMZN250117C00240000,240.0,2025-01-17,2025-01-08,0.3,0.3,0.15,0.16,2280,161,0.3,,monthly_30d_30d_otm,weekly_2_strike0,32,4433
AMZN,2024-12-16,2025-01-15,backfill,O:AMZN250117C00240000,240.0,2025-01-17,2025-01-10,0.15,0.16,0.05,0.07,3601,143,0.15,,monthly_30d_30d_otm,weekly_2_strike0,32,4433
AMZN,2024-12-16,2025-01-15,backfill,O:AMZN250117C00240000,240.0,2025-01-17,2025-01-13,0.06,0.06,0.03,0.04,3009,123,0.06,,monthly_30d_30d_otm,weekly_2_strike0,32,4433
AMZN,2024-12-16,2025-01-15,backfill,O:AMZN250117C00240000,240.0,2025-01-17,2025-01-14,0.06,0.06,0.01,0.03,2032,96,0.06,,monthly_30d_30d_otm,weekly_2_strike0,32,4433
AMZN,2024-12-16,2025-01-15,backfill,O:AMZN250117C00240000,240.0,2025-01-17,2025-01-15,0.03,0.07,0.01,0.02,804,109,0.03,,monthly_30d_30d_otm,weekly_2_strike0,32,4433
ARM,2026-03-19,2026-04-02,backfill,O:ARM260417C00125000,125.0,2026-04-17,2026-03-19,8.42,11.25,7.9,10.95,33,13,8.42,,monthly_30d_atm,weekly_2_strike0,29,33
ARM,2026-03-19,2026-04-02,backfill,O:ARM260417C00125000,125.0,2026-04-17,2026-03-20,16.32,18.0,12.46,12.46,271,50,16.32,,monthly_30d_atm,weekly_2_strike0,29,33
ARM,2026-03-19,2026-04-02,backfill,O:ARM260417C00125000,125.0,2026-04-17,2026-03-23,15.7,17.08,14.05,17.08,66,24,15.7,,monthly_30d_atm,weekly_2_strike0,29,33
ARM,2026-03-19,2026-04-02,backfill,O:ARM260417C00125000,125.0,2026-04-17,2026-03-24,14.2,18.4,13.27,13.27,41,12,14.2,,monthly_30d_atm,weekly_2_strike0,29,33
ARM,2026-03-19,2026-04-02,backfill,O:ARM260417C00125000,125.0,2026-04-17,2026-03-25,24.0,39.95,24.0,33.65,270,52,24.0,,monthly_30d_atm,weekly_2_strike0,29,33
ARM,2026-03-19,2026-04-02,backfill,O:ARM260417C00125000,125.0,2026-04-17,2026-03-26,35.59,37.55,31.0,31.0,53,10,35.59,,monthly_30d_atm,weekly_2_strike0,29,33
ARM,2026-03-19,2026-04-02,backfill,O:ARM260417C00125000,125.0,2026-04-17,2026-03-27,29.08,29.08,21.69,21.85,617,7,29.08,,monthly_30d_atm,weekly_2_strike0,29,33
ARM,2026-03-19,2026-04-02,backfill,O:ARM260417C00125000,125.0,2026-04-17,2026-03-30,18.19,19.47,14.8,15.3,17,8,18.19,,monthly_30d_atm,weekly_2_strike0,29,33
ARM,2026-03-19,2026-04-02,backfill,O:ARM260417C00125000,125.0,2026-04-17,2026-03-31,22.12,27.62,21.71,27.62,19,14,22.12,,monthly_30d_atm,weekly_2_strike0,29,33
ARM,2026-03-19,2026-04-02,backfill,O:ARM260417C00125000,125.0,2026-04-17,2026-04-01,32.66,33.69,29.99,30.44,62,8,32.66,,monthly_30d_atm,weekly_2_strike0,29,33
ARM,2026-03-19,2026-04-02,backfill,O:ARM260417C00125000,125.0,2026-04-17,2026-04-02,24.56,25.8,23.17,23.17,9,3,24.56,,monthly_30d_atm,weekly_2_strike0,29,33
AVGO,2020-06-02,2020-06-29,backfill,O:AVGO200717C00310000,310.0,2020-07-17,2020-06-02,6.85,8.9,6.85,8.6,111,18,6.85,,monthly_30d_30d_otm,weekly_2_strike0,45,111
AVGO,2020-06-02,2020-06-29,backfill,O:AVGO200717C00310000,310.0,2020-07-17,2020-06-03,10.1,14.69,10.1,14.69,186,59,10.1,,monthly_30d_30d_otm,weekly_2_strike0,45,111
AVGO,2020-06-02,2020-06-29,backfill,O:AVGO200717C00310000,310.0,2020-07-17,2020-06-04,13.01,15.59,11.7,13.7,105,43,13.01,,monthly_30d_30d_otm,weekly_2_strike0,45,111
AVGO,2020-06-02,2020-06-29,backfill,O:AVGO200717C00310000,310.0,2020-07-17,2020-06-05,18.1,24.1,14.75,14.75,109,47,18.1,,monthly_30d_30d_otm,weekly_2_strike0,45,111
AVGO,2020-06-02,2020-06-29,backfill,O:AVGO200717C00310000,310.0,2020-07-17,2020-06-08,16.3,16.3,13.8,15.55,229,26,16.3,,monthly_30d_30d_otm,weekly_2_strike0,45,111
AVGO,2020-06-02,2020-06-29,backfill,O:AVGO200717C00310000,310.0,2020-07-17,2020-06-09,13.08,16.8,12.92,15.14,27,16,13.08,,monthly_30d_30d_otm,weekly_2_strike0,45,111
AVGO,2020-06-02,2020-06-29,backfill,O:AVGO200717C00310000,310.0,2020-07-17,2020-06-10,15.7,16.2,14.7,14.89,137,18,15.7,,monthly_30d_30d_otm,weekly_2_strike0,45,111
AVGO,2020-06-02,2020-06-29,backfill,O:AVGO200717C00310000,310.0,2020-07-17,2020-06-11,11.69,11.69,8.0,8.0,208,43,11.69,,monthly_30d_30d_otm,weekly_2_strike0,45,111
AVGO,2020-06-02,2020-06-29,backfill,O:AVGO200717C00310000,310.0,2020-07-17,2020-06-12,9.9,10.0,7.78,8.4,44,13,9.9,,monthly_30d_30d_otm,weekly_2_strike0,45,111
AVGO,2020-06-02,2020-06-29,backfill,O:AVGO200717C00310000,310.0,2020-07-17,2020-06-15,8.3,11.3,7.7,10.29,88,24,8.3,,monthly_30d_30d_otm,weekly_2_strike0,45,111
AVGO,2020-06-02,2020-06-29,backfill,O:AVGO200717C00310000,310.0,2020-07-17,2020-06-16,11.8,14.5,10.56,12.6,327,41,11.8,,monthly_30d_30d_otm,weekly_2_strike0,45,111
AVGO,2020-06-02,2020-06-29,backfill,O:AVGO200717C00310000,310.0,2020-07-17,2020-06-17,13.8,15.47,13.53,14.0,38,15,13.8,,monthly_30d_30d_otm,weekly_2_strike0,45,111
AVGO,2020-06-02,2020-06-29,backfill,O:AVGO200717C00310000,310.0,2020-07-17,2020-06-18,15.0,16.0,14.6,16.0,15,8,15.0,,monthly_30d_30d_otm,weekly_2_strike0,45,111
AVGO,2020-06-02,2020-06-29,backfill,O:AVGO200717C00310000,310.0,2020-07-17,2020-06-19,15.8,16.33,10.0,10.0,158,32,15.8,,monthly_30d_30d_otm,weekly_2_strike0,45,111
AVGO,2020-06-02,2020-06-29,backfill,O:AVGO200717C00310000,310.0,2020-07-17,2020-06-22,10.0,13.44,9.75,13.4,110,25,10.0,,monthly_30d_30d_otm,weekly_2_strike0,45,111
AVGO,2020-06-02,2020-06-29,backfill,O:AVGO200717C00310000,310.0,2020-07-17,2020-06-23,14.5,14.5,11.95,11.95,34,15,14.5,,monthly_30d_30d_otm,weekly_2_strike0,45,111
AVGO,2020-06-02,2020-06-29,backfill,O:AVGO200717C00310000,310.0,2020-07-17,2020-06-24,11.04,11.5,9.4,10.5,40,30,11.04,,monthly_30d_30d_otm,weekly_2_strike0,45,111
AVGO,2020-06-02,2020-06-29,backfill,O:AVGO200717C00310000,310.0,2020-07-17,2020-06-25,9.1,10.0,8.53,10.0,54,16,9.1,,monthly_30d_30d_otm,weekly_2_strike0,45,111
AVGO,2020-06-02,2020-06-29,backfill,O:AVGO200717C00310000,310.0,2020-07-17,2020-06-26,12.9,12.9,9.1,10.44,57,24,12.9,,monthly_30d_30d_otm,weekly_2_strike0,45,111
AVGO,2020-06-02,2020-06-29,backfill,O:AVGO200717C00310000,310.0,2020-07-17,2020-06-29,8.38,10.0,8.23,10.0,52,15,8.38,,monthly_30d_30d_otm,weekly_2_strike0,45,111
AVGO,2020-09-29,2020-10-26,backfill,O:AVGO201120C00400000,400.0,2020-11-20,2020-09-29,7.9,8.6,7.0,7.0,83,11,7.9,,monthly_45d_30d_otm,weekly_2_strike0,52,83
AVGO,2020-09-29,2020-10-26,backfill,O:AVGO201120C00400000,400.0,2020-11-20,2020-09-30,7.0,8.0,6.4,7.2,52,16,7.0,,monthly_45d_30d_otm,weekly_2_strike0,52,83
AVGO,2020-09-29,2020-10-26,backfill,O:AVGO201120C00400000,400.0,2020-11-20,2020-10-01,8.02,8.5,6.9,8.5,35,16,8.02,,monthly_45d_30d_otm,weekly_2_strike0,52,83
AVGO,2020-09-29,2020-10-26,backfill,O:AVGO201120C00400000,400.0,2020-11-20,2020-10-02,7.47,7.47,5.7,5.7,32,6,7.47,,monthly_45d_30d_otm,weekly_2_strike0,52,83
AVGO,2020-09-29,2020-10-26,backfill,O:AVGO201120C00400000,400.0,2020-11-20,2020-10-05,7.0,7.0,6.4,6.8,43,11,7.0,,monthly_45d_30d_otm,weekly_2_strike0,52,83
AVGO,2020-09-29,2020-10-26,backfill,O:AVGO201120C00400000,400.0,2020-11-20,2020-10-06,6.6,8.4,6.0,6.25,86,34,6.6,,monthly_45d_30d_otm,weekly_2_strike0,52,83
AVGO,2020-09-29,2020-10-26,backfill,O:AVGO201120C00400000,400.0,2020-11-20,2020-10-07,7.0,7.2,6.3,6.3,35,8,7.0,,monthly_45d_30d_otm,weekly_2_strike0,52,83
AVGO,2020-09-29,2020-10-26,backfill,O:AVGO201120C00400000,400.0,2020-11-20,2020-10-08,6.9,8.1,6.6,7.35,103,20,6.9,,monthly_45d_30d_otm,weekly_2_strike0,52,83
AVGO,2020-09-29,2020-10-26,backfill,O:AVGO201120C00400000,400.0,2020-11-20,2020-10-09,8.5,8.9,7.38,7.38,47,21,8.5,,monthly_45d_30d_otm,weekly_2_strike0,52,83
AVGO,2020-09-29,2020-10-26,backfill,O:AVGO201120C00400000,400.0,2020-11-20,2020-10-12,9.1,10.1,8.4,9.3,94,33,9.1,,monthly_45d_30d_otm,weekly_2_strike0,52,83
AVGO,2020-09-29,2020-10-26,backfill,O:AVGO201120C00400000,400.0,2020-11-20,2020-10-13,10.1,10.7,7.95,8.9,131,22,10.1,,monthly_45d_30d_otm,weekly_2_strike0,52,83
AVGO,2020-09-29,2020-10-26,backfill,O:AVGO201120C00400000,400.0,2020-11-20,2020-10-14,8.8,8.8,7.4,8.5,91,17,8.8,,monthly_45d_30d_otm,weekly_2_strike0,52,83
AVGO,2020-09-29,2020-10-26,backfill,O:AVGO201120C00400000,400.0,2020-11-20,2020-10-15,7.6,7.9,6.5,7.9,79,11,7.6,,monthly_45d_30d_otm,weekly_2_strike0,52,83
AVGO,2020-09-29,2020-10-26,backfill,O:AVGO201120C00400000,400.0,2020-11-20,2020-10-16,8.1,8.1,7.13,7.34,104,20,8.1,,monthly_45d_30d_otm,weekly_2_strike0,52,83
AVGO,2020-09-29,2020-10-26,backfill,O:AVGO201120C00400000,400.0,2020-11-20,2020-10-19,7.92,8.1,5.9,6.07,63,23,7.92,,monthly_45d_30d_otm,weekly_2_strike0,52,83
AVGO,2020-09-29,2020-10-26,backfill,O:AVGO201120C00400000,400.0,2020-11-20,2020-10-20,6.2,6.2,5.5,6.1,44,14,6.2,,monthly_45d_30d_otm,weekly_2_strike0,52,83
AVGO,2020-09-29,2020-10-26,backfill,O:AVGO201120C00400000,400.0,2020-11-20,2020-10-21,4.2,5.1,4.2,4.2,8,5,4.2,,monthly_45d_30d_otm,weekly_2_strike0,52,83
AVGO,2020-09-29,2020-10-26,backfill,O:AVGO201120C00400000,400.0,2020-11-20,2020-10-22,3.91,4.3,3.4,4.3,37,15,3.91,,monthly_45d_30d_otm,weekly_2_strike0,52,83
AVGO,2020-09-29,2020-10-26,backfill,O:AVGO201120C00400000,400.0,2020-11-20,2020-10-23,3.8,4.0,3.43,3.43,42,10,3.8,,monthly_45d_30d_otm,weekly_2_strike0,52,83
AVGO,2020-09-29,2020-10-26,backfill,O:AVGO201120C00400000,400.0,2020-11-20,2020-10-26,2.53,2.6,1.47,2.19,74,24,2.53,,monthly_45d_30d_otm,weekly_2_strike0,52,83
AVGO,2021-02-04,2021-03-04,backfill,O:AVGO210319C00480000,480.0,2021-03-19,2021-02-04,12.5,15.25,11.2,15.25,20,10,12.5,,monthly_30d_35d_otm,weekly_2_strike0,43,20
AVGO,2021-02-04,2021-03-04,backfill,O:AVGO210319C00480000,480.0,2021-03-19,2021-02-05,17.92,17.92,14.8,14.9,19,9,17.92,,monthly_30d_35d_otm,weekly_2_strike0,43,20
AVGO,2021-02-04,2021-03-04,backfill,O:AVGO210319C00480000,480.0,2021-03-19,2021-02-08,15.4,17.0,14.2,17.0,22,9,15.4,,monthly_30d_35d_otm,weekly_2_strike0,43,20
AVGO,2021-02-04,2021-03-04,backfill,O:AVGO210319C00480000,480.0,2021-03-19,2021-02-09,17.0,18.31,17.0,18.0,12,5,17.0,,monthly_30d_35d_otm,weekly_2_strike0,43,20
AVGO,2021-02-04,2021-03-04,backfill,O:AVGO210319C00480000,480.0,2021-03-19,2021-02-10,16.29,17.3,15.5,17.3,39,10,16.29,,monthly_30d_35d_otm,weekly_2_strike0,43,20
AVGO,2021-02-04,2021-03-04,backfill,O:AVGO210319C00480000,480.0,2021-03-19,2021-02-11,18.1,20.8,17.67,20.8,51,18,18.1,,monthly_30d_35d_otm,weekly_2_strike0,43,20
AVGO,2021-02-04,2021-03-04,backfill,O:AVGO210319C00480000,480.0,2021-03-19,2021-02-12,19.5,24.8,19.5,24.46,122,31,19.5,,monthly_30d_35d_otm,weekly_2_strike0,43,20
AVGO,2021-02-04,2021-03-04,backfill,O:AVGO210319C00480000,480.0,2021-03-19,2021-02-16,25.71,28.66,24.3,24.3,41,14,25.71,,monthly_30d_35d_otm,weekly_2_strike0,43,20
AVGO,2021-02-04,2021-03-04,backfill,O:AVGO210319C00480000,480.0,2021-03-19,2021-02-17,21.5,22.5,17.4,21.21,106,27,21.5,,monthly_30d_35d_otm,weekly_2_strike0,43,20
AVGO,2021-02-04,2021-03-04,backfill,O:AVGO210319C00480000,480.0,2021-03-19,2021-02-18,19.2,22.1,16.1,21.0,192,22,19.2,,monthly_30d_35d_otm,weekly_2_strike0,43,20
AVGO,2021-02-04,2021-03-04,backfill,O:AVGO210319C00480000,480.0,2021-03-19,2021-02-19,23.0,26.1,22.6,23.8,18,13,23.0,,monthly_30d_35d_otm,weekly_2_strike0,43,20
AVGO,2021-02-04,2021-03-04,backfill,O:AVGO210319C00480000,480.0,2021-03-19,2021-02-22,21.45,21.7,16.5,16.5,25,18,21.45,,monthly_30d_35d_otm,weekly_2_strike0,43,20
AVGO,2021-02-04,2021-03-04,backfill,O:AVGO210319C00480000,480.0,2021-03-19,2021-02-23,10.6,13.5,8.0,12.8,35,15,10.6,,monthly_30d_35d_otm,weekly_2_strike0,43,20
AVGO,2021-02-04,2021-03-04,backfill,O:AVGO210319C00480000,480.0,2021-03-19,2021-02-24,11.1,18.4,10.97,18.4,56,14,11.1,,monthly_30d_35d_otm,weekly_2_strike0,43,20
AVGO,2021-02-04,2021-03-04,backfill,O:AVGO210319C00480000,480.0,2021-03-19,2021-02-25,15.74,15.74,9.42,10.0,211,24,15.74,,monthly_30d_35d_otm,weekly_2_strike0,43,20
AVGO,2021-02-04,2021-03-04,backfill,O:AVGO210319C00480000,480.0,2021-03-19,2021-02-26,12.0,15.6,11.55,14.44,44,22,12.0,,monthly_30d_35d_otm,weekly_2_strike0,43,20
AVGO,2021-02-04,2021-03-04,backfill,O:AVGO210319C00480000,480.0,2021-03-19,2021-03-01,15.86,21.5,13.4,21.5,173,34,15.86,,monthly_30d_35d_otm,weekly_2_strike0,43,20
AVGO,2021-02-04,2021-03-04,backfill,O:AVGO210319C00480000,480.0,2021-03-19,2021-03-02,21.9,21.9,16.2,17.3,39,22,21.9,,monthly_30d_35d_otm,weekly_2_strike0,43,20
AVGO,2021-02-04,2021-03-04,backfill,O:AVGO210319C00480000,480.0,2021-03-19,2021-03-03,13.7,14.0,9.3,9.4,31,10,13.7,,monthly_30d_35d_otm,weekly_2_strike0,43,20
AVGO,2021-02-04,2021-03-04,backfill,O:AVGO210319C00480000,480.0,2021-03-19,2021-03-04,6.2,8.28,3.4,3.5,143,29,6.2,,monthly_30d_35d_otm,weekly_2_strike0,43,20
AVGO,2021-11-09,2021-12-07,backfill,O:AVGO211217C00580000,580.0,2021-12-17,2021-11-09,12.64,12.64,10.6,11.55,17,7,12.64,,monthly_30d_25d_otm,weekly_2_strike0,38,17
AVGO,2021-11-09,2021-12-07,backfill,O:AVGO211217C00580000,580.0,2021-12-17,2021-11-10,11.48,11.48,8.0,8.0,34,8,11.48,,monthly_30d_25d_otm,weekly_2_strike0,38,17
AVGO,2021-11-09,2021-12-07,backfill,O:AVGO211217C00580000,580.0,2021-12-17,2021-11-11,9.02,9.02,8.4,8.48,7,4,9.02,,monthly_30d_25d_otm,weekly_2_strike0,38,17
AVGO,2021-11-09,2021-12-07,backfill,O:AVGO211217C00580000,580.0,2021-12-17,2021-11-12,7.9,11.75,7.9,11.33,30,11,7.9,,monthly_30d_25d_otm,weekly_2_strike0,38,17
AVGO,2021-11-09,2021-12-07,backfill,O:AVGO211217C00580000,580.0,2021-12-17,2021-11-15,10.5,11.2,9.9,10.9,51,12,10.5,,monthly_30d_25d_otm,weekly_2_strike0,38,17
AVGO,2021-11-09,2021-12-07,backfill,O:AVGO211217C00580000,580.0,2021-12-17,2021-11-16,11.14,12.44,10.5,12.25,57,18,11.14,,monthly_30d_25d_otm,weekly_2_strike0,38,17
AVGO,2021-11-09,2021-12-07,backfill,O:AVGO211217C00580000,580.0,2021-12-17,2021-11-17,11.8,13.1,11.8,12.7,13,9,11.8,,monthly_30d_25d_otm,weekly_2_strike0,38,17
AVGO,2021-11-09,2021-12-07,backfill,O:AVGO211217C00580000,580.0,2021-12-17,2021-11-18,14.1,15.2,12.7,14.7,69,19,14.1,,monthly_30d_25d_otm,weekly_2_strike0,38,17
AVGO,2021-11-09,2021-12-07,backfill,O:AVGO211217C00580000,580.0,2021-12-17,2021-11-19,13.7,14.0,11.3,11.5,207,20,13.7,,monthly_30d_25d_otm,weekly_2_strike0,38,17
AVGO,2021-11-09,2021-12-07,backfill,O:AVGO211217C00580000,580.0,2021-12-17,2021-11-22,12.35,12.35,7.0,7.0,51,20,12.35,,monthly_30d_25d_otm,weekly_2_strike0,38,17
AVGO,2021-11-09,2021-12-07,backfill,O:AVGO211217C00580000,580.0,2021-12-17,2021-11-23,6.68,7.1,5.5,6.9,245,21,6.68,,monthly_30d_25d_otm,weekly_2_strike0,38,17
AVGO,2021-11-09,2021-12-07,backfill,O:AVGO211217C00580000,580.0,2021-12-17,2021-11-24,6.3,6.65,6.0,6.65,33,8,6.3,,monthly_30d_25d_otm,weekly_2_strike0,38,17
AVGO,2021-11-09,2021-12-07,backfill,O:AVGO211217C00580000,580.0,2021-12-17,2021-11-26,7.28,7.61,5.2,5.3,23,9,7.28,,monthly_30d_25d_otm,weekly_2_strike0,38,17
AVGO,2021-11-09,2021-12-07,backfill,O:AVGO211217C00580000,580.0,2021-12-17,2021-11-29,6.19,9.3,6.19,8.25,64,15,6.19,,monthly_30d_25d_otm,weekly_2_strike0,38,17
AVGO,2021-11-09,2021-12-07,backfill,O:AVGO211217C00580000,580.0,2021-12-17,2021-11-30,8.62,8.65,5.91,6.5,69,16,8.62,,monthly_30d_25d_otm,weekly_2_strike0,38,17
AVGO,2021-11-09,2021-12-07,backfill,O:AVGO211217C00580000,580.0,2021-12-17,2021-12-01,9.3,9.76,8.6,8.6,38,11,9.3,,monthly_30d_25d_otm,weekly_2_strike0,38,17
AVGO,2021-11-09,2021-12-07,backfill,O:AVGO211217C00580000,580.0,2021-12-17,2021-12-02,4.4,6.9,4.4,5.6,24,11,4.4,,monthly_30d_25d_otm,weekly_2_strike0,38,17
AVGO,2021-11-09,2021-12-07,backfill,O:AVGO211217C00580000,580.0,2021-12-17,2021-12-03,7.5,10.0,6.0,7.1,39,14,7.5,,monthly_30d_25d_otm,weekly_2_strike0,38,17
AVGO,2021-11-09,2021-12-07,backfill,O:AVGO211217C00580000,580.0,2021-12-17,2021-12-06,8.3,9.62,8.0,8.2,122,26,8.3,,monthly_30d_25d_otm,weekly_2_strike0,38,17
AVGO,2021-11-09,2021-12-07,backfill,O:AVGO211217C00580000,580.0,2021-12-17,2021-12-07,11.8,21.3,11.8,17.5,413,47,11.8,,monthly_30d_25d_otm,weekly_2_strike0,38,17
AVGO,2024-12-26,2025-01-27,backfill,O:AVGO250117C00240000,240.0,2025-01-17,2024-12-26,10.0,14.75,8.75,13.31,2169,233,10.0,,monthly_30d_atm,weekly_2_strike0,22,2169
AVGO,2024-12-26,2025-01-27,backfill,O:AVGO250117C00240000,240.0,2025-01-17,2024-12-27,12.94,13.0,8.75,10.9,1975,228,12.94,,monthly_30d_atm,weekly_2_strike0,22,2169
AVGO,2024-12-26,2025-01-27,backfill,O:AVGO250117C00240000,240.0,2025-01-17,2024-12-30,7.12,8.38,6.15,6.6,1099,177,7.12,,monthly_30d_atm,weekly_2_strike0,22,2169
AVGO,2024-12-26,2025-01-27,backfill,O:AVGO250117C00240000,240.0,2025-01-17,2024-12-31,6.58,7.4,4.7,4.8,1031,148,6.58,,monthly_30d_atm,weekly_2_strike0,22,2169
AVGO,2024-12-26,2025-01-27,backfill,O:AVGO250117C00240000,240.0,2025-01-17,2025-01-02,6.3,8.1,4.2,4.2,7502,251,6.3,,monthly_30d_atm,weekly_2_strike0,22,2169
AVGO,2024-12-26,2025-01-27,backfill,O:AVGO250117C00240000,240.0,2025-01-17,2025-01-03,4.75,5.8,3.37,4.1,5456,234,4.75,,monthly_30d_atm,weekly_2_strike0,22,2169
AVGO,2024-12-26,2025-01-27,backfill,O:AVGO250117C00240000,240.0,2025-01-17,2025-01-06,5.6,8.3,4.35,5.31,4807,286,5.6,,monthly_30d_atm,weekly_2_strike0,22,2169
AVGO,2024-12-26,2025-01-27,backfill,O:AVGO250117C00240000,240.0,2025-01-17,2025-01-07,6.3,6.3,2.37,2.44,3112,232,6.3,,monthly_30d_atm,weekly_2_strike0,22,2169
AVGO,2024-12-26,2025-01-27,backfill,O:AVGO250117C00240000,240.0,2025-01-17,2025-01-08,2.68,3.37,1.7,2.03,4689,214,2.68,,monthly_30d_atm,weekly_2_strike0,22,2169
AVGO,2024-12-26,2025-01-27,backfill,O:AVGO250117C00240000,240.0,2025-01-17,2025-01-10,1.45,1.66,0.67,0.75,3162,231,1.45,,monthly_30d_atm,weekly_2_strike0,22,2169
AVGO,2024-12-26,2025-01-27,backfill,O:AVGO250117C00240000,240.0,2025-01-17,2025-01-13,0.43,1.48,0.4,0.52,5450,263,0.43,,monthly_30d_atm,weekly_2_strike0,22,2169
AVGO,2024-12-26,2025-01-27,backfill,O:AVGO250117C00240000,240.0,2025-01-17,2025-01-14,0.59,1.05,0.25,0.29,4870,225,0.59,,monthly_30d_atm,weekly_2_strike0,22,2169
AVGO,2024-12-26,2025-01-27,backfill,O:AVGO250117C00240000,240.0,2025-01-17,2025-01-15,0.49,0.6,0.17,0.29,11307,273,0.49,,monthly_30d_atm,weekly_2_strike0,22,2169
AVGO,2024-12-26,2025-01-27,backfill,O:AVGO250117C00240000,240.0,2025-01-17,2025-01-16,1.08,2.25,0.1,0.11,23891,334,1.08,,monthly_30d_atm,weekly_2_strike0,22,2169
AVGO,2024-12-26,2025-01-27,backfill,O:AVGO250117C00240000,240.0,2025-01-17,2025-01-17,0.76,0.76,0.01,0.01,19635,358,0.76,,monthly_30d_atm,weekly_2_strike0,22,2169
AXP,2021-03-04,2021-03-31,backfill,O:AXP210416C00145000,145.0,2021-04-16,2021-03-04,5.65,5.85,4.31,5.67,131,21,5.65,,monthly_30d_40d_otm,weekly_2_strike0,43,131
AXP,2021-03-04,2021-03-31,backfill,O:AXP210416C00145000,145.0,2021-04-16,2021-03-05,6.2,8.05,5.4,7.9,163,26,6.2,,monthly_30d_40d_otm,weekly_2_strike0,43,131
AXP,2021-03-04,2021-03-31,backfill,O:AXP210416C00145000,145.0,2021-04-16,2021-03-08,8.4,10.35,7.57,10.35,315,30,8.4,,monthly_30d_40d_otm,weekly_2_strike0,43,131
AXP,2021-03-04,2021-03-31,backfill,O:AXP210416C00145000,145.0,2021-04-16,2021-03-09,9.29,9.29,5.85,6.22,159,32,9.29,,monthly_30d_40d_otm,weekly_2_strike0,43,131
AXP,2021-03-04,2021-03-31,backfill,O:AXP210416C00145000,145.0,2021-04-16,2021-03-10,6.45,7.5,6.12,6.8,84,25,6.45,,monthly_30d_40d_otm,weekly_2_strike0,43,131
AXP,2021-03-04,2021-03-31,backfill,O:AXP210416C00145000,145.0,2021-04-16,2021-03-11,6.31,6.88,6.0,6.88,68,9,6.31,,monthly_30d_40d_otm,weekly_2_strike0,43,131
AXP,2021-03-04,2021-03-31,backfill,O:AXP210416C00145000,145.0,2021-04-16,2021-03-12,8.1,9.0,7.45,7.7,203,43,8.1,,monthly_30d_40d_otm,weekly_2_strike0,43,131
AXP,2021-03-04,2021-03-31,backfill,O:AXP210416C00145000,145.0,2021-04-16,2021-03-15,7.5,7.5,5.89,6.15,123,31,7.5,,monthly_30d_40d_otm,weekly_2_strike0,43,131
AXP,2021-03-04,2021-03-31,backfill,O:AXP210416C00145000,145.0,2021-04-16,2021-03-16,5.98,5.98,3.9,4.05,454,78,5.98,,monthly_30d_40d_otm,weekly_2_strike0,43,131
AXP,2021-03-04,2021-03-31,backfill,O:AXP210416C00145000,145.0,2021-04-16,2021-03-17,4.5,4.6,3.45,4.55,176,54,4.5,,monthly_30d_40d_otm,weekly_2_strike0,43,131
AXP,2021-03-04,2021-03-31,backfill,O:AXP210416C00145000,145.0,2021-04-16,2021-03-18,5.0,5.0,3.59,3.6,240,36,5.0,,monthly_30d_40d_otm,weekly_2_strike0,43,131
AXP,2021-03-04,2021-03-31,backfill,O:AXP210416C00145000,145.0,2021-04-16,2021-03-19,3.23,3.41,2.7,2.8,249,49,3.23,,monthly_30d_40d_otm,weekly_2_strike0,43,131
AXP,2021-03-04,2021-03-31,backfill,O:AXP210416C00145000,145.0,2021-04-16,2021-03-22,2.14,2.35,1.89,2.05,50,21,2.14,,monthly_30d_40d_otm,weekly_2_strike0,43,131
AXP,2021-03-04,2021-03-31,backfill,O:AXP210416C00145000,145.0,2021-04-16,2021-03-23,1.85,1.85,0.81,1.0,475,62,1.85,,monthly_30d_40d_otm,weekly_2_strike0,43,131
AXP,2021-03-04,2021-03-31,backfill,O:AXP210416C00145000,145.0,2021-04-16,2021-03-24,1.1,1.77,1.1,1.55,86,21,1.1,,monthly_30d_40d_otm,weekly_2_strike0,43,131
AXP,2021-03-04,2021-03-31,backfill,O:AXP210416C00145000,145.0,2021-04-16,2021-03-25,1.34,2.66,1.2,2.66,120,33,1.34,,monthly_30d_40d_otm,weekly_2_strike0,43,131
AXP,2021-03-04,2021-03-31,backfill,O:AXP210416C00145000,145.0,2021-04-16,2021-03-26,2.98,3.07,2.15,2.98,147,20,2.98,,monthly_30d_40d_otm,weekly_2_strike0,43,131
AXP,2021-03-04,2021-03-31,backfill,O:AXP210416C00145000,145.0,2021-04-16,2021-03-29,2.29,2.64,1.71,2.31,429,31,2.29,,monthly_30d_40d_otm,weekly_2_strike0,43,131
AXP,2021-03-04,2021-03-31,backfill,O:AXP210416C00145000,145.0,2021-04-16,2021-03-30,2.42,3.0,2.23,2.4,588,90,2.42,,monthly_30d_40d_otm,weekly_2_strike0,43,131
AXP,2021-03-04,2021-03-31,backfill,O:AXP210416C00145000,145.0,2021-04-16,2021-03-31,2.41,2.41,1.72,1.72,121,32,2.41,,monthly_30d_40d_otm,weekly_2_strike0,43,131
AXP,2021-06-08,2021-07-06,backfill,O:AXP210716C00170000,170.0,2021-07-16,2021-06-08,2.21,3.45,2.21,3.3,109,22,2.21,,monthly_30d_30d_otm,weekly_2_strike0,38,109
AXP,2021-06-08,2021-07-06,backfill,O:AXP210716C00170000,170.0,2021-07-16,2021-06-09,2.64,2.68,2.37,2.46,156,19,2.64,,monthly_30d_30d_otm,weekly_2_strike0,38,109
AXP,2021-06-08,2021-07-06,backfill,O:AXP210716C00170000,170.0,2021-07-16,2021-06-10,2.35,2.35,1.68,1.74,38,15,2.35,,monthly_30d_30d_otm,weekly_2_strike0,38,109
AXP,2021-06-08,2021-07-06,backfill,O:AXP210716C00170000,170.0,2021-07-16,2021-06-11,1.64,1.98,1.64,1.98,67,10,1.64,,monthly_30d_30d_otm,weekly_2_strike0,38,109
AXP,2021-06-08,2021-07-06,backfill,O:AXP210716C00170000,170.0,2021-07-16,2021-06-14,2.08,2.08,1.58,1.62,291,23,2.08,,monthly_30d_30d_otm,weekly_2_strike0,38,109
AXP,2021-06-08,2021-07-06,backfill,O:AXP210716C00170000,170.0,2021-07-16,2021-06-15,2.0,2.75,2.0,2.5,836,57,2.0,,monthly_30d_30d_otm,weekly_2_strike0,38,109
AXP,2021-06-08,2021-07-06,backfill,O:AXP210716C00170000,170.0,2021-07-16,2021-06-16,2.14,2.55,1.98,1.98,208,21,2.14,,monthly_30d_30d_otm,weekly_2_strike0,38,109
AXP,2021-06-08,2021-07-06,backfill,O:AXP210716C00170000,170.0,2021-07-16,2021-06-17,1.89,1.89,1.0,1.15,209,34,1.89,,monthly_30d_30d_otm,weekly_2_strike0,38,109
AXP,2021-06-08,2021-07-06,backfill,O:AXP210716C00170000,170.0,2021-07-16,2021-06-18,1.15,1.15,0.42,0.82,74,30,1.15,,monthly_30d_30d_otm,weekly_2_strike0,38,109
AXP,2021-06-08,2021-07-06,backfill,O:AXP210716C00170000,170.0,2021-07-16,2021-06-21,0.89,1.85,0.89,1.84,417,47,0.89,,monthly_30d_30d_otm,weekly_2_strike0,38,109
AXP,2021-06-08,2021-07-06,backfill,O:AXP210716C00170000,170.0,2021-07-16,2021-06-22,1.3,1.7,1.2,1.59,574,21,1.3,,monthly_30d_30d_otm,weekly_2_strike0,38,109
AXP,2021-06-08,2021-07-06,backfill,O:AXP210716C00170000,170.0,2021-07-16,2021-06-23,1.69,2.06,1.69,1.9,226,27,1.69,,monthly_30d_30d_otm,weekly_2_strike0,38,109
AXP,2021-06-08,2021-07-06,backfill,O:AXP210716C00170000,170.0,2021-07-16,2021-06-24,2.0,2.7,1.94,2.48,290,39,2.0,,monthly_30d_30d_otm,weekly_2_strike0,38,109
AXP,2021-06-08,2021-07-06,backfill,O:AXP210716C00170000,170.0,2021-07-16,2021-06-25,3.0,3.4,2.63,2.76,572,62,3.0,,monthly_30d_30d_otm,weekly_2_strike0,38,109
AXP,2021-06-08,2021-07-06,backfill,O:AXP210716C00170000,170.0,2021-07-16,2021-06-28,2.02,2.18,0.83,1.13,508,71,2.02,,monthly_30d_30d_otm,weekly_2_strike0,38,109
AXP,2021-06-08,2021-07-06,backfill,O:AXP210716C00170000,170.0,2021-07-16,2021-06-29,0.84,1.09,0.74,0.84,102,27,0.84,,monthly_30d_30d_otm,weekly_2_strike0,38,109
AXP,2021-06-08,2021-07-06,backfill,O:AXP210716C00170000,170.0,2021-07-16,2021-06-30,0.9,1.31,0.9,1.06,398,33,0.9,,monthly_30d_30d_otm,weekly_2_strike0,38,109
AXP,2021-06-08,2021-07-06,backfill,O:AXP210716C00170000,170.0,2021-07-16,2021-07-01,1.04,1.7,1.02,1.56,261,49,1.04,,monthly_30d_30d_otm,weekly_2_strike0,38,109
AXP,2021-06-08,2021-07-06,backfill,O:AXP210716C00170000,170.0,2021-07-16,2021-07-02,1.58,2.01,1.58,1.85,373,54,1.58,,monthly_30d_30d_otm,weekly_2_strike0,38,109
AXP,2021-06-08,2021-07-06,backfill,O:AXP210716C00170000,170.0,2021-07-16,2021-07-06,2.23,3.54,1.55,2.3,788,120,2.23,,monthly_30d_30d_otm,weekly_2_strike0,38,109
AXP,2022-02-10,2022-03-01,backfill,O:AXP220318C00210000,210.0,2022-03-18,2022-02-10,2.19,2.55,1.91,2.12,1372,52,2.19,,monthly_30d_30d_otm,weekly_2_strike1,36,1372
AXP,2022-02-10,2022-03-01,backfill,O:AXP220318C00210000,210.0,2022-03-18,2022-02-11,2.06,2.33,1.46,1.57,524,40,2.06,,monthly_30d_30d_otm,weekly_2_strike1,36,1372
AXP,2022-02-10,2022-03-01,backfill,O:AXP220318C00210000,210.0,2022-03-18,2022-02-14,1.75,1.75,1.24,1.35,469,30,1.75,,monthly_30d_30d_otm,weekly_2_strike1,36,1372
AXP,2022-02-10,2022-03-01,backfill,O:AXP220318C00210000,210.0,2022-03-18,2022-02-15,1.48,2.3,1.48,2.26,916,104,1.48,,monthly_30d_30d_otm,weekly_2_strike1,36,1372
AXP,2022-02-10,2022-03-01,backfill,O:AXP220318C00210000,210.0,2022-03-18,2022-02-16,2.36,2.6,1.98,2.0,178,57,2.36,,monthly_30d_30d_otm,weekly_2_strike1,36,1372
AXP,2022-02-10,2022-03-01,backfill,O:AXP220318C00210000,210.0,2022-03-18,2022-02-17,1.26,1.75,1.26,1.57,150,36,1.26,,monthly_30d_30d_otm,weekly_2_strike1,36,1372
AXP,2022-02-10,2022-03-01,backfill,O:AXP220318C00210000,210.0,2022-03-18,2022-02-18,1.74,1.77,1.36,1.38,84,26,1.74,,monthly_30d_30d_otm,weekly_2_strike1,36,1372
AXP,2022-02-10,2022-03-01,backfill,O:AXP220318C00210000,210.0,2022-03-18,2022-02-22,1.27,1.42,1.01,1.13,134,29,1.27,,monthly_30d_30d_otm,weekly_2_strike1,36,1372
AXP,2022-02-10,2022-03-01,backfill,O:AXP220318C00210000,210.0,2022-03-18,2022-02-23,1.06,1.06,0.66,0.66,107,32,1.06,,monthly_30d_30d_otm,weekly_2_strike1,36,1372
AXP,2022-02-10,2022-03-01,backfill,O:AXP220318C00210000,210.0,2022-03-18,2022-02-24,0.69,0.69,0.3,0.43,177,29,0.69,,monthly_30d_30d_otm,weekly_2_strike1,36,1372
AXP,2022-02-10,2022-03-01,backfill,O:AXP220318C00210000,210.0,2022-03-18,2022-02-25,0.58,0.85,0.55,0.85,67,21,0.58,,monthly_30d_30d_otm,weekly_2_strike1,36,1372
AXP,2022-02-10,2022-03-01,backfill,O:AXP220318C00210000,210.0,2022-03-18,2022-02-28,0.67,0.87,0.53,0.86,193,17,0.67,,monthly_30d_30d_otm,weekly_2_strike1,36,1372
AXP,2022-02-10,2022-03-01,backfill,O:AXP220318C00210000,210.0,2022-03-18,2022-03-01,0.64,0.64,0.2,0.2,88,23,0.64,,monthly_30d_30d_otm,weekly_2_strike1,36,1372
AXP,2022-03-25,2022-04-22,backfill,O:AXP220520C00190000,190.0,2022-05-20,2022-03-25,9.54,9.99,8.9,8.9,885,24,9.54,,monthly_45d_atm,weekly_1_strike0,56,885
AXP,2022-03-25,2022-04-22,backfill,O:AXP220520C00190000,190.0,2022-05-20,2022-03-28,8.93,8.93,7.4,8.48,35,22,8.93,,monthly_45d_atm,weekly_1_strike0,56,885
AXP,2022-03-25,2022-04-22,backfill,O:AXP220520C00190000,190.0,2022-05-20,2022-03-29,10.6,10.7,8.87,8.87,52,25,10.6,,monthly_45d_atm,weekly_1_strike0,56,885
AXP,2022-03-25,2022-04-22,backfill,O:AXP220520C00190000,190.0,2022-05-20,2022-03-30,9.0,9.47,7.5,7.5,120,12,9.0,,monthly_45d_atm,weekly_1_strike0,56,885
AXP,2022-03-25,2022-04-22,backfill,O:AXP220520C00190000,190.0,2022-05-20,2022-03-31,9.0,9.0,7.48,7.48,41,18,9.0,,monthly_45d_atm,weekly_1_strike0,56,885
AXP,2022-03-25,2022-04-22,backfill,O:AXP220520C00190000,190.0,2022-05-20,2022-04-01,7.7,7.82,6.75,6.9,71,16,7.7,,monthly_45d_atm,weekly_1_strike0,56,885
AXP,2022-03-25,2022-04-22,backfill,O:AXP220520C00190000,190.0,2022-05-20,2022-04-04,6.85,7.05,6.1,6.22,29,17,6.85,,monthly_45d_atm,weekly_1_strike0,56,885
AXP,2022-03-25,2022-04-22,backfill,O:AXP220520C00190000,190.0,2022-05-20,2022-04-05,7.8,8.15,5.83,5.83,100,16,7.8,,monthly_45d_atm,weekly_1_strike0,56,885
AXP,2022-03-25,2022-04-22,backfill,O:AXP220520C00190000,190.0,2022-05-20,2022-04-06,5.31,5.75,4.8,5.35,29,13,5.31,,monthly_45d_atm,weekly_1_strike0,56,885
AXP,2022-03-25,2022-04-22,backfill,O:AXP220520C00190000,190.0,2022-05-20,2022-04-07,4.7,5.39,4.0,5.39,99,16,4.7,,monthly_45d_atm,weekly_1_strike0,56,885
AXP,2022-03-25,2022-04-22,backfill,O:AXP220520C00190000,190.0,2022-05-20,2022-04-08,5.25,6.5,5.05,5.7,96,22,5.25,,monthly_45d_atm,weekly_1_strike0,56,885
AXP,2022-03-25,2022-04-22,backfill,O:AXP220520C00190000,190.0,2022-05-20,2022-04-11,4.61,4.75,3.55,3.55,89,30,4.61,,monthly_45d_atm,weekly_1_strike0,56,885
AXP,2022-03-25,2022-04-22,backfill,O:AXP220520C00190000,190.0,2022-05-20,2022-04-12,3.15,3.6,2.51,2.59,139,15,3.15,,monthly_45d_atm,weekly_1_strike0,56,885
AXP,2022-03-25,2022-04-22,backfill,O:AXP220520C00190000,190.0,2022-05-20,2022-04-13,3.01,3.7,3.01,3.7,40,23,3.01,,monthly_45d_atm,weekly_1_strike0,56,885
AXP,2022-03-25,2022-04-22,backfill,O:AXP220520C00190000,190.0,2022-05-20,2022-04-14,3.59,4.25,3.59,4.05,141,16,3.59,,monthly_45d_atm,weekly_1_strike0,56,885
AXP,2022-03-25,2022-04-22,backfill,O:AXP220520C00190000,190.0,2022-05-20,2022-04-18,3.95,5.62,3.95,5.05,132,33,3.95,,monthly_45d_atm,weekly_1_strike0,56,885
AXP,2022-03-25,2022-04-22,backfill,O:AXP220520C00190000,190.0,2022-05-20,2022-04-19,5.45,6.62,5.45,5.9,99,32,5.45,,monthly_45d_atm,weekly_1_strike0,56,885
AXP,2022-03-25,2022-04-22,backfill,O:AXP220520C00190000,190.0,2022-05-20,2022-04-20,7.0,7.17,6.25,6.65,245,45,7.0,,monthly_45d_atm,weekly_1_strike0,56,885
AXP,2022-03-25,2022-04-22,backfill,O:AXP220520C00190000,190.0,2022-05-20,2022-04-21,8.0,8.5,5.13,5.65,253,79,8.0,,monthly_45d_atm,weekly_1_strike0,56,885
AXP,2022-03-25,2022-04-22,backfill,O:AXP220520C00190000,190.0,2022-05-20,2022-04-22,4.2,4.21,2.96,2.96,274,47,4.2,,monthly_45d_atm,weekly_1_strike0,56,885
AXP,2023-02-13,2023-03-13,backfill,O:AXP230317C00195000,195.0,2023-03-17,2023-02-13,0.87,1.1,0.87,1.03,65,20,0.87,,monthly_30d_25d_otm,weekly_2_strike4,32,65
AXP,2023-02-13,2023-03-13,backfill,O:AXP230317C00195000,195.0,2023-03-17,2023-02-14,0.74,0.94,0.65,0.83,577,60,0.74,,monthly_30d_25d_otm,weekly_2_strike4,32,65
AXP,2023-02-13,2023-03-13,backfill,O:AXP230317C00195000,195.0,2023-03-17,2023-02-15,0.64,0.66,0.53,0.59,67,19,0.64,,monthly_30d_25d_otm,weekly_2_strike4,32,65
AXP,2023-02-13,2023-03-13,backfill,O:AXP230317C00195000,195.0,2023-03-17,2023-02-16,0.54,0.54,0.39,0.39,106,21,0.54,,monthly_30d_25d_otm,weekly_2_strike4,32,65
AXP,2023-02-13,2023-03-13,backfill,O:AXP230317C00195000,195.0,2023-03-17,2023-02-17,0.33,0.39,0.24,0.31,83,20,0.33,,monthly_30d_25d_otm,weekly_2_strike4,32,65
AXP,2023-02-13,2023-03-13,backfill,O:AXP230317C00195000,195.0,2023-03-17,2023-02-21,0.25,0.25,0.14,0.15,72,25,0.25,,monthly_30d_25d_otm,weekly_2_strike4,32,65
AXP,2023-02-13,2023-03-13,backfill,O:AXP230317C00195000,195.0,2023-03-17,2023-02-22,0.2,0.2,0.13,0.17,54,10,0.2,,monthly_30d_25d_otm,weekly_2_strike4,32,65
AXP,2023-02-13,2023-03-13,backfill,O:AXP230317C00195000,195.0,2023-03-17,2023-02-23,0.2,0.2,0.1,0.1,35,5,0.2,,monthly_30d_25d_otm,weekly_2_strike4,32,65
AXP,2023-02-13,2023-03-13,backfill,O:AXP230317C00195000,195.0,2023-03-17,2023-02-24,0.11,0.11,0.08,0.08,15,5,0.11,,monthly_30d_25d_otm,weekly_2_strike4,32,65
AXP,2023-02-13,2023-03-13,backfill,O:AXP230317C00195000,195.0,2023-03-17,2023-02-27,0.11,0.11,0.05,0.06,27,9,0.11,,monthly_30d_25d_otm,weekly_2_strike4,32,65
AXP,2023-02-13,2023-03-13,backfill,O:AXP230317C00195000,195.0,2023-03-17,2023-02-28,0.08,0.08,0.08,0.08,1,1,0.08,,monthly_30d_25d_otm,weekly_2_strike4,32,65
AXP,2023-02-13,2023-03-13,backfill,O:AXP230317C00195000,195.0,2023-03-17,2023-03-01,0.04,0.11,0.04,0.07,24,6,0.04,,monthly_30d_25d_otm,weekly_2_strike4,32,65
AXP,2023-02-13,2023-03-13,backfill,O:AXP230317C00195000,195.0,2023-03-17,2023-03-02,0.05,0.06,0.04,0.06,43,3,0.05,,monthly_30d_25d_otm,weekly_2_strike4,32,65
AXP,2023-02-13,2023-03-13,backfill,O:AXP230317C00195000,195.0,2023-03-17,2023-03-03,0.08,0.08,0.05,0.07,11,5,0.08,,monthly_30d_25d_otm,weekly_2_strike4,32,65
AXP,2023-02-13,2023-03-13,backfill,O:AXP230317C00195000,195.0,2023-03-17,2023-03-06,0.12,0.12,0.05,0.05,14,4,0.12,,monthly_30d_25d_otm,weekly_2_strike4,32,65
AXP,2023-02-13,2023-03-13,backfill,O:AXP230317C00195000,195.0,2023-03-17,2023-03-07,0.06,0.06,0.03,0.03,19,4,0.06,,monthly_30d_25d_otm,weekly_2_strike4,32,65
AXP,2023-02-13,2023-03-13,backfill,O:AXP230317C00195000,195.0,2023-03-17,2023-03-08,0.17,0.17,0.06,0.06,27,2,0.17,,monthly_30d_25d_otm,weekly_2_strike4,32,65
AXP,2023-02-13,2023-03-13,backfill,O:AXP230317C00195000,195.0,2023-03-17,2023-03-09,0.01,0.04,0.01,0.03,4,3,0.01,,monthly_30d_25d_otm,weekly_2_strike4,32,65
AXP,2023-02-13,2023-03-13,backfill,O:AXP230317C00195000,195.0,2023-03-17,2023-03-10,0.06,0.06,0.03,0.03,8,2,0.06,,monthly_30d_25d_otm,weekly_2_strike4,32,65
AXP,2023-02-13,2023-03-13,backfill,O:AXP230317C00195000,195.0,2023-03-17,2023-03-13,0.05,0.05,0.02,0.02,2,2,0.05,,monthly_30d_25d_otm,weekly_2_strike4,32,65
AXP,2023-12-21,2024-01-22,backfill,O:AXP240119C00190000,190.0,2024-01-19,2023-12-21,1.62,2.2,1.45,2.19,685,33,1.62,,monthly_30d_25d_otm,weekly_2_strike1,29,685
AXP,2023-12-21,2024-01-22,backfill,O:AXP240119C00190000,190.0,2024-01-19,2023-12-22,2.5,2.6,2.05,2.29,111,29,2.5,,monthly_30d_25d_otm,weekly_2_strike1,29,685
AXP,2023-12-21,2024-01-22,backfill,O:AXP240119C00190000,190.0,2024-01-19,2023-12-26,2.1,2.23,2.0,2.2,77,15,2.1,,monthly_30d_25d_otm,weekly_2_strike1,29,685
AXP,2023-12-21,2024-01-22,backfill,O:AXP240119C00190000,190.0,2024-01-19,2023-12-27,2.16,2.36,2.0,2.08,394,18,2.16,,monthly_30d_25d_otm,weekly_2_strike1,29,685
AXP,2023-12-21,2024-01-22,backfill,O:AXP240119C00190000,190.0,2024-01-19,2023-12-28,2.5,2.55,2.16,2.47,130,41,2.5,,monthly_30d_25d_otm,weekly_2_strike1,29,685
AXP,2023-12-21,2024-01-22,backfill,O:AXP240119C00190000,190.0,2024-01-19,2023-12-29,2.55,2.55,1.95,2.19,62,22,2.55,,monthly_30d_25d_otm,weekly_2_strike1,29,685
AXP,2023-12-21,2024-01-22,backfill,O:AXP240119C00190000,190.0,2024-01-19,2024-01-02,1.83,2.48,1.78,2.19,168,31,1.83,,monthly_30d_25d_otm,weekly_2_strike1,29,685
AXP,2023-12-21,2024-01-22,backfill,O:AXP240119C00190000,190.0,2024-01-19,2024-01-03,1.44,1.85,1.4,1.58,129,22,1.44,,monthly_30d_25d_otm,weekly_2_strike1,29,685
AXP,2023-12-21,2024-01-22,backfill,O:AXP240119C00190000,190.0,2024-01-19,2024-01-04,1.58,2.5,1.52,1.92,264,45,1.58,,monthly_30d_25d_otm,weekly_2_strike1,29,685
AXP,2023-12-21,2024-01-22,backfill,O:AXP240119C00190000,190.0,2024-01-19,2024-01-05,1.85,2.86,1.85,2.58,473,69,1.85,,monthly_30d_25d_otm,weekly_2_strike1,29,685
AXP,2023-12-21,2024-01-22,backfill,O:AXP240119C00190000,190.0,2024-01-19,2024-01-08,2.59,2.59,1.48,2.3,254,55,2.59,,monthly_30d_25d_otm,weekly_2_strike1,29,685
AXP,2023-12-21,2024-01-22,backfill,O:AXP240119C00190000,190.0,2024-01-19,2024-01-09,1.79,1.79,1.0,1.09,215,46,1.79,,monthly_30d_25d_otm,weekly_2_strike1,29,685
AXP,2023-12-21,2024-01-22,backfill,O:AXP240119C00190000,190.0,2024-01-19,2024-01-10,0.82,1.06,0.41,0.62,179,42,0.82,,monthly_30d_25d_otm,weekly_2_strike1,29,685
AXP,2023-12-21,2024-01-22,backfill,O:AXP240119C00190000,190.0,2024-01-19,2024-01-11,0.49,0.5,0.25,0.5,135,26,0.49,,monthly_30d_25d_otm,weekly_2_strike1,29,685
AXP,2023-12-21,2024-01-22,backfill,O:AXP240119C00190000,190.0,2024-01-19,2024-01-12,0.72,0.76,0.12,0.12,180,31,0.72,,monthly_30d_25d_otm,weekly_2_strike1,29,685
AXP,2023-12-21,2024-01-22,backfill,O:AXP240119C00190000,190.0,2024-01-19,2024-01-16,0.05,0.05,0.03,0.05,83,25,0.05,,monthly_30d_25d_otm,weekly_2_strike1,29,685
AXP,2023-12-21,2024-01-22,backfill,O:AXP240119C00190000,190.0,2024-01-19,2024-01-17,0.03,0.04,0.02,0.02,179,13,0.03,,monthly_30d_25d_otm,weekly_2_strike1,29,685
AXP,2023-12-21,2024-01-22,backfill,O:AXP240119C00190000,190.0,2024-01-19,2024-01-18,0.02,0.02,0.01,0.02,86,17,0.02,,monthly_30d_25d_otm,weekly_2_strike1,29,685
AXP,2023-12-21,2024-01-22,backfill,O:AXP240119C00190000,190.0,2024-01-19,2024-01-19,0.01,0.03,0.01,0.01,87,24,0.01,,monthly_30d_25d_otm,weekly_2_strike1,29,685
AXP,2024-01-30,2024-02-27,backfill,O:AXP240315C00200000,200.0,2024-03-15,2024-01-30,6.95,9.0,6.95,9.0,105,23,6.95,,monthly_45d_atm,weekly_2_strike0,45,105
AXP,2024-01-30,2024-02-27,backfill,O:AXP240315C00200000,200.0,2024-03-15,2024-01-31,9.4,9.4,6.95,7.05,235,25,9.4,,monthly_45d_atm,weekly_2_strike0,45,105
AXP,2024-01-30,2024-02-27,backfill,O:AXP240315C00200000,200.0,2024-03-15,2024-02-01,7.06,8.3,6.35,8.19,325,49,7.06,,monthly_45d_atm,weekly_2_strike0,45,105
AXP,2024-01-30,2024-02-27,backfill,O:AXP240315C00200000,200.0,2024-03-15,2024-02-02,8.76,10.73,8.59,10.25,187,38,8.76,,monthly_45d_atm,weekly_2_strike0,45,105
AXP,2024-01-30,2024-02-27,backfill,O:AXP240315C00200000,200.0,2024-03-15,2024-02-05,9.7,10.35,8.35,10.32,83,27,9.7,,monthly_45d_atm,weekly_2_strike0,45,105
AXP,2024-01-30,2024-02-27,backfill,O:AXP240315C00200000,200.0,2024-03-15,2024-02-06,10.5,10.5,8.7,9.32,652,22,10.5,,monthly_45d_atm,weekly_2_strike0,45,105
AXP,2024-01-30,2024-02-27,backfill,O:AXP240315C00200000,200.0,2024-03-15,2024-02-07,10.5,11.8,9.73,11.8,84,22,10.5,,monthly_45d_atm,weekly_2_strike0,45,105
AXP,2024-01-30,2024-02-27,backfill,O:AXP240315C00200000,200.0,2024-03-15,2024-02-08,11.85,13.72,11.52,13.72,44,19,11.85,,monthly_45d_atm,weekly_2_strike0,45,105
AXP,2024-01-30,2024-02-27,backfill,O:AXP240315C00200000,200.0,2024-03-15,2024-02-09,14.17,15.81,13.5,14.81,72,15,14.17,,monthly_45d_atm,weekly_2_strike0,45,105
AXP,2024-01-30,2024-02-27,backfill,O:AXP240315C00200000,200.0,2024-03-15,2024-02-12,14.75,14.99,14.41,14.41,7,4,14.75,,monthly_45d_atm,weekly_2_strike0,45,105
AXP,2024-01-30,2024-02-27,backfill,O:AXP240315C00200000,200.0,2024-03-15,2024-02-13,12.61,12.61,11.15,11.25,43,7,12.61,,monthly_45d_atm,weekly_2_strike0,45,105
AXP,2024-01-30,2024-02-27,backfill,O:AXP240315C00200000,200.0,2024-03-15,2024-02-14,13.37,13.37,12.15,13.2,38,8,13.37,,monthly_45d_atm,weekly_2_strike0,45,105
AXP,2024-01-30,2024-02-27,backfill,O:AXP240315C00200000,200.0,2024-03-15,2024-02-15,13.29,14.65,12.92,14.65,177,6,13.29,,monthly_45d_atm,weekly_2_strike0,45,105
AXP,2024-01-30,2024-02-27,backfill,O:AXP240315C00200000,200.0,2024-03-15,2024-02-16,15.34,15.73,14.77,14.77,33,12,15.34,,monthly_45d_atm,weekly_2_strike0,45,105
AXP,2024-01-30,2024-02-27,backfill,O:AXP240315C00200000,200.0,2024-03-15,2024-02-20,14.51,14.51,13.95,13.95,6,2,14.51,,monthly_45d_atm,weekly_2_strike0,45,105
AXP,2024-01-30,2024-02-27,backfill,O:AXP240315C00200000,200.0,2024-03-15,2024-02-21,12.68,12.72,11.95,12.0,5,5,12.68,,monthly_45d_atm,weekly_2_strike0,45,105
AXP,2024-01-30,2024-02-27,backfill,O:AXP240315C00200000,200.0,2024-03-15,2024-02-22,15.65,16.75,15.65,16.66,30,4,15.65,,monthly_45d_atm,weekly_2_strike0,45,105
AXP,2024-01-30,2024-02-27,backfill,O:AXP240315C00200000,200.0,2024-03-15,2024-02-26,17.83,18.21,17.83,18.21,3,2,17.83,,monthly_45d_atm,weekly_2_strike0,45,105
AXP,2024-01-30,2024-02-27,backfill,O:AXP240315C00200000,200.0,2024-03-15,2024-02-27,17.6,18.4,17.6,18.4,9,4,17.6,,monthly_45d_atm,weekly_2_strike0,45,105
AXP,2024-04-01,2024-04-10,backfill,O:AXP240517C00240000,240.0,2024-05-17,2024-04-01,4.12,4.12,3.77,3.85,41,12,4.12,,monthly_30d_20d_otm,weekly_2_strike0,46,41
AXP,2024-04-01,2024-04-10,backfill,O:AXP240517C00240000,240.0,2024-05-17,2024-04-02,3.64,3.64,3.35,3.45,184,16,3.64,,monthly_30d_20d_otm,weekly_2_strike0,46,41
AXP,2024-04-01,2024-04-10,backfill,O:AXP240517C00240000,240.0,2024-05-17,2024-04-03,3.61,3.9,3.61,3.73,42,9,3.61,,monthly_30d_20d_otm,weekly_2_strike0,46,41
AXP,2024-04-01,2024-04-10,backfill,O:AXP240517C00240000,240.0,2024-05-17,2024-04-04,4.64,4.73,2.76,2.76,109,19,4.64,,monthly_30d_20d_otm,weekly_2_strike0,46,41
AXP,2024-04-01,2024-04-10,backfill,O:AXP240517C00240000,240.0,2024-05-17,2024-04-05,2.64,3.2,2.61,3.0,56,17,2.64,,monthly_30d_20d_otm,weekly_2_strike0,46,41
AXP,2024-04-01,2024-04-10,backfill,O:AXP240517C00240000,240.0,2024-05-17,2024-04-08,3.1,3.65,3.1,3.27,137,21,3.1,,monthly_30d_20d_otm,weekly_2_strike0,46,41
AXP,2024-04-01,2024-04-10,backfill,O:AXP240517C00240000,240.0,2024-05-17,2024-04-09,2.98,3.15,2.15,2.25,462,22,2.98,,monthly_30d_20d_otm,weekly_2_strike0,46,41
AXP,2024-04-01,2024-04-10,backfill,O:AXP240517C00240000,240.0,2024-05-17,2024-04-10,1.82,2.12,1.8,1.97,42,18,1.82,,monthly_30d_20d_otm,weekly_2_strike0,46,41
AZN,2021-05-10,2021-06-07,backfill,O:AZN210618C00055000,55.0,2021-06-18,2021-05-10,1.0,1.21,1.0,1.14,460,31,1.0,,monthly_30d_atm,weekly_2_strike0,39,460
AZN,2021-05-10,2021-06-07,backfill,O:AZN210618C00055000,55.0,2021-06-18,2021-05-11,1.14,1.14,0.88,1.01,101,7,1.14,,monthly_30d_atm,weekly_2_strike0,39,460
AZN,2021-05-10,2021-06-07,backfill,O:AZN210618C00055000,55.0,2021-06-18,2021-05-12,1.37,1.51,1.27,1.27,138,19,1.37,,monthly_30d_atm,weekly_2_strike0,39,460
AZN,2021-05-10,2021-06-07,backfill,O:AZN210618C00055000,55.0,2021-06-18,2021-05-13,1.24,1.59,1.24,1.59,270,22,1.24,,monthly_30d_atm,weekly_2_strike0,39,460
AZN,2021-05-10,2021-06-07,backfill,O:AZN210618C00055000,55.0,2021-06-18,2021-05-14,1.53,1.58,1.45,1.46,179,21,1.53,,monthly_30d_atm,weekly_2_strike0,39,460
AZN,2021-05-10,2021-06-07,backfill,O:AZN210618C00055000,55.0,2021-06-18,2021-05-17,1.72,1.87,1.7,1.83,98,9,1.72,,monthly_30d_atm,weekly_2_strike0,39,460
AZN,2021-05-10,2021-06-07,backfill,O:AZN210618C00055000,55.0,2021-06-18,2021-05-18,2.05,2.14,1.96,2.0,78,12,2.05,,monthly_30d_atm,weekly_2_strike0,39,460
AZN,2021-05-10,2021-06-07,backfill,O:AZN210618C00055000,55.0,2021-06-18,2021-05-19,1.99,2.21,1.99,2.16,121,14,1.99,,monthly_30d_atm,weekly_2_strike0,39,460
AZN,2021-05-10,2021-06-07,backfill,O:AZN210618C00055000,55.0,2021-06-18,2021-05-20,2.4,3.05,2.4,2.97,136,23,2.4,,monthly_30d_atm,weekly_2_strike0,39,460
AZN,2021-05-10,2021-06-07,backfill,O:AZN210618C00055000,55.0,2021-06-18,2021-05-21,2.85,3.07,2.85,2.97,35,12,2.85,,monthly_30d_atm,weekly_2_strike0,39,460
AZN,2021-05-10,2021-06-07,backfill,O:AZN210618C00055000,55.0,2021-06-18,2021-05-24,3.3,3.3,2.87,2.87,102,12,3.3,,monthly_30d_atm,weekly_2_strike0,39,460
AZN,2021-05-10,2021-06-07,backfill,O:AZN210618C00055000,55.0,2021-06-18,2021-05-25,1.81,2.52,1.81,2.39,63,9,1.81,,monthly_30d_atm,weekly_2_strike0,39,460
AZN,2021-05-10,2021-06-07,backfill,O:AZN210618C00055000,55.0,2021-06-18,2021-05-26,2.15,2.15,2.08,2.08,59,2,2.15,,monthly_30d_atm,weekly_2_strike0,39,460
AZN,2021-05-10,2021-06-07,backfill,O:AZN210618C00055000,55.0,2021-06-18,2021-05-27,1.9,2.55,1.9,2.52,26,8,1.9,,monthly_30d_atm,weekly_2_strike0,39,460
AZN,2021-05-10,2021-06-07,backfill,O:AZN210618C00055000,55.0,2021-06-18,2021-05-28,2.69,2.69,2.5,2.5,3,2,2.69,,monthly_30d_atm,weekly_2_strike0,39,460
AZN,2021-05-10,2021-06-07,backfill,O:AZN210618C00055000,55.0,2021-06-18,2021-06-01,1.88,1.88,1.7,1.7,11,5,1.88,,monthly_30d_atm,weekly_2_strike0,39,460
AZN,2021-05-10,2021-06-07,backfill,O:AZN210618C00055000,55.0,2021-06-18,2021-06-02,1.44,1.63,1.44,1.58,116,8,1.44,,monthly_30d_atm,weekly_2_strike0,39,460
AZN,2021-05-10,2021-06-07,backfill,O:AZN210618C00055000,55.0,2021-06-18,2021-06-03,1.56,1.68,1.56,1.68,11,3,1.56,,monthly_30d_atm,weekly_2_strike0,39,460
AZN,2021-05-10,2021-06-07,backfill,O:AZN210618C00055000,55.0,2021-06-18,2021-06-04,2.0,2.23,1.81,1.84,21,6,2.0,,monthly_30d_atm,weekly_2_strike0,39,460
AZN,2021-05-10,2021-06-07,backfill,O:AZN210618C00055000,55.0,2021-06-18,2021-06-07,1.92,1.92,1.92,1.92,1,1,1.92,,monthly_30d_atm,weekly_2_strike0,39,460
AZN,2021-10-05,2021-11-01,backfill,O:AZN211119C00065000,65.0,2021-11-19,2021-10-05,0.57,0.63,0.48,0.5,152,9,0.57,,monthly_30d_25d_otm,weekly_2_strike0,45,152
AZN,2021-10-05,2021-11-01,backfill,O:AZN211119C00065000,65.0,2021-11-19,2021-10-06,0.42,0.43,0.37,0.37,120,8,0.42,,monthly_30d_25d_otm,weekly_2_strike0,45,152
AZN,2021-10-05,2021-11-01,backfill,O:AZN211119C00065000,65.0,2021-11-19,2021-10-07,0.5,0.53,0.47,0.51,339,18,0.5,,monthly_30d_25d_otm,weekly_2_strike0,45,152
AZN,2021-10-05,2021-11-01,backfill,O:AZN211119C00065000,65.0,2021-11-19,2021-10-08,0.55,0.6,0.49,0.53,261,9,0.55,,monthly_30d_25d_otm,weekly_2_strike0,45,152
AZN,2021-10-05,2021-11-01,backfill,O:AZN211119C00065000,65.0,2021-11-19,2021-10-11,0.58,0.6,0.53,0.53,38,8,0.58,,monthly_30d_25d_otm,weekly_2_strike0,45,152
AZN,2021-10-05,2021-11-01,backfill,O:AZN211119C00065000,65.0,2021-11-19,2021-10-12,0.46,0.46,0.41,0.42,29,10,0.46,,monthly_30d_25d_otm,weekly_2_strike0,45,152
AZN,2021-10-05,2021-11-01,backfill,O:AZN211119C00065000,65.0,2021-11-19,2021-10-13,0.38,0.73,0.38,0.4,200,11,0.38,,monthly_30d_25d_otm,weekly_2_strike0,45,152
AZN,2021-10-05,2021-11-01,backfill,O:AZN211119C00065000,65.0,2021-11-19,2021-10-14,0.38,0.39,0.25,0.25,168,34,0.38,,monthly_30d_25d_otm,weekly_2_strike0,45,152
AZN,2021-10-05,2021-11-01,backfill,O:AZN211119C00065000,65.0,2021-11-19,2021-10-15,0.3,0.39,0.22,0.28,1080,32,0.3,,monthly_30d_25d_otm,weekly_2_strike0,45,152
AZN,2021-10-05,2021-11-01,backfill,O:AZN211119C00065000,65.0,2021-11-19,2021-10-18,0.22,0.23,0.15,0.17,398,19,0.22,,monthly_30d_25d_otm,weekly_2_strike0,45,152
AZN,2021-10-05,2021-11-01,backfill,O:AZN211119C00065000,65.0,2021-11-19,2021-10-19,0.19,0.28,0.19,0.24,63,15,0.19,,monthly_30d_25d_otm,weekly_2_strike0,45,152
AZN,2021-10-05,2021-11-01,backfill,O:AZN211119C00065000,65.0,2021-11-19,2021-10-20,0.25,0.29,0.25,0.29,19,5,0.25,,monthly_30d_25d_otm,weekly_2_strike0,45,152
AZN,2021-10-05,2021-11-01,backfill,O:AZN211119C00065000,65.0,2021-11-19,2021-10-21,0.27,0.36,0.27,0.36,51,14,0.27,,monthly_30d_25d_otm,weekly_2_strike0,45,152
AZN,2021-10-05,2021-11-01,backfill,O:AZN211119C00065000,65.0,2021-11-19,2021-10-22,0.46,0.5,0.44,0.45,185,14,0.46,,monthly_30d_25d_otm,weekly_2_strike0,45,152
AZN,2021-10-05,2021-11-01,backfill,O:AZN211119C00065000,65.0,2021-11-19,2021-10-25,0.43,0.43,0.33,0.35,1208,10,0.43,,monthly_30d_25d_otm,weekly_2_strike0,45,152
AZN,2021-10-05,2021-11-01,backfill,O:AZN211119C00065000,65.0,2021-11-19,2021-10-26,0.41,0.51,0.41,0.51,216,15,0.41,,monthly_30d_25d_otm,weekly_2_strike0,45,152
AZN,2021-10-05,2021-11-01,backfill,O:AZN211119C00065000,65.0,2021-11-19,2021-10-27,0.61,0.65,0.36,0.36,34,8,0.61,,monthly_30d_25d_otm,weekly_2_strike0,45,152
AZN,2021-10-05,2021-11-01,backfill,O:AZN211119C00065000,65.0,2021-11-19,2021-10-28,0.45,0.65,0.45,0.49,72,11,0.45,,monthly_30d_25d_otm,weekly_2_strike0,45,152
AZN,2021-10-05,2021-11-01,backfill,O:AZN211119C00065000,65.0,2021-11-19,2021-10-29,0.52,0.55,0.46,0.48,128,16,0.52,,monthly_30d_25d_otm,weekly_2_strike0,45,152
AZN,2021-10-05,2021-11-01,backfill,O:AZN211119C00065000,65.0,2021-11-19,2021-11-01,0.47,0.58,0.47,0.53,39,11,0.47,,monthly_30d_25d_otm,weekly_2_strike0,45,152
AZN,2022-12-01,2022-12-29,backfill,O:AZN230120C00075000,75.0,2023-01-20,2022-12-01,0.33,0.38,0.33,0.38,189,6,0.33,,monthly_45d_20d_otm,weekly_2_strike0,50,189
AZN,2022-12-01,2022-12-29,backfill,O:AZN230120C00075000,75.0,2023-01-20,2022-12-02,0.33,0.34,0.3,0.32,102,18,0.33,,monthly_45d_20d_otm,weekly_2_strike0,50,189
AZN,2022-12-01,2022-12-29,backfill,O:AZN230120C00075000,75.0,2023-01-20,2022-12-05,0.29,0.29,0.29,0.29,1,1,0.29,,monthly_45d_20d_otm,weekly_2_strike0,50,189
AZN,2022-12-01,2022-12-29,backfill,O:AZN230120C00075000,75.0,2023-01-20,2022-12-06,0.26,0.38,0.26,0.38,12,2,0.26,,monthly_45d_20d_otm,weekly_2_strike0,50,189
AZN,2022-12-01,2022-12-29,backfill,O:AZN230120C00075000,75.0,2023-01-20,2022-12-07,0.43,0.43,0.39,0.39,24,7,0.43,,monthly_45d_20d_otm,weekly_2_strike0,50,189
AZN,2022-12-01,2022-12-29,backfill,O:AZN230120C00075000,75.0,2023-01-20,2022-12-08,0.43,0.43,0.43,0.43,1,1,0.43,,monthly_45d_20d_otm,weekly_2_strike0,50,189
AZN,2022-12-01,2022-12-29,backfill,O:AZN230120C00075000,75.0,2023-01-20,2022-12-09,0.46,0.5,0.46,0.48,94,14,0.46,,monthly_45d_20d_otm,weekly_2_strike0,50,189
AZN,2022-12-01,2022-12-29,backfill,O:AZN230120C00075000,75.0,2023-01-20,2022-12-12,0.37,0.37,0.37,0.37,20,1,0.37,,monthly_45d_20d_otm,weekly_2_strike0,50,189
AZN,2022-12-01,2022-12-29,backfill,O:AZN230120C00075000,75.0,2023-01-20,2022-12-13,0.49,0.49,0.38,0.38,69,14,0.49,,monthly_45d_20d_otm,weekly_2_strike0,50,189
AZN,2022-12-01,2022-12-29,backfill,O:AZN230120C00075000,75.0,2023-01-20,2022-12-14,0.46,0.53,0.46,0.51,69,14,0.46,,monthly_45d_20d_otm,weekly_2_strike0,50,189
AZN,2022-12-01,2022-12-29,backfill,O:AZN230120C00075000,75.0,2023-01-20,2022-12-15,0.33,0.34,0.31,0.32,75,16,0.33,,monthly_45d_20d_otm,weekly_2_strike0,50,189
AZN,2022-12-01,2022-12-29,backfill,O:AZN230120C00075000,75.0,2023-01-20,2022-12-16,0.2,0.2,0.13,0.13,223,4,0.2,,monthly_45d_20d_otm,weekly_2_strike0,50,189
AZN,2022-12-01,2022-12-29,backfill,O:AZN230120C00075000,75.0,2023-01-20,2022-12-19,0.1,0.1,0.1,0.1,5,1,0.1,,monthly_45d_20d_otm,weekly_2_strike0,50,189
AZN,2022-12-01,2022-12-29,backfill,O:AZN230120C00075000,75.0,2023-01-20,2022-12-20,0.1,0.1,0.09,0.09,6,2,0.1,,monthly_45d_20d_otm,weekly_2_strike0,50,189
AZN,2022-12-01,2022-12-29,backfill,O:AZN230120C00075000,75.0,2023-01-20,2022-12-22,0.1,0.1,0.1,0.1,4,2,0.1,,monthly_45d_20d_otm,weekly_2_strike0,50,189
AZN,2022-12-01,2022-12-29,backfill,O:AZN230120C00075000,75.0,2023-01-20,2022-12-23,0.09,0.09,0.06,0.06,3,2,0.09,,monthly_45d_20d_otm,weekly_2_strike0,50,189
AZN,2022-12-01,2022-12-29,backfill,O:AZN230120C00075000,75.0,2023-01-20,2022-12-28,0.07,0.07,0.07,0.07,10,1,0.07,,monthly_45d_20d_otm,weekly_2_strike0,50,189
AZN,2023-04-18,2023-05-15,backfill,O:AZN230519C00075000,75.0,2023-05-19,2023-04-18,2.57,2.57,2.2,2.38,51,15,2.57,,monthly_30d_atm,weekly_2_strike0,31,51
AZN,2023-04-18,2023-05-15,backfill,O:AZN230519C00075000,75.0,2023-05-19,2023-04-19,2.19,2.26,2.1,2.26,101,18,2.19,,monthly_30d_atm,weekly_2_strike0,31,51
AZN,2023-04-18,2023-05-15,backfill,O:AZN230519C00075000,75.0,2023-05-19,2023-04-20,2.28,2.28,2.12,2.16,33,10,2.28,,monthly_30d_atm,weekly_2_strike0,31,51
AZN,2023-04-18,2023-05-15,backfill,O:AZN230519C00075000,75.0,2023-05-19,2023-04-21,2.7,2.8,2.64,2.64,134,9,2.7,,monthly_30d_atm,weekly_2_strike0,31,51
AZN,2023-04-18,2023-05-15,backfill,O:AZN230519C00075000,75.0,2023-05-19,2023-04-24,2.57,2.65,2.56,2.6,72,6,2.57,,monthly_30d_atm,weekly_2_strike0,31,51
AZN,2023-04-18,2023-05-15,backfill,O:AZN230519C00075000,75.0,2023-05-19,2023-04-25,2.95,2.95,2.83,2.83,2,2,2.95,,monthly_30d_atm,weekly_2_strike0,31,51
AZN,2023-04-18,2023-05-15,backfill,O:AZN230519C00075000,75.0,2023-05-19,2023-04-26,1.72,1.72,1.54,1.54,11,3,1.72,,monthly_30d_atm,weekly_2_strike0,31,51
AZN,2023-04-18,2023-05-15,backfill,O:AZN230519C00075000,75.0,2023-05-19,2023-04-27,1.26,1.26,0.95,1.15,25,6,1.26,,monthly_30d_atm,weekly_2_strike0,31,51
AZN,2023-04-18,2023-05-15,backfill,O:AZN230519C00075000,75.0,2023-05-19,2023-04-28,0.76,1.0,0.76,0.8,56,10,0.76,,monthly_30d_atm,weekly_2_strike0,31,51
AZN,2023-04-18,2023-05-15,backfill,O:AZN230519C00075000,75.0,2023-05-19,2023-05-01,0.75,0.75,0.75,0.75,2,1,0.75,,monthly_30d_atm,weekly_2_strike0,31,51
AZN,2023-04-18,2023-05-15,backfill,O:AZN230519C00075000,75.0,2023-05-19,2023-05-02,0.65,0.86,0.65,0.74,41,6,0.65,,monthly_30d_atm,weekly_2_strike0,31,51
AZN,2023-04-18,2023-05-15,backfill,O:AZN230519C00075000,75.0,2023-05-19,2023-05-03,1.03,1.42,1.03,1.29,518,11,1.03,,monthly_30d_atm,weekly_2_strike0,31,51
AZN,2023-04-18,2023-05-15,backfill,O:AZN230519C00075000,75.0,2023-05-19,2023-05-04,1.16,1.16,1.05,1.1,479,4,1.16,,monthly_30d_atm,weekly_2_strike0,31,51
AZN,2023-04-18,2023-05-15,backfill,O:AZN230519C00075000,75.0,2023-05-19,2023-05-05,1.25,1.54,1.25,1.54,22,11,1.25,,monthly_30d_atm,weekly_2_strike0,31,51
AZN,2023-04-18,2023-05-15,backfill,O:AZN230519C00075000,75.0,2023-05-19,2023-05-08,1.51,1.63,1.51,1.6,16,5,1.51,,monthly_30d_atm,weekly_2_strike0,31,51
AZN,2023-04-18,2023-05-15,backfill,O:AZN230519C00075000,75.0,2023-05-19,2023-05-09,1.27,1.4,1.27,1.4,1026,6,1.27,,monthly_30d_atm,weekly_2_strike0,31,51
AZN,2023-04-18,2023-05-15,backfill,O:AZN230519C00075000,75.0,2023-05-19,2023-05-10,1.04,1.06,1.03,1.03,14,3,1.04,,monthly_30d_atm,weekly_2_strike0,31,51
AZN,2023-04-18,2023-05-15,backfill,O:AZN230519C00075000,75.0,2023-05-19,2023-05-11,0.84,0.92,0.84,0.92,19,5,0.84,,monthly_30d_atm,weekly_2_strike0,31,51
AZN,2023-04-18,2023-05-15,backfill,O:AZN230519C00075000,75.0,2023-05-19,2023-05-12,0.95,1.16,0.83,0.83,60,6,0.95,,monthly_30d_atm,weekly_2_strike0,31,51
AZN,2023-04-18,2023-05-15,backfill,O:AZN230519C00075000,75.0,2023-05-19,2023-05-15,0.69,0.8,0.68,0.72,1074,9,0.69,,monthly_30d_atm,weekly_2_strike0,31,51
AZN,2024-04-24,2024-05-21,backfill,O:AZN240517C00071000,71.0,2024-05-17,2024-04-24,1.83,2.2,1.81,2.07,188,25,1.83,,monthly_30d_atm,weekly_2_strike0,23,188
AZN,2024-04-24,2024-05-21,backfill,O:AZN240517C00071000,71.0,2024-05-17,2024-04-25,4.1,5.0,4.1,4.79,33,10,4.1,,monthly_30d_atm,weekly_2_strike0,23,188
AZN,2024-04-24,2024-05-21,backfill,O:AZN240517C00071000,71.0,2024-05-17,2024-04-26,4.2,4.2,4.2,4.2,11,1,4.2,,monthly_30d_atm,weekly_2_strike0,23,188
AZN,2024-04-24,2024-05-21,backfill,O:AZN240517C00071000,71.0,2024-05-17,2024-04-29,5.64,5.64,5.1,5.1,11,2,5.64,,monthly_30d_atm,weekly_2_strike0,23,188
AZN,2024-04-24,2024-05-21,backfill,O:AZN240517C00071000,71.0,2024-05-17,2024-05-02,5.31,5.31,5.31,5.31,1,1,5.31,,monthly_30d_atm,weekly_2_strike0,23,188
AZN,2024-04-24,2024-05-21,backfill,O:AZN240517C00071000,71.0,2024-05-17,2024-05-06,4.81,4.81,4.81,4.81,1,1,4.81,,monthly_30d_atm,weekly_2_strike0,23,188
BA,2020-07-21,2020-08-17,backfill,O:BA200821C00205000,205.0,2020-08-21,2020-07-21,5.95,7.4,5.36,5.85,213,58,5.95,,monthly_30d_25d_otm,weekly_2_strike2,31,213
BA,2020-07-21,2020-08-17,backfill,O:BA200821C00205000,205.0,2020-08-21,2020-07-22,5.7,7.89,5.17,6.48,190,43,5.7,,monthly_30d_25d_otm,weekly_2_strike2,31,213
BA,2020-07-21,2020-08-17,backfill,O:BA200821C00205000,205.0,2020-08-21,2020-07-23,6.35,6.95,4.98,5.01,73,28,6.35,,monthly_30d_25d_otm,weekly_2_strike2,31,213
BA,2020-07-21,2020-08-17,backfill,O:BA200821C00205000,205.0,2020-08-21,2020-07-24,5.3,6.15,3.9,3.91,69,36,5.3,,monthly_30d_25d_otm,weekly_2_strike2,31,213
BA,2020-07-21,2020-08-17,backfill,O:BA200821C00205000,205.0,2020-08-21,2020-07-27,3.6,3.6,2.87,3.3,201,67,3.6,,monthly_30d_25d_otm,weekly_2_strike2,31,213
BA,2020-07-21,2020-08-17,backfill,O:BA200821C00205000,205.0,2020-08-21,2020-07-28,2.93,3.69,2.05,2.05,512,127,2.93,,monthly_30d_25d_otm,weekly_2_strike2,31,213
BA,2020-07-21,2020-08-17,backfill,O:BA200821C00205000,205.0,2020-08-21,2020-07-29,3.0,3.0,1.23,1.23,407,106,3.0,,monthly_30d_25d_otm,weekly_2_strike2,31,213
BA,2020-07-21,2020-08-17,backfill,O:BA200821C00205000,205.0,2020-08-21,2020-07-30,1.0,1.51,0.8,0.8,111,38,1.0,,monthly_30d_25d_otm,weekly_2_strike2,31,213
BA,2020-07-21,2020-08-17,backfill,O:BA200821C00205000,205.0,2020-08-21,2020-07-31,0.85,0.85,0.6,0.61,101,39,0.85,,monthly_30d_25d_otm,weekly_2_strike2,31,213
BA,2020-07-21,2020-08-17,backfill,O:BA200821C00205000,205.0,2020-08-21,2020-08-03,0.5,1.16,0.47,0.81,133,45,0.5,,monthly_30d_25d_otm,weekly_2_strike2,31,213
BA,2020-07-21,2020-08-17,backfill,O:BA200821C00205000,205.0,2020-08-21,2020-08-04,0.89,1.19,0.85,0.88,209,41,0.89,,monthly_30d_25d_otm,weekly_2_strike2,31,213
BA,2020-07-21,2020-08-17,backfill,O:BA200821C00205000,205.0,2020-08-21,2020-08-05,1.05,2.1,0.9,1.56,425,84,1.05,,monthly_30d_25d_otm,weekly_2_strike2,31,213
BA,2020-07-21,2020-08-17,backfill,O:BA200821C00205000,205.0,2020-08-21,2020-08-06,1.28,1.63,0.84,1.03,253,50,1.28,,monthly_30d_25d_otm,weekly_2_strike2,31,213
BA,2020-07-21,2020-08-17,backfill,O:BA200821C00205000,205.0,2020-08-21,2020-08-07,0.99,1.01,0.8,0.9,111,35,0.99,,monthly_30d_25d_otm,weekly_2_strike2,31,213
BA,2020-07-21,2020-08-17,backfill,O:BA200821C00205000,205.0,2020-08-21,2020-08-10,0.96,2.13,0.96,1.75,343,92,0.96,,monthly_30d_25d_otm,weekly_2_strike2,31,213
BA,2020-07-21,2020-08-17,backfill,O:BA200821C00205000,205.0,2020-08-21,2020-08-11,1.91,4.2,1.25,1.43,5174,219,1.91,,monthly_30d_25d_otm,weekly_2_strike2,31,213
BA,2020-07-21,2020-08-17,backfill,O:BA200821C00205000,205.0,2020-08-21,2020-08-12,1.5,1.69,0.8,0.85,542,104,1.5,,monthly_30d_25d_otm,weekly_2_strike2,31,213
BA,2020-07-21,2020-08-17,backfill,O:BA200821C00205000,205.0,2020-08-21,2020-08-13,1.01,1.46,0.67,0.72,1024,71,1.01,,monthly_30d_25d_otm,weekly_2_strike2,31,213
BA,2020-07-21,2020-08-17,backfill,O:BA200821C00205000,205.0,2020-08-21,2020-08-14,0.66,0.99,0.53,0.63,772,95,0.66,,monthly_30d_25d_otm,weekly_2_strike2,31,213
BA,2020-07-21,2020-08-17,backfill,O:BA200821C00205000,205.0,2020-08-21,2020-08-17,0.41,0.56,0.23,0.24,372,85,0.41,,monthly_30d_25d_otm,weekly_2_strike2,31,213
BA,2022-02-15,2022-03-04,backfill,O:BA220318C00230000,230.0,2022-03-18,2022-02-15,4.21,5.4,4.1,4.5,1244,139,4.21,,monthly_30d_30d_otm,weekly_2_strike0,31,1244
BA,2022-02-15,2022-03-04,backfill,O:BA220318C00230000,230.0,2022-03-18,2022-02-16,4.05,5.05,3.8,4.7,1907,105,4.05,,monthly_30d_30d_otm,weekly_2_strike0,31,1244
BA,2022-02-15,2022-03-04,backfill,O:BA220318C00230000,230.0,2022-03-18,2022-02-17,4.51,4.51,3.1,3.35,1287,109,4.51,,monthly_30d_30d_otm,weekly_2_strike0,31,1244
BA,2022-02-15,2022-03-04,backfill,O:BA220318C00230000,230.0,2022-03-18,2022-02-18,3.05,3.62,2.3,2.33,2641,109,3.05,,monthly_30d_30d_otm,weekly_2_strike0,31,1244
BA,2022-02-15,2022-03-04,backfill,O:BA220318C00230000,230.0,2022-03-18,2022-02-22,1.61,1.83,0.85,0.88,3830,161,1.61,,monthly_30d_30d_otm,weekly_2_strike0,31,1244
BA,2022-02-15,2022-03-04,backfill,O:BA220318C00230000,230.0,2022-03-18,2022-02-23,0.9,1.03,0.65,0.65,762,88,0.9,,monthly_30d_30d_otm,weekly_2_strike0,31,1244
BA,2022-02-15,2022-03-04,backfill,O:BA220318C00230000,230.0,2022-03-18,2022-02-24,0.5,0.69,0.38,0.69,560,83,0.5,,monthly_30d_30d_otm,weekly_2_strike0,31,1244
BA,2022-02-15,2022-03-04,backfill,O:BA220318C00230000,230.0,2022-03-18,2022-02-25,0.95,1.05,0.61,0.69,1063,98,0.95,,monthly_30d_30d_otm,weekly_2_strike0,31,1244
BA,2022-02-15,2022-03-04,backfill,O:BA220318C00230000,230.0,2022-03-18,2022-02-28,0.68,1.4,0.51,1.26,1181,131,0.68,,monthly_30d_30d_otm,weekly_2_strike0,31,1244
BA,2022-02-15,2022-03-04,backfill,O:BA220318C00230000,230.0,2022-03-18,2022-03-01,0.92,1.0,0.44,0.54,834,88,0.92,,monthly_30d_30d_otm,weekly_2_strike0,31,1244
BA,2022-02-15,2022-03-04,backfill,O:BA220318C00230000,230.0,2022-03-18,2022-03-02,0.59,0.67,0.38,0.43,282,69,0.59,,monthly_30d_30d_otm,weekly_2_strike0,31,1244
BA,2022-02-15,2022-03-04,backfill,O:BA220318C00230000,230.0,2022-03-18,2022-03-03,0.33,0.34,0.14,0.17,324,70,0.33,,monthly_30d_30d_otm,weekly_2_strike0,31,1244
BA,2022-02-15,2022-03-04,backfill,O:BA220318C00230000,230.0,2022-03-18,2022-03-04,0.15,0.19,0.11,0.12,378,66,0.15,,monthly_30d_30d_otm,weekly_2_strike0,31,1244
BA,2024-12-23,2025-01-23,backfill,O:BA250221C00185000,185.0,2025-02-21,2024-12-23,9.43,9.43,6.9,8.05,178,53,9.43,,monthly_45d_35d_otm,weekly_2_strike2,60,178
BA,2024-12-23,2025-01-23,backfill,O:BA250221C00185000,185.0,2025-02-21,2024-12-24,8.1,9.25,8.09,8.23,87,18,8.1,,monthly_45d_35d_otm,weekly_2_strike2,60,178
BA,2024-12-23,2025-01-23,backfill,O:BA250221C00185000,185.0,2025-02-21,2024-12-26,8.0,9.85,8.0,9.05,533,87,8.0,,monthly_45d_35d_otm,weekly_2_strike2,60,178
BA,2024-12-23,2025-01-23,backfill,O:BA250221C00185000,185.0,2025-02-21,2024-12-27,8.55,9.2,8.4,8.7,904,56,8.55,,monthly_45d_35d_otm,weekly_2_strike2,60,178
BA,2024-12-23,2025-01-23,backfill,O:BA250221C00185000,185.0,2025-02-21,2024-12-30,6.2,7.34,5.25,6.75,344,68,6.2,,monthly_45d_35d_otm,weekly_2_strike2,60,178
BA,2024-12-23,2025-01-23,backfill,O:BA250221C00185000,185.0,2025-02-21,2024-12-31,7.4,7.7,6.42,6.7,212,56,7.4,,monthly_45d_35d_otm,weekly_2_strike2,60,178
BA,2024-12-23,2025-01-23,backfill,O:BA250221C00185000,185.0,2025-02-21,2025-01-02,7.3,7.3,4.12,4.92,645,126,7.3,,monthly_45d_35d_otm,weekly_2_strike2,60,178
BA,2024-12-23,2025-01-23,backfill,O:BA250221C00185000,185.0,2025-02-21,2025-01-03,4.85,5.27,3.85,3.85,266,70,4.85,,monthly_45d_35d_otm,weekly_2_strike2,60,178
BA,2024-12-23,2025-01-23,backfill,O:BA250221C00185000,185.0,2025-02-21,2025-01-06,4.65,4.85,3.85,4.0,275,84,4.65,,monthly_45d_35d_otm,weekly_2_strike2,60,178
BA,2024-12-23,2025-01-23,backfill,O:BA250221C00185000,185.0,2025-02-21,2025-01-07,3.9,5.2,3.9,4.42,327,47,3.9,,monthly_45d_35d_otm,weekly_2_strike2,60,178
BA,2024-12-23,2025-01-23,backfill,O:BA250221C00185000,185.0,2025-02-21,2025-01-08,3.95,4.85,3.7,4.17,128,38,3.95,,monthly_45d_35d_otm,weekly_2_strike2,60,178
BA,2024-12-23,2025-01-23,backfill,O:BA250221C00185000,185.0,2025-02-21,2025-01-10,3.7,4.4,2.87,3.99,370,94,3.7,,monthly_45d_35d_otm,weekly_2_strike2,60,178
BA,2024-12-23,2025-01-23,backfill,O:BA250221C00185000,185.0,2025-02-21,2025-01-13,3.75,4.0,2.8,3.35,415,65,3.75,,monthly_45d_35d_otm,weekly_2_strike2,60,178
BA,2024-12-23,2025-01-23,backfill,O:BA250221C00185000,185.0,2025-02-21,2025-01-14,3.66,3.77,1.92,2.33,676,114,3.66,,monthly_45d_35d_otm,weekly_2_strike2,60,178
BA,2024-12-23,2025-01-23,backfill,O:BA250221C00185000,185.0,2025-02-21,2025-01-15,2.55,2.68,1.83,1.83,1766,93,2.55,,monthly_45d_35d_otm,weekly_2_strike2,60,178
BA,2024-12-23,2025-01-23,backfill,O:BA250221C00185000,185.0,2025-02-21,2025-01-16,1.99,2.75,1.8,2.38,268,72,1.99,,monthly_45d_35d_otm,weekly_2_strike2,60,178
BA,2024-12-23,2025-01-23,backfill,O:BA250221C00185000,185.0,2025-02-21,2025-01-17,2.56,2.9,2.28,2.74,327,74,2.56,,monthly_45d_35d_otm,weekly_2_strike2,60,178
BA,2024-12-23,2025-01-23,backfill,O:BA250221C00185000,185.0,2025-02-21,2025-01-21,2.92,4.13,2.53,3.78,701,114,2.92,,monthly_45d_35d_otm,weekly_2_strike2,60,178
BA,2024-12-23,2025-01-23,backfill,O:BA250221C00185000,185.0,2025-02-21,2025-01-22,3.68,3.68,3.0,3.39,165,44,3.68,,monthly_45d_35d_otm,weekly_2_strike2,60,178
BA,2024-12-23,2025-01-23,backfill,O:BA250221C00185000,185.0,2025-02-21,2025-01-23,3.4,4.65,3.25,4.65,481,88,3.4,,monthly_45d_35d_otm,weekly_2_strike2,60,178
BA,2025-05-02,2025-05-30,backfill,O:BA250620C00220000,220.0,2025-06-20,2025-05-02,0.63,0.76,0.6,0.67,427,22,0.63,,monthly_30d_25d_otm,weekly_1_strike0,49,427
BA,2025-05-02,2025-05-30,backfill,O:BA250620C00220000,220.0,2025-06-20,2025-05-05,0.67,0.79,0.63,0.65,71,21,0.67,,monthly_30d_25d_otm,weekly_1_strike0,49,427
BA,2025-05-02,2025-05-30,backfill,O:BA250620C00220000,220.0,2025-06-20,2025-05-06,0.6,0.6,0.51,0.56,80,9,0.6,,monthly_30d_25d_otm,weekly_1_strike0,49,427
BA,2025-05-02,2025-05-30,backfill,O:BA250620C00220000,220.0,2025-06-20,2025-05-07,0.5,0.5,0.47,0.47,123,10,0.5,,monthly_30d_25d_otm,weekly_1_strike0,49,427
BA,2025-05-02,2025-05-30,backfill,O:BA250620C00220000,220.0,2025-06-20,2025-05-08,0.52,1.34,0.52,1.06,3353,85,0.52,,monthly_30d_25d_otm,weekly_1_strike0,49,427
BA,2025-05-02,2025-05-30,backfill,O:BA250620C00220000,220.0,2025-06-20,2025-05-09,1.13,1.33,1.06,1.25,473,103,1.13,,monthly_30d_25d_otm,weekly_1_strike0,49,427
BA,2025-05-02,2025-05-30,backfill,O:BA250620C00220000,220.0,2025-06-20,2025-05-12,1.31,1.55,0.83,1.18,3120,103,1.31,,monthly_30d_25d_otm,weekly_1_strike0,49,427
BA,2025-05-02,2025-05-30,backfill,O:BA250620C00220000,220.0,2025-06-20,2025-05-13,1.36,2.71,1.33,2.2,5413,201,1.36,,monthly_30d_25d_otm,weekly_1_strike0,49,427
BA,2025-05-02,2025-05-30,backfill,O:BA250620C00220000,220.0,2025-06-20,2025-05-14,2.8,4.4,2.48,2.92,7033,280,2.8,,monthly_30d_25d_otm,weekly_1_strike0,49,427
BA,2025-05-02,2025-05-30,backfill,O:BA250620C00220000,220.0,2025-06-20,2025-05-15,3.5,3.9,2.69,2.85,1707,184,3.5,,monthly_30d_25d_otm,weekly_1_strike0,49,427
BA,2025-05-02,2025-05-30,backfill,O:BA250620C00220000,220.0,2025-06-20,2025-05-16,2.52,2.85,2.0,2.36,1286,151,2.52,,monthly_30d_25d_otm,weekly_1_strike0,49,427
BA,2025-05-02,2025-05-30,backfill,O:BA250620C00220000,220.0,2025-06-20,2025-05-19,1.87,2.39,1.83,1.94,1660,106,1.87,,monthly_30d_25d_otm,weekly_1_strike0,49,427
BA,2025-05-02,2025-05-30,backfill,O:BA250620C00220000,220.0,2025-06-20,2025-05-20,2.0,3.0,2.0,2.6,1762,135,2.0,,monthly_30d_25d_otm,weekly_1_strike0,49,427
BA,2025-05-02,2025-05-30,backfill,O:BA250620C00220000,220.0,2025-06-20,2025-05-21,2.45,2.45,1.6,1.67,745,125,2.45,,monthly_30d_25d_otm,weekly_1_strike0,49,427
BA,2025-05-02,2025-05-30,backfill,O:BA250620C00220000,220.0,2025-06-20,2025-05-22,1.74,1.78,1.46,1.54,300,64,1.74,,monthly_30d_25d_otm,weekly_1_strike0,49,427
BA,2025-05-02,2025-05-30,backfill,O:BA250620C00220000,220.0,2025-06-20,2025-05-23,1.17,1.5,1.06,1.24,1633,99,1.17,,monthly_30d_25d_otm,weekly_1_strike0,49,427
BA,2025-05-02,2025-05-30,backfill,O:BA250620C00220000,220.0,2025-06-20,2025-05-27,1.39,1.45,0.65,0.72,2372,122,1.39,,monthly_30d_25d_otm,weekly_1_strike0,49,427
BA,2025-05-02,2025-05-30,backfill,O:BA250620C00220000,220.0,2025-06-20,2025-05-28,0.83,0.92,0.65,0.9,299,54,0.83,,monthly_30d_25d_otm,weekly_1_strike0,49,427
BA,2025-05-02,2025-05-30,backfill,O:BA250620C00220000,220.0,2025-06-20,2025-05-29,0.9,3.39,0.81,1.88,3696,161,0.9,,monthly_30d_25d_otm,weekly_1_strike0,49,427
BA,2025-05-02,2025-05-30,backfill,O:BA250620C00220000,220.0,2025-06-20,2025-05-30,1.65,1.7,1.1,1.32,700,91,1.65,,monthly_30d_25d_otm,weekly_1_strike0,49,427
BABA,2020-07-16,2020-08-12,backfill,O:BABA200821C00275000,275.0,2020-08-21,2020-07-16,3.52,4.0,3.1,3.63,319,60,3.52,,monthly_30d_20d_otm,weekly_2_strike0,36,319
BABA,2020-07-16,2020-08-12,backfill,O:BABA200821C00275000,275.0,2020-08-21,2020-07-17,4.0,4.45,3.4,3.79,390,64,4.0,,monthly_30d_20d_otm,weekly_2_strike0,36,319
BABA,2020-07-16,2020-08-12,backfill,O:BABA200821C00275000,275.0,2020-08-21,2020-07-20,5.4,6.28,4.84,5.7,502,87,5.4,,monthly_30d_20d_otm,weekly_2_strike0,36,319
BABA,2020-07-16,2020-08-12,backfill,O:BABA200821C00275000,275.0,2020-08-21,2020-07-21,7.67,8.0,6.2,6.42,1238,67,7.67,,monthly_30d_20d_otm,weekly_2_strike0,36,319
BABA,2020-07-16,2020-08-12,backfill,O:BABA200821C00275000,275.0,2020-08-21,2020-07-22,5.5,5.5,3.95,4.41,671,48,5.5,,monthly_30d_20d_otm,weekly_2_strike0,36,319
BABA,2020-07-16,2020-08-12,backfill,O:BABA200821C00275000,275.0,2020-08-21,2020-07-23,4.52,6.0,3.5,4.5,118,38,4.52,,monthly_30d_20d_otm,weekly_2_strike0,36,319
BABA,2020-07-16,2020-08-12,backfill,O:BABA200821C00275000,275.0,2020-08-21,2020-07-24,2.44,3.45,2.41,3.26,510,39,2.44,,monthly_30d_20d_otm,weekly_2_strike0,36,319
BABA,2020-07-16,2020-08-12,backfill,O:BABA200821C00275000,275.0,2020-08-21,2020-07-27,3.1,3.5,2.46,3.34,703,62,3.1,,monthly_30d_20d_otm,weekly_2_strike0,36,319
BABA,2020-07-16,2020-08-12,backfill,O:BABA200821C00275000,275.0,2020-08-21,2020-07-28,3.25,3.25,2.27,2.3,250,38,3.25,,monthly_30d_20d_otm,weekly_2_strike0,36,319
BABA,2020-07-16,2020-08-12,backfill,O:BABA200821C00275000,275.0,2020-08-21,2020-07-29,2.88,3.25,2.51,2.82,748,53,2.88,,monthly_30d_20d_otm,weekly_2_strike0,36,319
BABA,2020-07-16,2020-08-12,backfill,O:BABA200821C00275000,275.0,2020-08-21,2020-07-30,2.63,2.88,2.3,2.61,124,29,2.63,,monthly_30d_20d_otm,weekly_2_strike0,36,319
BABA,2020-07-16,2020-08-12,backfill,O:BABA200821C00275000,275.0,2020-08-21,2020-07-31,3.16,3.16,1.93,2.57,329,78,3.16,,monthly_30d_20d_otm,weekly_2_strike0,36,319
BABA,2020-07-16,2020-08-12,backfill,O:BABA200821C00275000,275.0,2020-08-21,2020-08-03,3.2,4.65,3.1,4.15,722,118,3.2,,monthly_30d_20d_otm,weekly_2_strike0,36,319
BABA,2020-07-16,2020-08-12,backfill,O:BABA200821C00275000,275.0,2020-08-21,2020-08-04,4.5,5.48,4.25,5.4,2344,108,4.5,,monthly_30d_20d_otm,weekly_2_strike0,36,319
BABA,2020-07-16,2020-08-12,backfill,O:BABA200821C00275000,275.0,2020-08-21,2020-08-05,5.6,6.11,4.85,6.05,1205,115,5.6,,monthly_30d_20d_otm,weekly_2_strike0,36,319
BABA,2020-07-16,2020-08-12,backfill,O:BABA200821C00275000,275.0,2020-08-21,2020-08-06,5.0,5.74,4.09,5.74,2569,131,5.0,,monthly_30d_20d_otm,weekly_2_strike0,36,319
BABA,2020-07-16,2020-08-12,backfill,O:BABA200821C00275000,275.0,2020-08-21,2020-08-07,4.5,4.5,2.48,3.82,3035,216,4.5,,monthly_30d_20d_otm,weekly_2_strike0,36,319
BABA,2020-07-16,2020-08-12,backfill,O:BABA200821C00275000,275.0,2020-08-21,2020-08-10,2.81,3.3,1.92,2.37,915,150,2.81,,monthly_30d_20d_otm,weekly_2_strike0,36,319
BABA,2020-07-16,2020-08-12,backfill,O:BABA200821C00275000,275.0,2020-08-21,2020-08-11,2.5,2.83,1.8,1.89,874,133,2.5,,monthly_30d_20d_otm,weekly_2_strike0,36,319
BABA,2020-07-16,2020-08-12,backfill,O:BABA200821C00275000,275.0,2020-08-21,2020-08-12,1.95,2.55,1.72,2.28,916,183,1.95,,monthly_30d_20d_otm,weekly_2_strike0,36,319
BABA,2021-11-03,2021-11-18,backfill,O:BABA211217C00180000,180.0,2021-12-17,2021-11-03,4.97,5.3,4.1,5.17,573,97,4.97,,monthly_30d_30d_otm,weekly_2_strike0,44,573
BABA,2021-11-03,2021-11-18,backfill,O:BABA211217C00180000,180.0,2021-12-17,2021-11-04,6.02,6.27,4.7,5.05,714,119,6.02,,monthly_30d_30d_otm,weekly_2_strike0,44,573
BABA,2021-11-03,2021-11-18,backfill,O:BABA211217C00180000,180.0,2021-12-17,2021-11-05,4.5,4.9,3.45,4.02,646,138,4.5,,monthly_30d_30d_otm,weekly_2_strike0,44,573
BABA,2021-11-03,2021-11-18,backfill,O:BABA211217C00180000,180.0,2021-12-17,2021-11-08,3.35,4.55,3.35,4.0,2197,141,3.35,,monthly_30d_30d_otm,weekly_2_strike0,44,573
BABA,2021-11-03,2021-11-18,backfill,O:BABA211217C00180000,180.0,2021-12-17,2021-11-09,3.85,4.55,3.3,3.45,1080,106,3.85,,monthly_30d_30d_otm,weekly_2_strike0,44,573
BABA,2021-11-03,2021-11-18,backfill,O:BABA211217C00180000,180.0,2021-12-17,2021-11-10,4.0,5.0,3.7,4.34,1807,208,4.0,,monthly_30d_30d_otm,weekly_2_strike0,44,573
BABA,2021-11-03,2021-11-18,backfill,O:BABA211217C00180000,180.0,2021-12-17,2021-11-11,5.4,5.5,4.3,5.15,3826,198,5.4,,monthly_30d_30d_otm,weekly_2_strike0,44,573
BABA,2021-11-03,2021-11-18,backfill,O:BABA211217C00180000,180.0,2021-12-17,2021-11-12,5.0,5.0,3.6,4.4,2428,158,5.0,,monthly_30d_30d_otm,weekly_2_strike0,44,573
BABA,2021-11-03,2021-11-18,backfill,O:BABA211217C00180000,180.0,2021-12-17,2021-11-15,4.4,4.8,3.95,4.25,2819,200,4.4,,monthly_30d_30d_otm,weekly_2_strike0,44,573
BABA,2021-11-03,2021-11-18,backfill,O:BABA211217C00180000,180.0,2021-12-17,2021-11-16,4.6,5.3,4.0,4.45,4186,178,4.6,,monthly_30d_30d_otm,weekly_2_strike0,44,573
BABA,2021-11-03,2021-11-18,backfill,O:BABA211217C00180000,180.0,2021-12-17,2021-11-17,4.3,4.45,2.66,2.75,1679,232,4.3,,monthly_30d_30d_otm,weekly_2_strike0,44,573
BABA,2021-11-03,2021-11-18,backfill,O:BABA211217C00180000,180.0,2021-12-17,2021-11-18,0.65,0.83,0.54,0.68,7431,225,0.65,,monthly_30d_30d_otm,weekly_2_strike0,44,573
BABA,2022-02-14,2022-02-24,backfill,O:BABA220318C00140000,140.0,2022-03-18,2022-02-14,2.55,2.69,2.21,2.57,323,76,2.55,,monthly_30d_20d_otm,weekly_2_strike0,32,323
BABA,2022-02-14,2022-02-24,backfill,O:BABA220318C00140000,140.0,2022-03-18,2022-02-15,2.82,3.4,2.72,3.3,469,93,2.82,,monthly_30d_20d_otm,weekly_2_strike0,32,323
BABA,2022-02-14,2022-02-24,backfill,O:BABA220318C00140000,140.0,2022-03-18,2022-02-16,2.88,3.5,2.75,2.95,435,77,2.88,,monthly_30d_20d_otm,weekly_2_strike0,32,323
BABA,2022-02-14,2022-02-24,backfill,O:BABA220318C00140000,140.0,2022-03-18,2022-02-17,2.6,4.05,2.6,2.76,827,124,2.6,,monthly_30d_20d_otm,weekly_2_strike0,32,323
BABA,2022-02-14,2022-02-24,backfill,O:BABA220318C00140000,140.0,2022-03-18,2022-02-18,1.78,2.01,1.6,1.81,824,138,1.78,,monthly_30d_20d_otm,weekly_2_strike0,32,323
BABA,2022-02-14,2022-02-24,backfill,O:BABA220318C00140000,140.0,2022-03-18,2022-02-22,1.5,1.5,0.92,1.15,2067,148,1.5,,monthly_30d_20d_otm,weekly_2_strike0,32,323
BABA,2022-02-14,2022-02-24,backfill,O:BABA220318C00140000,140.0,2022-03-18,2022-02-23,1.25,1.25,0.92,1.05,4380,138,1.25,,monthly_30d_20d_otm,weekly_2_strike0,32,323
BABA,2022-02-14,2022-02-24,backfill,O:BABA220318C00140000,140.0,2022-03-18,2022-02-24,0.5,0.5,0.28,0.43,4000,130,0.5,,monthly_30d_20d_otm,weekly_2_strike0,32,323
BABA,2022-05-19,2022-06-16,backfill,O:BABA220617C00095000,95.0,2022-06-17,2022-05-19,4.55,5.45,4.05,4.2,5028,109,4.55,,monthly_30d_30d_otm,weekly_2_strike0,29,5028
BABA,2022-05-19,2022-06-16,backfill,O:BABA220617C00095000,95.0,2022-06-17,2022-05-20,4.8,4.85,3.2,3.73,349,65,4.8,,monthly_30d_30d_otm,weekly_2_strike0,29,5028
BABA,2022-05-19,2022-06-16,backfill,O:BABA220617C00095000,95.0,2022-06-17,2022-05-23,4.0,4.0,2.77,3.4,416,68,4.0,,monthly_30d_30d_otm,weekly_2_strike0,29,5028
BABA,2022-05-19,2022-06-16,backfill,O:BABA220617C00095000,95.0,2022-06-17,2022-05-24,2.68,2.68,1.94,2.1,528,82,2.68,,monthly_30d_30d_otm,weekly_2_strike0,29,5028
BABA,2022-05-19,2022-06-16,backfill,O:BABA220617C00095000,95.0,2022-06-17,2022-05-25,2.05,2.22,1.82,2.05,1059,76,2.05,,monthly_30d_30d_otm,weekly_2_strike0,29,5028
BABA,2022-05-19,2022-06-16,backfill,O:BABA220617C00095000,95.0,2022-06-17,2022-05-26,3.06,6.15,2.44,5.85,1666,163,3.06,,monthly_30d_30d_otm,weekly_2_strike0,29,5028
BABA,2022-05-19,2022-06-16,backfill,O:BABA220617C00095000,95.0,2022-06-17,2022-05-27,4.6,5.1,3.8,4.5,606,127,4.6,,monthly_30d_30d_otm,weekly_2_strike0,29,5028
BABA,2022-05-19,2022-06-16,backfill,O:BABA220617C00095000,95.0,2022-06-17,2022-05-31,7.15,7.95,5.38,5.7,615,106,7.15,,monthly_30d_30d_otm,weekly_2_strike0,29,5028
BABA,2022-05-19,2022-06-16,backfill,O:BABA220617C00095000,95.0,2022-06-17,2022-06-01,6.0,6.0,3.4,4.01,615,90,6.0,,monthly_30d_30d_otm,weekly_2_strike0,29,5028
BABA,2022-05-19,2022-06-16,backfill,O:BABA220617C00095000,95.0,2022-06-17,2022-06-02,4.05,6.0,4.0,5.96,1433,111,4.05,,monthly_30d_30d_otm,weekly_2_strike0,29,5028
BABA,2022-05-19,2022-06-16,backfill,O:BABA220617C00095000,95.0,2022-06-17,2022-06-03,4.8,4.85,3.35,3.47,773,86,4.8,,monthly_30d_30d_otm,weekly_2_strike0,29,5028
BABA,2022-05-19,2022-06-16,backfill,O:BABA220617C00095000,95.0,2022-06-17,2022-06-06,7.18,9.0,5.8,6.5,717,88,7.18,,monthly_30d_30d_otm,weekly_2_strike0,29,5028
BABA,2022-05-19,2022-06-16,backfill,O:BABA220617C00095000,95.0,2022-06-17,2022-06-07,7.0,10.65,7.0,10.65,332,49,7.0,,monthly_30d_30d_otm,weekly_2_strike0,29,5028
BABA,2022-05-19,2022-06-16,backfill,O:BABA220617C00095000,95.0,2022-06-17,2022-06-08,14.15,25.72,13.45,25.03,532,78,14.15,,monthly_30d_30d_otm,weekly_2_strike0,29,5028
BABA,2022-05-19,2022-06-16,backfill,O:BABA220617C00095000,95.0,2022-06-17,2022-06-09,20.0,22.0,15.4,16.1,117,22,20.0,,monthly_30d_30d_otm,weekly_2_strike0,29,5028
BABA,2022-05-19,2022-06-16,backfill,O:BABA220617C00095000,95.0,2022-06-17,2022-06-10,17.4,17.4,14.25,15.39,67,19,17.4,,monthly_30d_30d_otm,weekly_2_strike0,29,5028
BABA,2022-05-19,2022-06-16,backfill,O:BABA220617C00095000,95.0,2022-06-17,2022-06-13,9.9,9.9,5.55,5.9,358,50,9.9,,monthly_30d_30d_otm,weekly_2_strike0,29,5028
BABA,2022-05-19,2022-06-16,backfill,O:BABA220617C00095000,95.0,2022-06-17,2022-06-14,6.25,10.9,6.25,10.63,149,32,6.25,,monthly_30d_30d_otm,weekly_2_strike0,29,5028
BABA,2022-05-19,2022-06-16,backfill,O:BABA220617C00095000,95.0,2022-06-17,2022-06-15,10.88,13.7,10.32,13.7,99,21,10.88,,monthly_30d_30d_otm,weekly_2_strike0,29,5028
BABA,2022-05-19,2022-06-16,backfill,O:BABA220617C00095000,95.0,2022-06-17,2022-06-16,8.1,8.93,6.0,6.9,98,28,8.1,,monthly_30d_30d_otm,weekly_2_strike0,29,5028
BABA,2024-05-03,2024-05-31,backfill,O:BABA240621C00085000,85.0,2024-06-21,2024-05-03,2.97,3.25,2.57,3.15,8593,172,2.97,,monthly_30d_35d_otm,weekly_1_strike0,49,8593
BABA,2024-05-03,2024-05-31,backfill,O:BABA240621C00085000,85.0,2024-06-21,2024-05-06,3.1,3.55,2.7,3.15,2127,122,3.1,,monthly_30d_35d_otm,weekly_1_strike0,49,8593
BABA,2024-05-03,2024-05-31,backfill,O:BABA240621C00085000,85.0,2024-06-21,2024-05-07,0.01,2.52,0.01,2.26,1757,145,0.01,,monthly_30d_35d_otm,weekly_1_strike0,49,8593
BABA,2024-05-03,2024-05-31,backfill,O:BABA240621C00085000,85.0,2024-06-21,2024-05-08,1.94,2.09,1.7,1.97,614,77,1.94,,monthly_30d_35d_otm,weekly_1_strike0,49,8593
BABA,2024-05-03,2024-05-31,backfill,O:BABA240621C00085000,85.0,2024-06-21,2024-05-09,2.2,2.46,2.02,2.37,1779,114,2.2,,monthly_30d_35d_otm,weekly_1_strike0,49,8593
BABA,2024-05-03,2024-05-31,backfill,O:BABA240621C00085000,85.0,2024-06-21,2024-05-10,2.67,2.79,2.33,2.43,4063,117,2.67,,monthly_30d_35d_otm,weekly_1_strike0,49,8593
BABA,2024-05-03,2024-05-31,backfill,O:BABA240621C00085000,85.0,2024-06-21,2024-05-13,3.45,4.55,3.2,4.5,11298,269,3.45,,monthly_30d_35d_otm,weekly_1_strike0,49,8593
BABA,2024-05-03,2024-05-31,backfill,O:BABA240621C00085000,85.0,2024-06-21,2024-05-14,1.79,2.7,1.1,1.45,19252,242,1.79,,monthly_30d_35d_otm,weekly_1_strike0,49,8593
BABA,2024-05-03,2024-05-31,backfill,O:BABA240621C00085000,85.0,2024-06-21,2024-05-15,1.52,1.68,1.43,1.62,5784,188,1.52,,monthly_30d_35d_otm,weekly_1_strike0,49,8593
BABA,2024-05-03,2024-05-31,backfill,O:BABA240621C00085000,85.0,2024-06-21,2024-05-16,1.74,4.95,1.74,4.4,26787,302,1.74,,monthly_30d_35d_otm,weekly_1_strike0,49,8593
BABA,2024-05-03,2024-05-31,backfill,O:BABA240621C00085000,85.0,2024-06-21,2024-05-17,5.0,7.0,4.4,5.5,4977,205,5.0,,monthly_30d_35d_otm,weekly_1_strike0,49,8593
BABA,2024-05-03,2024-05-31,backfill,O:BABA240621C00085000,85.0,2024-06-21,2024-05-20,4.93,6.0,4.5,5.31,835,83,4.93,,monthly_30d_35d_otm,weekly_1_strike0,49,8593
BABA,2024-05-03,2024-05-31,backfill,O:BABA240621C00085000,85.0,2024-06-21,2024-05-21,3.95,4.45,3.3,3.83,2614,117,3.95,,monthly_30d_35d_otm,weekly_1_strike0,49,8593
BABA,2024-05-03,2024-05-31,backfill,O:BABA240621C00085000,85.0,2024-06-21,2024-05-22,2.77,3.45,2.0,2.0,5691,156,2.77,,monthly_30d_35d_otm,weekly_1_strike0,49,8593
BABA,2024-05-03,2024-05-31,backfill,O:BABA240621C00085000,85.0,2024-06-21,2024-05-23,1.68,2.1,1.15,1.36,10911,290,1.68,,monthly_30d_35d_otm,weekly_1_strike0,49,8593
BABA,2024-05-03,2024-05-31,backfill,O:BABA240621C00085000,85.0,2024-06-21,2024-05-24,1.32,2.05,1.06,1.6,5901,246,1.32,,monthly_30d_35d_otm,weekly_1_strike0,49,8593
BABA,2024-05-03,2024-05-31,backfill,O:BABA240621C00085000,85.0,2024-06-21,2024-05-28,1.57,1.62,1.05,1.26,2222,179,1.57,,monthly_30d_35d_otm,weekly_1_strike0,49,8593
BABA,2024-05-03,2024-05-31,backfill,O:BABA240621C00085000,85.0,2024-06-21,2024-05-29,0.84,0.9,0.67,0.81,6885,164,0.84,,monthly_30d_35d_otm,weekly_1_strike0,49,8593
BABA,2024-05-03,2024-05-31,backfill,O:BABA240621C00085000,85.0,2024-06-21,2024-05-30,0.79,1.0,0.74,0.91,2043,158,0.79,,monthly_30d_35d_otm,weekly_1_strike0,49,8593
BABA,2024-05-03,2024-05-31,backfill,O:BABA240621C00085000,85.0,2024-06-21,2024-05-31,0.64,0.81,0.45,0.55,11914,169,0.64,,monthly_30d_35d_otm,weekly_1_strike0,49,8593
BABA,2025-09-16,2025-10-13,backfill,O:BABA251017C00170000,170.0,2025-10-17,2025-09-16,5.15,6.62,4.5,6.15,4716,155,5.15,,monthly_30d_35d_otm,weekly_2_strike2,31,4716
BABA,2025-09-16,2025-10-13,backfill,O:BABA251017C00170000,170.0,2025-10-17,2025-09-17,7.94,8.25,6.26,7.43,2509,219,7.94,,monthly_30d_35d_otm,weekly_2_strike2,31,4716
BABA,2025-09-16,2025-10-13,backfill,O:BABA251017C00170000,170.0,2025-10-17,2025-09-18,5.9,6.85,5.1,5.8,1781,146,5.9,,monthly_30d_35d_otm,weekly_2_strike2,31,4716
BABA,2025-09-16,2025-10-13,backfill,O:BABA251017C00170000,170.0,2025-10-17,2025-09-19,6.78,7.0,5.4,5.4,3540,150,6.78,,monthly_30d_35d_otm,weekly_2_strike2,31,4716
BABA,2025-09-16,2025-10-13,backfill,O:BABA251017C00170000,170.0,2025-10-17,2025-09-22,6.05,7.15,5.25,5.57,1303,113,6.05,,monthly_30d_35d_otm,weekly_2_strike2,31,4716
BABA,2025-09-16,2025-10-13,backfill,O:BABA251017C00170000,170.0,2025-10-17,2025-09-23,5.95,7.2,4.77,4.85,10364,186,5.95,,monthly_30d_35d_otm,weekly_2_strike2,31,4716
BABA,2025-09-16,2025-10-13,backfill,O:BABA251017C00170000,170.0,2025-10-17,2025-09-24,11.35,14.8,10.8,12.05,13049,176,11.35,,monthly_30d_35d_otm,weekly_2_strike2,31,4716
BABA,2025-09-16,2025-10-13,backfill,O:BABA251017C00170000,170.0,2025-10-17,2025-09-25,9.36,11.0,8.0,11.0,863,95,9.36,,monthly_30d_35d_otm,weekly_2_strike2,31,4716
BABA,2025-09-16,2025-10-13,backfill,O:BABA251017C00170000,170.0,2025-10-17,2025-09-26,8.45,8.84,7.1,8.12,5721,108,8.45,,monthly_30d_35d_otm,weekly_2_strike2,31,4716
BABA,2025-09-16,2025-10-13,backfill,O:BABA251017C00170000,170.0,2025-10-17,2025-09-29,12.5,14.35,11.8,13.4,3404,70,12.5,,monthly_30d_35d_otm,weekly_2_strike2,31,4716
BABA,2025-09-16,2025-10-13,backfill,O:BABA251017C00170000,170.0,2025-10-17,2025-09-30,14.0,14.7,11.0,12.65,1388,47,14.0,,monthly_30d_35d_otm,weekly_2_strike2,31,4716
BABA,2025-09-16,2025-10-13,backfill,O:BABA251017C00170000,170.0,2025-10-17,2025-10-01,13.92,15.48,13.0,15.2,970,52,13.92,,monthly_30d_35d_otm,weekly_2_strike2,31,4716
BABA,2025-09-16,2025-10-13,backfill,O:BABA251017C00170000,170.0,2025-10-17,2025-10-02,21.7,23.39,20.01,20.81,2821,65,21.7,,monthly_30d_35d_otm,weekly_2_strike2,31,4716
BABA,2025-09-16,2025-10-13,backfill,O:BABA251017C00170000,170.0,2025-10-17,2025-10-03,21.2,21.9,18.65,19.2,2736,36,21.2,,monthly_30d_35d_otm,weekly_2_strike2,31,4716
BABA,2025-09-16,2025-10-13,backfill,O:BABA251017C00170000,170.0,2025-10-17,2025-10-06,18.0,20.24,18.0,19.39,244,20,18.0,,monthly_30d_35d_otm,weekly_2_strike2,31,4716
BABA,2025-09-16,2025-10-13,backfill,O:BABA251017C00170000,170.0,2025-10-17,2025-10-07,17.88,19.1,12.47,13.15,1256,49,17.88,,monthly_30d_35d_otm,weekly_2_strike2,31,4716
BABA,2025-09-16,2025-10-13,backfill,O:BABA251017C00170000,170.0,2025-10-17,2025-10-08,10.88,13.4,9.8,13.4,141,37,10.88,,monthly_30d_35d_otm,weekly_2_strike2,31,4716
BABA,2025-09-16,2025-10-13,backfill,O:BABA251017C00170000,170.0,2025-10-17,2025-10-09,9.95,10.4,5.94,6.5,1798,118,9.95,,monthly_30d_35d_otm,weekly_2_strike2,31,4716
BABA,2025-09-16,2025-10-13,backfill,O:BABA251017C00170000,170.0,2025-10-17,2025-10-10,4.44,5.9,1.12,1.45,12223,325,4.44,,monthly_30d_35d_otm,weekly_2_strike2,31,4716
BABA,2025-09-16,2025-10-13,backfill,O:BABA251017C00170000,170.0,2025-10-17,2025-10-13,2.75,3.7,2.11,2.65,10450,294,2.75,,monthly_30d_35d_otm,weekly_2_strike2,31,4716
BEKE,2022-01-12,2022-02-09,backfill,O:BEKE220218C00022500,22.5,2022-02-18,2022-01-12,2.92,3.1,2.1,2.51,33,11,2.92,,monthly_30d_atm,weekly_2_strike0,37,33
BEKE,2022-01-12,2022-02-09,backfill,O:BEKE220218C00022500,22.5,2022-02-18,2022-01-13,1.82,2.1,1.61,1.78,164,11,1.82,,monthly_30d_atm,weekly_2_strike0,37,33
BEKE,2022-01-12,2022-02-09,backfill,O:BEKE220218C00022500,22.5,2022-02-18,2022-01-14,1.59,1.68,1.34,1.62,223,19,1.59,,monthly_30d_atm,weekly_2_strike0,37,33
BEKE,2022-01-12,2022-02-09,backfill,O:BEKE220218C00022500,22.5,2022-02-18,2022-01-18,1.53,2.41,1.53,2.11,191,33,1.53,,monthly_30d_atm,weekly_2_strike0,37,33
BEKE,2022-01-12,2022-02-09,backfill,O:BEKE220218C00022500,22.5,2022-02-18,2022-01-19,2.73,2.8,1.87,2.54,252,35,2.73,,monthly_30d_atm,weekly_2_strike0,37,33
BEKE,2022-01-12,2022-02-09,backfill,O:BEKE220218C00022500,22.5,2022-02-18,2022-01-20,3.05,3.5,2.48,2.48,273,34,3.05,,monthly_30d_atm,weekly_2_strike0,37,33
BEKE,2022-01-12,2022-02-09,backfill,O:BEKE220218C00022500,22.5,2022-02-18,2022-01-21,2.23,2.3,1.68,1.89,181,31,2.23,,monthly_30d_atm,weekly_2_strike0,37,33
BEKE,2022-01-12,2022-02-09,backfill,O:BEKE220218C00022500,22.5,2022-02-18,2022-01-24,1.65,1.65,1.25,1.58,120,34,1.65,,monthly_30d_atm,weekly_2_strike0,37,33
BEKE,2022-01-12,2022-02-09,backfill,O:BEKE220218C00022500,22.5,2022-02-18,2022-01-25,1.5,1.78,1.05,1.3,104,24,1.5,,monthly_30d_atm,weekly_2_strike0,37,33
BEKE,2022-01-12,2022-02-09,backfill,O:BEKE220218C00022500,22.5,2022-02-18,2022-01-26,1.1,1.11,0.65,0.68,143,20,1.1,,monthly_30d_atm,weekly_2_strike0,37,33
BEKE,2022-01-12,2022-02-09,backfill,O:BEKE220218C00022500,22.5,2022-02-18,2022-01-27,0.61,0.79,0.52,0.52,117,13,0.61,,monthly_30d_atm,weekly_2_strike0,37,33
BEKE,2022-01-12,2022-02-09,backfill,O:BEKE220218C00022500,22.5,2022-02-18,2022-01-28,0.5,0.52,0.4,0.5,48,8,0.5,,monthly_30d_atm,weekly_2_strike0,37,33
BEKE,2022-01-12,2022-02-09,backfill,O:BEKE220218C00022500,22.5,2022-02-18,2022-01-31,0.66,1.5,0.66,1.45,604,59,0.66,,monthly_30d_atm,weekly_2_strike0,37,33
BEKE,2022-01-12,2022-02-09,backfill,O:BEKE220218C00022500,22.5,2022-02-18,2022-02-01,1.18,1.25,0.97,1.21,16,7,1.18,,monthly_30d_atm,weekly_2_strike0,37,33
BEKE,2022-01-12,2022-02-09,backfill,O:BEKE220218C00022500,22.5,2022-02-18,2022-02-02,0.7,0.73,0.58,0.66,658,6,0.7,,monthly_30d_atm,weekly_2_strike0,37,33
BEKE,2022-01-12,2022-02-09,backfill,O:BEKE220218C00022500,22.5,2022-02-18,2022-02-03,0.53,0.53,0.4,0.45,53,8,0.53,,monthly_30d_atm,weekly_2_strike0,37,33
BEKE,2022-01-12,2022-02-09,backfill,O:BEKE220218C00022500,22.5,2022-02-18,2022-02-04,0.46,0.55,0.33,0.51,3616,25,0.46,,monthly_30d_atm,weekly_2_strike0,37,33
BEKE,2022-01-12,2022-02-09,backfill,O:BEKE220218C00022500,22.5,2022-02-18,2022-02-07,0.43,0.56,0.23,0.24,136,30,0.43,,monthly_30d_atm,weekly_2_strike0,37,33
BEKE,2022-01-12,2022-02-09,backfill,O:BEKE220218C00022500,22.5,2022-02-18,2022-02-08,0.26,0.37,0.16,0.16,124,27,0.26,,monthly_30d_atm,weekly_2_strike0,37,33
BEKE,2022-01-12,2022-02-09,backfill,O:BEKE220218C00022500,22.5,2022-02-18,2022-02-09,0.33,0.73,0.33,0.55,855,62,0.33,,monthly_30d_atm,weekly_2_strike0,37,33
BEKE,2025-04-07,2025-05-05,backfill,O:BEKE250516C00021000,21.0,2025-05-16,2025-04-07,0.78,0.79,0.78,0.79,12,1,0.78,,monthly_30d_25d_otm,weekly_3_strike0,39,12
BEKE,2025-04-07,2025-05-05,backfill,O:BEKE250516C00021000,21.0,2025-05-16,2025-04-10,0.67,0.79,0.63,0.79,2357,18,0.67,,monthly_30d_25d_otm,weekly_3_strike0,39,12
BEKE,2025-04-07,2025-05-05,backfill,O:BEKE250516C00021000,21.0,2025-05-16,2025-04-11,0.49,0.76,0.49,0.76,28,6,0.49,,monthly_30d_25d_otm,weekly_3_strike0,39,12
BEKE,2025-04-07,2025-05-05,backfill,O:BEKE250516C00021000,21.0,2025-05-16,2025-04-14,0.99,0.99,0.9,0.9,467,7,0.99,,monthly_30d_25d_otm,weekly_3_strike0,39,12
BEKE,2025-04-07,2025-05-05,backfill,O:BEKE250516C00021000,21.0,2025-05-16,2025-04-15,0.74,0.91,0.68,0.76,3206,30,0.74,,monthly_30d_25d_otm,weekly_3_strike0,39,12
BEKE,2025-04-07,2025-05-05,backfill,O:BEKE250516C00021000,21.0,2025-05-16,2025-04-16,0.67,0.7,0.67,0.7,4,2,0.67,,monthly_30d_25d_otm,weekly_3_strike0,39,12
BEKE,2025-04-07,2025-05-05,backfill,O:BEKE250516C00021000,21.0,2025-05-16,2025-04-23,1.6,1.6,1.6,1.6,3,2,1.6,,monthly_30d_25d_otm,weekly_3_strike0,39,12
BEKE,2025-04-07,2025-05-05,backfill,O:BEKE250516C00021000,21.0,2025-05-16,2025-04-24,1.65,2.03,1.65,2.03,4,2,1.65,,monthly_30d_25d_otm,weekly_3_strike0,39,12
BEKE,2025-04-07,2025-05-05,backfill,O:BEKE250516C00021000,21.0,2025-05-16,2025-04-25,1.48,1.48,1.48,1.48,17,1,1.48,,monthly_30d_25d_otm,weekly_3_strike0,39,12
BEKE,2025-04-07,2025-05-05,backfill,O:BEKE250516C00021000,21.0,2025-05-16,2025-04-30,0.76,0.76,0.76,0.76,1,1,0.76,,monthly_30d_25d_otm,weekly_3_strike0,39,12
BEKE,2025-04-07,2025-05-05,backfill,O:BEKE250516C00021000,21.0,2025-05-16,2025-05-01,0.95,0.95,0.95,0.95,3,1,0.95,,monthly_30d_25d_otm,weekly_3_strike0,39,12
BEKE,2025-04-07,2025-05-05,backfill,O:BEKE250516C00021000,21.0,2025-05-16,2025-05-02,1.11,1.11,0.94,0.94,63,2,1.11,,monthly_30d_25d_otm,weekly_3_strike0,39,12
BEKE,2025-04-07,2025-05-05,backfill,O:BEKE250516C00021000,21.0,2025-05-16,2025-05-05,0.88,1.04,0.88,1.01,115,6,0.88,,monthly_30d_25d_otm,weekly_3_strike0,39,12
BIDU,2020-03-24,2020-04-21,backfill,O:BIDU200417C00095000,95.0,2020-04-17,2020-03-24,5.7,7.3,5.69,6.95,66,19,5.7,,monthly_30d_atm,weekly_2_strike0,24,66
BIDU,2020-03-24,2020-04-21,backfill,O:BIDU200417C00095000,95.0,2020-04-17,2020-03-25,7.25,9.9,7.25,8.93,12,7,7.25,,monthly_30d_atm,weekly_2_strike0,24,66
BIDU,2020-03-24,2020-04-21,backfill,O:BIDU200417C00095000,95.0,2020-04-17,2020-03-26,7.18,9.8,7.18,9.8,3,3,7.18,,monthly_30d_atm,weekly_2_strike0,24,66
BIDU,2020-03-24,2020-04-21,backfill,O:BIDU200417C00095000,95.0,2020-04-17,2020-03-27,6.9,7.2,6.6,6.94,62,5,6.9,,monthly_30d_atm,weekly_2_strike0,24,66
BIDU,2020-03-24,2020-04-21,backfill,O:BIDU200417C00095000,95.0,2020-04-17,2020-03-30,5.93,6.75,5.93,6.4,99,12,5.93,,monthly_30d_atm,weekly_2_strike0,24,66
BIDU,2020-03-24,2020-04-21,backfill,O:BIDU200417C00095000,95.0,2020-04-17,2020-03-31,8.5,8.7,8.5,8.7,2,2,8.5,,monthly_30d_atm,weekly_2_strike0,24,66
BIDU,2020-03-24,2020-04-21,backfill,O:BIDU200417C00095000,95.0,2020-04-17,2020-04-01,8.61,8.61,8.61,8.61,1,1,8.61,,monthly_30d_atm,weekly_2_strike0,24,66
BIDU,2020-03-24,2020-04-21,backfill,O:BIDU200417C00095000,95.0,2020-04-17,2020-04-02,5.52,5.52,5.52,5.52,1,1,5.52,,monthly_30d_atm,weekly_2_strike0,24,66
BIDU,2020-03-24,2020-04-21,backfill,O:BIDU200417C00095000,95.0,2020-04-17,2020-04-03,5.87,5.87,4.9,4.9,11,2,5.87,,monthly_30d_atm,weekly_2_strike0,24,66
BIDU,2020-03-24,2020-04-21,backfill,O:BIDU200417C00095000,95.0,2020-04-17,2020-04-06,7.15,8.8,7.1,8.8,185,10,7.15,,monthly_30d_atm,weekly_2_strike0,24,66
BIDU,2020-03-24,2020-04-21,backfill,O:BIDU200417C00095000,95.0,2020-04-17,2020-04-07,11.3,12.35,11.3,12.35,15,3,11.3,,monthly_30d_atm,weekly_2_strike0,24,66
BIDU,2020-03-24,2020-04-21,backfill,O:BIDU200417C00095000,95.0,2020-04-17,2020-04-08,4.2,4.95,3.75,4.77,327,127,4.2,,monthly_30d_atm,weekly_2_strike0,24,66
BIDU,2020-03-24,2020-04-21,backfill,O:BIDU200417C00095000,95.0,2020-04-17,2020-04-09,4.6,6.0,4.6,5.75,62,12,4.6,,monthly_30d_atm,weekly_2_strike0,24,66
BIDU,2020-03-24,2020-04-21,backfill,O:BIDU200417C00095000,95.0,2020-04-17,2020-04-13,4.15,4.15,4.15,4.15,6,1,4.15,,monthly_30d_atm,weekly_2_strike0,24,66
BIDU,2020-03-24,2020-04-21,backfill,O:BIDU200417C00095000,95.0,2020-04-17,2020-04-14,7.5,8.21,7.5,7.86,6,5,7.5,,monthly_30d_atm,weekly_2_strike0,24,66
BIDU,2020-03-24,2020-04-21,backfill,O:BIDU200417C00095000,95.0,2020-04-17,2020-04-15,3.72,5.3,3.72,5.3,2,2,3.72,,monthly_30d_atm,weekly_2_strike0,24,66
BIDU,2020-03-24,2020-04-21,backfill,O:BIDU200417C00095000,95.0,2020-04-17,2020-04-16,5.0,6.5,5.0,6.5,8,2,5.0,,monthly_30d_atm,weekly_2_strike0,24,66
BIDU,2020-03-24,2020-04-21,backfill,O:BIDU200417C00095000,95.0,2020-04-17,2020-04-17,9.9,9.9,9.9,9.9,2,1,9.9,,monthly_30d_atm,weekly_2_strike0,24,66
BIDU,2020-07-10,2020-07-24,backfill,O:BIDU200821C00140000,140.0,2020-08-21,2020-07-10,4.35,4.9,4.28,4.9,146,31,4.35,,monthly_30d_30d_otm,weekly_1_strike0,42,146
BIDU,2020-07-10,2020-07-24,backfill,O:BIDU200821C00140000,140.0,2020-08-21,2020-07-13,5.35,5.35,3.5,3.81,237,59,5.35,,monthly_30d_30d_otm,weekly_1_strike0,42,146
BIDU,2020-07-10,2020-07-24,backfill,O:BIDU200821C00140000,140.0,2020-08-21,2020-07-14,3.52,3.6,2.44,2.9,288,42,3.52,,monthly_30d_30d_otm,weekly_1_strike0,42,146
BIDU,2020-07-10,2020-07-24,backfill,O:BIDU200821C00140000,140.0,2020-08-21,2020-07-15,2.7,2.94,2.15,2.4,623,68,2.7,,monthly_30d_30d_otm,weekly_1_strike0,42,146
BIDU,2020-07-10,2020-07-24,backfill,O:BIDU200821C00140000,140.0,2020-08-21,2020-07-16,1.66,1.98,1.62,1.96,111,44,1.66,,monthly_30d_30d_otm,weekly_1_strike0,42,146
BIDU,2020-07-10,2020-07-24,backfill,O:BIDU200821C00140000,140.0,2020-08-21,2020-07-17,1.96,2.05,1.5,1.65,88,30,1.96,,monthly_30d_30d_otm,weekly_1_strike0,42,146
BIDU,2020-07-10,2020-07-24,backfill,O:BIDU200821C00140000,140.0,2020-08-21,2020-07-20,1.65,1.8,1.53,1.61,128,25,1.65,,monthly_30d_30d_otm,weekly_1_strike0,42,146
BIDU,2020-07-10,2020-07-24,backfill,O:BIDU200821C00140000,140.0,2020-08-21,2020-07-21,1.88,1.88,1.5,1.61,191,39,1.88,,monthly_30d_30d_otm,weekly_1_strike0,42,146
BIDU,2020-07-10,2020-07-24,backfill,O:BIDU200821C00140000,140.0,2020-08-21,2020-07-22,1.51,1.51,1.03,1.14,89,37,1.51,,monthly_30d_30d_otm,weekly_1_strike0,42,146
BIDU,2020-07-10,2020-07-24,backfill,O:BIDU200821C00140000,140.0,2020-08-21,2020-07-23,1.12,1.12,0.78,0.95,130,20,1.12,,monthly_30d_30d_otm,weekly_1_strike0,42,146
BIDU,2020-07-10,2020-07-24,backfill,O:BIDU200821C00140000,140.0,2020-08-21,2020-07-24,0.7,0.75,0.65,0.71,178,24,0.7,,monthly_30d_30d_otm,weekly_1_strike0,42,146
BIDU,2020-12-21,2021-01-20,backfill,O:BIDU210115C00210000,210.0,2021-01-15,2020-12-21,6.01,10.2,4.9,4.95,842,136,6.01,,monthly_30d_20d_otm,weekly_3_strike2,25,842
BIDU,2020-12-21,2021-01-20,backfill,O:BIDU210115C00210000,210.0,2021-01-15,2020-12-22,6.7,6.75,3.6,4.1,485,75,6.7,,monthly_30d_20d_otm,weekly_3_strike2,25,842
BIDU,2020-12-21,2021-01-20,backfill,O:BIDU210115C00210000,210.0,2021-01-15,2020-12-23,4.25,5.0,2.73,4.55,397,75,4.25,,monthly_30d_20d_otm,weekly_3_strike2,25,842
BIDU,2020-12-21,2021-01-20,backfill,O:BIDU210115C00210000,210.0,2021-01-15,2020-12-24,3.27,3.95,3.15,3.65,118,32,3.27,,monthly_30d_20d_otm,weekly_3_strike2,25,842
BIDU,2020-12-21,2021-01-20,backfill,O:BIDU210115C00210000,210.0,2021-01-15,2020-12-28,3.6,5.98,2.73,2.85,549,87,3.6,,monthly_30d_20d_otm,weekly_3_strike2,25,842
BIDU,2020-12-21,2021-01-20,backfill,O:BIDU210115C00210000,210.0,2021-01-15,2020-12-29,3.45,4.95,2.64,3.21,579,88,3.45,,monthly_30d_20d_otm,weekly_3_strike2,25,842
BIDU,2020-12-21,2021-01-20,backfill,O:BIDU210115C00210000,210.0,2021-01-15,2020-12-30,3.88,16.35,3.88,15.95,4784,237,3.88,,monthly_30d_20d_otm,weekly_3_strike2,25,842
BIDU,2020-12-21,2021-01-20,backfill,O:BIDU210115C00210000,210.0,2021-01-15,2020-12-31,19.0,19.0,11.55,12.53,385,91,19.0,,monthly_30d_20d_otm,weekly_3_strike2,25,842
BIDU,2020-12-21,2021-01-20,backfill,O:BIDU210115C00210000,210.0,2021-01-15,2021-01-04,16.0,20.17,10.8,13.0,1184,87,16.0,,monthly_30d_20d_otm,weekly_3_strike2,25,842
BIDU,2020-12-21,2021-01-20,backfill,O:BIDU210115C00210000,210.0,2021-01-15,2021-01-05,11.05,12.33,9.5,10.0,198,55,11.05,,monthly_30d_20d_otm,weekly_3_strike2,25,842
BIDU,2020-12-21,2021-01-20,backfill,O:BIDU210115C00210000,210.0,2021-01-15,2021-01-06,9.15,9.65,4.55,4.7,1615,115,9.15,,monthly_30d_20d_otm,weekly_3_strike2,25,842
BIDU,2020-12-21,2021-01-20,backfill,O:BIDU210115C00210000,210.0,2021-01-15,2021-01-07,5.85,11.8,4.5,6.55,2799,230,5.85,,monthly_30d_20d_otm,weekly_3_strike2,25,842
BIDU,2020-12-21,2021-01-20,backfill,O:BIDU210115C00210000,210.0,2021-01-15,2021-01-08,20.05,32.39,12.3,32.39,1764,174,20.05,,monthly_30d_20d_otm,weekly_3_strike2,25,842
BIDU,2020-12-21,2021-01-20,backfill,O:BIDU210115C00210000,210.0,2021-01-15,2021-01-11,34.0,39.5,13.24,13.24,218,68,34.0,,monthly_30d_20d_otm,weekly_3_strike2,25,842
BIDU,2020-12-21,2021-01-20,backfill,O:BIDU210115C00210000,210.0,2021-01-15,2021-01-12,17.67,34.9,16.0,30.0,177,61,17.67,,monthly_30d_20d_otm,weekly_3_strike2,25,842
BIDU,2020-12-21,2021-01-20,backfill,O:BIDU210115C00210000,210.0,2021-01-15,2021-01-13,33.18,33.18,24.71,27.1,61,22,33.18,,monthly_30d_20d_otm,weekly_3_strike2,25,842
BIDU,2020-12-21,2021-01-20,backfill,O:BIDU210115C00210000,210.0,2021-01-15,2021-01-14,29.9,46.45,29.9,41.59,298,51,29.9,,monthly_30d_20d_otm,weekly_3_strike2,25,842
BIDU,2020-12-21,2021-01-20,backfill,O:BIDU210115C00210000,210.0,2021-01-15,2021-01-15,35.98,37.62,28.35,28.35,120,32,35.98,,monthly_30d_20d_otm,weekly_3_strike2,25,842
BIDU,2023-01-06,2023-02-03,backfill,O:BIDU230217C00145000,145.0,2023-02-17,2023-01-06,5.19,5.45,5.0,5.37,19,9,5.19,,monthly_30d_30d_otm,weekly_1_strike0,42,19
BIDU,2023-01-06,2023-02-03,backfill,O:BIDU230217C00145000,145.0,2023-02-17,2023-01-09,6.0,6.0,4.51,4.84,115,17,6.0,,monthly_30d_30d_otm,weekly_1_strike0,42,19
BIDU,2023-01-06,2023-02-03,backfill,O:BIDU230217C00145000,145.0,2023-02-17,2023-01-10,5.0,5.05,5.0,5.05,23,2,5.0,,monthly_30d_30d_otm,weekly_1_strike0,42,19
BIDU,2023-01-06,2023-02-03,backfill,O:BIDU230217C00145000,145.0,2023-02-17,2023-01-11,5.06,6.35,5.06,6.2,15,14,5.06,,monthly_30d_30d_otm,weekly_1_strike0,42,19
BIDU,2023-01-06,2023-02-03,backfill,O:BIDU230217C00145000,145.0,2023-02-17,2023-01-12,5.2,5.2,4.46,5.0,36,7,5.2,,monthly_30d_30d_otm,weekly_1_strike0,42,19
BIDU,2023-01-06,2023-02-03,backfill,O:BIDU230217C00145000,145.0,2023-02-17,2023-01-13,5.0,5.3,4.59,5.3,57,16,5.0,,monthly_30d_30d_otm,weekly_1_strike0,42,19
BIDU,2023-01-06,2023-02-03,backfill,O:BIDU230217C00145000,145.0,2023-02-17,2023-01-17,2.92,2.92,2.08,2.37,319,25,2.92,,monthly_30d_30d_otm,weekly_1_strike0,42,19
BIDU,2023-01-06,2023-02-03,backfill,O:BIDU230217C00145000,145.0,2023-02-17,2023-01-18,2.5,2.63,1.28,1.28,1850,52,2.5,,monthly_30d_30d_otm,weekly_1_strike0,42,19
BIDU,2023-01-06,2023-02-03,backfill,O:BIDU230217C00145000,145.0,2023-02-17,2023-01-19,1.63,2.0,1.6,1.77,133,32,1.63,,monthly_30d_30d_otm,weekly_1_strike0,42,19
BIDU,2023-01-06,2023-02-03,backfill,O:BIDU230217C00145000,145.0,2023-02-17,2023-01-20,2.69,3.4,2.69,3.25,124,25,2.69,,monthly_30d_30d_otm,weekly_1_strike0,42,19
BIDU,2023-01-06,2023-02-03,backfill,O:BIDU230217C00145000,145.0,2023-02-17,2023-01-23,3.3,3.45,2.69,2.86,286,15,3.3,,monthly_30d_30d_otm,weekly_1_strike0,42,19
BIDU,2023-01-06,2023-02-03,backfill,O:BIDU230217C00145000,145.0,2023-02-17,2023-01-24,2.55,2.55,2.07,2.11,70,11,2.55,,monthly_30d_30d_otm,weekly_1_strike0,42,19
BIDU,2023-01-06,2023-02-03,backfill,O:BIDU230217C00145000,145.0,2023-02-17,2023-01-25,1.83,2.23,1.83,2.23,21,2,1.83,,monthly_30d_30d_otm,weekly_1_strike0,42,19
BIDU,2023-01-06,2023-02-03,backfill,O:BIDU230217C00145000,145.0,2023-02-17,2023-01-26,3.38,3.63,3.09,3.63,55,8,3.38,,monthly_30d_30d_otm,weekly_1_strike0,42,19
BIDU,2023-01-06,2023-02-03,backfill,O:BIDU230217C00145000,145.0,2023-02-17,2023-01-27,4.0,4.15,2.84,4.15,344,16,4.0,,monthly_30d_30d_otm,weekly_1_strike0,42,19
BIDU,2023-01-06,2023-02-03,backfill,O:BIDU230217C00145000,145.0,2023-02-17,2023-01-30,4.95,5.65,3.25,4.33,838,49,4.95,,monthly_30d_30d_otm,weekly_1_strike0,42,19
BIDU,2023-01-06,2023-02-03,backfill,O:BIDU230217C00145000,145.0,2023-02-17,2023-01-31,3.0,3.9,2.39,2.47,190,24,3.0,,monthly_30d_30d_otm,weekly_1_strike0,42,19
BIDU,2023-01-06,2023-02-03,backfill,O:BIDU230217C00145000,145.0,2023-02-17,2023-02-01,6.7,13.13,6.15,11.0,1943,39,6.7,,monthly_30d_30d_otm,weekly_1_strike0,42,19
BIDU,2023-01-06,2023-02-03,backfill,O:BIDU230217C00145000,145.0,2023-02-17,2023-02-02,12.28,12.28,10.16,10.75,1017,9,12.28,,monthly_30d_30d_otm,weekly_1_strike0,42,19
BIDU,2023-01-06,2023-02-03,backfill,O:BIDU230217C00145000,145.0,2023-02-17,2023-02-03,8.7,8.7,5.0,5.35,199,28,8.7,,monthly_30d_30d_otm,weekly_1_strike0,42,19
BIDU,2024-05-13,2024-05-29,backfill,O:BIDU240621C00115000,115.0,2024-06-21,2024-05-13,4.1,5.55,4.1,5.15,1266,47,4.1,,monthly_30d_35d_otm,weekly_2_strike0,39,1266
BIDU,2024-05-13,2024-05-29,backfill,O:BIDU240621C00115000,115.0,2024-06-21,2024-05-14,4.0,4.1,3.72,3.83,336,46,4.0,,monthly_30d_35d_otm,weekly_2_strike0,39,1266
BIDU,2024-05-13,2024-05-29,backfill,O:BIDU240621C00115000,115.0,2024-06-21,2024-05-15,4.65,4.65,3.5,4.19,312,66,4.65,,monthly_30d_35d_otm,weekly_2_strike0,39,1266
BIDU,2024-05-13,2024-05-29,backfill,O:BIDU240621C00115000,115.0,2024-06-21,2024-05-16,2.5,4.8,1.75,4.45,2878,194,2.5,,monthly_30d_35d_otm,weekly_2_strike0,39,1266
BIDU,2024-05-13,2024-05-29,backfill,O:BIDU240621C00115000,115.0,2024-06-21,2024-05-17,3.59,4.12,2.82,3.5,3460,216,3.59,,monthly_30d_35d_otm,weekly_2_strike0,39,1266
BIDU,2024-05-13,2024-05-29,backfill,O:BIDU240621C00115000,115.0,2024-06-21,2024-05-20,3.2,3.3,2.51,2.65,1457,144,3.2,,monthly_30d_35d_otm,weekly_2_strike0,39,1266
BIDU,2024-05-13,2024-05-29,backfill,O:BIDU240621C00115000,115.0,2024-06-21,2024-05-21,1.57,1.72,1.35,1.49,4430,172,1.57,,monthly_30d_35d_otm,weekly_2_strike0,39,1266
BIDU,2024-05-13,2024-05-29,backfill,O:BIDU240621C00115000,115.0,2024-06-21,2024-05-22,1.46,1.46,0.89,0.92,1656,105,1.46,,monthly_30d_35d_otm,weekly_2_strike0,39,1266
BIDU,2024-05-13,2024-05-29,backfill,O:BIDU240621C00115000,115.0,2024-06-21,2024-05-23,0.83,1.13,0.57,0.67,687,46,0.83,,monthly_30d_35d_otm,weekly_2_strike0,39,1266
BIDU,2024-05-13,2024-05-29,backfill,O:BIDU240621C00115000,115.0,2024-06-21,2024-05-24,0.7,0.7,0.5,0.52,1687,46,0.7,,monthly_30d_35d_otm,weekly_2_strike0,39,1266
BIDU,2024-05-13,2024-05-29,backfill,O:BIDU240621C00115000,115.0,2024-06-21,2024-05-28,0.5,0.58,0.45,0.48,177,36,0.5,,monthly_30d_35d_otm,weekly_2_strike0,39,1266
BIDU,2024-05-13,2024-05-29,backfill,O:BIDU240621C00115000,115.0,2024-06-21,2024-05-29,0.35,0.42,0.33,0.36,182,28,0.35,,monthly_30d_35d_otm,weekly_2_strike0,39,1266
BIDU,2025-03-12,2025-04-04,backfill,O:BIDU250516C00090000,90.0,2025-05-16,2025-03-12,9.2,9.2,7.35,8.63,163,23,9.2,,monthly_60d_slight_itm,weekly_2_strike0,65,163
BIDU,2025-03-12,2025-04-04,backfill,O:BIDU250516C00090000,90.0,2025-05-16,2025-03-13,10.75,11.09,9.75,9.75,158,12,10.75,,monthly_60d_slight_itm,weekly_2_strike0,65,163
BIDU,2025-03-12,2025-04-04,backfill,O:BIDU250516C00090000,90.0,2025-05-16,2025-03-14,9.85,9.85,9.04,9.15,17,8,9.85,,monthly_60d_slight_itm,weekly_2_strike0,65,163
BIDU,2025-03-12,2025-04-04,backfill,O:BIDU250516C00090000,90.0,2025-05-16,2025-03-17,12.5,16.56,12.32,16.56,20,12,12.5,,monthly_60d_slight_itm,weekly_2_strike0,65,163
BIDU,2025-03-12,2025-04-04,backfill,O:BIDU250516C00090000,90.0,2025-05-16,2025-03-18,17.52,17.95,15.4,15.63,65,15,17.52,,monthly_60d_slight_itm,weekly_2_strike0,65,163
BIDU,2025-03-12,2025-04-04,backfill,O:BIDU250516C00090000,90.0,2025-05-16,2025-03-19,13.5,13.5,11.97,12.35,94,14,13.5,,monthly_60d_slight_itm,weekly_2_strike0,65,163
BIDU,2025-03-12,2025-04-04,backfill,O:BIDU250516C00090000,90.0,2025-05-16,2025-03-20,10.1,10.1,9.03,9.15,223,15,10.1,,monthly_60d_slight_itm,weekly_2_strike0,65,163
BIDU,2025-03-12,2025-04-04,backfill,O:BIDU250516C00090000,90.0,2025-05-16,2025-03-21,8.8,9.56,8.37,9.23,53,14,8.8,,monthly_60d_slight_itm,weekly_2_strike0,65,163
BIDU,2025-03-12,2025-04-04,backfill,O:BIDU250516C00090000,90.0,2025-05-16,2025-03-24,9.2,9.8,9.2,9.8,12,6,9.2,,monthly_60d_slight_itm,weekly_2_strike0,65,163
BIDU,2025-03-12,2025-04-04,backfill,O:BIDU250516C00090000,90.0,2025-05-16,2025-03-25,9.7,11.75,9.7,9.72,69,16,9.7,,monthly_60d_slight_itm,weekly_2_strike0,65,163
BIDU,2025-03-12,2025-04-04,backfill,O:BIDU250516C00090000,90.0,2025-05-16,2025-03-26,10.96,12.05,10.55,10.85,182,19,10.96,,monthly_60d_slight_itm,weekly_2_strike0,65,163
BIDU,2025-03-12,2025-04-04,backfill,O:BIDU250516C00090000,90.0,2025-05-16,2025-03-27,11.21,12.55,11.21,11.5,21,11,11.21,,monthly_60d_slight_itm,weekly_2_strike0,65,163
BIDU,2025-03-12,2025-04-04,backfill,O:BIDU250516C00090000,90.0,2025-05-16,2025-03-28,10.6,10.6,7.7,8.15,85,17,10.6,,monthly_60d_slight_itm,weekly_2_strike0,65,163
BIDU,2025-03-12,2025-04-04,backfill,O:BIDU250516C00090000,90.0,2025-05-16,2025-03-31,6.63,7.15,6.4,7.15,151,23,6.63,,monthly_60d_slight_itm,weekly_2_strike0,65,163
BIDU,2025-03-12,2025-04-04,backfill,O:BIDU250516C00090000,90.0,2025-05-16,2025-04-01,6.72,6.85,6.45,6.5,20,13,6.72,,monthly_60d_slight_itm,weekly_2_strike0,65,163
BIDU,2025-03-12,2025-04-04,backfill,O:BIDU250516C00090000,90.0,2025-05-16,2025-04-02,7.1,7.1,6.45,6.85,905,16,7.1,,monthly_60d_slight_itm,weekly_2_strike0,65,163
BIDU,2025-03-12,2025-04-04,backfill,O:BIDU250516C00090000,90.0,2025-05-16,2025-04-03,5.25,6.53,5.15,5.85,85,24,5.25,,monthly_60d_slight_itm,weekly_2_strike0,65,163
BIDU,2025-03-12,2025-04-04,backfill,O:BIDU250516C00090000,90.0,2025-05-16,2025-04-04,4.15,4.15,2.66,3.35,617,88,4.15,,monthly_60d_slight_itm,weekly_2_strike0,65,163
BIDU,2025-09-05,2025-10-02,backfill,O:BIDU251017C00100000,100.0,2025-10-17,2025-09-05,5.0,6.15,4.82,6.1,2137,130,5.0,,monthly_30d_atm,weekly_1_strike0,42,2137
BIDU,2025-09-05,2025-10-02,backfill,O:BIDU251017C00100000,100.0,2025-10-17,2025-09-08,11.4,13.25,10.4,11.1,3864,148,11.4,,monthly_30d_atm,weekly_1_strike0,42,2137
BIDU,2025-09-05,2025-10-02,backfill,O:BIDU251017C00100000,100.0,2025-10-17,2025-09-09,11.35,12.64,10.25,10.5,2048,67,11.35,,monthly_30d_atm,weekly_1_strike0,42,2137
BIDU,2025-09-05,2025-10-02,backfill,O:BIDU251017C00100000,100.0,2025-10-17,2025-09-10,11.8,13.0,9.35,10.07,1261,54,11.8,,monthly_30d_atm,weekly_1_strike0,42,2137
BIDU,2025-09-05,2025-10-02,backfill,O:BIDU251017C00100000,100.0,2025-10-17,2025-09-11,12.5,14.6,11.7,13.5,727,97,12.5,,monthly_30d_atm,weekly_1_strike0,42,2137
BIDU,2025-09-05,2025-10-02,backfill,O:BIDU251017C00100000,100.0,2025-10-17,2025-09-12,16.5,18.1,14.65,16.4,347,73,16.5,,monthly_30d_atm,weekly_1_strike0,42,2137
BIDU,2025-09-05,2025-10-02,backfill,O:BIDU251017C00100000,100.0,2025-10-17,2025-09-15,16.0,16.87,15.25,16.16,1615,37,16.0,,monthly_30d_atm,weekly_1_strike0,42,2137
BIDU,2025-09-05,2025-10-02,backfill,O:BIDU251017C00100000,100.0,2025-10-17,2025-09-16,18.3,25.54,18.0,24.67,2964,72,18.3,,monthly_30d_atm,weekly_1_strike0,42,2137
BIDU,2025-09-05,2025-10-02,backfill,O:BIDU251017C00100000,100.0,2025-10-17,2025-09-17,33.3,38.66,31.45,38.48,462,64,33.3,,monthly_30d_atm,weekly_1_strike0,42,2137
BIDU,2025-09-05,2025-10-02,backfill,O:BIDU251017C00100000,100.0,2025-10-17,2025-09-18,32.95,37.53,32.95,35.45,233,29,32.95,,monthly_30d_atm,weekly_1_strike0,42,2137
BIDU,2025-09-05,2025-10-02,backfill,O:BIDU251017C00100000,100.0,2025-10-17,2025-09-19,37.68,38.08,35.46,35.5,162,26,37.68,,monthly_30d_atm,weekly_1_strike0,42,2137
BIDU,2025-09-05,2025-10-02,backfill,O:BIDU251017C00100000,100.0,2025-10-17,2025-09-22,39.85,40.8,37.85,37.85,105,8,39.85,,monthly_30d_atm,weekly_1_strike0,42,2137
BIDU,2025-09-05,2025-10-02,backfill,O:BIDU251017C00100000,100.0,2025-10-17,2025-09-23,33.17,33.17,26.5,26.5,51,23,33.17,,monthly_30d_atm,weekly_1_strike0,42,2137
BIDU,2025-09-05,2025-10-02,backfill,O:BIDU251017C00100000,100.0,2025-10-17,2025-09-24,31.0,36.85,30.69,33.55,58,14,31.0,,monthly_30d_atm,weekly_1_strike0,42,2137
BIDU,2025-09-05,2025-10-02,backfill,O:BIDU251017C00100000,100.0,2025-10-17,2025-09-25,36.65,36.65,35.35,35.75,8,8,36.65,,monthly_30d_atm,weekly_1_strike0,42,2137
BIDU,2025-09-05,2025-10-02,backfill,O:BIDU251017C00100000,100.0,2025-10-17,2025-09-26,32.87,33.0,31.65,31.65,50,11,32.87,,monthly_30d_atm,weekly_1_strike0,42,2137
BIDU,2025-09-05,2025-10-02,backfill,O:BIDU251017C00100000,100.0,2025-10-17,2025-09-29,34.35,35.0,33.64,35.0,13,6,34.35,,monthly_30d_atm,weekly_1_strike0,42,2137
BIDU,2025-09-05,2025-10-02,backfill,O:BIDU251017C00100000,100.0,2025-10-17,2025-09-30,34.59,34.59,30.9,31.93,13,9,34.59,,monthly_30d_atm,weekly_1_strike0,42,2137
BIDU,2025-09-05,2025-10-02,backfill,O:BIDU251017C00100000,100.0,2025-10-17,2025-10-01,34.38,37.0,33.75,37.0,9,8,34.38,,monthly_30d_atm,weekly_1_strike0,42,2137
BIDU,2025-09-05,2025-10-02,backfill,O:BIDU251017C00100000,100.0,2025-10-17,2025-10-02,45.0,45.0,39.4,40.0,15,6,45.0,,monthly_30d_atm,weekly_1_strike0,42,2137
BIIB,2020-03-04,2020-03-12,backfill,O:BIIB200417C00350000,350.0,2020-04-17,2020-03-04,7.13,7.8,7.13,7.8,14,5,7.13,,monthly_30d_35d_otm,weekly_2_strike0,44,14
BIIB,2020-03-04,2020-03-12,backfill,O:BIIB200417C00350000,350.0,2020-04-17,2020-03-06,5.4,5.78,4.8,5.78,4,2,5.4,,monthly_30d_35d_otm,weekly_2_strike0,44,14
BIIB,2020-03-04,2020-03-12,backfill,O:BIIB200417C00350000,350.0,2020-04-17,2020-03-09,4.82,4.82,3.0,4.4,15,9,4.82,,monthly_30d_35d_otm,weekly_2_strike0,44,14
BIIB,2020-03-04,2020-03-12,backfill,O:BIIB200417C00350000,350.0,2020-04-17,2020-03-10,3.7,3.7,3.1,3.1,6,3,3.7,,monthly_30d_35d_otm,weekly_2_strike0,44,14
BIIB,2020-03-04,2020-03-12,backfill,O:BIIB200417C00350000,350.0,2020-04-17,2020-03-11,3.5,3.5,2.81,2.81,31,4,3.5,,monthly_30d_35d_otm,weekly_2_strike0,44,14
BIIB,2020-03-04,2020-03-12,backfill,O:BIIB200417C00350000,350.0,2020-04-17,2020-03-12,1.63,1.63,1.56,1.56,12,2,1.63,,monthly_30d_35d_otm,weekly_2_strike0,44,14
BIIB,2021-05-19,2021-06-16,backfill,O:BIIB210618C00290000,290.0,2021-06-18,2021-05-19,27.3,28.3,26.73,27.9,98,14,27.3,,monthly_30d_30d_otm,weekly_2_strike0,30,98
BIIB,2021-05-19,2021-06-16,backfill,O:BIIB210618C00290000,290.0,2021-06-18,2021-05-20,27.17,34.39,26.96,34.39,122,22,27.17,,monthly_30d_30d_otm,weekly_2_strike0,30,98
BIIB,2021-05-19,2021-06-16,backfill,O:BIIB210618C00290000,290.0,2021-06-18,2021-05-21,30.1,32.85,28.5,28.5,37,15,30.1,,monthly_30d_30d_otm,weekly_2_strike0,30,98
BIIB,2021-05-19,2021-06-16,backfill,O:BIIB210618C00290000,290.0,2021-06-18,2021-05-24,27.2,29.29,26.75,27.08,14,7,27.2,,monthly_30d_30d_otm,weekly_2_strike0,30,98
BIIB,2021-05-19,2021-06-16,backfill,O:BIIB210618C00290000,290.0,2021-06-18,2021-05-25,23.98,25.23,23.98,25.23,8,4,23.98,,monthly_30d_30d_otm,weekly_2_strike0,30,98
BIIB,2021-05-19,2021-06-16,backfill,O:BIIB210618C00290000,290.0,2021-06-18,2021-05-26,24.33,24.57,23.38,24.0,25,5,24.33,,monthly_30d_30d_otm,weekly_2_strike0,30,98
BIIB,2021-05-19,2021-06-16,backfill,O:BIIB210618C00290000,290.0,2021-06-18,2021-05-27,23.5,24.22,22.8,24.0,30,18,23.5,,monthly_30d_30d_otm,weekly_2_strike0,30,98
BIIB,2021-05-19,2021-06-16,backfill,O:BIIB210618C00290000,290.0,2021-06-18,2021-05-28,24.27,24.35,23.51,23.51,23,3,24.27,,monthly_30d_30d_otm,weekly_2_strike0,30,98
BIIB,2021-05-19,2021-06-16,backfill,O:BIIB210618C00290000,290.0,2021-06-18,2021-06-01,24.9,25.0,22.97,23.3,30,12,24.9,,monthly_30d_30d_otm,weekly_2_strike0,30,98
BIIB,2021-05-19,2021-06-16,backfill,O:BIIB210618C00290000,290.0,2021-06-18,2021-06-02,25.28,27.2,22.25,23.8,560,24,25.28,,monthly_30d_30d_otm,weekly_2_strike0,30,98
BIIB,2021-05-19,2021-06-16,backfill,O:BIIB210618C00290000,290.0,2021-06-18,2021-06-03,25.44,27.41,24.0,27.41,40,11,25.44,,monthly_30d_30d_otm,weekly_2_strike0,30,98
BIIB,2021-05-19,2021-06-16,backfill,O:BIIB210618C00290000,290.0,2021-06-18,2021-06-04,27.8,40.8,27.8,38.0,1259,71,27.8,,monthly_30d_30d_otm,weekly_2_strike0,30,98
BIIB,2021-05-19,2021-06-16,backfill,O:BIIB210618C00290000,290.0,2021-06-18,2021-06-07,38.0,173.98,37.0,105.0,170,48,38.0,,monthly_30d_30d_otm,weekly_2_strike0,30,98
BIIB,2021-05-19,2021-06-16,backfill,O:BIIB210618C00290000,290.0,2021-06-18,2021-06-08,95.7,104.44,85.5,103.2,1074,23,95.7,,monthly_30d_30d_otm,weekly_2_strike0,30,98
BIIB,2021-05-19,2021-06-16,backfill,O:BIIB210618C00290000,290.0,2021-06-18,2021-06-09,115.2,120.05,112.9,116.93,41,16,115.2,,monthly_30d_30d_otm,weekly_2_strike0,30,98
BIIB,2021-05-19,2021-06-16,backfill,O:BIIB210618C00290000,290.0,2021-06-18,2021-06-10,121.63,130.3,121.0,128.85,34,6,121.63,,monthly_30d_30d_otm,weekly_2_strike0,30,98
BIIB,2021-05-19,2021-06-16,backfill,O:BIIB210618C00290000,290.0,2021-06-18,2021-06-11,132.48,135.98,105.1,109.13,19,11,132.48,,monthly_30d_30d_otm,weekly_2_strike0,30,98
BIIB,2021-05-19,2021-06-16,backfill,O:BIIB210618C00290000,290.0,2021-06-18,2021-06-14,112.6,118.5,112.6,114.5,19,7,112.6,,monthly_30d_30d_otm,weekly_2_strike0,30,98
BIIB,2021-05-19,2021-06-16,backfill,O:BIIB210618C00290000,290.0,2021-06-18,2021-06-15,113.47,113.62,105.52,105.52,12,4,113.47,,monthly_30d_30d_otm,weekly_2_strike0,30,98
BIIB,2021-05-19,2021-06-16,backfill,O:BIIB210618C00290000,290.0,2021-06-18,2021-06-16,106.0,107.0,103.01,103.01,12,4,106.0,,monthly_30d_30d_otm,weekly_2_strike0,30,98
BIIB,2022-09-30,2022-10-27,backfill,O:BIIB221021C00310000,310.0,2022-10-21,2022-09-30,1.27,1.89,1.27,1.89,8,6,1.27,,monthly_30d_30d_otm,weekly_1_strike0,21,8
BIIB,2022-09-30,2022-10-27,backfill,O:BIIB221021C00310000,310.0,2022-10-21,2022-10-03,1.15,1.15,0.8,1.05,18,6,1.15,,monthly_30d_30d_otm,weekly_1_strike0,21,8
BIIB,2022-09-30,2022-10-27,backfill,O:BIIB221021C00310000,310.0,2022-10-21,2022-10-04,0.7,0.85,0.7,0.8,24,4,0.7,,monthly_30d_30d_otm,weekly_1_strike0,21,8
BIIB,2022-09-30,2022-10-27,backfill,O:BIIB221021C00310000,310.0,2022-10-21,2022-10-05,0.55,0.55,0.3,0.44,4,4,0.55,,monthly_30d_30d_otm,weekly_1_strike0,21,8
BIIB,2022-09-30,2022-10-27,backfill,O:BIIB221021C00310000,310.0,2022-10-21,2022-10-06,0.38,0.5,0.38,0.5,36,3,0.38,,monthly_30d_30d_otm,weekly_1_strike0,21,8
BIIB,2022-09-30,2022-10-27,backfill,O:BIIB221021C00310000,310.0,2022-10-21,2022-10-07,0.25,0.25,0.2,0.2,13,2,0.25,,monthly_30d_30d_otm,weekly_1_strike0,21,8
BIIB,2022-09-30,2022-10-27,backfill,O:BIIB221021C00310000,310.0,2022-10-21,2022-10-10,0.44,0.44,0.44,0.44,5,1,0.44,,monthly_30d_30d_otm,weekly_1_strike0,21,8
BIIB,2022-09-30,2022-10-27,backfill,O:BIIB221021C00310000,310.0,2022-10-21,2022-10-11,0.1,0.2,0.1,0.2,6,4,0.1,,monthly_30d_30d_otm,weekly_1_strike0,21,8
BIIB,2022-09-30,2022-10-27,backfill,O:BIIB221021C00310000,310.0,2022-10-21,2022-10-13,0.3,0.35,0.3,0.35,3,3,0.3,,monthly_30d_30d_otm,weekly_1_strike0,21,8
BIIB,2022-09-30,2022-10-27,backfill,O:BIIB221021C00310000,310.0,2022-10-21,2022-10-14,0.15,0.2,0.15,0.15,5,5,0.15,,monthly_30d_30d_otm,weekly_1_strike0,21,8
BIIB,2022-09-30,2022-10-27,backfill,O:BIIB221021C00310000,310.0,2022-10-21,2022-10-18,0.08,0.08,0.08,0.08,1,1,0.08,,monthly_30d_30d_otm,weekly_1_strike0,21,8
BIIB,2022-09-30,2022-10-27,backfill,O:BIIB221021C00310000,310.0,2022-10-21,2022-10-19,0.05,0.05,0.05,0.05,2,1,0.05,,monthly_30d_30d_otm,weekly_1_strike0,21,8
BIIB,2022-09-30,2022-10-27,backfill,O:BIIB221021C00310000,310.0,2022-10-21,2022-10-21,0.05,0.05,0.05,0.05,4,1,0.05,,monthly_30d_30d_otm,weekly_1_strike0,21,8
BIIB,2024-02-06,2024-02-14,backfill,O:BIIB240315C00250000,250.0,2024-03-15,2024-02-06,7.2,8.0,7.2,8.0,8,2,7.2,,monthly_30d_25d_otm,weekly_2_strike0,38,8
BIIB,2024-02-06,2024-02-14,backfill,O:BIIB240315C00250000,250.0,2024-03-15,2024-02-07,6.8,7.0,6.37,7.0,8,3,6.8,,monthly_30d_25d_otm,weekly_2_strike0,38,8
BIIB,2024-02-06,2024-02-14,backfill,O:BIIB240315C00250000,250.0,2024-03-15,2024-02-08,5.1,5.1,5.1,5.1,1,1,5.1,,monthly_30d_25d_otm,weekly_2_strike0,38,8
BIIB,2024-02-06,2024-02-14,backfill,O:BIIB240315C00250000,250.0,2024-03-15,2024-02-09,6.0,6.2,6.0,6.2,6,2,6.0,,monthly_30d_25d_otm,weekly_2_strike0,38,8
BIIB,2024-02-06,2024-02-14,backfill,O:BIIB240315C00250000,250.0,2024-03-15,2024-02-12,6.52,8.12,6.52,8.12,15,5,6.52,,monthly_30d_25d_otm,weekly_2_strike0,38,8
BIIB,2024-02-06,2024-02-14,backfill,O:BIIB240315C00250000,250.0,2024-03-15,2024-02-13,3.0,3.0,1.69,1.69,26,16,3.0,,monthly_30d_25d_otm,weekly_2_strike0,38,8
BIIB,2024-02-06,2024-02-14,backfill,O:BIIB240315C00250000,250.0,2024-03-15,2024-02-14,1.35,1.35,0.85,0.85,9,5,1.35,,monthly_30d_25d_otm,weekly_2_strike0,38,8
BIIB,2025-04-09,2025-05-07,backfill,O:BIIB250516C00120000,120.0,2025-05-16,2025-04-09,5.36,8.0,4.81,8.0,322,10,5.36,,monthly_30d_25d_otm,weekly_3_strike0,37,322
BIIB,2025-04-09,2025-05-07,backfill,O:BIIB250516C00120000,120.0,2025-05-16,2025-04-10,5.4,5.4,3.9,5.25,30,7,5.4,,monthly_30d_25d_otm,weekly_3_strike0,37,322
BIIB,2025-04-09,2025-05-07,backfill,O:BIIB250516C00120000,120.0,2025-05-16,2025-04-11,5.0,5.25,4.7,5.1,11,7,5.0,,monthly_30d_25d_otm,weekly_3_strike0,37,322
BIIB,2025-04-09,2025-05-07,backfill,O:BIIB250516C00120000,120.0,2025-05-16,2025-04-14,5.4,5.9,5.4,5.9,13,3,5.4,,monthly_30d_25d_otm,weekly_3_strike0,37,322
BIIB,2025-04-09,2025-05-07,backfill,O:BIIB250516C00120000,120.0,2025-05-16,2025-04-15,5.2,5.2,4.3,4.55,7,6,5.2,,monthly_30d_25d_otm,weekly_3_strike0,37,322
BIIB,2025-04-09,2025-05-07,backfill,O:BIIB250516C00120000,120.0,2025-05-16,2025-04-16,4.3,5.1,4.15,4.64,6,5,4.3,,monthly_30d_25d_otm,weekly_3_strike0,37,322
BIIB,2025-04-09,2025-05-07,backfill,O:BIIB250516C00120000,120.0,2025-05-16,2025-04-17,4.4,5.05,4.4,5.05,48,5,4.4,,monthly_30d_25d_otm,weekly_3_strike0,37,322
BIIB,2025-04-09,2025-05-07,backfill,O:BIIB250516C00120000,120.0,2025-05-16,2025-04-21,4.4,4.4,4.4,4.4,1,1,4.4,,monthly_30d_25d_otm,weekly_3_strike0,37,322
BIIB,2025-04-09,2025-05-07,backfill,O:BIIB250516C00120000,120.0,2025-05-16,2025-04-22,5.44,5.7,5.2,5.7,6,5,5.44,,monthly_30d_25d_otm,weekly_3_strike0,37,322
BIIB,2025-04-09,2025-05-07,backfill,O:BIIB250516C00120000,120.0,2025-05-16,2025-04-23,5.6,5.6,5.6,5.6,3,1,5.6,,monthly_30d_25d_otm,weekly_3_strike0,37,322
BIIB,2025-04-09,2025-05-07,backfill,O:BIIB250516C00120000,120.0,2025-05-16,2025-04-24,5.3,5.9,5.3,5.41,105,16,5.3,,monthly_30d_25d_otm,weekly_3_strike0,37,322
BIIB,2025-04-09,2025-05-07,backfill,O:BIIB250516C00120000,120.0,2025-05-16,2025-04-25,5.1,5.1,4.49,4.49,11,2,5.1,,monthly_30d_25d_otm,weekly_3_strike0,37,322
BIIB,2025-04-09,2025-05-07,backfill,O:BIIB250516C00120000,120.0,2025-05-16,2025-04-28,4.5,5.6,4.27,5.1,15,4,4.5,,monthly_30d_25d_otm,weekly_3_strike0,37,322
BIIB,2025-04-09,2025-05-07,backfill,O:BIIB250516C00120000,120.0,2025-05-16,2025-04-29,5.2,5.2,5.2,5.2,1,1,5.2,,monthly_30d_25d_otm,weekly_3_strike0,37,322
BIIB,2025-04-09,2025-05-07,backfill,O:BIIB250516C00120000,120.0,2025-05-16,2025-04-30,5.0,5.72,5.0,5.72,11,2,5.0,,monthly_30d_25d_otm,weekly_3_strike0,37,322
BIIB,2025-04-09,2025-05-07,backfill,O:BIIB250516C00120000,120.0,2025-05-16,2025-05-01,6.0,6.0,4.1,4.1,32,5,6.0,,monthly_30d_25d_otm,weekly_3_strike0,37,322
BIIB,2025-04-09,2025-05-07,backfill,O:BIIB250516C00120000,120.0,2025-05-16,2025-05-06,3.16,3.16,1.55,1.55,12,5,3.16,,monthly_30d_25d_otm,weekly_3_strike0,37,322
BIIB,2025-04-09,2025-05-07,backfill,O:BIIB250516C00120000,120.0,2025-05-16,2025-05-07,1.8,1.83,1.65,1.65,14,3,1.8,,monthly_30d_25d_otm,weekly_3_strike0,37,322
BIIB,2025-07-03,2025-07-31,backfill,O:BIIB250919C00140000,140.0,2025-09-19,2025-07-03,5.63,6.0,5.6,6.0,22,11,5.63,,monthly_60d_35d_otm,weekly_2_strike0,78,22
BIIB,2025-07-03,2025-07-31,backfill,O:BIIB250919C00140000,140.0,2025-09-19,2025-07-07,5.55,5.55,5.0,5.0,8,2,5.55,,monthly_60d_35d_otm,weekly_2_strike0,78,22
BIIB,2025-07-03,2025-07-31,backfill,O:BIIB250919C00140000,140.0,2025-09-19,2025-07-08,6.5,6.9,6.13,6.13,7,4,6.5,,monthly_60d_35d_otm,weekly_2_strike0,78,22
BIIB,2025-07-03,2025-07-31,backfill,O:BIIB250919C00140000,140.0,2025-09-19,2025-07-09,7.5,7.5,5.6,5.8,32,8,7.5,,monthly_60d_35d_otm,weekly_2_strike0,78,22
BIIB,2025-07-03,2025-07-31,backfill,O:BIIB250919C00140000,140.0,2025-09-19,2025-07-10,6.8,7.3,6.27,6.27,10,4,6.8,,monthly_60d_35d_otm,weekly_2_strike0,78,22
BIIB,2025-07-03,2025-07-31,backfill,O:BIIB250919C00140000,140.0,2025-09-19,2025-07-14,6.3,6.3,5.82,5.82,2,2,6.3,,monthly_60d_35d_otm,weekly_2_strike0,78,22
BIIB,2025-07-03,2025-07-31,backfill,O:BIIB250919C00140000,140.0,2025-09-19,2025-07-15,4.2,4.2,3.76,3.76,6,3,4.2,,monthly_60d_35d_otm,weekly_2_strike0,78,22
BIIB,2025-07-03,2025-07-31,backfill,O:BIIB250919C00140000,140.0,2025-09-19,2025-07-16,3.85,4.05,3.7,3.85,7,4,3.85,,monthly_60d_35d_otm,weekly_2_strike0,78,22
BIIB,2025-07-03,2025-07-31,backfill,O:BIIB250919C00140000,140.0,2025-09-19,2025-07-17,3.5,3.55,3.5,3.55,9,2,3.5,,monthly_60d_35d_otm,weekly_2_strike0,78,22
BIIB,2025-07-03,2025-07-31,backfill,O:BIIB250919C00140000,140.0,2025-09-19,2025-07-18,3.17,3.17,2.6,2.6,18,7,3.17,,monthly_60d_35d_otm,weekly_2_strike0,78,22
BIIB,2025-07-03,2025-07-31,backfill,O:BIIB250919C00140000,140.0,2025-09-19,2025-07-21,2.3,2.3,1.8,1.8,24,8,2.3,,monthly_60d_35d_otm,weekly_2_strike0,78,22
BIIB,2025-07-03,2025-07-31,backfill,O:BIIB250919C00140000,140.0,2025-09-19,2025-07-22,2.61,3.1,2.61,3.1,34,14,2.61,,monthly_60d_35d_otm,weekly_2_strike0,78,22
BIIB,2025-07-03,2025-07-31,backfill,O:BIIB250919C00140000,140.0,2025-09-19,2025-07-23,4.1,4.11,4.0,4.0,15,4,4.1,,monthly_60d_35d_otm,weekly_2_strike0,78,22
BIIB,2025-07-03,2025-07-31,backfill,O:BIIB250919C00140000,140.0,2025-09-19,2025-07-24,4.1,4.42,4.1,4.42,3,2,4.1,,monthly_60d_35d_otm,weekly_2_strike0,78,22
BIIB,2025-07-03,2025-07-31,backfill,O:BIIB250919C00140000,140.0,2025-09-19,2025-07-25,4.15,4.15,4.15,4.15,10,1,4.15,,monthly_60d_35d_otm,weekly_2_strike0,78,22
BIIB,2025-07-03,2025-07-31,backfill,O:BIIB250919C00140000,140.0,2025-09-19,2025-07-28,4.0,4.0,3.25,3.37,13,7,4.0,,monthly_60d_35d_otm,weekly_2_strike0,78,22
BIIB,2025-07-03,2025-07-31,backfill,O:BIIB250919C00140000,140.0,2025-09-19,2025-07-29,3.2,3.3,3.1,3.2,33,7,3.2,,monthly_60d_35d_otm,weekly_2_strike0,78,22
BIIB,2025-07-03,2025-07-31,backfill,O:BIIB250919C00140000,140.0,2025-09-19,2025-07-30,2.9,2.95,2.45,2.45,32,6,2.9,,monthly_60d_35d_otm,weekly_2_strike0,78,22
BIIB,2025-07-03,2025-07-31,backfill,O:BIIB250919C00140000,140.0,2025-09-19,2025-07-31,4.4,4.4,1.8,1.8,41,11,4.4,,monthly_60d_35d_otm,weekly_2_strike0,78,22
BILL,2023-10-16,2023-10-25,backfill,O:BILL231117C00125000,125.0,2023-11-17,2023-10-16,4.8,4.8,4.8,4.8,10,1,4.8,,monthly_30d_20d_otm,weekly_2_strike0,32,10
BILL,2023-10-16,2023-10-25,backfill,O:BILL231117C00125000,125.0,2023-11-17,2023-10-18,2.72,2.72,2.72,2.72,2,1,2.72,,monthly_30d_20d_otm,weekly_2_strike0,32,10
BILL,2023-10-16,2023-10-25,backfill,O:BILL231117C00125000,125.0,2023-11-17,2023-10-19,2.85,2.85,2.85,2.85,1,1,2.85,,monthly_30d_20d_otm,weekly_2_strike0,32,10
BILL,2023-10-16,2023-10-25,backfill,O:BILL231117C00125000,125.0,2023-11-17,2023-10-20,1.9,1.9,1.9,1.9,1,1,1.9,,monthly_30d_20d_otm,weekly_2_strike0,32,10
BILL,2023-10-16,2023-10-25,backfill,O:BILL231117C00125000,125.0,2023-11-17,2023-10-24,2.47,2.47,2.47,2.47,3,1,2.47,,monthly_30d_20d_otm,weekly_2_strike0,32,10
BILL,2023-10-16,2023-10-25,backfill,O:BILL231117C00125000,125.0,2023-11-17,2023-10-25,1.04,1.04,0.99,1.0,508,4,1.04,,monthly_30d_20d_otm,weekly_2_strike0,32,10
BKNG,2021-09-24,2021-10-21,backfill,O:BKNG211015C02500000,2500.0,2021-10-15,2021-09-24,47.4,67.4,47.4,59.01,139,14,47.4,,monthly_30d_35d_otm,weekly_1_strike0,21,139
BKNG,2021-09-24,2021-10-21,backfill,O:BKNG211015C02500000,2500.0,2021-10-15,2021-09-27,66.0,76.87,45.0,45.0,27,18,66.0,,monthly_30d_35d_otm,weekly_1_strike0,21,139
BKNG,2021-09-24,2021-10-21,backfill,O:BKNG211015C02500000,2500.0,2021-10-15,2021-09-28,40.98,46.3,37.1,38.0,29,16,40.98,,monthly_30d_35d_otm,weekly_1_strike0,21,139
BKNG,2021-09-24,2021-10-21,backfill,O:BKNG211015C02500000,2500.0,2021-10-15,2021-09-29,33.0,33.5,19.0,19.0,15,10,33.0,,monthly_30d_35d_otm,weekly_1_strike0,21,139
BKNG,2021-09-24,2021-10-21,backfill,O:BKNG211015C02500000,2500.0,2021-10-15,2021-09-30,15.24,20.34,12.2,18.0,47,13,15.24,,monthly_30d_35d_otm,weekly_1_strike0,21,139
BKNG,2021-09-24,2021-10-21,backfill,O:BKNG211015C02500000,2500.0,2021-10-15,2021-10-01,23.7,45.0,23.7,37.53,57,28,23.7,,monthly_30d_35d_otm,weekly_1_strike0,21,139
BKNG,2021-09-24,2021-10-21,backfill,O:BKNG211015C02500000,2500.0,2021-10-15,2021-10-04,37.5,39.4,29.8,39.4,11,8,37.5,,monthly_30d_35d_otm,weekly_1_strike0,21,139
BKNG,2021-09-24,2021-10-21,backfill,O:BKNG211015C02500000,2500.0,2021-10-15,2021-10-05,39.62,45.25,22.9,22.9,26,13,39.62,,monthly_30d_35d_otm,weekly_1_strike0,21,139
BKNG,2021-09-24,2021-10-21,backfill,O:BKNG211015C02500000,2500.0,2021-10-15,2021-10-06,11.99,24.96,11.99,23.7,13,9,11.99,,monthly_30d_35d_otm,weekly_1_strike0,21,139
BKNG,2021-09-24,2021-10-21,backfill,O:BKNG211015C02500000,2500.0,2021-10-15,2021-10-07,34.25,37.5,27.9,27.9,17,15,34.25,,monthly_30d_35d_otm,weekly_1_strike0,21,139
BKNG,2021-09-24,2021-10-21,backfill,O:BKNG211015C02500000,2500.0,2021-10-15,2021-10-08,28.1,30.0,21.5,21.5,19,9,28.1,,monthly_30d_35d_otm,weekly_1_strike0,21,139
BKNG,2021-09-24,2021-10-21,backfill,O:BKNG211015C02500000,2500.0,2021-10-15,2021-10-11,23.72,32.25,17.22,18.0,52,19,23.72,,monthly_30d_35d_otm,weekly_1_strike0,21,139
BKNG,2021-09-24,2021-10-21,backfill,O:BKNG211015C02500000,2500.0,2021-10-15,2021-10-12,16.9,24.0,12.4,14.0,47,16,16.9,,monthly_30d_35d_otm,weekly_1_strike0,21,139
BKNG,2021-09-24,2021-10-21,backfill,O:BKNG211015C02500000,2500.0,2021-10-15,2021-10-13,11.0,12.0,5.0,7.0,34,17,11.0,,monthly_30d_35d_otm,weekly_1_strike0,21,139
BKNG,2021-09-24,2021-10-21,backfill,O:BKNG211015C02500000,2500.0,2021-10-15,2021-10-14,14.2,23.71,8.1,10.45,63,30,14.2,,monthly_30d_35d_otm,weekly_1_strike0,21,139
BKNG,2021-09-24,2021-10-21,backfill,O:BKNG211015C02500000,2500.0,2021-10-15,2021-10-15,15.25,35.55,15.25,35.55,106,39,15.25,,monthly_30d_35d_otm,weekly_1_strike0,21,139
BKNG,2022-12-06,2023-01-04,backfill,O:BKNG230120C02175000,2175.0,2023-01-20,2022-12-06,49.58,49.99,48.9,49.2,70,2,49.58,,monthly_30d_30d_otm,weekly_2_strike0,45,70
BKNG,2023-04-27,2023-05-24,backfill,O:BKNG230519C02690000,2690.0,2023-05-19,2023-04-27,53.4,53.4,53.4,53.4,10,1,53.4,,monthly_30d_30d_otm,weekly_2_strike1,22,10
BKNG,2023-04-27,2023-05-24,backfill,O:BKNG230519C02690000,2690.0,2023-05-19,2023-04-28,77.35,77.35,77.35,77.35,1,1,77.35,,monthly_30d_30d_otm,weekly_2_strike1,22,10
BKNG,2023-04-27,2023-05-24,backfill,O:BKNG230519C02690000,2690.0,2023-05-19,2023-05-02,89.97,89.97,89.83,89.83,2,1,89.97,,monthly_30d_30d_otm,weekly_2_strike1,22,10
BKNG,2023-04-27,2023-05-24,backfill,O:BKNG230519C02690000,2690.0,2023-05-19,2023-05-03,94.1,94.1,74.0,74.0,3,2,94.1,,monthly_30d_30d_otm,weekly_2_strike1,22,10
BKNG,2023-04-27,2023-05-24,backfill,O:BKNG230519C02690000,2690.0,2023-05-19,2023-05-04,50.68,50.68,39.8,39.8,4,3,50.68,,monthly_30d_30d_otm,weekly_2_strike1,22,10
BKNG,2023-04-27,2023-05-24,backfill,O:BKNG230519C02690000,2690.0,2023-05-19,2023-05-05,25.5,25.5,15.0,15.0,18,4,25.5,,monthly_30d_30d_otm,weekly_2_strike1,22,10
BKNG,2023-04-27,2023-05-24,backfill,O:BKNG230519C02690000,2690.0,2023-05-19,2023-05-08,16.0,19.0,16.0,19.0,5,2,16.0,,monthly_30d_30d_otm,weekly_2_strike1,22,10
BKNG,2023-04-27,2023-05-24,backfill,O:BKNG230519C02690000,2690.0,2023-05-19,2023-05-09,33.4,33.4,20.7,20.7,2,2,33.4,,monthly_30d_30d_otm,weekly_2_strike1,22,10
BKNG,2023-04-27,2023-05-24,backfill,O:BKNG230519C02690000,2690.0,2023-05-19,2023-05-10,26.0,30.0,26.0,30.0,3,2,26.0,,monthly_30d_30d_otm,weekly_2_strike1,22,10
BKNG,2023-04-27,2023-05-24,backfill,O:BKNG230519C02690000,2690.0,2023-05-19,2023-05-11,16.75,25.0,16.75,24.73,4,4,16.75,,monthly_30d_30d_otm,weekly_2_strike1,22,10
BKNG,2023-04-27,2023-05-24,backfill,O:BKNG230519C02690000,2690.0,2023-05-19,2023-05-12,14.59,14.59,10.0,10.0,8,8,14.59,,monthly_30d_30d_otm,weekly_2_strike1,22,10
BKNG,2023-04-27,2023-05-24,backfill,O:BKNG230519C02690000,2690.0,2023-05-19,2023-05-15,10.0,13.65,8.45,9.8,11,6,10.0,,monthly_30d_30d_otm,weekly_2_strike1,22,10
BKNG,2023-04-27,2023-05-24,backfill,O:BKNG230519C02690000,2690.0,2023-05-19,2023-05-16,10.0,20.83,10.0,20.83,7,5,10.0,,monthly_30d_30d_otm,weekly_2_strike1,22,10
BKNG,2023-04-27,2023-05-24,backfill,O:BKNG230519C02690000,2690.0,2023-05-19,2023-05-17,9.5,23.8,8.0,22.5,35,14,9.5,,monthly_30d_30d_otm,weekly_2_strike1,22,10
BKNG,2023-04-27,2023-05-24,backfill,O:BKNG230519C02690000,2690.0,2023-05-19,2023-05-18,28.45,89.0,28.0,89.0,24,10,28.45,,monthly_30d_30d_otm,weekly_2_strike1,22,10
BKNG,2023-04-27,2023-05-24,backfill,O:BKNG230519C02690000,2690.0,2023-05-19,2023-05-19,84.94,84.94,69.09,81.23,4,4,84.94,,monthly_30d_30d_otm,weekly_2_strike1,22,10
BKNG,2024-10-16,2024-11-12,backfill,O:BKNG241115C04300000,4300.0,2024-11-15,2024-10-16,173.64,195.34,173.64,193.45,10,5,173.64,,monthly_30d_atm,weekly_2_strike0,30,10
BKNG,2024-10-16,2024-11-12,backfill,O:BKNG241115C04300000,4300.0,2024-11-15,2024-10-17,225.19,225.19,215.9,215.9,7,3,225.19,,monthly_30d_atm,weekly_2_strike0,30,10
BKNG,2024-10-16,2024-11-12,backfill,O:BKNG241115C04300000,4300.0,2024-11-15,2024-10-18,202.0,202.0,192.95,199.0,9,6,202.0,,monthly_30d_atm,weekly_2_strike0,30,10
BKNG,2024-10-16,2024-11-12,backfill,O:BKNG241115C04300000,4300.0,2024-11-15,2024-10-21,194.28,195.37,193.0,195.37,7,3,194.28,,monthly_30d_atm,weekly_2_strike0,30,10
BKNG,2024-10-16,2024-11-12,backfill,O:BKNG241115C04300000,4300.0,2024-11-15,2024-10-22,205.0,205.0,205.0,205.0,1,1,205.0,,monthly_30d_atm,weekly_2_strike0,30,10
BKNG,2024-10-16,2024-11-12,backfill,O:BKNG241115C04300000,4300.0,2024-11-15,2024-10-23,153.0,153.0,153.0,153.0,1,1,153.0,,monthly_30d_atm,weekly_2_strike0,30,10
BKNG,2024-10-16,2024-11-12,backfill,O:BKNG241115C04300000,4300.0,2024-11-15,2024-10-24,157.91,168.5,157.91,168.5,5,4,157.91,,monthly_30d_atm,weekly_2_strike0,30,10
BKNG,2024-10-16,2024-11-12,backfill,O:BKNG241115C04300000,4300.0,2024-11-15,2024-10-29,220.0,230.0,220.0,222.0,5,4,220.0,,monthly_30d_atm,weekly_2_strike0,30,10
BKNG,2024-10-16,2024-11-12,backfill,O:BKNG241115C04300000,4300.0,2024-11-15,2024-10-30,249.4,249.4,249.4,249.4,1,1,249.4,,monthly_30d_atm,weekly_2_strike0,30,10
BKNG,2024-10-16,2024-11-12,backfill,O:BKNG241115C04300000,4300.0,2024-11-15,2024-10-31,462.87,480.0,386.5,421.25,13,6,462.87,,monthly_30d_atm,weekly_2_strike0,30,10
BKNG,2024-10-16,2024-11-12,backfill,O:BKNG241115C04300000,4300.0,2024-11-15,2024-11-01,500.22,500.22,500.22,500.22,1,1,500.22,,monthly_30d_atm,weekly_2_strike0,30,10
BKNG,2024-10-16,2024-11-12,backfill,O:BKNG241115C04300000,4300.0,2024-11-15,2024-11-04,462.3,520.23,462.3,490.2,4,4,462.3,,monthly_30d_atm,weekly_2_strike0,30,10
BKNG,2024-10-16,2024-11-12,backfill,O:BKNG241115C04300000,4300.0,2024-11-15,2024-11-08,636.4,636.4,636.4,636.4,2,1,636.4,,monthly_30d_atm,weekly_2_strike0,30,10
BKNG,2024-10-16,2024-11-12,backfill,O:BKNG241115C04300000,4300.0,2024-11-15,2024-11-11,749.63,765.0,749.63,765.0,6,2,749.63,,monthly_30d_atm,weekly_2_strike0,30,10
BKNG,2024-10-16,2024-11-12,backfill,O:BKNG241115C04300000,4300.0,2024-11-15,2024-11-12,708.8,709.0,708.6,709.0,11,2,708.8,,monthly_30d_atm,weekly_2_strike0,30,10
BLK,2020-06-05,2020-07-02,backfill,O:BLK200717C00580000,580.0,2020-07-17,2020-06-05,13.1,14.8,12.5,14.19,16,6,13.1,,monthly_30d_40d_otm,weekly_1_strike0,42,16
BLK,2020-06-05,2020-07-02,backfill,O:BLK200717C00580000,580.0,2020-07-17,2020-06-08,14.53,14.53,12.0,12.0,2,2,14.53,,monthly_30d_40d_otm,weekly_1_strike0,42,16
BLK,2020-06-05,2020-07-02,backfill,O:BLK200717C00580000,580.0,2020-07-17,2020-06-09,11.33,13.4,11.33,13.4,83,4,11.33,,monthly_30d_40d_otm,weekly_1_strike0,42,16
BLK,2020-06-05,2020-07-02,backfill,O:BLK200717C00580000,580.0,2020-07-17,2020-06-10,14.59,14.59,14.59,14.59,1,1,14.59,,monthly_30d_40d_otm,weekly_1_strike0,42,16
BLK,2020-06-05,2020-07-02,backfill,O:BLK200717C00580000,580.0,2020-07-17,2020-06-11,11.0,11.0,7.6,7.8,15,3,11.0,,monthly_30d_40d_otm,weekly_1_strike0,42,16
BLK,2020-06-05,2020-07-02,backfill,O:BLK200717C00580000,580.0,2020-07-17,2020-06-12,4.0,5.0,4.0,5.0,195,2,4.0,,monthly_30d_40d_otm,weekly_1_strike0,42,16
BLK,2020-06-05,2020-07-02,backfill,O:BLK200717C00580000,580.0,2020-07-17,2020-06-15,5.0,5.0,5.0,5.0,4,1,5.0,,monthly_30d_40d_otm,weekly_1_strike0,42,16
BLK,2020-06-05,2020-07-02,backfill,O:BLK200717C00580000,580.0,2020-07-17,2020-06-16,9.57,12.65,9.57,12.65,4,3,9.57,,monthly_30d_40d_otm,weekly_1_strike0,42,16
BLK,2020-06-05,2020-07-02,backfill,O:BLK200717C00580000,580.0,2020-07-17,2020-06-17,12.4,12.4,11.57,11.57,3,2,12.4,,monthly_30d_40d_otm,weekly_1_strike0,42,16
BLK,2020-06-05,2020-07-02,backfill,O:BLK200717C00580000,580.0,2020-07-17,2020-06-19,8.8,9.83,7.0,9.83,993,29,8.8,,monthly_30d_40d_otm,weekly_1_strike0,42,16
BLK,2020-06-05,2020-07-02,backfill,O:BLK200717C00580000,580.0,2020-07-17,2020-06-22,9.9,9.9,7.6,7.6,3,2,9.9,,monthly_30d_40d_otm,weekly_1_strike0,42,16
BLK,2020-06-05,2020-07-02,backfill,O:BLK200717C00580000,580.0,2020-07-17,2020-06-23,10.3,10.3,10.3,10.3,1,1,10.3,,monthly_30d_40d_otm,weekly_1_strike0,42,16
BLK,2020-06-05,2020-07-02,backfill,O:BLK200717C00580000,580.0,2020-07-17,2020-06-24,5.8,5.8,4.7,5.0,940,8,5.8,,monthly_30d_40d_otm,weekly_1_strike0,42,16
BLK,2020-06-05,2020-07-02,backfill,O:BLK200717C00580000,580.0,2020-07-17,2020-06-25,4.4,7.0,4.4,7.0,9,7,4.4,,monthly_30d_40d_otm,weekly_1_strike0,42,16
BLK,2020-06-05,2020-07-02,backfill,O:BLK200717C00580000,580.0,2020-07-17,2020-06-30,2.2,2.2,2.2,2.2,10,1,2.2,,monthly_30d_40d_otm,weekly_1_strike0,42,16
BLK,2020-06-05,2020-07-02,backfill,O:BLK200717C00580000,580.0,2020-07-17,2020-07-01,2.2,2.2,1.7,1.79,21,3,2.2,,monthly_30d_40d_otm,weekly_1_strike0,42,16
BLK,2020-06-05,2020-07-02,backfill,O:BLK200717C00580000,580.0,2020-07-17,2020-07-02,4.5,5.0,3.59,3.59,17,7,4.5,,monthly_30d_40d_otm,weekly_1_strike0,42,16
BLK,2022-08-02,2022-08-29,backfill,O:BLK220916C00700000,700.0,2022-09-16,2022-08-02,14.7,15.0,13.87,13.87,7,3,14.7,,monthly_30d_30d_otm,weekly_3_strike0,45,7
BLK,2022-08-02,2022-08-29,backfill,O:BLK220916C00700000,700.0,2022-09-16,2022-08-03,12.9,15.0,12.9,15.0,2,2,12.9,,monthly_30d_30d_otm,weekly_3_strike0,45,7
BLK,2022-08-02,2022-08-29,backfill,O:BLK220916C00700000,700.0,2022-09-16,2022-08-04,23.0,24.14,23.0,23.75,4,3,23.0,,monthly_30d_30d_otm,weekly_3_strike0,45,7
BLK,2022-08-02,2022-08-29,backfill,O:BLK220916C00700000,700.0,2022-09-16,2022-08-05,21.11,25.0,21.0,21.6,15,9,21.11,,monthly_30d_30d_otm,weekly_3_strike0,45,7
BLK,2022-08-02,2022-08-29,backfill,O:BLK220916C00700000,700.0,2022-09-16,2022-08-09,21.3,21.3,19.48,19.48,4,2,21.3,,monthly_30d_30d_otm,weekly_3_strike0,45,7
BLK,2022-08-02,2022-08-29,backfill,O:BLK220916C00700000,700.0,2022-09-16,2022-08-10,30.2,35.52,30.2,35.0,23,5,30.2,,monthly_30d_30d_otm,weekly_3_strike0,45,7
BLK,2022-08-02,2022-08-29,backfill,O:BLK220916C00700000,700.0,2022-09-16,2022-08-11,46.51,46.51,41.75,41.75,4,3,46.51,,monthly_30d_30d_otm,weekly_3_strike0,45,7
BLK,2022-08-02,2022-08-29,backfill,O:BLK220916C00700000,700.0,2022-09-16,2022-08-12,53.08,53.08,53.08,53.08,1,1,53.08,,monthly_30d_30d_otm,weekly_3_strike0,45,7
BLK,2022-08-02,2022-08-29,backfill,O:BLK220916C00700000,700.0,2022-09-16,2022-08-16,68.35,68.35,68.35,68.35,2,1,68.35,,monthly_30d_30d_otm,weekly_3_strike0,45,7
BLK,2022-08-02,2022-08-29,backfill,O:BLK220916C00700000,700.0,2022-09-16,2022-08-17,48.82,48.82,48.82,48.82,1,1,48.82,,monthly_30d_30d_otm,weekly_3_strike0,45,7
BLK,2022-08-02,2022-08-29,backfill,O:BLK220916C00700000,700.0,2022-09-16,2022-08-18,47.9,47.9,47.9,47.9,1,1,47.9,,monthly_30d_30d_otm,weekly_3_strike0,45,7
BLK,2022-08-02,2022-08-29,backfill,O:BLK220916C00700000,700.0,2022-09-16,2022-08-19,37.49,37.49,33.57,33.57,2,2,37.49,,monthly_30d_30d_otm,weekly_3_strike0,45,7
BLK,2022-08-02,2022-08-29,backfill,O:BLK220916C00700000,700.0,2022-09-16,2022-08-22,18.3,19.4,18.3,18.5,8,8,18.3,,monthly_30d_30d_otm,weekly_3_strike0,45,7
BLK,2022-08-02,2022-08-29,backfill,O:BLK220916C00700000,700.0,2022-09-16,2022-08-23,20.07,20.07,20.07,20.07,1,1,20.07,,monthly_30d_30d_otm,weekly_3_strike0,45,7
BLK,2022-08-02,2022-08-29,backfill,O:BLK220916C00700000,700.0,2022-09-16,2022-08-24,20.01,20.01,19.4,19.9,31,2,20.01,,monthly_30d_30d_otm,weekly_3_strike0,45,7
BLK,2022-08-02,2022-08-29,backfill,O:BLK220916C00700000,700.0,2022-09-16,2022-08-25,22.0,22.0,21.0,21.0,2,2,22.0,,monthly_30d_30d_otm,weekly_3_strike0,45,7
BLK,2022-08-02,2022-08-29,backfill,O:BLK220916C00700000,700.0,2022-09-16,2022-08-26,26.0,26.0,10.56,10.56,36,4,26.0,,monthly_30d_30d_otm,weekly_3_strike0,45,7
BLK,2022-08-02,2022-08-29,backfill,O:BLK220916C00700000,700.0,2022-09-16,2022-08-29,8.3,8.3,8.3,8.3,1,1,8.3,,monthly_30d_30d_otm,weekly_3_strike0,45,7
BLK,2022-11-16,2022-12-14,backfill,O:BLK221216C00800000,800.0,2022-12-16,2022-11-16,6.15,6.15,4.7,5.25,143,18,6.15,,monthly_30d_30d_otm,weekly_2_strike0,30,143
BLK,2022-11-16,2022-12-14,backfill,O:BLK221216C00800000,800.0,2022-12-16,2022-11-17,3.71,3.9,2.95,3.43,43,19,3.71,,monthly_30d_30d_otm,weekly_2_strike0,30,143
BLK,2022-11-16,2022-12-14,backfill,O:BLK221216C00800000,800.0,2022-12-16,2022-11-18,4.3,4.3,3.6,4.02,15,6,4.3,,monthly_30d_30d_otm,weekly_2_strike0,30,143
BLK,2022-11-16,2022-12-14,backfill,O:BLK221216C00800000,800.0,2022-12-16,2022-11-21,3.0,4.2,2.6,2.6,22,11,3.0,,monthly_30d_30d_otm,weekly_2_strike0,30,143
BLK,2022-11-16,2022-12-14,backfill,O:BLK221216C00800000,800.0,2022-12-16,2022-11-22,3.2,4.18,3.2,3.35,23,9,3.2,,monthly_30d_30d_otm,weekly_2_strike0,30,143
BLK,2022-11-16,2022-12-14,backfill,O:BLK221216C00800000,800.0,2022-12-16,2022-11-23,3.24,3.24,2.98,2.98,24,7,3.24,,monthly_30d_30d_otm,weekly_2_strike0,30,143
BLK,2022-11-16,2022-12-14,backfill,O:BLK221216C00800000,800.0,2022-12-16,2022-11-25,2.57,2.57,2.25,2.48,10,5,2.57,,monthly_30d_30d_otm,weekly_2_strike0,30,143
BLK,2022-11-16,2022-12-14,backfill,O:BLK221216C00800000,800.0,2022-12-16,2022-11-28,2.08,2.2,1.59,1.59,42,11,2.08,,monthly_30d_30d_otm,weekly_2_strike0,30,143
BLK,2022-11-16,2022-12-14,backfill,O:BLK221216C00800000,800.0,2022-12-16,2022-11-29,1.15,1.34,0.8,1.0,17,9,1.15,,monthly_30d_30d_otm,weekly_2_strike0,30,143
BLK,2022-11-16,2022-12-14,backfill,O:BLK221216C00800000,800.0,2022-12-16,2022-11-30,0.93,0.96,0.33,0.6,49,19,0.93,,monthly_30d_30d_otm,weekly_2_strike0,30,143
BLK,2022-11-16,2022-12-14,backfill,O:BLK221216C00800000,800.0,2022-12-16,2022-12-01,0.45,0.97,0.45,0.75,8,6,0.45,,monthly_30d_30d_otm,weekly_2_strike0,30,143
BLK,2022-11-16,2022-12-14,backfill,O:BLK221216C00800000,800.0,2022-12-16,2022-12-02,0.35,0.61,0.28,0.4,21,9,0.35,,monthly_30d_30d_otm,weekly_2_strike0,30,143
BLK,2022-11-16,2022-12-14,backfill,O:BLK221216C00800000,800.0,2022-12-16,2022-12-05,0.62,0.62,0.42,0.51,31,3,0.62,,monthly_30d_30d_otm,weekly_2_strike0,30,143
BLK,2022-11-16,2022-12-14,backfill,O:BLK221216C00800000,800.0,2022-12-16,2022-12-06,0.45,0.45,0.45,0.45,5,1,0.45,,monthly_30d_30d_otm,weekly_2_strike0,30,143
BLK,2022-11-16,2022-12-14,backfill,O:BLK221216C00800000,800.0,2022-12-16,2022-12-07,0.38,0.9,0.38,0.9,10,5,0.38,,monthly_30d_30d_otm,weekly_2_strike0,30,143
BLK,2022-11-16,2022-12-14,backfill,O:BLK221216C00800000,800.0,2022-12-16,2022-12-08,0.5,0.5,0.08,0.08,15,2,0.5,,monthly_30d_30d_otm,weekly_2_strike0,30,143
BLK,2022-11-16,2022-12-14,backfill,O:BLK221216C00800000,800.0,2022-12-16,2022-12-09,0.22,0.22,0.1,0.1,10,4,0.22,,monthly_30d_30d_otm,weekly_2_strike0,30,143
BLK,2022-11-16,2022-12-14,backfill,O:BLK221216C00800000,800.0,2022-12-16,2022-12-12,0.54,0.54,0.15,0.15,24,7,0.54,,monthly_30d_30d_otm,weekly_2_strike0,30,143
BLK,2022-11-16,2022-12-14,backfill,O:BLK221216C00800000,800.0,2022-12-16,2022-12-13,0.2,0.3,0.05,0.06,123,11,0.2,,monthly_30d_30d_otm,weekly_2_strike0,30,143
BLK,2022-11-16,2022-12-14,backfill,O:BLK221216C00800000,800.0,2022-12-16,2022-12-14,0.09,0.22,0.05,0.05,35,12,0.09,,monthly_30d_30d_otm,weekly_2_strike0,30,143
BMY,2021-07-15,2021-08-11,backfill,O:BMY210820C00070000,70.0,2021-08-20,2021-07-15,0.62,0.77,0.57,0.63,345,58,0.62,,monthly_30d_20d_otm,weekly_2_strike0,36,345
BMY,2021-07-15,2021-08-11,backfill,O:BMY210820C00070000,70.0,2021-08-20,2021-07-16,0.52,0.63,0.46,0.59,1339,62,0.52,,monthly_30d_20d_otm,weekly_2_strike0,36,345
BMY,2021-07-15,2021-08-11,backfill,O:BMY210820C00070000,70.0,2021-08-20,2021-07-19,0.4,0.55,0.32,0.35,752,47,0.4,,monthly_30d_20d_otm,weekly_2_strike0,36,345
BMY,2021-07-15,2021-08-11,backfill,O:BMY210820C00070000,70.0,2021-08-20,2021-07-20,0.27,0.68,0.27,0.43,275,55,0.27,,monthly_30d_20d_otm,weekly_2_strike0,36,345
BMY,2021-07-15,2021-08-11,backfill,O:BMY210820C00070000,70.0,2021-08-20,2021-07-21,0.44,0.45,0.36,0.45,105,19,0.44,,monthly_30d_20d_otm,weekly_2_strike0,36,345
BMY,2021-07-15,2021-08-11,backfill,O:BMY210820C00070000,70.0,2021-08-20,2021-07-22,0.45,0.71,0.39,0.69,785,70,0.45,,monthly_30d_20d_otm,weekly_2_strike0,36,345
BMY,2021-07-15,2021-08-11,backfill,O:BMY210820C00070000,70.0,2021-08-20,2021-07-23,0.7,0.84,0.64,0.75,2980,89,0.7,,monthly_30d_20d_otm,weekly_2_strike0,36,345
BMY,2021-07-15,2021-08-11,backfill,O:BMY210820C00070000,70.0,2021-08-20,2021-07-26,0.73,0.73,0.52,0.53,367,44,0.73,,monthly_30d_20d_otm,weekly_2_strike0,36,345
BMY,2021-07-15,2021-08-11,backfill,O:BMY210820C00070000,70.0,2021-08-20,2021-07-27,0.46,0.58,0.42,0.53,227,34,0.46,,monthly_30d_20d_otm,weekly_2_strike0,36,345
BMY,2021-07-15,2021-08-11,backfill,O:BMY210820C00070000,70.0,2021-08-20,2021-07-28,0.27,0.74,0.27,0.67,538,63,0.27,,monthly_30d_20d_otm,weekly_2_strike0,36,345
BMY,2021-07-15,2021-08-11,backfill,O:BMY210820C00070000,70.0,2021-08-20,2021-07-29,0.65,0.77,0.36,0.37,598,38,0.65,,monthly_30d_20d_otm,weekly_2_strike0,36,345
BMY,2021-07-15,2021-08-11,backfill,O:BMY210820C00070000,70.0,2021-08-20,2021-07-30,0.39,0.44,0.28,0.3,1085,30,0.39,,monthly_30d_20d_otm,weekly_2_strike0,36,345
BMY,2021-07-15,2021-08-11,backfill,O:BMY210820C00070000,70.0,2021-08-20,2021-08-02,0.43,0.48,0.31,0.31,423,47,0.43,,monthly_30d_20d_otm,weekly_2_strike0,36,345
BMY,2021-07-15,2021-08-11,backfill,O:BMY210820C00070000,70.0,2021-08-20,2021-08-03,0.34,0.71,0.34,0.68,2652,103,0.34,,monthly_30d_20d_otm,weekly_2_strike0,36,345
BMY,2021-07-15,2021-08-11,backfill,O:BMY210820C00070000,70.0,2021-08-20,2021-08-04,0.58,0.7,0.42,0.42,1170,77,0.58,,monthly_30d_20d_otm,weekly_2_strike0,36,345
BMY,2021-07-15,2021-08-11,backfill,O:BMY210820C00070000,70.0,2021-08-20,2021-08-05,0.34,0.37,0.31,0.35,270,33,0.34,,monthly_30d_20d_otm,weekly_2_strike0,36,345
BMY,2021-07-15,2021-08-11,backfill,O:BMY210820C00070000,70.0,2021-08-20,2021-08-06,0.28,0.3,0.2,0.24,646,41,0.28,,monthly_30d_20d_otm,weekly_2_strike0,36,345
BMY,2021-07-15,2021-08-11,backfill,O:BMY210820C00070000,70.0,2021-08-20,2021-08-09,0.26,0.26,0.11,0.13,1112,61,0.26,,monthly_30d_20d_otm,weekly_2_strike0,36,345
BMY,2021-07-15,2021-08-11,backfill,O:BMY210820C00070000,70.0,2021-08-20,2021-08-10,0.13,0.13,0.09,0.09,857,35,0.13,,monthly_30d_20d_otm,weekly_2_strike0,36,345
BMY,2021-07-15,2021-08-11,backfill,O:BMY210820C00070000,70.0,2021-08-20,2021-08-11,0.09,0.09,0.06,0.07,3296,61,0.09,,monthly_30d_20d_otm,weekly_2_strike0,36,345
BMY,2024-02-06,2024-03-05,backfill,O:BMY240315C00049000,49.0,2024-03-15,2024-02-06,0.9,2.21,0.9,1.71,446,34,0.9,,monthly_30d_30d_otm,weekly_2_strike0,38,446
BMY,2024-02-06,2024-03-05,backfill,O:BMY240315C00049000,49.0,2024-03-15,2024-02-07,1.5,1.5,1.15,1.4,345,39,1.5,,monthly_30d_30d_otm,weekly_2_strike0,38,446
BMY,2024-02-06,2024-03-05,backfill,O:BMY240315C00049000,49.0,2024-03-15,2024-02-08,1.25,1.34,1.13,1.33,497,23,1.25,,monthly_30d_30d_otm,weekly_2_strike0,38,446
BMY,2024-02-06,2024-03-05,backfill,O:BMY240315C00049000,49.0,2024-03-15,2024-02-09,1.5,1.98,1.5,1.98,734,48,1.5,,monthly_30d_30d_otm,weekly_2_strike0,38,446
BMY,2024-02-06,2024-03-05,backfill,O:BMY240315C00049000,49.0,2024-03-15,2024-02-12,1.98,2.11,1.65,1.94,118,16,1.98,,monthly_30d_30d_otm,weekly_2_strike0,38,446
BMY,2024-02-06,2024-03-05,backfill,O:BMY240315C00049000,49.0,2024-03-15,2024-02-13,1.8,1.8,1.19,1.35,389,36,1.8,,monthly_30d_30d_otm,weekly_2_strike0,38,446
BMY,2024-02-06,2024-03-05,backfill,O:BMY240315C00049000,49.0,2024-03-15,2024-02-14,1.35,1.41,1.21,1.35,36,11,1.35,,monthly_30d_30d_otm,weekly_2_strike0,38,446
BMY,2024-02-06,2024-03-05,backfill,O:BMY240315C00049000,49.0,2024-03-15,2024-02-15,1.65,2.19,1.63,1.64,139,22,1.65,,monthly_30d_30d_otm,weekly_2_strike0,38,446
BMY,2024-02-06,2024-03-05,backfill,O:BMY240315C00049000,49.0,2024-03-15,2024-02-16,1.67,1.89,1.67,1.83,110,11,1.67,,monthly_30d_30d_otm,weekly_2_strike0,38,446
BMY,2024-02-06,2024-03-05,backfill,O:BMY240315C00049000,49.0,2024-03-15,2024-02-20,1.9,2.28,1.86,1.86,41,9,1.9,,monthly_30d_30d_otm,weekly_2_strike0,38,446
BMY,2024-02-06,2024-03-05,backfill,O:BMY240315C00049000,49.0,2024-03-15,2024-02-21,1.68,2.52,1.68,2.52,151,10,1.68,,monthly_30d_30d_otm,weekly_2_strike0,38,446
BMY,2024-02-06,2024-03-05,backfill,O:BMY240315C00049000,49.0,2024-03-15,2024-02-22,2.21,2.78,2.15,2.71,89,18,2.21,,monthly_30d_30d_otm,weekly_2_strike0,38,446
BMY,2024-02-06,2024-03-05,backfill,O:BMY240315C00049000,49.0,2024-03-15,2024-02-23,2.55,3.15,2.55,3.03,43,11,2.55,,monthly_30d_30d_otm,weekly_2_strike0,38,446
BMY,2024-02-06,2024-03-05,backfill,O:BMY240315C00049000,49.0,2024-03-15,2024-02-26,2.95,2.95,2.08,2.08,15,4,2.95,,monthly_30d_30d_otm,weekly_2_strike0,38,446
BMY,2024-02-06,2024-03-05,backfill,O:BMY240315C00049000,49.0,2024-03-15,2024-02-27,1.87,1.95,1.87,1.92,7,6,1.87,,monthly_30d_30d_otm,weekly_2_strike0,38,446
BMY,2024-02-06,2024-03-05,backfill,O:BMY240315C00049000,49.0,2024-03-15,2024-02-28,2.08,2.24,2.08,2.16,5,4,2.08,,monthly_30d_30d_otm,weekly_2_strike0,38,446
BMY,2024-02-06,2024-03-05,backfill,O:BMY240315C00049000,49.0,2024-03-15,2024-02-29,1.91,2.19,1.87,2.19,15,6,1.91,,monthly_30d_30d_otm,weekly_2_strike0,38,446
BMY,2024-02-06,2024-03-05,backfill,O:BMY240315C00049000,49.0,2024-03-15,2024-03-01,2.28,2.3,1.91,1.98,34,6,2.28,,monthly_30d_30d_otm,weekly_2_strike0,38,446
BMY,2024-02-06,2024-03-05,backfill,O:BMY240315C00049000,49.0,2024-03-15,2024-03-04,2.46,3.11,2.21,2.25,61,11,2.46,,monthly_30d_30d_otm,weekly_2_strike0,38,446
BMY,2024-02-06,2024-03-05,backfill,O:BMY240315C00049000,49.0,2024-03-15,2024-03-05,3.0,3.3,3.0,3.25,10,3,3.0,,monthly_30d_30d_otm,weekly_2_strike0,38,446
BMY,2024-07-29,2024-08-23,backfill,O:BMY240920C00055000,55.0,2024-09-20,2024-07-29,0.46,0.75,0.35,0.38,590,70,0.46,,monthly_45d_30d_otm,weekly_2_strike0,53,590
BMY,2024-07-29,2024-08-23,backfill,O:BMY240920C00055000,55.0,2024-09-20,2024-07-30,0.38,0.38,0.21,0.32,202,26,0.38,,monthly_45d_30d_otm,weekly_2_strike0,53,590
BMY,2024-07-29,2024-08-23,backfill,O:BMY240920C00055000,55.0,2024-09-20,2024-07-31,0.24,0.25,0.18,0.18,106,14,0.24,,monthly_45d_30d_otm,weekly_2_strike0,53,590
BMY,2024-07-29,2024-08-23,backfill,O:BMY240920C00055000,55.0,2024-09-20,2024-08-01,0.19,0.29,0.15,0.23,84,29,0.19,,monthly_45d_30d_otm,weekly_2_strike0,53,590
BMY,2024-07-29,2024-08-23,backfill,O:BMY240920C00055000,55.0,2024-09-20,2024-08-02,0.4,0.43,0.3,0.34,101,34,0.4,,monthly_45d_30d_otm,weekly_2_strike0,53,590
BMY,2024-07-29,2024-08-23,backfill,O:BMY240920C00055000,55.0,2024-09-20,2024-08-05,0.39,0.39,0.19,0.22,307,15,0.39,,monthly_45d_30d_otm,weekly_2_strike0,53,590
BMY,2024-07-29,2024-08-23,backfill,O:BMY240920C00055000,55.0,2024-09-20,2024-08-06,0.26,0.26,0.15,0.15,92,11,0.26,,monthly_45d_30d_otm,weekly_2_strike0,53,590
BMY,2024-07-29,2024-08-23,backfill,O:BMY240920C00055000,55.0,2024-09-20,2024-08-07,0.22,0.22,0.14,0.15,44,11,0.22,,monthly_45d_30d_otm,weekly_2_strike0,53,590
BMY,2024-07-29,2024-08-23,backfill,O:BMY240920C00055000,55.0,2024-09-20,2024-08-08,0.12,0.13,0.1,0.1,42,11,0.12,,monthly_45d_30d_otm,weekly_2_strike0,53,590
BMY,2024-07-29,2024-08-23,backfill,O:BMY240920C00055000,55.0,2024-09-20,2024-08-09,0.13,0.13,0.1,0.1,94,11,0.13,,monthly_45d_30d_otm,weekly_2_strike0,53,590
BMY,2024-07-29,2024-08-23,backfill,O:BMY240920C00055000,55.0,2024-09-20,2024-08-12,0.08,0.1,0.06,0.06,33,12,0.08,,monthly_45d_30d_otm,weekly_2_strike0,53,590
BMY,2024-07-29,2024-08-23,backfill,O:BMY240920C00055000,55.0,2024-09-20,2024-08-13,0.11,0.2,0.11,0.2,70,20,0.11,,monthly_45d_30d_otm,weekly_2_strike0,53,590
BMY,2024-07-29,2024-08-23,backfill,O:BMY240920C00055000,55.0,2024-09-20,2024-08-14,0.16,0.16,0.1,0.12,41,10,0.16,,monthly_45d_30d_otm,weekly_2_strike0,53,590
BMY,2024-07-29,2024-08-23,backfill,O:BMY240920C00055000,55.0,2024-09-20,2024-08-15,0.14,0.14,0.08,0.11,67,13,0.14,,monthly_45d_30d_otm,weekly_2_strike0,53,590
BMY,2024-07-29,2024-08-23,backfill,O:BMY240920C00055000,55.0,2024-09-20,2024-08-16,0.12,0.16,0.1,0.12,51,16,0.12,,monthly_45d_30d_otm,weekly_2_strike0,53,590
BMY,2024-07-29,2024-08-23,backfill,O:BMY240920C00055000,55.0,2024-09-20,2024-08-19,0.12,0.13,0.09,0.1,63,18,0.12,,monthly_45d_30d_otm,weekly_2_strike0,53,590
BMY,2024-07-29,2024-08-23,backfill,O:BMY240920C00055000,55.0,2024-09-20,2024-08-20,0.13,0.13,0.07,0.09,24,7,0.13,,monthly_45d_30d_otm,weekly_2_strike0,53,590
BMY,2024-07-29,2024-08-23,backfill,O:BMY240920C00055000,55.0,2024-09-20,2024-08-21,0.07,0.07,0.06,0.06,7,4,0.07,,monthly_45d_30d_otm,weekly_2_strike0,53,590
BMY,2024-07-29,2024-08-23,backfill,O:BMY240920C00055000,55.0,2024-09-20,2024-08-22,0.05,0.09,0.04,0.06,199,14,0.05,,monthly_45d_30d_otm,weekly_2_strike0,53,590
BMY,2024-07-29,2024-08-23,backfill,O:BMY240920C00055000,55.0,2024-09-20,2024-08-23,0.07,0.07,0.05,0.06,50,4,0.07,,monthly_45d_30d_otm,weekly_2_strike0,53,590
BMY,2024-11-12,2024-12-10,backfill,O:BMY241220C00065000,65.0,2024-12-20,2024-11-12,0.39,0.39,0.17,0.17,55,13,0.39,,monthly_30d_30d_otm,weekly_2_strike0,38,55
BMY,2024-11-12,2024-12-10,backfill,O:BMY241220C00065000,65.0,2024-12-20,2024-11-13,0.15,0.15,0.1,0.1,68,9,0.15,,monthly_30d_30d_otm,weekly_2_strike0,38,55
BMY,2024-11-12,2024-12-10,backfill,O:BMY241220C00065000,65.0,2024-12-20,2024-11-14,0.18,0.21,0.11,0.12,308,14,0.18,,monthly_30d_30d_otm,weekly_2_strike0,38,55
BMY,2024-11-12,2024-12-10,backfill,O:BMY241220C00065000,65.0,2024-12-20,2024-11-15,0.1,0.1,0.03,0.05,60,15,0.1,,monthly_30d_30d_otm,weekly_2_strike0,38,55
BMY,2024-11-12,2024-12-10,backfill,O:BMY241220C00065000,65.0,2024-12-20,2024-11-18,0.06,0.09,0.05,0.09,131,12,0.06,,monthly_30d_30d_otm,weekly_2_strike0,38,55
BMY,2024-11-12,2024-12-10,backfill,O:BMY241220C00065000,65.0,2024-12-20,2024-11-19,0.1,0.17,0.1,0.15,34,11,0.1,,monthly_30d_30d_otm,weekly_2_strike0,38,55
BMY,2024-11-12,2024-12-10,backfill,O:BMY241220C00065000,65.0,2024-12-20,2024-11-20,0.17,0.17,0.11,0.11,61,7,0.17,,monthly_30d_30d_otm,weekly_2_strike0,38,55
BMY,2024-11-12,2024-12-10,backfill,O:BMY241220C00065000,65.0,2024-12-20,2024-11-21,0.11,0.14,0.11,0.14,27,7,0.11,,monthly_30d_30d_otm,weekly_2_strike0,38,55
BMY,2024-11-12,2024-12-10,backfill,O:BMY241220C00065000,65.0,2024-12-20,2024-11-22,0.12,0.12,0.12,0.12,12,3,0.12,,monthly_30d_30d_otm,weekly_2_strike0,38,55
BMY,2024-11-12,2024-12-10,backfill,O:BMY241220C00065000,65.0,2024-12-20,2024-11-25,0.25,0.25,0.09,0.09,17,5,0.25,,monthly_30d_30d_otm,weekly_2_strike0,38,55
BMY,2024-11-12,2024-12-10,backfill,O:BMY241220C00065000,65.0,2024-12-20,2024-11-26,0.07,0.07,0.07,0.07,6,2,0.07,,monthly_30d_30d_otm,weekly_2_strike0,38,55
BMY,2024-11-12,2024-12-10,backfill,O:BMY241220C00065000,65.0,2024-12-20,2024-11-27,0.11,0.11,0.09,0.09,34,6,0.11,,monthly_30d_30d_otm,weekly_2_strike0,38,55
BMY,2024-11-12,2024-12-10,backfill,O:BMY241220C00065000,65.0,2024-12-20,2024-11-29,0.1,0.1,0.08,0.08,28,5,0.1,,monthly_30d_30d_otm,weekly_2_strike0,38,55
BMY,2024-11-12,2024-12-10,backfill,O:BMY241220C00065000,65.0,2024-12-20,2024-12-02,0.08,0.08,0.05,0.07,139,13,0.08,,monthly_30d_30d_otm,weekly_2_strike0,38,55
BMY,2024-11-12,2024-12-10,backfill,O:BMY241220C00065000,65.0,2024-12-20,2024-12-03,0.04,0.05,0.04,0.05,40,2,0.04,,monthly_30d_30d_otm,weekly_2_strike0,38,55
BMY,2024-11-12,2024-12-10,backfill,O:BMY241220C00065000,65.0,2024-12-20,2024-12-04,0.05,0.05,0.03,0.03,80,4,0.05,,monthly_30d_30d_otm,weekly_2_strike0,38,55
BMY,2024-11-12,2024-12-10,backfill,O:BMY241220C00065000,65.0,2024-12-20,2024-12-06,0.04,0.04,0.04,0.04,25,2,0.04,,monthly_30d_30d_otm,weekly_2_strike0,38,55
BMY,2024-11-12,2024-12-10,backfill,O:BMY241220C00065000,65.0,2024-12-20,2024-12-09,0.03,0.04,0.02,0.03,57,13,0.03,,monthly_30d_30d_otm,weekly_2_strike0,38,55
BMY,2024-11-12,2024-12-10,backfill,O:BMY241220C00065000,65.0,2024-12-20,2024-12-10,0.08,0.08,0.02,0.02,23,2,0.08,,monthly_30d_30d_otm,weekly_2_strike0,38,55
BNTX,2020-11-13,2020-12-11,backfill,O:BNTX201218C00120000,120.0,2020-12-18,2020-11-13,5.69,7.1,5.69,6.43,1083,23,5.69,,monthly_30d_30d_otm,weekly_1_strike6,35,1083
BNTX,2020-11-13,2020-12-11,backfill,O:BNTX201218C00120000,120.0,2020-12-18,2020-11-16,4.0,4.0,2.55,3.4,683,66,4.0,,monthly_30d_30d_otm,weekly_1_strike6,35,1083
BNTX,2020-11-13,2020-12-11,backfill,O:BNTX201218C00120000,120.0,2020-12-18,2020-11-17,3.28,3.28,2.3,2.4,141,34,3.28,,monthly_30d_30d_otm,weekly_1_strike6,35,1083
BNTX,2020-11-13,2020-12-11,backfill,O:BNTX201218C00120000,120.0,2020-12-18,2020-11-18,3.0,3.3,2.25,2.55,277,30,3.0,,monthly_30d_30d_otm,weekly_1_strike6,35,1083
BNTX,2020-11-13,2020-12-11,backfill,O:BNTX201218C00120000,120.0,2020-12-18,2020-11-19,2.76,3.17,2.73,3.1,87,22,2.76,,monthly_30d_30d_otm,weekly_1_strike6,35,1083
BNTX,2020-11-13,2020-12-11,backfill,O:BNTX201218C00120000,120.0,2020-12-18,2020-11-20,4.25,5.0,3.0,4.7,745,81,4.25,,monthly_30d_30d_otm,weekly_1_strike6,35,1083
BNTX,2020-11-13,2020-12-11,backfill,O:BNTX201218C00120000,120.0,2020-12-18,2020-11-23,6.5,6.5,4.4,5.1,287,56,6.5,,monthly_30d_30d_otm,weekly_1_strike6,35,1083
BNTX,2020-11-13,2020-12-11,backfill,O:BNTX201218C00120000,120.0,2020-12-18,2020-11-24,3.5,3.8,2.5,3.6,431,76,3.5,,monthly_30d_30d_otm,weekly_1_strike6,35,1083
BNTX,2020-11-13,2020-12-11,backfill,O:BNTX201218C00120000,120.0,2020-12-18,2020-11-25,3.2,4.53,3.0,4.08,481,82,3.2,,monthly_30d_30d_otm,weekly_1_strike6,35,1083
BNTX,2020-11-13,2020-12-11,backfill,O:BNTX201218C00120000,120.0,2020-12-18,2020-11-27,4.77,6.46,4.77,6.08,213,47,4.77,,monthly_30d_30d_otm,weekly_1_strike6,35,1083
BNTX,2020-11-13,2020-12-11,backfill,O:BNTX201218C00120000,120.0,2020-12-18,2020-11-30,7.6,16.8,7.6,16.7,1402,161,7.6,,monthly_30d_30d_otm,weekly_1_strike6,35,1083
BNTX,2020-11-13,2020-12-11,backfill,O:BNTX201218C00120000,120.0,2020-12-18,2020-12-01,16.9,19.2,8.2,10.6,453,95,16.9,,monthly_30d_30d_otm,weekly_1_strike6,35,1083
BNTX,2020-11-13,2020-12-11,backfill,O:BNTX201218C00120000,120.0,2020-12-18,2020-12-02,13.5,15.1,11.5,13.0,359,83,13.5,,monthly_30d_30d_otm,weekly_1_strike6,35,1083
BNTX,2020-11-13,2020-12-11,backfill,O:BNTX201218C00120000,120.0,2020-12-18,2020-12-03,12.4,13.06,8.41,10.5,667,69,12.4,,monthly_30d_30d_otm,weekly_1_strike6,35,1083
BNTX,2020-11-13,2020-12-11,backfill,O:BNTX201218C00120000,120.0,2020-12-18,2020-12-04,10.2,11.4,8.4,10.8,441,82,10.2,,monthly_30d_30d_otm,weekly_1_strike6,35,1083
BNTX,2020-11-13,2020-12-11,backfill,O:BNTX201218C00120000,120.0,2020-12-18,2020-12-07,11.3,13.6,11.0,12.3,162,52,11.3,,monthly_30d_30d_otm,weekly_1_strike6,35,1083
BNTX,2020-11-13,2020-12-11,backfill,O:BNTX201218C00120000,120.0,2020-12-18,2020-12-08,15.5,15.7,12.8,13.4,273,48,15.5,,monthly_30d_30d_otm,weekly_1_strike6,35,1083
BNTX,2020-11-13,2020-12-11,backfill,O:BNTX201218C00120000,120.0,2020-12-18,2020-12-09,13.69,13.83,7.65,10.09,1372,54,13.69,,monthly_30d_30d_otm,weekly_1_strike6,35,1083
BNTX,2020-11-13,2020-12-11,backfill,O:BNTX201218C00120000,120.0,2020-12-18,2020-12-10,11.0,14.3,10.5,14.3,370,64,11.0,,monthly_30d_30d_otm,weekly_1_strike6,35,1083
BNTX,2020-11-13,2020-12-11,backfill,O:BNTX201218C00120000,120.0,2020-12-18,2020-12-11,14.0,14.2,10.1,11.2,116,32,14.0,,monthly_30d_30d_otm,weekly_1_strike6,35,1083
BNTX,2021-09-20,2021-09-30,backfill,O:BNTX211015C00375000,375.0,2021-10-15,2021-09-20,14.9,15.3,11.02,11.02,7,3,14.9,,monthly_30d_30d_otm,weekly_2_strike0,25,7
BNTX,2021-09-20,2021-09-30,backfill,O:BNTX211015C00375000,375.0,2021-10-15,2021-09-22,9.98,10.4,9.3,9.3,7,4,9.98,,monthly_30d_30d_otm,weekly_2_strike0,25,7
BNTX,2021-09-20,2021-09-30,backfill,O:BNTX211015C00375000,375.0,2021-10-15,2021-09-23,12.84,13.15,11.4,11.63,8,6,12.84,,monthly_30d_30d_otm,weekly_2_strike0,25,7
BNTX,2021-09-20,2021-09-30,backfill,O:BNTX211015C00375000,375.0,2021-10-15,2021-09-24,6.6,7.0,5.0,5.0,18,7,6.6,,monthly_30d_30d_otm,weekly_2_strike0,25,7
BNTX,2021-09-20,2021-09-30,backfill,O:BNTX211015C00375000,375.0,2021-10-15,2021-09-27,4.0,4.0,1.98,2.1,35,20,4.0,,monthly_30d_30d_otm,weekly_2_strike0,25,7
BNTX,2021-09-20,2021-09-30,backfill,O:BNTX211015C00375000,375.0,2021-10-15,2021-09-28,0.75,1.4,0.75,0.82,6,5,0.75,,monthly_30d_30d_otm,weekly_2_strike0,25,7
BNTX,2021-09-20,2021-09-30,backfill,O:BNTX211015C00375000,375.0,2021-10-15,2021-09-29,0.5,0.6,0.43,0.45,17,7,0.5,,monthly_30d_30d_otm,weekly_2_strike0,25,7
BNTX,2021-09-20,2021-09-30,backfill,O:BNTX211015C00375000,375.0,2021-10-15,2021-09-30,0.3,0.3,0.3,0.3,1,1,0.3,,monthly_30d_30d_otm,weekly_2_strike0,25,7
BNTX,2022-05-18,2022-06-15,backfill,O:BNTX220617C00180000,180.0,2022-06-17,2022-05-18,6.0,6.0,4.6,5.01,7,6,6.0,,monthly_30d_25d_otm,weekly_2_strike1,30,7
BNTX,2022-05-18,2022-06-15,backfill,O:BNTX220617C00180000,180.0,2022-06-17,2022-05-19,6.0,8.0,6.0,8.0,67,11,6.0,,monthly_30d_25d_otm,weekly_2_strike1,30,7
BNTX,2022-05-18,2022-06-15,backfill,O:BNTX220617C00180000,180.0,2022-06-17,2022-05-20,7.92,7.92,5.9,6.47,36,11,7.92,,monthly_30d_25d_otm,weekly_2_strike1,30,7
BNTX,2022-05-18,2022-06-15,backfill,O:BNTX220617C00180000,180.0,2022-06-17,2022-05-23,6.9,7.15,5.5,6.2,140,9,6.9,,monthly_30d_25d_otm,weekly_2_strike1,30,7
BNTX,2022-05-18,2022-06-15,backfill,O:BNTX220617C00180000,180.0,2022-06-17,2022-05-24,5.28,5.28,3.8,4.1,196,19,5.28,,monthly_30d_25d_otm,weekly_2_strike1,30,7
BNTX,2022-05-18,2022-06-15,backfill,O:BNTX220617C00180000,180.0,2022-06-17,2022-05-25,3.5,3.5,2.98,3.1,30,6,3.5,,monthly_30d_25d_otm,weekly_2_strike1,30,7
BNTX,2022-05-18,2022-06-15,backfill,O:BNTX220617C00180000,180.0,2022-06-17,2022-05-26,3.7,4.2,3.6,3.6,9,6,3.7,,monthly_30d_25d_otm,weekly_2_strike1,30,7
BNTX,2022-05-18,2022-06-15,backfill,O:BNTX220617C00180000,180.0,2022-06-17,2022-05-27,4.0,6.7,4.0,5.9,644,29,4.0,,monthly_30d_25d_otm,weekly_2_strike1,30,7
BNTX,2022-05-18,2022-06-15,backfill,O:BNTX220617C00180000,180.0,2022-06-17,2022-05-31,5.05,5.05,4.38,4.4,11,4,5.05,,monthly_30d_25d_otm,weekly_2_strike1,30,7
BNTX,2022-05-18,2022-06-15,backfill,O:BNTX220617C00180000,180.0,2022-06-17,2022-06-01,4.3,4.3,3.53,3.53,87,3,4.3,,monthly_30d_25d_otm,weekly_2_strike1,30,7
BNTX,2022-05-18,2022-06-15,backfill,O:BNTX220617C00180000,180.0,2022-06-17,2022-06-03,1.4,1.4,1.4,1.4,1,1,1.4,,monthly_30d_25d_otm,weekly_2_strike1,30,7
BNTX,2022-05-18,2022-06-15,backfill,O:BNTX220617C00180000,180.0,2022-06-17,2022-06-06,1.71,2.15,1.16,1.29,27,11,1.71,,monthly_30d_25d_otm,weekly_2_strike1,30,7
BNTX,2022-05-18,2022-06-15,backfill,O:BNTX220617C00180000,180.0,2022-06-17,2022-06-07,1.6,1.9,1.2,1.3,54,16,1.6,,monthly_30d_25d_otm,weekly_2_strike1,30,7
BNTX,2022-05-18,2022-06-15,backfill,O:BNTX220617C00180000,180.0,2022-06-17,2022-06-08,0.98,1.35,0.98,1.12,78,7,0.98,,monthly_30d_25d_otm,weekly_2_strike1,30,7
BNTX,2022-05-18,2022-06-15,backfill,O:BNTX220617C00180000,180.0,2022-06-17,2022-06-09,0.33,0.35,0.33,0.35,10,3,0.33,,monthly_30d_25d_otm,weekly_2_strike1,30,7
BNTX,2022-05-18,2022-06-15,backfill,O:BNTX220617C00180000,180.0,2022-06-17,2022-06-10,0.25,0.25,0.1,0.15,7,6,0.25,,monthly_30d_25d_otm,weekly_2_strike1,30,7
BNTX,2022-05-18,2022-06-15,backfill,O:BNTX220617C00180000,180.0,2022-06-17,2022-06-13,0.1,0.1,0.1,0.1,1,1,0.1,,monthly_30d_25d_otm,weekly_2_strike1,30,7
BNTX,2022-05-18,2022-06-15,backfill,O:BNTX220617C00180000,180.0,2022-06-17,2022-06-14,0.05,0.05,0.05,0.05,6,2,0.05,,monthly_30d_25d_otm,weekly_2_strike1,30,7
BNTX,2022-05-18,2022-06-15,backfill,O:BNTX220617C00180000,180.0,2022-06-17,2022-06-15,0.05,0.14,0.05,0.1,27,6,0.05,,monthly_30d_25d_otm,weekly_2_strike1,30,7
BNTX,2022-06-27,2022-07-25,backfill,O:BNTX220819C00160000,160.0,2022-08-19,2022-06-27,6.57,8.29,6.57,8.29,17,10,6.57,,monthly_45d_30d_otm,weekly_2_strike0,53,17
BNTX,2022-06-27,2022-07-25,backfill,O:BNTX220819C00160000,160.0,2022-08-19,2022-06-28,8.03,8.03,8.03,8.03,1,1,8.03,,monthly_45d_30d_otm,weekly_2_strike0,53,17
BNTX,2022-06-27,2022-07-25,backfill,O:BNTX220819C00160000,160.0,2022-08-19,2022-06-29,6.4,7.0,6.2,7.0,5,3,6.4,,monthly_45d_30d_otm,weekly_2_strike0,53,17
BNTX,2022-06-27,2022-07-25,backfill,O:BNTX220819C00160000,160.0,2022-08-19,2022-06-30,9.69,11.01,9.69,9.81,13,4,9.69,,monthly_45d_30d_otm,weekly_2_strike0,53,17
BNTX,2022-06-27,2022-07-25,backfill,O:BNTX220819C00160000,160.0,2022-08-19,2022-07-01,12.2,14.1,12.2,13.6,25,12,12.2,,monthly_45d_30d_otm,weekly_2_strike0,53,17
BNTX,2022-06-27,2022-07-25,backfill,O:BNTX220819C00160000,160.0,2022-08-19,2022-07-05,12.0,13.6,12.0,13.6,2,2,12.0,,monthly_45d_30d_otm,weekly_2_strike0,53,17
BNTX,2022-06-27,2022-07-25,backfill,O:BNTX220819C00160000,160.0,2022-08-19,2022-07-07,16.6,19.0,16.53,19.0,12,7,16.6,,monthly_45d_30d_otm,weekly_2_strike0,53,17
BNTX,2022-06-27,2022-07-25,backfill,O:BNTX220819C00160000,160.0,2022-08-19,2022-07-08,21.5,21.51,20.1,20.1,3,2,21.5,,monthly_45d_30d_otm,weekly_2_strike0,53,17
BNTX,2022-06-27,2022-07-25,backfill,O:BNTX220819C00160000,160.0,2022-08-19,2022-07-12,15.69,15.69,15.05,15.05,31,5,15.69,,monthly_45d_30d_otm,weekly_2_strike0,53,17
BNTX,2022-06-27,2022-07-25,backfill,O:BNTX220819C00160000,160.0,2022-08-19,2022-07-13,18.5,18.5,17.75,17.77,8,2,18.5,,monthly_45d_30d_otm,weekly_2_strike0,53,17
BNTX,2022-06-27,2022-07-25,backfill,O:BNTX220819C00160000,160.0,2022-08-19,2022-07-14,14.18,14.18,11.7,11.7,65,3,14.18,,monthly_45d_30d_otm,weekly_2_strike0,53,17
BNTX,2022-06-27,2022-07-25,backfill,O:BNTX220819C00160000,160.0,2022-08-19,2022-07-15,12.7,13.26,12.7,13.26,11,2,12.7,,monthly_45d_30d_otm,weekly_2_strike0,53,17
BNTX,2022-06-27,2022-07-25,backfill,O:BNTX220819C00160000,160.0,2022-08-19,2022-07-20,15.33,15.33,15.33,15.33,6,1,15.33,,monthly_45d_30d_otm,weekly_2_strike0,53,17
BNTX,2022-06-27,2022-07-25,backfill,O:BNTX220819C00160000,160.0,2022-08-19,2022-07-22,13.0,13.0,13.0,13.0,10,1,13.0,,monthly_45d_30d_otm,weekly_2_strike0,53,17
BNTX,2026-02-02,2026-03-02,backfill,O:BNTX260417C00125000,125.0,2026-04-17,2026-02-02,3.12,3.12,3.12,3.12,6,1,3.12,,monthly_60d_30d_otm,weekly_3_strike0,74,6
BNTX,2026-02-02,2026-03-02,backfill,O:BNTX260417C00125000,125.0,2026-04-17,2026-02-03,2.78,2.78,2.78,2.78,6,1,2.78,,monthly_60d_30d_otm,weekly_3_strike0,74,6
BNTX,2026-02-02,2026-03-02,backfill,O:BNTX260417C00125000,125.0,2026-04-17,2026-02-12,2.3,2.3,2.3,2.3,1,1,2.3,,monthly_60d_30d_otm,weekly_3_strike0,74,6
BNTX,2026-02-02,2026-03-02,backfill,O:BNTX260417C00125000,125.0,2026-04-17,2026-02-18,2.23,2.25,2.23,2.25,2,1,2.23,,monthly_60d_30d_otm,weekly_3_strike0,74,6
BNTX,2026-02-02,2026-03-02,backfill,O:BNTX260417C00125000,125.0,2026-04-17,2026-02-19,2.0,2.5,2.0,2.5,104,4,2.0,,monthly_60d_30d_otm,weekly_3_strike0,74,6
BYND,2020-05-15,2020-06-12,backfill,O:BYND200619C00135000,135.0,2020-06-19,2020-05-15,14.92,17.6,12.7,13.35,829,73,14.92,,monthly_30d_atm,weekly_1_strike0,35,829
BYND,2020-05-15,2020-06-12,backfill,O:BYND200619C00135000,135.0,2020-06-19,2020-05-18,14.44,14.44,9.36,9.71,518,114,14.44,,monthly_30d_atm,weekly_1_strike0,35,829
BYND,2020-05-15,2020-06-12,backfill,O:BYND200619C00135000,135.0,2020-06-19,2020-05-19,11.5,17.3,11.5,12.9,579,92,11.5,,monthly_30d_atm,weekly_1_strike0,35,829
BYND,2020-05-15,2020-06-12,backfill,O:BYND200619C00135000,135.0,2020-06-19,2020-05-20,17.0,19.0,13.99,15.37,169,42,17.0,,monthly_30d_atm,weekly_1_strike0,35,829
BYND,2020-05-15,2020-06-12,backfill,O:BYND200619C00135000,135.0,2020-06-19,2020-05-21,16.08,16.08,11.59,13.0,173,27,16.08,,monthly_30d_atm,weekly_1_strike0,35,829
BYND,2020-05-15,2020-06-12,backfill,O:BYND200619C00135000,135.0,2020-06-19,2020-05-22,12.65,13.2,11.56,12.3,129,23,12.65,,monthly_30d_atm,weekly_1_strike0,35,829
BYND,2020-05-15,2020-06-12,backfill,O:BYND200619C00135000,135.0,2020-06-19,2020-05-26,14.0,14.0,8.49,8.99,295,67,14.0,,monthly_30d_atm,weekly_1_strike0,35,829
BYND,2020-05-15,2020-06-12,backfill,O:BYND200619C00135000,135.0,2020-06-19,2020-05-27,8.08,8.08,3.6,5.41,614,90,8.08,,monthly_30d_atm,weekly_1_strike0,35,829
BYND,2020-05-15,2020-06-12,backfill,O:BYND200619C00135000,135.0,2020-06-19,2020-05-28,5.05,6.3,3.82,3.95,173,49,5.05,,monthly_30d_atm,weekly_1_strike0,35,829
BYND,2020-05-15,2020-06-12,backfill,O:BYND200619C00135000,135.0,2020-06-19,2020-05-29,5.4,7.25,4.73,6.85,1774,113,5.4,,monthly_30d_atm,weekly_1_strike0,35,829
BYND,2020-05-15,2020-06-12,backfill,O:BYND200619C00135000,135.0,2020-06-19,2020-06-01,9.62,12.05,9.14,12.0,1510,161,9.62,,monthly_30d_atm,weekly_1_strike0,35,829
BYND,2020-05-15,2020-06-12,backfill,O:BYND200619C00135000,135.0,2020-06-19,2020-06-02,10.49,10.49,8.1,9.15,282,89,10.49,,monthly_30d_atm,weekly_1_strike0,35,829
BYND,2020-05-15,2020-06-12,backfill,O:BYND200619C00135000,135.0,2020-06-19,2020-06-03,9.15,11.0,7.89,8.15,242,68,9.15,,monthly_30d_atm,weekly_1_strike0,35,829
BYND,2020-05-15,2020-06-12,backfill,O:BYND200619C00135000,135.0,2020-06-19,2020-06-04,7.7,12.95,7.7,8.95,571,98,7.7,,monthly_30d_atm,weekly_1_strike0,35,829
BYND,2020-05-15,2020-06-12,backfill,O:BYND200619C00135000,135.0,2020-06-19,2020-06-05,7.49,9.5,6.15,6.35,914,163,7.49,,monthly_30d_atm,weekly_1_strike0,35,829
BYND,2020-05-15,2020-06-12,backfill,O:BYND200619C00135000,135.0,2020-06-19,2020-06-08,8.15,29.1,8.15,28.93,898,148,8.15,,monthly_30d_atm,weekly_1_strike0,35,829
BYND,2020-05-15,2020-06-12,backfill,O:BYND200619C00135000,135.0,2020-06-19,2020-06-09,23.65,25.93,16.82,21.15,133,45,23.65,,monthly_30d_atm,weekly_1_strike0,35,829
BYND,2020-05-15,2020-06-12,backfill,O:BYND200619C00135000,135.0,2020-06-19,2020-06-10,25.15,28.63,20.35,22.41,170,43,25.15,,monthly_30d_atm,weekly_1_strike0,35,829
BYND,2020-05-15,2020-06-12,backfill,O:BYND200619C00135000,135.0,2020-06-19,2020-06-11,15.48,21.1,10.51,12.6,520,96,15.48,,monthly_30d_atm,weekly_1_strike0,35,829
BYND,2020-05-15,2020-06-12,backfill,O:BYND200619C00135000,135.0,2020-06-19,2020-06-12,15.6,15.6,11.07,12.39,105,22,15.6,,monthly_30d_atm,weekly_1_strike0,35,829
BYND,2020-10-05,2020-10-30,backfill,O:BYND201120C00185000,185.0,2020-11-20,2020-10-05,13.55,16.5,13.55,16.5,37,15,13.55,,monthly_30d_35d_otm,weekly_2_strike2,46,37
BYND,2020-10-05,2020-10-30,backfill,O:BYND201120C00185000,185.0,2020-11-20,2020-10-06,16.65,22.35,16.65,19.02,280,74,16.65,,monthly_30d_35d_otm,weekly_2_strike2,46,37
BYND,2020-10-05,2020-10-30,backfill,O:BYND201120C00185000,185.0,2020-11-20,2020-10-07,23.66,24.66,21.07,22.8,203,64,23.66,,monthly_30d_35d_otm,weekly_2_strike2,46,37
BYND,2020-10-05,2020-10-30,backfill,O:BYND201120C00185000,185.0,2020-11-20,2020-10-08,25.0,27.27,23.26,25.32,59,29,25.0,,monthly_30d_35d_otm,weekly_2_strike2,46,37
BYND,2020-10-05,2020-10-30,backfill,O:BYND201120C00185000,185.0,2020-11-20,2020-10-09,23.55,25.2,23.35,25.2,50,13,23.55,,monthly_30d_35d_otm,weekly_2_strike2,46,37
BYND,2020-10-05,2020-10-30,backfill,O:BYND201120C00185000,185.0,2020-11-20,2020-10-12,25.49,25.74,22.52,23.08,24,12,25.49,,monthly_30d_35d_otm,weekly_2_strike2,46,37
BYND,2020-10-05,2020-10-30,backfill,O:BYND201120C00185000,185.0,2020-11-20,2020-10-13,18.37,20.8,17.43,20.52,154,65,18.37,,monthly_30d_35d_otm,weekly_2_strike2,46,37
BYND,2020-10-05,2020-10-30,backfill,O:BYND201120C00185000,185.0,2020-11-20,2020-10-14,20.15,22.3,19.9,21.25,36,21,20.15,,monthly_30d_35d_otm,weekly_2_strike2,46,37
BYND,2020-10-05,2020-10-30,backfill,O:BYND201120C00185000,185.0,2020-11-20,2020-10-15,20.35,20.4,18.12,18.43,33,22,20.35,,monthly_30d_35d_otm,weekly_2_strike2,46,37
BYND,2020-10-05,2020-10-30,backfill,O:BYND201120C00185000,185.0,2020-11-20,2020-10-16,19.65,19.8,16.05,16.51,51,25,19.65,,monthly_30d_35d_otm,weekly_2_strike2,46,37
BYND,2020-10-05,2020-10-30,backfill,O:BYND201120C00185000,185.0,2020-11-20,2020-10-19,16.5,18.8,15.55,16.63,258,85,16.5,,monthly_30d_35d_otm,weekly_2_strike2,46,37
BYND,2020-10-05,2020-10-30,backfill,O:BYND201120C00185000,185.0,2020-11-20,2020-10-20,16.4,16.4,12.64,12.69,153,30,16.4,,monthly_30d_35d_otm,weekly_2_strike2,46,37
BYND,2020-10-05,2020-10-30,backfill,O:BYND201120C00185000,185.0,2020-11-20,2020-10-21,12.96,14.47,12.66,13.65,48,19,12.96,,monthly_30d_35d_otm,weekly_2_strike2,46,37
BYND,2020-10-05,2020-10-30,backfill,O:BYND201120C00185000,185.0,2020-11-20,2020-10-22,11.3,11.3,9.15,10.23,52,23,11.3,,monthly_30d_35d_otm,weekly_2_strike2,46,37
BYND,2020-10-05,2020-10-30,backfill,O:BYND201120C00185000,185.0,2020-11-20,2020-10-23,10.5,10.5,8.9,10.1,40,18,10.5,,monthly_30d_35d_otm,weekly_2_strike2,46,37
BYND,2020-10-05,2020-10-30,backfill,O:BYND201120C00185000,185.0,2020-11-20,2020-10-26,9.77,10.7,6.69,7.0,72,28,9.77,,monthly_30d_35d_otm,weekly_2_strike2,46,37
BYND,2020-10-05,2020-10-30,backfill,O:BYND201120C00185000,185.0,2020-11-20,2020-10-27,7.45,7.45,6.0,6.37,47,21,7.45,,monthly_30d_35d_otm,weekly_2_strike2,46,37
BYND,2020-10-05,2020-10-30,backfill,O:BYND201120C00185000,185.0,2020-11-20,2020-10-28,5.43,5.5,4.75,5.22,46,33,5.43,,monthly_30d_35d_otm,weekly_2_strike2,46,37
BYND,2020-10-05,2020-10-30,backfill,O:BYND201120C00185000,185.0,2020-11-20,2020-10-29,5.02,5.02,3.5,3.6,93,28,5.02,,monthly_30d_35d_otm,weekly_2_strike2,46,37
BYND,2020-10-05,2020-10-30,backfill,O:BYND201120C00185000,185.0,2020-11-20,2020-10-30,3.1,3.17,1.93,2.03,200,41,3.1,,monthly_30d_35d_otm,weekly_2_strike2,46,37
BYND,2022-07-19,2022-08-15,backfill,O:BYND220819C00038000,38.0,2022-08-19,2022-07-19,3.22,4.3,3.22,4.3,8,6,3.22,,monthly_30d_35d_otm,weekly_2_strike0,31,8
BYND,2022-07-19,2022-08-15,backfill,O:BYND220819C00038000,38.0,2022-08-19,2022-07-20,4.5,4.5,4.1,4.4,4,4,4.5,,monthly_30d_35d_otm,weekly_2_strike0,31,8
BYND,2022-07-19,2022-08-15,backfill,O:BYND220819C00038000,38.0,2022-08-19,2022-07-21,4.25,4.84,4.25,4.41,10,7,4.25,,monthly_30d_35d_otm,weekly_2_strike0,31,8
BYND,2022-07-19,2022-08-15,backfill,O:BYND220819C00038000,38.0,2022-08-19,2022-07-22,4.35,4.35,3.45,3.51,32,7,4.35,,monthly_30d_35d_otm,weekly_2_strike0,31,8
BYND,2022-07-19,2022-08-15,backfill,O:BYND220819C00038000,38.0,2022-08-19,2022-07-25,2.39,2.39,2.1,2.1,6,2,2.39,,monthly_30d_35d_otm,weekly_2_strike0,31,8
BYND,2022-07-19,2022-08-15,backfill,O:BYND220819C00038000,38.0,2022-08-19,2022-07-26,1.78,1.79,1.64,1.64,19,2,1.78,,monthly_30d_35d_otm,weekly_2_strike0,31,8
BYND,2022-07-19,2022-08-15,backfill,O:BYND220819C00038000,38.0,2022-08-19,2022-07-27,1.51,1.51,1.43,1.46,4,3,1.51,,monthly_30d_35d_otm,weekly_2_strike0,31,8
BYND,2022-07-19,2022-08-15,backfill,O:BYND220819C00038000,38.0,2022-08-19,2022-07-28,1.39,1.41,1.38,1.39,8,5,1.39,,monthly_30d_35d_otm,weekly_2_strike0,31,8
BYND,2022-07-19,2022-08-15,backfill,O:BYND220819C00038000,38.0,2022-08-19,2022-07-29,1.39,1.39,1.39,1.39,3,2,1.39,,monthly_30d_35d_otm,weekly_2_strike0,31,8
BYND,2022-07-19,2022-08-15,backfill,O:BYND220819C00038000,38.0,2022-08-19,2022-08-01,1.8,1.98,1.8,1.8,25,7,1.8,,monthly_30d_35d_otm,weekly_2_strike0,31,8
BYND,2022-07-19,2022-08-15,backfill,O:BYND220819C00038000,38.0,2022-08-19,2022-08-02,2.06,2.06,2.06,2.06,1,1,2.06,,monthly_30d_35d_otm,weekly_2_strike0,31,8
BYND,2022-07-19,2022-08-15,backfill,O:BYND220819C00038000,38.0,2022-08-19,2022-08-03,1.98,2.15,1.86,1.97,285,9,1.98,,monthly_30d_35d_otm,weekly_2_strike0,31,8
BYND,2022-07-19,2022-08-15,backfill,O:BYND220819C00038000,38.0,2022-08-19,2022-08-04,2.05,2.23,1.46,1.5,36,8,2.05,,monthly_30d_35d_otm,weekly_2_strike0,31,8
BYND,2022-07-19,2022-08-15,backfill,O:BYND220819C00038000,38.0,2022-08-19,2022-08-05,0.65,3.35,0.65,2.68,255,29,0.65,,monthly_30d_35d_otm,weekly_2_strike0,31,8
BYND,2022-07-19,2022-08-15,backfill,O:BYND220819C00038000,38.0,2022-08-19,2022-08-08,4.25,6.9,3.3,3.33,1805,79,4.25,,monthly_30d_35d_otm,weekly_2_strike0,31,8
BYND,2022-07-19,2022-08-15,backfill,O:BYND220819C00038000,38.0,2022-08-19,2022-08-09,2.56,2.81,1.59,1.7,263,35,2.56,,monthly_30d_35d_otm,weekly_2_strike0,31,8
BYND,2022-07-19,2022-08-15,backfill,O:BYND220819C00038000,38.0,2022-08-19,2022-08-10,2.16,2.16,1.25,1.6,122,15,2.16,,monthly_30d_35d_otm,weekly_2_strike0,31,8
BYND,2022-07-19,2022-08-15,backfill,O:BYND220819C00038000,38.0,2022-08-19,2022-08-11,2.12,4.75,1.22,1.36,374,25,2.12,,monthly_30d_35d_otm,weekly_2_strike0,31,8
BYND,2022-07-19,2022-08-15,backfill,O:BYND220819C00038000,38.0,2022-08-19,2022-08-12,1.59,1.59,0.89,1.29,180,37,1.59,,monthly_30d_35d_otm,weekly_2_strike0,31,8
BYND,2022-07-19,2022-08-15,backfill,O:BYND220819C00038000,38.0,2022-08-19,2022-08-15,1.29,1.29,0.67,0.75,197,41,1.29,,monthly_30d_35d_otm,weekly_2_strike0,31,8
BYND,2023-02-03,2023-03-03,backfill,O:BYND230317C00025000,25.0,2023-03-17,2023-02-03,1.5,1.6,1.16,1.16,105,19,1.5,,monthly_30d_25d_otm,weekly_1_strike0,42,105
BYND,2023-02-03,2023-03-03,backfill,O:BYND230317C00025000,25.0,2023-03-17,2023-02-06,1.12,1.12,0.75,0.87,72,16,1.12,,monthly_30d_25d_otm,weekly_1_strike0,42,105
BYND,2023-02-03,2023-03-03,backfill,O:BYND230317C00025000,25.0,2023-03-17,2023-02-07,0.78,0.78,0.61,0.66,542,13,0.78,,monthly_30d_25d_otm,weekly_1_strike0,42,105
BYND,2023-02-03,2023-03-03,backfill,O:BYND230317C00025000,25.0,2023-03-17,2023-02-08,0.83,1.0,0.68,1.0,521,11,0.83,,monthly_30d_25d_otm,weekly_1_strike0,42,105
BYND,2023-02-03,2023-03-03,backfill,O:BYND230317C00025000,25.0,2023-03-17,2023-02-09,0.99,1.03,0.6,0.6,26,12,0.99,,monthly_30d_25d_otm,weekly_1_strike0,42,105
BYND,2023-02-03,2023-03-03,backfill,O:BYND230317C00025000,25.0,2023-03-17,2023-02-10,0.61,0.63,0.55,0.59,20,5,0.61,,monthly_30d_25d_otm,weekly_1_strike0,42,105
BYND,2023-02-03,2023-03-03,backfill,O:BYND230317C00025000,25.0,2023-03-17,2023-02-13,0.55,0.59,0.55,0.59,17,3,0.55,,monthly_30d_25d_otm,weekly_1_strike0,42,105
BYND,2023-02-03,2023-03-03,backfill,O:BYND230317C00025000,25.0,2023-03-17,2023-02-14,0.49,0.5,0.4,0.41,23,5,0.49,,monthly_30d_25d_otm,weekly_1_strike0,42,105
BYND,2023-02-03,2023-03-03,backfill,O:BYND230317C00025000,25.0,2023-03-17,2023-02-15,0.54,0.71,0.54,0.71,26,11,0.54,,monthly_30d_25d_otm,weekly_1_strike0,42,105
BYND,2023-02-03,2023-03-03,backfill,O:BYND230317C00025000,25.0,2023-03-17,2023-02-16,0.85,0.85,0.68,0.68,222,16,0.85,,monthly_30d_25d_otm,weekly_1_strike0,42,105
BYND,2023-02-03,2023-03-03,backfill,O:BYND230317C00025000,25.0,2023-03-17,2023-02-17,0.65,0.72,0.54,0.69,133,19,0.65,,monthly_30d_25d_otm,weekly_1_strike0,42,105
BYND,2023-02-03,2023-03-03,backfill,O:BYND230317C00025000,25.0,2023-03-17,2023-02-21,0.6,0.65,0.46,0.46,75,14,0.6,,monthly_30d_25d_otm,weekly_1_strike0,42,105
BYND,2023-02-03,2023-03-03,backfill,O:BYND230317C00025000,25.0,2023-03-17,2023-02-22,0.54,0.56,0.5,0.5,17,7,0.54,,monthly_30d_25d_otm,weekly_1_strike0,42,105
BYND,2023-02-03,2023-03-03,backfill,O:BYND230317C00025000,25.0,2023-03-17,2023-02-23,0.45,0.52,0.43,0.44,18,6,0.45,,monthly_30d_25d_otm,weekly_1_strike0,42,105
BYND,2023-02-03,2023-03-03,backfill,O:BYND230317C00025000,25.0,2023-03-17,2023-02-24,0.7,1.55,0.35,0.39,4551,159,0.7,,monthly_30d_25d_otm,weekly_1_strike0,42,105
BYND,2023-02-03,2023-03-03,backfill,O:BYND230317C00025000,25.0,2023-03-17,2023-02-27,0.33,0.41,0.19,0.24,1632,95,0.33,,monthly_30d_25d_otm,weekly_1_strike0,42,105
BYND,2023-02-03,2023-03-03,backfill,O:BYND230317C00025000,25.0,2023-03-17,2023-02-28,0.25,0.28,0.12,0.15,1463,66,0.25,,monthly_30d_25d_otm,weekly_1_strike0,42,105
BYND,2023-02-03,2023-03-03,backfill,O:BYND230317C00025000,25.0,2023-03-17,2023-03-01,0.12,0.12,0.05,0.07,336,37,0.12,,monthly_30d_25d_otm,weekly_1_strike0,42,105
BYND,2023-02-03,2023-03-03,backfill,O:BYND230317C00025000,25.0,2023-03-17,2023-03-02,0.09,0.09,0.05,0.08,154,16,0.09,,monthly_30d_25d_otm,weekly_1_strike0,42,105
BYND,2023-02-03,2023-03-03,backfill,O:BYND230317C00025000,25.0,2023-03-17,2023-03-03,0.09,0.09,0.04,0.08,6675,64,0.09,,monthly_30d_25d_otm,weekly_1_strike0,42,105
C,2020-12-04,2021-01-04,backfill,O:C210115C00065000,65.0,2021-01-15,2020-12-04,0.79,1.02,0.79,0.91,986,58,0.79,,monthly_30d_25d_otm,weekly_1_strike0,42,986
C,2020-12-04,2021-01-04,backfill,O:C210115C00065000,65.0,2021-01-15,2020-12-07,0.97,1.02,0.75,0.94,527,35,0.97,,monthly_30d_25d_otm,weekly_1_strike0,42,986
C,2020-12-04,2021-01-04,backfill,O:C210115C00065000,65.0,2021-01-15,2020-12-08,0.85,0.94,0.84,0.9,4309,31,0.85,,monthly_30d_25d_otm,weekly_1_strike0,42,986
C,2020-12-04,2021-01-04,backfill,O:C210115C00065000,65.0,2021-01-15,2020-12-09,0.98,1.18,0.86,1.03,899,54,0.98,,monthly_30d_25d_otm,weekly_1_strike0,42,986
C,2020-12-04,2021-01-04,backfill,O:C210115C00065000,65.0,2021-01-15,2020-12-10,0.82,1.52,0.82,1.45,3747,81,0.82,,monthly_30d_25d_otm,weekly_1_strike0,42,986
C,2020-12-04,2021-01-04,backfill,O:C210115C00065000,65.0,2021-01-15,2020-12-11,1.11,1.28,0.85,1.0,2920,127,1.11,,monthly_30d_25d_otm,weekly_1_strike0,42,986
C,2020-12-04,2021-01-04,backfill,O:C210115C00065000,65.0,2021-01-15,2020-12-14,1.17,1.22,0.83,0.86,1603,53,1.17,,monthly_30d_25d_otm,weekly_1_strike0,42,986
C,2020-12-04,2021-01-04,backfill,O:C210115C00065000,65.0,2021-01-15,2020-12-15,0.9,0.96,0.74,0.92,1468,60,0.9,,monthly_30d_25d_otm,weekly_1_strike0,42,986
C,2020-12-04,2021-01-04,backfill,O:C210115C00065000,65.0,2021-01-15,2020-12-16,0.92,0.95,0.8,0.84,470,55,0.92,,monthly_30d_25d_otm,weekly_1_strike0,42,986
C,2020-12-04,2021-01-04,backfill,O:C210115C00065000,65.0,2021-01-15,2020-12-17,0.82,0.96,0.78,0.88,1658,89,0.82,,monthly_30d_25d_otm,weekly_1_strike0,42,986
C,2020-12-04,2021-01-04,backfill,O:C210115C00065000,65.0,2021-01-15,2020-12-18,0.86,0.89,0.57,0.64,1653,102,0.86,,monthly_30d_25d_otm,weekly_1_strike0,42,986
C,2020-12-04,2021-01-04,backfill,O:C210115C00065000,65.0,2021-01-15,2020-12-21,1.19,1.48,0.78,1.11,1624,118,1.19,,monthly_30d_25d_otm,weekly_1_strike0,42,986
C,2020-12-04,2021-01-04,backfill,O:C210115C00065000,65.0,2021-01-15,2020-12-22,1.03,1.03,0.6,0.6,1322,65,1.03,,monthly_30d_25d_otm,weekly_1_strike0,42,986
C,2020-12-04,2021-01-04,backfill,O:C210115C00065000,65.0,2021-01-15,2020-12-23,0.6,1.02,0.6,0.91,4811,85,0.6,,monthly_30d_25d_otm,weekly_1_strike0,42,986
C,2020-12-04,2021-01-04,backfill,O:C210115C00065000,65.0,2021-01-15,2020-12-24,0.89,0.89,0.66,0.75,341,38,0.89,,monthly_30d_25d_otm,weekly_1_strike0,42,986
C,2020-12-04,2021-01-04,backfill,O:C210115C00065000,65.0,2021-01-15,2020-12-28,0.77,1.06,0.69,0.77,702,58,0.77,,monthly_30d_25d_otm,weekly_1_strike0,42,986
C,2020-12-04,2021-01-04,backfill,O:C210115C00065000,65.0,2021-01-15,2020-12-29,0.78,0.8,0.53,0.7,427,41,0.78,,monthly_30d_25d_otm,weekly_1_strike0,42,986
C,2020-12-04,2021-01-04,backfill,O:C210115C00065000,65.0,2021-01-15,2020-12-30,0.62,0.65,0.54,0.58,408,33,0.62,,monthly_30d_25d_otm,weekly_1_strike0,42,986
C,2020-12-04,2021-01-04,backfill,O:C210115C00065000,65.0,2021-01-15,2020-12-31,0.51,0.79,0.5,0.79,526,54,0.51,,monthly_30d_25d_otm,weekly_1_strike0,42,986
C,2020-12-04,2021-01-04,backfill,O:C210115C00065000,65.0,2021-01-15,2021-01-04,0.7,0.7,0.39,0.46,1016,57,0.7,,monthly_30d_25d_otm,weekly_1_strike0,42,986
C,2025-01-15,2025-02-12,backfill,O:C250321C00080000,80.0,2025-03-21,2025-01-15,1.64,2.83,1.6,2.28,7404,143,1.64,,monthly_45d_35d_otm,weekly_2_strike0,65,7404
C,2025-01-15,2025-02-12,backfill,O:C250321C00080000,80.0,2025-03-21,2025-01-16,2.28,2.4,2.04,2.25,1831,50,2.28,,monthly_45d_35d_otm,weekly_2_strike0,65,7404
C,2025-01-15,2025-02-12,backfill,O:C250321C00080000,80.0,2025-03-21,2025-01-17,2.17,3.2,2.08,2.92,1304,86,2.17,,monthly_45d_35d_otm,weekly_2_strike0,65,7404
C,2025-01-15,2025-02-12,backfill,O:C250321C00080000,80.0,2025-03-21,2025-01-21,3.18,3.95,2.87,3.8,514,63,3.18,,monthly_45d_35d_otm,weekly_2_strike0,65,7404
C,2025-01-15,2025-02-12,backfill,O:C250321C00080000,80.0,2025-03-21,2025-01-22,3.84,4.2,3.55,3.9,268,37,3.84,,monthly_45d_35d_otm,weekly_2_strike0,65,7404
C,2025-01-15,2025-02-12,backfill,O:C250321C00080000,80.0,2025-03-21,2025-01-23,4.05,4.5,3.95,3.95,186,27,4.05,,monthly_45d_35d_otm,weekly_2_strike0,65,7404
C,2025-01-15,2025-02-12,backfill,O:C250321C00080000,80.0,2025-03-21,2025-01-24,3.8,4.05,3.53,3.6,214,24,3.8,,monthly_45d_35d_otm,weekly_2_strike0,65,7404
C,2025-01-15,2025-02-12,backfill,O:C250321C00080000,80.0,2025-03-21,2025-01-27,3.11,3.55,2.2,3.4,989,41,3.11,,monthly_45d_35d_otm,weekly_2_strike0,65,7404
C,2025-01-15,2025-02-12,backfill,O:C250321C00080000,80.0,2025-03-21,2025-01-28,3.1,3.1,2.49,2.68,2857,28,3.1,,monthly_45d_35d_otm,weekly_2_strike0,65,7404
C,2025-01-15,2025-02-12,backfill,O:C250321C00080000,80.0,2025-03-21,2025-01-29,2.88,3.65,2.88,3.1,465,65,2.88,,monthly_45d_35d_otm,weekly_2_strike0,65,7404
C,2025-01-15,2025-02-12,backfill,O:C250321C00080000,80.0,2025-03-21,2025-01-30,3.48,4.26,3.45,4.0,158,40,3.48,,monthly_45d_35d_otm,weekly_2_strike0,65,7404
C,2025-01-15,2025-02-12,backfill,O:C250321C00080000,80.0,2025-03-21,2025-01-31,4.0,4.05,3.4,3.5,213,47,4.0,,monthly_45d_35d_otm,weekly_2_strike0,65,7404
C,2025-01-15,2025-02-12,backfill,O:C250321C00080000,80.0,2025-03-21,2025-02-03,2.42,3.01,1.78,2.98,1594,86,2.42,,monthly_45d_35d_otm,weekly_2_strike0,65,7404
C,2025-01-15,2025-02-12,backfill,O:C250321C00080000,80.0,2025-03-21,2025-02-04,3.15,3.25,2.24,2.25,553,51,3.15,,monthly_45d_35d_otm,weekly_2_strike0,65,7404
C,2025-01-15,2025-02-12,backfill,O:C250321C00080000,80.0,2025-03-21,2025-02-05,2.4,2.73,2.12,2.68,497,56,2.4,,monthly_45d_35d_otm,weekly_2_strike0,65,7404
C,2025-01-15,2025-02-12,backfill,O:C250321C00080000,80.0,2025-03-21,2025-02-06,3.15,4.55,2.92,4.55,520,67,3.15,,monthly_45d_35d_otm,weekly_2_strike0,65,7404
C,2025-01-15,2025-02-12,backfill,O:C250321C00080000,80.0,2025-03-21,2025-02-07,4.55,4.55,3.84,4.45,89,22,4.55,,monthly_45d_35d_otm,weekly_2_strike0,65,7404
C,2025-01-15,2025-02-12,backfill,O:C250321C00080000,80.0,2025-03-21,2025-02-10,3.95,4.0,2.92,3.4,327,47,3.95,,monthly_45d_35d_otm,weekly_2_strike0,65,7404
C,2025-01-15,2025-02-12,backfill,O:C250321C00080000,80.0,2025-03-21,2025-02-11,3.15,3.72,3.09,3.65,295,35,3.15,,monthly_45d_35d_otm,weekly_2_strike0,65,7404
C,2025-01-15,2025-02-12,backfill,O:C250321C00080000,80.0,2025-03-21,2025-02-12,2.95,3.4,2.84,3.4,224,35,2.95,,monthly_45d_35d_otm,weekly_2_strike0,65,7404
C,2025-07-01,2025-07-29,backfill,O:C250815C00085000,85.0,2025-08-15,2025-07-01,3.39,4.15,3.25,4.05,502,50,3.39,,monthly_45d_atm,weekly_2_strike0,45,502
C,2025-07-01,2025-07-29,backfill,O:C250815C00085000,85.0,2025-08-15,2025-07-02,4.2,4.41,3.65,4.25,333,26,4.2,,monthly_45d_atm,weekly_2_strike0,45,502
C,2025-07-01,2025-07-29,backfill,O:C250815C00085000,85.0,2025-08-15,2025-07-03,4.3,5.57,4.3,5.5,152,33,4.3,,monthly_45d_atm,weekly_2_strike0,45,502
C,2025-07-01,2025-07-29,backfill,O:C250815C00085000,85.0,2025-08-15,2025-07-07,5.3,5.65,4.6,4.65,88,19,5.3,,monthly_45d_atm,weekly_2_strike0,45,502
C,2025-07-01,2025-07-29,backfill,O:C250815C00085000,85.0,2025-08-15,2025-07-08,4.45,4.5,3.4,3.41,613,47,4.45,,monthly_45d_atm,weekly_2_strike0,45,502
C,2025-07-01,2025-07-29,backfill,O:C250815C00085000,85.0,2025-08-15,2025-07-09,3.9,3.9,3.35,3.36,297,23,3.9,,monthly_45d_atm,weekly_2_strike0,45,502
C,2025-07-01,2025-07-29,backfill,O:C250815C00085000,85.0,2025-08-15,2025-07-10,3.45,4.1,3.45,4.1,100,25,3.45,,monthly_45d_atm,weekly_2_strike0,45,502
C,2025-07-01,2025-07-29,backfill,O:C250815C00085000,85.0,2025-08-15,2025-07-11,3.5,3.92,3.3,3.9,208,22,3.5,,monthly_45d_atm,weekly_2_strike0,45,502
C,2025-07-01,2025-07-29,backfill,O:C250815C00085000,85.0,2025-08-15,2025-07-14,3.8,4.36,3.6,4.35,463,42,3.8,,monthly_45d_atm,weekly_2_strike0,45,502
C,2025-07-01,2025-07-29,backfill,O:C250815C00085000,85.0,2025-08-15,2025-07-15,4.9,7.4,4.5,6.1,883,73,4.9,,monthly_45d_atm,weekly_2_strike0,45,502
C,2025-07-01,2025-07-29,backfill,O:C250815C00085000,85.0,2025-08-15,2025-07-16,6.8,6.8,4.65,5.95,239,39,6.8,,monthly_45d_atm,weekly_2_strike0,45,502
C,2025-07-01,2025-07-29,backfill,O:C250815C00085000,85.0,2025-08-15,2025-07-17,5.9,8.5,5.9,8.5,325,32,5.9,,monthly_45d_atm,weekly_2_strike0,45,502
C,2025-07-01,2025-07-29,backfill,O:C250815C00085000,85.0,2025-08-15,2025-07-18,8.55,8.86,8.1,8.51,61,18,8.55,,monthly_45d_atm,weekly_2_strike0,45,502
C,2025-07-01,2025-07-29,backfill,O:C250815C00085000,85.0,2025-08-15,2025-07-21,9.15,9.35,7.6,7.6,177,22,9.15,,monthly_45d_atm,weekly_2_strike0,45,502
C,2025-07-01,2025-07-29,backfill,O:C250815C00085000,85.0,2025-08-15,2025-07-22,8.95,9.6,8.6,9.3,81,9,8.95,,monthly_45d_atm,weekly_2_strike0,45,502
C,2025-07-01,2025-07-29,backfill,O:C250815C00085000,85.0,2025-08-15,2025-07-23,10.3,11.2,10.02,11.05,40,11,10.3,,monthly_45d_atm,weekly_2_strike0,45,502
C,2025-07-01,2025-07-29,backfill,O:C250815C00085000,85.0,2025-08-15,2025-07-24,11.46,11.8,11.2,11.2,81,6,11.46,,monthly_45d_atm,weekly_2_strike0,45,502
C,2025-07-01,2025-07-29,backfill,O:C250815C00085000,85.0,2025-08-15,2025-07-25,10.1,11.25,10.04,11.25,31,13,10.1,,monthly_45d_atm,weekly_2_strike0,45,502
C,2025-07-01,2025-07-29,backfill,O:C250815C00085000,85.0,2025-08-15,2025-07-28,11.17,11.17,10.2,10.5,24,12,11.17,,monthly_45d_atm,weekly_2_strike0,45,502
C,2025-07-01,2025-07-29,backfill,O:C250815C00085000,85.0,2025-08-15,2025-07-29,11.03,11.03,9.7,9.89,18,8,11.03,,monthly_45d_atm,weekly_2_strike0,45,502
C,2026-01-05,2026-02-02,backfill,O:C260320C00130000,130.0,2026-03-20,2026-01-05,2.67,4.17,2.67,3.75,408,68,2.67,,monthly_60d_20d_otm,weekly_2_strike0,74,408
C,2026-01-05,2026-02-02,backfill,O:C260320C00130000,130.0,2026-03-20,2026-01-06,4.0,4.15,3.63,3.7,150,28,4.0,,monthly_60d_20d_otm,weekly_2_strike0,74,408
C,2026-01-05,2026-02-02,backfill,O:C260320C00130000,130.0,2026-03-20,2026-01-07,3.2,3.25,2.94,3.04,656,23,3.2,,monthly_60d_20d_otm,weekly_2_strike0,74,408
C,2026-01-05,2026-02-02,backfill,O:C260320C00130000,130.0,2026-03-20,2026-01-08,3.1,3.25,2.7,2.77,258,36,3.1,,monthly_60d_20d_otm,weekly_2_strike0,74,408
C,2026-01-05,2026-02-02,backfill,O:C260320C00130000,130.0,2026-03-20,2026-01-09,3.0,3.05,2.66,2.85,256,31,3.0,,monthly_60d_20d_otm,weekly_2_strike0,74,408
C,2026-01-05,2026-02-02,backfill,O:C260320C00130000,130.0,2026-03-20,2026-01-12,2.11,2.11,1.74,1.88,360,41,2.11,,monthly_60d_20d_otm,weekly_2_strike0,74,408
C,2026-01-05,2026-02-02,backfill,O:C260320C00130000,130.0,2026-03-20,2026-01-13,1.87,1.88,1.34,1.44,484,41,1.87,,monthly_60d_20d_otm,weekly_2_strike0,74,408
C,2026-01-05,2026-02-02,backfill,O:C260320C00130000,130.0,2026-03-20,2026-01-14,1.51,1.51,0.63,0.72,481,54,1.51,,monthly_60d_20d_otm,weekly_2_strike0,74,408
C,2026-01-05,2026-02-02,backfill,O:C260320C00130000,130.0,2026-03-20,2026-01-15,0.9,1.56,0.9,1.48,525,60,0.9,,monthly_60d_20d_otm,weekly_2_strike0,74,408
C,2026-01-05,2026-02-02,backfill,O:C260320C00130000,130.0,2026-03-20,2026-01-16,1.68,1.79,1.29,1.43,3081,44,1.68,,monthly_60d_20d_otm,weekly_2_strike0,74,408
C,2026-01-05,2026-02-02,backfill,O:C260320C00130000,130.0,2026-03-20,2026-01-20,1.04,1.16,0.74,0.78,653,43,1.04,,monthly_60d_20d_otm,weekly_2_strike0,74,408
C,2026-01-05,2026-02-02,backfill,O:C260320C00130000,130.0,2026-03-20,2026-01-21,0.88,1.11,0.76,0.8,824,40,0.88,,monthly_60d_20d_otm,weekly_2_strike0,74,408
C,2026-01-05,2026-02-02,backfill,O:C260320C00130000,130.0,2026-03-20,2026-01-22,1.0,1.11,0.75,0.89,426,26,1.0,,monthly_60d_20d_otm,weekly_2_strike0,74,408
C,2026-01-05,2026-02-02,backfill,O:C260320C00130000,130.0,2026-03-20,2026-01-23,0.79,0.87,0.62,0.63,442,34,0.79,,monthly_60d_20d_otm,weekly_2_strike0,74,408
C,2026-01-05,2026-02-02,backfill,O:C260320C00130000,130.0,2026-03-20,2026-01-26,0.7,0.8,0.7,0.74,163,24,0.7,,monthly_60d_20d_otm,weekly_2_strike0,74,408
C,2026-01-05,2026-02-02,backfill,O:C260320C00130000,130.0,2026-03-20,2026-01-27,0.76,0.76,0.66,0.72,304,14,0.76,,monthly_60d_20d_otm,weekly_2_strike0,74,408
C,2026-01-05,2026-02-02,backfill,O:C260320C00130000,130.0,2026-03-20,2026-01-28,0.73,0.8,0.59,0.66,207,26,0.73,,monthly_60d_20d_otm,weekly_2_strike0,74,408
C,2026-01-05,2026-02-02,backfill,O:C260320C00130000,130.0,2026-03-20,2026-01-29,0.82,0.82,0.63,0.72,44,12,0.82,,monthly_60d_20d_otm,weekly_2_strike0,74,408
C,2026-01-05,2026-02-02,backfill,O:C260320C00130000,130.0,2026-03-20,2026-01-30,1.67,1.67,0.75,0.9,239,30,1.67,,monthly_60d_20d_otm,weekly_2_strike0,74,408
C,2026-01-05,2026-02-02,backfill,O:C260320C00130000,130.0,2026-03-20,2026-02-02,0.86,1.0,0.85,0.92,211,27,0.86,,monthly_60d_20d_otm,weekly_2_strike0,74,408
CAT,2022-01-12,2022-01-28,backfill,O:CAT220218C00230000,230.0,2022-02-18,2022-01-12,3.8,4.4,3.25,3.85,103,31,3.8,,monthly_30d_35d_otm,weekly_2_strike0,37,103
CAT,2022-01-12,2022-01-28,backfill,O:CAT220218C00230000,230.0,2022-02-18,2022-01-13,4.05,6.2,3.9,6.15,387,92,4.05,,monthly_30d_35d_otm,weekly_2_strike0,37,103
CAT,2022-01-12,2022-01-28,backfill,O:CAT220218C00230000,230.0,2022-02-18,2022-01-14,5.1,7.3,5.1,7.08,287,77,5.1,,monthly_30d_35d_otm,weekly_2_strike0,37,103
CAT,2022-01-12,2022-01-28,backfill,O:CAT220218C00230000,230.0,2022-02-18,2022-01-18,6.7,7.65,6.24,7.55,488,100,6.7,,monthly_30d_35d_otm,weekly_2_strike0,37,103
CAT,2022-01-12,2022-01-28,backfill,O:CAT220218C00230000,230.0,2022-02-18,2022-01-19,7.65,7.65,3.95,4.13,866,100,7.65,,monthly_30d_35d_otm,weekly_2_strike0,37,103
CAT,2022-01-12,2022-01-28,backfill,O:CAT220218C00230000,230.0,2022-02-18,2022-01-20,3.95,3.95,2.44,2.48,435,72,3.95,,monthly_30d_35d_otm,weekly_2_strike0,37,103
CAT,2022-01-12,2022-01-28,backfill,O:CAT220218C00230000,230.0,2022-02-18,2022-01-21,2.44,2.7,1.8,2.3,552,50,2.44,,monthly_30d_35d_otm,weekly_2_strike0,37,103
CAT,2022-01-12,2022-01-28,backfill,O:CAT220218C00230000,230.0,2022-02-18,2022-01-24,1.38,2.2,1.38,2.1,141,55,1.38,,monthly_30d_35d_otm,weekly_2_strike0,37,103
CAT,2022-01-12,2022-01-28,backfill,O:CAT220218C00230000,230.0,2022-02-18,2022-01-25,1.6,2.52,1.3,2.15,148,41,1.6,,monthly_30d_35d_otm,weekly_2_strike0,37,103
CAT,2022-01-12,2022-01-28,backfill,O:CAT220218C00230000,230.0,2022-02-18,2022-01-26,2.23,3.1,1.65,1.85,131,41,2.23,,monthly_30d_35d_otm,weekly_2_strike0,37,103
CAT,2022-01-12,2022-01-28,backfill,O:CAT220218C00230000,230.0,2022-02-18,2022-01-27,2.1,2.4,1.4,1.59,233,62,2.1,,monthly_30d_35d_otm,weekly_2_strike0,37,103
CAT,2022-01-12,2022-01-28,backfill,O:CAT220218C00230000,230.0,2022-02-18,2022-01-28,0.5,0.58,0.2,0.23,378,85,0.5,,monthly_30d_35d_otm,weekly_2_strike0,37,103
CAT,2022-03-15,2022-04-11,backfill,O:CAT220520C00230000,230.0,2022-05-20,2022-03-15,6.07,7.38,5.93,7.38,45,12,6.07,,monthly_60d_35d_otm,weekly_2_strike0,66,45
CAT,2022-03-15,2022-04-11,backfill,O:CAT220520C00230000,230.0,2022-05-20,2022-03-16,7.85,7.85,5.3,5.85,66,20,7.85,,monthly_60d_35d_otm,weekly_2_strike0,66,45
CAT,2022-03-15,2022-04-11,backfill,O:CAT220520C00230000,230.0,2022-05-20,2022-03-17,5.65,7.8,5.65,7.8,252,42,5.65,,monthly_60d_35d_otm,weekly_2_strike0,66,45
CAT,2022-03-15,2022-04-11,backfill,O:CAT220520C00230000,230.0,2022-05-20,2022-03-18,7.08,7.08,6.28,6.75,340,27,7.08,,monthly_60d_35d_otm,weekly_2_strike0,66,45
CAT,2022-03-15,2022-04-11,backfill,O:CAT220520C00230000,230.0,2022-05-20,2022-03-21,7.3,9.4,7.2,7.97,313,54,7.3,,monthly_60d_35d_otm,weekly_2_strike0,66,45
CAT,2022-03-15,2022-04-11,backfill,O:CAT220520C00230000,230.0,2022-05-20,2022-03-22,8.0,8.27,6.5,6.95,173,30,8.0,,monthly_60d_35d_otm,weekly_2_strike0,66,45
CAT,2022-03-15,2022-04-11,backfill,O:CAT220520C00230000,230.0,2022-05-20,2022-03-23,6.52,7.75,6.52,6.65,215,32,6.52,,monthly_60d_35d_otm,weekly_2_strike0,66,45
CAT,2022-03-15,2022-04-11,backfill,O:CAT220520C00230000,230.0,2022-05-20,2022-03-24,6.74,7.9,6.49,6.6,121,30,6.74,,monthly_60d_35d_otm,weekly_2_strike0,66,45
CAT,2022-03-15,2022-04-11,backfill,O:CAT220520C00230000,230.0,2022-05-20,2022-03-25,6.63,6.8,6.15,6.4,73,26,6.63,,monthly_60d_35d_otm,weekly_2_strike0,66,45
CAT,2022-03-15,2022-04-11,backfill,O:CAT220520C00230000,230.0,2022-05-20,2022-03-28,6.0,6.4,5.14,5.7,571,73,6.0,,monthly_60d_35d_otm,weekly_2_strike0,66,45
CAT,2022-03-15,2022-04-11,backfill,O:CAT220520C00230000,230.0,2022-05-20,2022-03-29,5.0,5.2,3.8,4.85,384,53,5.0,,monthly_60d_35d_otm,weekly_2_strike0,66,45
CAT,2022-03-15,2022-04-11,backfill,O:CAT220520C00230000,230.0,2022-05-20,2022-03-30,5.05,6.72,4.9,5.5,199,39,5.05,,monthly_60d_35d_otm,weekly_2_strike0,66,45
CAT,2022-03-15,2022-04-11,backfill,O:CAT220520C00230000,230.0,2022-05-20,2022-03-31,6.25,6.67,5.87,6.3,186,38,6.25,,monthly_60d_35d_otm,weekly_2_strike0,66,45
CAT,2022-03-15,2022-04-11,backfill,O:CAT220520C00230000,230.0,2022-05-20,2022-04-01,6.5,7.0,4.32,4.5,151,32,6.5,,monthly_60d_35d_otm,weekly_2_strike0,66,45
CAT,2022-03-15,2022-04-11,backfill,O:CAT220520C00230000,230.0,2022-05-20,2022-04-04,4.25,4.85,3.7,4.68,120,23,4.25,,monthly_60d_35d_otm,weekly_2_strike0,66,45
CAT,2022-03-15,2022-04-11,backfill,O:CAT220520C00230000,230.0,2022-05-20,2022-04-05,5.0,5.0,3.15,3.35,728,34,5.0,,monthly_60d_35d_otm,weekly_2_strike0,66,45
CAT,2022-03-15,2022-04-11,backfill,O:CAT220520C00230000,230.0,2022-05-20,2022-04-06,3.25,4.0,3.15,3.7,397,30,3.25,,monthly_60d_35d_otm,weekly_2_strike0,66,45
CAT,2022-03-15,2022-04-11,backfill,O:CAT220520C00230000,230.0,2022-05-20,2022-04-07,3.18,3.5,2.94,3.35,341,34,3.18,,monthly_60d_35d_otm,weekly_2_strike0,66,45
CAT,2022-03-15,2022-04-11,backfill,O:CAT220520C00230000,230.0,2022-05-20,2022-04-08,3.37,3.9,3.13,3.6,95,31,3.37,,monthly_60d_35d_otm,weekly_2_strike0,66,45
CAT,2022-03-15,2022-04-11,backfill,O:CAT220520C00230000,230.0,2022-05-20,2022-04-11,3.63,4.01,3.3,3.3,231,48,3.63,,monthly_60d_35d_otm,weekly_2_strike0,66,45
CAT,2024-02-02,2024-03-01,backfill,O:CAT240315C00320000,320.0,2024-03-15,2024-02-02,7.7,11.79,7.66,11.4,185,46,7.7,,monthly_30d_30d_otm,weekly_1_strike0,42,185
CAT,2024-02-02,2024-03-01,backfill,O:CAT240315C00320000,320.0,2024-03-15,2024-02-05,20.25,21.6,9.68,12.43,410,106,20.25,,monthly_30d_30d_otm,weekly_1_strike0,42,185
CAT,2024-02-02,2024-03-01,backfill,O:CAT240315C00320000,320.0,2024-03-15,2024-02-06,11.66,15.3,11.53,12.05,181,44,11.66,,monthly_30d_30d_otm,weekly_1_strike0,42,185
CAT,2024-02-02,2024-03-01,backfill,O:CAT240315C00320000,320.0,2024-03-15,2024-02-07,12.46,15.13,12.46,12.57,118,36,12.46,,monthly_30d_30d_otm,weekly_1_strike0,42,185
CAT,2024-02-02,2024-03-01,backfill,O:CAT240315C00320000,320.0,2024-03-15,2024-02-08,13.5,13.5,11.31,11.31,86,19,13.5,,monthly_30d_30d_otm,weekly_1_strike0,42,185
CAT,2024-02-02,2024-03-01,backfill,O:CAT240315C00320000,320.0,2024-03-15,2024-02-09,10.79,10.79,8.04,8.1,173,51,10.79,,monthly_30d_30d_otm,weekly_1_strike0,42,185
CAT,2024-02-02,2024-03-01,backfill,O:CAT240315C00320000,320.0,2024-03-15,2024-02-12,9.0,11.5,8.73,10.7,373,58,9.0,,monthly_30d_30d_otm,weekly_1_strike0,42,185
CAT,2024-02-02,2024-03-01,backfill,O:CAT240315C00320000,320.0,2024-03-15,2024-02-13,6.73,7.7,5.75,6.35,177,58,6.73,,monthly_30d_30d_otm,weekly_1_strike0,42,185
CAT,2024-02-02,2024-03-01,backfill,O:CAT240315C00320000,320.0,2024-03-15,2024-02-14,7.55,8.4,6.9,7.7,219,39,7.55,,monthly_30d_30d_otm,weekly_1_strike0,42,185
CAT,2024-02-02,2024-03-01,backfill,O:CAT240315C00320000,320.0,2024-03-15,2024-02-15,7.35,11.09,7.35,10.99,251,55,7.35,,monthly_30d_30d_otm,weekly_1_strike0,42,185
CAT,2024-02-02,2024-03-01,backfill,O:CAT240315C00320000,320.0,2024-03-15,2024-02-16,11.3,14.37,10.1,10.1,552,51,11.3,,monthly_30d_30d_otm,weekly_1_strike0,42,185
CAT,2024-02-02,2024-03-01,backfill,O:CAT240315C00320000,320.0,2024-03-15,2024-02-20,7.52,7.8,5.5,5.8,139,39,7.52,,monthly_30d_30d_otm,weekly_1_strike0,42,185
CAT,2024-02-02,2024-03-01,backfill,O:CAT240315C00320000,320.0,2024-03-15,2024-02-21,5.87,7.4,5.87,6.32,45,18,5.87,,monthly_30d_30d_otm,weekly_1_strike0,42,185
CAT,2024-02-02,2024-03-01,backfill,O:CAT240315C00320000,320.0,2024-03-15,2024-02-22,8.85,10.0,8.85,9.4,90,34,8.85,,monthly_30d_30d_otm,weekly_1_strike0,42,185
CAT,2024-02-02,2024-03-01,backfill,O:CAT240315C00320000,320.0,2024-03-15,2024-02-23,10.03,10.45,9.07,10.25,153,47,10.03,,monthly_30d_30d_otm,weekly_1_strike0,42,185
CAT,2024-02-02,2024-03-01,backfill,O:CAT240315C00320000,320.0,2024-03-15,2024-02-26,9.43,11.8,8.98,10.63,116,31,9.43,,monthly_30d_30d_otm,weekly_1_strike0,42,185
CAT,2024-02-02,2024-03-01,backfill,O:CAT240315C00320000,320.0,2024-03-15,2024-02-27,11.3,11.9,9.5,11.8,126,67,11.3,,monthly_30d_30d_otm,weekly_1_strike0,42,185
CAT,2024-02-02,2024-03-01,backfill,O:CAT240315C00320000,320.0,2024-03-15,2024-02-28,11.87,14.6,11.87,12.6,88,25,11.87,,monthly_30d_30d_otm,weekly_1_strike0,42,185
CAT,2024-02-02,2024-03-01,backfill,O:CAT240315C00320000,320.0,2024-03-15,2024-02-29,14.92,16.95,13.37,16.95,60,21,14.92,,monthly_30d_30d_otm,weekly_1_strike0,42,185
CAT,2024-02-02,2024-03-01,backfill,O:CAT240315C00320000,320.0,2024-03-15,2024-03-01,17.04,19.25,16.43,18.65,175,22,17.04,,monthly_30d_30d_otm,weekly_1_strike0,42,185
CAT,2025-08-26,2025-09-23,backfill,O:CAT250919C00450000,450.0,2025-09-19,2025-08-26,3.9,3.9,2.9,3.44,220,62,3.9,,monthly_30d_25d_otm,weekly_2_strike0,24,220
CAT,2025-08-26,2025-09-23,backfill,O:CAT250919C00450000,450.0,2025-09-19,2025-08-27,3.35,4.31,3.1,4.1,62,25,3.35,,monthly_30d_25d_otm,weekly_2_strike0,24,220
CAT,2025-08-26,2025-09-23,backfill,O:CAT250919C00450000,450.0,2025-09-19,2025-08-28,4.21,4.5,3.7,3.97,84,31,4.21,,monthly_30d_25d_otm,weekly_2_strike0,24,220
CAT,2025-08-26,2025-09-23,backfill,O:CAT250919C00450000,450.0,2025-09-19,2025-08-29,3.8,3.8,0.82,1.03,138,39,3.8,,monthly_30d_25d_otm,weekly_2_strike0,24,220
CAT,2025-08-26,2025-09-23,backfill,O:CAT250919C00450000,450.0,2025-09-19,2025-09-02,0.81,1.07,0.65,0.74,227,49,0.81,,monthly_30d_25d_otm,weekly_2_strike0,24,220
CAT,2025-08-26,2025-09-23,backfill,O:CAT250919C00450000,450.0,2025-09-19,2025-09-03,0.59,0.59,0.43,0.51,61,20,0.59,,monthly_30d_25d_otm,weekly_2_strike0,24,220
CAT,2025-08-26,2025-09-23,backfill,O:CAT250919C00450000,450.0,2025-09-19,2025-09-04,0.54,0.78,0.5,0.75,64,12,0.54,,monthly_30d_25d_otm,weekly_2_strike0,24,220
CAT,2025-08-26,2025-09-23,backfill,O:CAT250919C00450000,450.0,2025-09-19,2025-09-05,0.69,1.0,0.57,0.73,26,17,0.69,,monthly_30d_25d_otm,weekly_2_strike0,24,220
CAT,2025-08-26,2025-09-23,backfill,O:CAT250919C00450000,450.0,2025-09-19,2025-09-08,0.55,0.71,0.45,0.65,27,13,0.55,,monthly_30d_25d_otm,weekly_2_strike0,24,220
CAT,2025-08-26,2025-09-23,backfill,O:CAT250919C00450000,450.0,2025-09-19,2025-09-09,0.58,0.58,0.32,0.37,140,14,0.58,,monthly_30d_25d_otm,weekly_2_strike0,24,220
CAT,2025-08-26,2025-09-23,backfill,O:CAT250919C00450000,450.0,2025-09-19,2025-09-10,0.52,0.75,0.38,0.58,23,9,0.52,,monthly_30d_25d_otm,weekly_2_strike0,24,220
CAT,2025-08-26,2025-09-23,backfill,O:CAT250919C00450000,450.0,2025-09-19,2025-09-11,0.73,1.86,0.66,1.19,131,31,0.73,,monthly_30d_25d_otm,weekly_2_strike0,24,220
CAT,2025-08-26,2025-09-23,backfill,O:CAT250919C00450000,450.0,2025-09-19,2025-09-12,1.05,1.18,0.68,0.68,208,52,1.05,,monthly_30d_25d_otm,weekly_2_strike0,24,220
CAT,2025-08-26,2025-09-23,backfill,O:CAT250919C00450000,450.0,2025-09-19,2025-09-15,1.14,1.75,0.65,1.35,1837,143,1.14,,monthly_30d_25d_otm,weekly_2_strike0,24,220
CAT,2025-08-26,2025-09-23,backfill,O:CAT250919C00450000,450.0,2025-09-19,2025-09-16,1.22,1.74,0.9,1.69,2205,217,1.22,,monthly_30d_25d_otm,weekly_2_strike0,24,220
CAT,2025-08-26,2025-09-23,backfill,O:CAT250919C00450000,450.0,2025-09-19,2025-09-17,2.6,6.2,1.95,4.45,1849,171,2.6,,monthly_30d_25d_otm,weekly_2_strike0,24,220
CAT,2025-08-26,2025-09-23,backfill,O:CAT250919C00450000,450.0,2025-09-19,2025-09-18,5.85,17.55,4.61,17.0,392,89,5.85,,monthly_30d_25d_otm,weekly_2_strike0,24,220
CAT,2025-08-26,2025-09-23,backfill,O:CAT250919C00450000,450.0,2025-09-19,2025-09-19,19.91,19.91,12.95,16.4,253,53,19.91,,monthly_30d_25d_otm,weekly_2_strike0,24,220
CAT,2025-10-23,2025-11-19,backfill,O:CAT251121C00540000,540.0,2025-11-21,2025-10-23,16.55,16.69,16.48,16.69,8,2,16.55,,monthly_30d_30d_otm,weekly_2_strike0,29,8
CAT,2025-10-23,2025-11-19,backfill,O:CAT251121C00540000,540.0,2025-11-21,2025-10-24,17.99,17.99,17.99,17.99,1,1,17.99,,monthly_30d_30d_otm,weekly_2_strike0,29,8
CAT,2025-10-23,2025-11-19,backfill,O:CAT251121C00540000,540.0,2025-11-21,2025-10-27,18.83,18.83,15.1,17.4,8,7,18.83,,monthly_30d_30d_otm,weekly_2_strike0,29,8
CAT,2025-10-23,2025-11-19,backfill,O:CAT251121C00540000,540.0,2025-11-21,2025-10-28,17.5,17.8,15.58,16.25,277,27,17.5,,monthly_30d_30d_otm,weekly_2_strike0,29,8
CAT,2025-10-23,2025-11-19,backfill,O:CAT251121C00540000,540.0,2025-11-21,2025-10-29,40.75,61.75,36.51,50.25,176,39,40.75,,monthly_30d_30d_otm,weekly_2_strike0,29,8
CAT,2025-10-23,2025-11-19,backfill,O:CAT251121C00540000,540.0,2025-11-21,2025-10-30,55.95,59.0,48.8,48.8,12,7,55.95,,monthly_30d_30d_otm,weekly_2_strike0,29,8
CAT,2025-10-23,2025-11-19,backfill,O:CAT251121C00540000,540.0,2025-11-21,2025-10-31,51.25,51.35,47.17,47.17,13,4,51.25,,monthly_30d_30d_otm,weekly_2_strike0,29,8
CAT,2025-10-23,2025-11-19,backfill,O:CAT251121C00540000,540.0,2025-11-21,2025-11-03,39.25,39.45,39.25,39.45,2,2,39.25,,monthly_30d_30d_otm,weekly_2_strike0,29,8
CAT,2025-10-23,2025-11-19,backfill,O:CAT251121C00540000,540.0,2025-11-21,2025-11-04,26.0,26.23,19.95,21.5,30,13,26.0,,monthly_30d_30d_otm,weekly_2_strike0,29,8
CAT,2025-10-23,2025-11-19,backfill,O:CAT251121C00540000,540.0,2025-11-21,2025-11-05,25.65,37.2,24.97,37.2,24,8,25.65,,monthly_30d_30d_otm,weekly_2_strike0,29,8
CAT,2025-10-23,2025-11-19,backfill,O:CAT251121C00540000,540.0,2025-11-21,2025-11-06,39.31,39.31,35.07,35.07,18,4,39.31,,monthly_30d_30d_otm,weekly_2_strike0,29,8
CAT,2025-10-23,2025-11-19,backfill,O:CAT251121C00540000,540.0,2025-11-21,2025-11-07,22.45,23.1,22.45,23.1,3,2,22.45,,monthly_30d_30d_otm,weekly_2_strike0,29,8
CAT,2025-10-23,2025-11-19,backfill,O:CAT251121C00540000,540.0,2025-11-21,2025-11-10,32.43,35.0,32.43,35.0,3,2,32.43,,monthly_30d_30d_otm,weekly_2_strike0,29,8
CAT,2025-10-23,2025-11-19,backfill,O:CAT251121C00540000,540.0,2025-11-21,2025-11-11,25.9,32.45,25.9,32.45,25,5,25.9,,monthly_30d_30d_otm,weekly_2_strike0,29,8
CAT,2025-10-23,2025-11-19,backfill,O:CAT251121C00540000,540.0,2025-11-21,2025-11-12,39.1,40.12,37.42,37.42,15,5,39.1,,monthly_30d_30d_otm,weekly_2_strike0,29,8
CAT,2025-10-23,2025-11-19,backfill,O:CAT251121C00540000,540.0,2025-11-21,2025-11-13,19.54,20.0,17.79,20.0,25,12,19.54,,monthly_30d_30d_otm,weekly_2_strike0,29,8
CAT,2025-10-23,2025-11-19,backfill,O:CAT251121C00540000,540.0,2025-11-21,2025-11-14,14.73,19.05,14.73,16.95,36,9,14.73,,monthly_30d_30d_otm,weekly_2_strike0,29,8
CAT,2025-10-23,2025-11-19,backfill,O:CAT251121C00540000,540.0,2025-11-21,2025-11-17,20.75,21.8,14.65,15.0,80,12,20.75,,monthly_30d_30d_otm,weekly_2_strike0,29,8
CAT,2025-10-23,2025-11-19,backfill,O:CAT251121C00540000,540.0,2025-11-21,2025-11-18,11.7,14.15,10.4,13.0,21,11,11.7,,monthly_30d_30d_otm,weekly_2_strike0,29,8
CAT,2025-10-23,2025-11-19,backfill,O:CAT251121C00540000,540.0,2025-11-21,2025-11-19,15.0,22.45,14.99,16.23,47,16,15.0,,monthly_30d_30d_otm,weekly_2_strike0,29,8
CCL,2021-03-05,2021-04-01,backfill,O:CCL210416C00030000,30.0,2021-04-16,2021-03-05,1.99,1.99,0.88,1.55,3892,230,1.99,,monthly_30d_30d_otm,weekly_1_strike0,42,3892
CCL,2021-03-05,2021-04-01,backfill,O:CCL210416C00030000,30.0,2021-04-16,2021-03-08,1.85,1.93,1.42,1.67,4130,182,1.85,,monthly_30d_30d_otm,weekly_1_strike0,42,3892
CCL,2021-03-05,2021-04-01,backfill,O:CCL210416C00030000,30.0,2021-04-16,2021-03-09,1.65,2.03,1.29,1.92,3201,195,1.65,,monthly_30d_30d_otm,weekly_1_strike0,42,3892
CCL,2021-03-05,2021-04-01,backfill,O:CCL210416C00030000,30.0,2021-04-16,2021-03-10,1.79,2.21,1.47,1.52,2348,172,1.79,,monthly_30d_30d_otm,weekly_1_strike0,42,3892
CCL,2021-03-05,2021-04-01,backfill,O:CCL210416C00030000,30.0,2021-04-16,2021-03-11,1.57,1.91,1.41,1.74,14151,253,1.57,,monthly_30d_30d_otm,weekly_1_strike0,42,3892
CCL,2021-03-05,2021-04-01,backfill,O:CCL210416C00030000,30.0,2021-04-16,2021-03-12,1.74,2.21,1.66,2.15,10052,271,1.74,,monthly_30d_30d_otm,weekly_1_strike0,42,3892
CCL,2021-03-05,2021-04-01,backfill,O:CCL210416C00030000,30.0,2021-04-16,2021-03-15,2.37,2.88,2.29,2.71,7980,309,2.37,,monthly_30d_30d_otm,weekly_1_strike0,42,3892
CCL,2021-03-05,2021-04-01,backfill,O:CCL210416C00030000,30.0,2021-04-16,2021-03-16,2.77,2.77,1.74,1.9,8190,266,2.77,,monthly_30d_30d_otm,weekly_1_strike0,42,3892
CCL,2021-03-05,2021-04-01,backfill,O:CCL210416C00030000,30.0,2021-04-16,2021-03-17,1.86,2.15,1.7,2.11,2344,179,1.86,,monthly_30d_30d_otm,weekly_1_strike0,42,3892
CCL,2021-03-05,2021-04-01,backfill,O:CCL210416C00030000,30.0,2021-04-16,2021-03-18,2.33,2.5,1.61,1.69,5977,242,2.33,,monthly_30d_30d_otm,weekly_1_strike0,42,3892
CCL,2021-03-05,2021-04-01,backfill,O:CCL210416C00030000,30.0,2021-04-16,2021-03-19,1.79,1.86,1.2,1.84,4189,219,1.79,,monthly_30d_30d_otm,weekly_1_strike0,42,3892
CCL,2021-03-05,2021-04-01,backfill,O:CCL210416C00030000,30.0,2021-04-16,2021-03-22,1.72,1.85,1.01,1.07,4923,220,1.72,,monthly_30d_30d_otm,weekly_1_strike0,42,3892
CCL,2021-03-05,2021-04-01,backfill,O:CCL210416C00030000,30.0,2021-04-16,2021-03-23,0.87,0.96,0.46,0.53,8933,251,0.87,,monthly_30d_30d_otm,weekly_1_strike0,42,3892
CCL,2021-03-05,2021-04-01,backfill,O:CCL210416C00030000,30.0,2021-04-16,2021-03-24,0.55,0.95,0.28,0.41,9320,244,0.55,,monthly_30d_30d_otm,weekly_1_strike0,42,3892
CCL,2021-03-05,2021-04-01,backfill,O:CCL210416C00030000,30.0,2021-04-16,2021-03-25,0.28,0.58,0.22,0.51,4233,151,0.28,,monthly_30d_30d_otm,weekly_1_strike0,42,3892
CCL,2021-03-05,2021-04-01,backfill,O:CCL210416C00030000,30.0,2021-04-16,2021-03-26,0.58,0.66,0.39,0.53,1056,125,0.58,,monthly_30d_30d_otm,weekly_1_strike0,42,3892
CCL,2021-03-05,2021-04-01,backfill,O:CCL210416C00030000,30.0,2021-04-16,2021-03-29,0.52,0.53,0.37,0.38,1303,112,0.52,,monthly_30d_30d_otm,weekly_1_strike0,42,3892
CCL,2021-03-05,2021-04-01,backfill,O:CCL210416C00030000,30.0,2021-04-16,2021-03-30,0.4,0.56,0.37,0.48,4067,131,0.4,,monthly_30d_30d_otm,weekly_1_strike0,42,3892
CCL,2021-03-05,2021-04-01,backfill,O:CCL210416C00030000,30.0,2021-04-16,2021-03-31,0.49,0.49,0.35,0.43,861,95,0.49,,monthly_30d_30d_otm,weekly_1_strike0,42,3892
CCL,2021-03-05,2021-04-01,backfill,O:CCL210416C00030000,30.0,2021-04-16,2021-04-01,0.46,0.56,0.33,0.36,10361,117,0.46,,monthly_30d_30d_otm,weekly_1_strike0,42,3892
CCL,2022-02-09,2022-03-04,backfill,O:CCL220318C00025000,25.0,2022-03-18,2022-02-09,0.74,0.9,0.69,0.81,3868,145,0.74,,monthly_30d_30d_otm,weekly_2_strike0,37,3868
CCL,2022-02-09,2022-03-04,backfill,O:CCL220318C00025000,25.0,2022-03-18,2022-02-10,0.69,1.06,0.67,0.8,1358,131,0.69,,monthly_30d_30d_otm,weekly_2_strike0,37,3868
CCL,2022-02-09,2022-03-04,backfill,O:CCL220318C00025000,25.0,2022-03-18,2022-02-11,0.81,0.97,0.57,0.58,1504,105,0.81,,monthly_30d_30d_otm,weekly_2_strike0,37,3868
CCL,2022-02-09,2022-03-04,backfill,O:CCL220318C00025000,25.0,2022-03-18,2022-02-14,0.57,0.67,0.4,0.4,1193,89,0.57,,monthly_30d_30d_otm,weekly_2_strike0,37,3868
CCL,2022-02-09,2022-03-04,backfill,O:CCL220318C00025000,25.0,2022-03-18,2022-02-15,0.52,0.73,0.52,0.66,2361,119,0.52,,monthly_30d_30d_otm,weekly_2_strike0,37,3868
CCL,2022-02-09,2022-03-04,backfill,O:CCL220318C00025000,25.0,2022-03-18,2022-02-16,0.62,0.95,0.62,0.81,4886,188,0.62,,monthly_30d_30d_otm,weekly_2_strike0,37,3868
CCL,2022-02-09,2022-03-04,backfill,O:CCL220318C00025000,25.0,2022-03-18,2022-02-17,0.7,0.77,0.51,0.55,2631,101,0.7,,monthly_30d_30d_otm,weekly_2_strike0,37,3868
CCL,2022-02-09,2022-03-04,backfill,O:CCL220318C00025000,25.0,2022-03-18,2022-02-18,0.52,0.62,0.43,0.47,2917,125,0.52,,monthly_30d_30d_otm,weekly_2_strike0,37,3868
CCL,2022-02-09,2022-03-04,backfill,O:CCL220318C00025000,25.0,2022-03-18,2022-02-22,0.3,0.41,0.25,0.28,1157,111,0.3,,monthly_30d_30d_otm,weekly_2_strike0,37,3868
CCL,2022-02-09,2022-03-04,backfill,O:CCL220318C00025000,25.0,2022-03-18,2022-02-23,0.3,0.33,0.13,0.13,4263,101,0.3,,monthly_30d_30d_otm,weekly_2_strike0,37,3868
CCL,2022-02-09,2022-03-04,backfill,O:CCL220318C00025000,25.0,2022-03-18,2022-02-24,0.1,0.17,0.06,0.16,1040,62,0.1,,monthly_30d_30d_otm,weekly_2_strike0,37,3868
CCL,2022-02-09,2022-03-04,backfill,O:CCL220318C00025000,25.0,2022-03-18,2022-02-25,0.23,0.23,0.12,0.16,631,76,0.23,,monthly_30d_30d_otm,weekly_2_strike0,37,3868
CCL,2022-02-09,2022-03-04,backfill,O:CCL220318C00025000,25.0,2022-03-18,2022-02-28,0.1,0.12,0.07,0.1,2590,77,0.1,,monthly_30d_30d_otm,weekly_2_strike0,37,3868
CCL,2022-02-09,2022-03-04,backfill,O:CCL220318C00025000,25.0,2022-03-18,2022-03-01,0.08,0.08,0.05,0.06,1575,44,0.08,,monthly_30d_30d_otm,weekly_2_strike0,37,3868
CCL,2022-02-09,2022-03-04,backfill,O:CCL220318C00025000,25.0,2022-03-18,2022-03-02,0.08,0.08,0.04,0.04,497,50,0.08,,monthly_30d_30d_otm,weekly_2_strike0,37,3868
CCL,2022-02-09,2022-03-04,backfill,O:CCL220318C00025000,25.0,2022-03-18,2022-03-03,0.09,0.09,0.02,0.04,568,45,0.09,,monthly_30d_30d_otm,weekly_2_strike0,37,3868
CCL,2022-02-09,2022-03-04,backfill,O:CCL220318C00025000,25.0,2022-03-18,2022-03-04,0.04,0.04,0.02,0.02,1025,33,0.04,,monthly_30d_30d_otm,weekly_2_strike0,37,3868
CCL,2023-02-14,2023-03-13,backfill,O:CCL230317C00012500,12.5,2023-03-17,2023-02-14,0.44,0.53,0.39,0.49,1305,72,0.44,,monthly_30d_30d_otm,weekly_2_strike0,31,1305
CCL,2023-02-14,2023-03-13,backfill,O:CCL230317C00012500,12.5,2023-03-17,2023-02-15,0.45,0.59,0.42,0.59,1789,84,0.45,,monthly_30d_30d_otm,weekly_2_strike0,31,1305
CCL,2023-02-14,2023-03-13,backfill,O:CCL230317C00012500,12.5,2023-03-17,2023-02-16,0.41,0.51,0.33,0.36,1213,85,0.41,,monthly_30d_30d_otm,weekly_2_strike0,31,1305
CCL,2023-02-14,2023-03-13,backfill,O:CCL230317C00012500,12.5,2023-03-17,2023-02-17,0.33,0.33,0.22,0.24,915,73,0.33,,monthly_30d_30d_otm,weekly_2_strike0,31,1305
CCL,2023-02-14,2023-03-13,backfill,O:CCL230317C00012500,12.5,2023-03-17,2023-02-21,0.21,0.24,0.15,0.17,737,55,0.21,,monthly_30d_30d_otm,weekly_2_strike0,31,1305
CCL,2023-02-14,2023-03-13,backfill,O:CCL230317C00012500,12.5,2023-03-17,2023-02-22,0.15,0.23,0.13,0.16,195,44,0.15,,monthly_30d_30d_otm,weekly_2_strike0,31,1305
CCL,2023-02-14,2023-03-13,backfill,O:CCL230317C00012500,12.5,2023-03-17,2023-02-23,0.15,0.15,0.09,0.11,1049,62,0.15,,monthly_30d_30d_otm,weekly_2_strike0,31,1305
CCL,2023-02-14,2023-03-13,backfill,O:CCL230317C00012500,12.5,2023-03-17,2023-02-24,0.08,0.12,0.06,0.07,1346,50,0.08,,monthly_30d_30d_otm,weekly_2_strike0,31,1305
CCL,2023-02-14,2023-03-13,backfill,O:CCL230317C00012500,12.5,2023-03-17,2023-02-27,0.07,0.11,0.07,0.07,1118,63,0.07,,monthly_30d_30d_otm,weekly_2_strike0,31,1305
CCL,2023-02-14,2023-03-13,backfill,O:CCL230317C00012500,12.5,2023-03-17,2023-02-28,0.06,0.07,0.04,0.05,488,34,0.06,,monthly_30d_30d_otm,weekly_2_strike0,31,1305
CCL,2023-02-14,2023-03-13,backfill,O:CCL230317C00012500,12.5,2023-03-17,2023-03-01,0.06,0.06,0.04,0.05,73,18,0.06,,monthly_30d_30d_otm,weekly_2_strike0,31,1305
CCL,2023-02-14,2023-03-13,backfill,O:CCL230317C00012500,12.5,2023-03-17,2023-03-02,0.05,0.05,0.03,0.05,1097,17,0.05,,monthly_30d_30d_otm,weekly_2_strike0,31,1305
CCL,2023-02-14,2023-03-13,backfill,O:CCL230317C00012500,12.5,2023-03-17,2023-03-03,0.07,0.08,0.05,0.06,910,50,0.07,,monthly_30d_30d_otm,weekly_2_strike0,31,1305
CCL,2023-02-14,2023-03-13,backfill,O:CCL230317C00012500,12.5,2023-03-17,2023-03-06,0.06,0.1,0.05,0.05,347,48,0.06,,monthly_30d_30d_otm,weekly_2_strike0,31,1305
CCL,2023-02-14,2023-03-13,backfill,O:CCL230317C00012500,12.5,2023-03-17,2023-03-07,0.05,0.06,0.03,0.04,150,22,0.05,,monthly_30d_30d_otm,weekly_2_strike0,31,1305
CCL,2023-02-14,2023-03-13,backfill,O:CCL230317C00012500,12.5,2023-03-17,2023-03-08,0.03,0.03,0.02,0.02,130,14,0.03,,monthly_30d_30d_otm,weekly_2_strike0,31,1305
CCL,2023-02-14,2023-03-13,backfill,O:CCL230317C00012500,12.5,2023-03-17,2023-03-09,0.02,0.03,0.01,0.02,539,15,0.02,,monthly_30d_30d_otm,weekly_2_strike0,31,1305
CCL,2023-02-14,2023-03-13,backfill,O:CCL230317C00012500,12.5,2023-03-17,2023-03-10,0.01,0.03,0.01,0.03,118,15,0.01,,monthly_30d_30d_otm,weekly_2_strike0,31,1305
CCL,2023-02-14,2023-03-13,backfill,O:CCL230317C00012500,12.5,2023-03-17,2023-03-13,0.02,0.03,0.01,0.01,75,13,0.02,,monthly_30d_30d_otm,weekly_2_strike0,31,1305
CCL,2023-05-30,2023-06-27,backfill,O:CCL230721C00013000,13.0,2023-07-21,2023-05-30,0.44,0.6,0.4,0.4,176,22,0.44,,monthly_45d_25d_otm,weekly_2_strike0,52,176
CCL,2023-05-30,2023-06-27,backfill,O:CCL230721C00013000,13.0,2023-07-21,2023-05-31,0.41,0.41,0.31,0.38,544,15,0.41,,monthly_45d_25d_otm,weekly_2_strike0,52,176
CCL,2023-05-30,2023-06-27,backfill,O:CCL230721C00013000,13.0,2023-07-21,2023-06-01,0.39,0.58,0.39,0.55,898,42,0.39,,monthly_45d_25d_otm,weekly_2_strike0,52,176
CCL,2023-05-30,2023-06-27,backfill,O:CCL230721C00013000,13.0,2023-07-21,2023-06-02,0.64,0.69,0.54,0.64,1553,58,0.64,,monthly_45d_25d_otm,weekly_2_strike0,52,176
CCL,2023-05-30,2023-06-27,backfill,O:CCL230721C00013000,13.0,2023-07-21,2023-06-05,0.62,0.76,0.6,0.69,668,53,0.62,,monthly_45d_25d_otm,weekly_2_strike0,52,176
CCL,2023-05-30,2023-06-27,backfill,O:CCL230721C00013000,13.0,2023-07-21,2023-06-06,0.75,0.93,0.73,0.88,1680,87,0.75,,monthly_45d_25d_otm,weekly_2_strike0,52,176
CCL,2023-05-30,2023-06-27,backfill,O:CCL230721C00013000,13.0,2023-07-21,2023-06-07,0.96,1.12,0.89,1.01,1969,74,0.96,,monthly_45d_25d_otm,weekly_2_strike0,52,176
CCL,2023-05-30,2023-06-27,backfill,O:CCL230721C00013000,13.0,2023-07-21,2023-06-08,1.0,1.0,0.83,0.83,454,58,1.0,,monthly_45d_25d_otm,weekly_2_strike0,52,176
CCL,2023-05-30,2023-06-27,backfill,O:CCL230721C00013000,13.0,2023-07-21,2023-06-09,1.05,1.2,0.97,1.04,429,56,1.05,,monthly_45d_25d_otm,weekly_2_strike0,52,176
CCL,2023-05-30,2023-06-27,backfill,O:CCL230721C00013000,13.0,2023-07-21,2023-06-12,1.6,2.52,1.5,2.35,3105,92,1.6,,monthly_45d_25d_otm,weekly_2_strike0,52,176
CCL,2023-05-30,2023-06-27,backfill,O:CCL230721C00013000,13.0,2023-07-21,2023-06-13,2.43,2.76,2.35,2.7,6605,39,2.43,,monthly_45d_25d_otm,weekly_2_strike0,52,176
CCL,2023-05-30,2023-06-27,backfill,O:CCL230721C00013000,13.0,2023-07-21,2023-06-14,2.83,3.05,2.66,2.98,489,36,2.83,,monthly_45d_25d_otm,weekly_2_strike0,52,176
CCL,2023-05-30,2023-06-27,backfill,O:CCL230721C00013000,13.0,2023-07-21,2023-06-15,3.15,3.45,2.94,3.45,151,26,3.15,,monthly_45d_25d_otm,weekly_2_strike0,52,176
CCL,2023-05-30,2023-06-27,backfill,O:CCL230721C00013000,13.0,2023-07-21,2023-06-16,3.68,3.68,3.05,3.1,205,27,3.68,,monthly_45d_25d_otm,weekly_2_strike0,52,176
CCL,2023-05-30,2023-06-27,backfill,O:CCL230721C00013000,13.0,2023-07-21,2023-06-20,3.25,3.3,3.07,3.18,144,11,3.25,,monthly_45d_25d_otm,weekly_2_strike0,52,176
CCL,2023-05-30,2023-06-27,backfill,O:CCL230721C00013000,13.0,2023-07-21,2023-06-21,3.2,3.2,2.76,3.14,36,7,3.2,,monthly_45d_25d_otm,weekly_2_strike0,52,176
CCL,2023-05-30,2023-06-27,backfill,O:CCL230721C00013000,13.0,2023-07-21,2023-06-22,2.93,3.1,2.93,3.02,12,6,2.93,,monthly_45d_25d_otm,weekly_2_strike0,52,176
CCL,2023-05-30,2023-06-27,backfill,O:CCL230721C00013000,13.0,2023-07-21,2023-06-23,2.95,3.18,2.95,3.06,37,8,2.95,,monthly_45d_25d_otm,weekly_2_strike0,52,176
CCL,2023-05-30,2023-06-27,backfill,O:CCL230721C00013000,13.0,2023-07-21,2023-06-26,1.99,2.22,1.31,1.8,1548,63,1.99,,monthly_45d_25d_otm,weekly_2_strike0,52,176
CCL,2023-05-30,2023-06-27,backfill,O:CCL230721C00013000,13.0,2023-07-21,2023-06-27,2.08,2.98,2.05,2.98,159,32,2.08,,monthly_45d_25d_otm,weekly_2_strike0,52,176
CHPT,2022-03-24,2022-04-21,backfill,O:CHPT220520C00024000,24.0,2022-05-20,2022-03-24,0.6,0.6,0.53,0.57,29,6,0.6,,monthly_45d_20d_otm,weekly_2_strike0,57,29
CHPT,2022-03-24,2022-04-21,backfill,O:CHPT220520C00024000,24.0,2022-05-20,2022-03-25,0.58,0.58,0.48,0.49,19,4,0.58,,monthly_45d_20d_otm,weekly_2_strike0,57,29
CHPT,2022-03-24,2022-04-21,backfill,O:CHPT220520C00024000,24.0,2022-05-20,2022-03-28,0.59,0.59,0.46,0.47,99,7,0.59,,monthly_45d_20d_otm,weekly_2_strike0,57,29
CHPT,2022-03-24,2022-04-21,backfill,O:CHPT220520C00024000,24.0,2022-05-20,2022-03-29,0.48,0.59,0.48,0.57,88,16,0.48,,monthly_45d_20d_otm,weekly_2_strike0,57,29
CHPT,2022-03-24,2022-04-21,backfill,O:CHPT220520C00024000,24.0,2022-05-20,2022-03-30,0.6,0.63,0.52,0.52,50,5,0.6,,monthly_45d_20d_otm,weekly_2_strike0,57,29
CHPT,2022-03-24,2022-04-21,backfill,O:CHPT220520C00024000,24.0,2022-05-20,2022-03-31,0.62,0.68,0.62,0.68,88,8,0.62,,monthly_45d_20d_otm,weekly_2_strike0,57,29
CHPT,2022-03-24,2022-04-21,backfill,O:CHPT220520C00024000,24.0,2022-05-20,2022-04-01,0.61,0.65,0.55,0.55,16,6,0.61,,monthly_45d_20d_otm,weekly_2_strike0,57,29
CHPT,2022-03-24,2022-04-21,backfill,O:CHPT220520C00024000,24.0,2022-05-20,2022-04-04,0.74,0.8,0.7,0.72,45,13,0.74,,monthly_45d_20d_otm,weekly_2_strike0,57,29
CHPT,2022-03-24,2022-04-21,backfill,O:CHPT220520C00024000,24.0,2022-05-20,2022-04-05,0.6,0.64,0.51,0.52,29,6,0.6,,monthly_45d_20d_otm,weekly_2_strike0,57,29
CHPT,2022-03-24,2022-04-21,backfill,O:CHPT220520C00024000,24.0,2022-05-20,2022-04-06,0.4,0.4,0.25,0.26,40,15,0.4,,monthly_45d_20d_otm,weekly_2_strike0,57,29
CHPT,2022-03-24,2022-04-21,backfill,O:CHPT220520C00024000,24.0,2022-05-20,2022-04-07,0.32,0.35,0.26,0.29,25,6,0.32,,monthly_45d_20d_otm,weekly_2_strike0,57,29
CHPT,2022-03-24,2022-04-21,backfill,O:CHPT220520C00024000,24.0,2022-05-20,2022-04-08,0.26,0.26,0.24,0.24,24,5,0.26,,monthly_45d_20d_otm,weekly_2_strike0,57,29
CHPT,2022-03-24,2022-04-21,backfill,O:CHPT220520C00024000,24.0,2022-05-20,2022-04-11,0.16,0.21,0.16,0.21,74,11,0.16,,monthly_45d_20d_otm,weekly_2_strike0,57,29
CHPT,2022-03-24,2022-04-21,backfill,O:CHPT220520C00024000,24.0,2022-05-20,2022-04-12,0.24,0.24,0.17,0.17,28,8,0.24,,monthly_45d_20d_otm,weekly_2_strike0,57,29
CHPT,2022-03-24,2022-04-21,backfill,O:CHPT220520C00024000,24.0,2022-05-20,2022-04-13,0.15,0.15,0.13,0.13,65,4,0.15,,monthly_45d_20d_otm,weekly_2_strike0,57,29
CHPT,2022-03-24,2022-04-21,backfill,O:CHPT220520C00024000,24.0,2022-05-20,2022-04-14,0.12,0.12,0.11,0.11,27,3,0.12,,monthly_45d_20d_otm,weekly_2_strike0,57,29
CHPT,2022-03-24,2022-04-21,backfill,O:CHPT220520C00024000,24.0,2022-05-20,2022-04-18,0.14,0.14,0.08,0.1,58,18,0.14,,monthly_45d_20d_otm,weekly_2_strike0,57,29
CHPT,2022-03-24,2022-04-21,backfill,O:CHPT220520C00024000,24.0,2022-05-20,2022-04-19,0.09,0.15,0.09,0.14,73,13,0.09,,monthly_45d_20d_otm,weekly_2_strike0,57,29
CHPT,2022-03-24,2022-04-21,backfill,O:CHPT220520C00024000,24.0,2022-05-20,2022-04-20,0.14,0.14,0.13,0.13,17,2,0.14,,monthly_45d_20d_otm,weekly_2_strike0,57,29
CHPT,2022-03-24,2022-04-21,backfill,O:CHPT220520C00024000,24.0,2022-05-20,2022-04-21,0.12,0.12,0.11,0.12,68,3,0.12,,monthly_45d_20d_otm,weekly_2_strike0,57,29
CHPT,2022-05-03,2022-05-11,backfill,O:CHPT220617C00015000,15.0,2022-06-17,2022-05-03,1.04,1.06,0.85,1.05,124,23,1.04,,monthly_30d_30d_otm,weekly_2_strike0,45,124
CHPT,2022-05-03,2022-05-11,backfill,O:CHPT220617C00015000,15.0,2022-06-17,2022-05-04,1.04,1.32,0.85,1.26,114,27,1.04,,monthly_30d_30d_otm,weekly_2_strike0,45,124
CHPT,2022-05-03,2022-05-11,backfill,O:CHPT220617C00015000,15.0,2022-06-17,2022-05-05,1.18,1.18,0.81,0.81,182,22,1.18,,monthly_30d_30d_otm,weekly_2_strike0,45,124
CHPT,2022-05-03,2022-05-11,backfill,O:CHPT220617C00015000,15.0,2022-06-17,2022-05-06,0.65,0.68,0.5,0.5,149,19,0.65,,monthly_30d_30d_otm,weekly_2_strike0,45,124
CHPT,2022-05-03,2022-05-11,backfill,O:CHPT220617C00015000,15.0,2022-06-17,2022-05-09,0.36,0.39,0.25,0.25,54,14,0.36,,monthly_30d_30d_otm,weekly_2_strike0,45,124
CHPT,2022-05-03,2022-05-11,backfill,O:CHPT220617C00015000,15.0,2022-06-17,2022-05-10,0.33,0.33,0.17,0.25,168,17,0.33,,monthly_30d_30d_otm,weekly_2_strike0,45,124
CHPT,2022-05-03,2022-05-11,backfill,O:CHPT220617C00015000,15.0,2022-06-17,2022-05-11,0.24,0.24,0.14,0.14,105,22,0.24,,monthly_30d_30d_otm,weekly_2_strike0,45,124
CI,2020-11-11,2020-12-09,backfill,O:CI201218C00240000,240.0,2020-12-18,2020-11-11,3.5,3.75,2.94,3.05,443,19,3.5,,monthly_30d_35d_otm,weekly_2_strike0,37,443
CI,2020-11-11,2020-12-09,backfill,O:CI201218C00240000,240.0,2020-12-18,2020-11-12,3.15,3.15,3.1,3.1,7,3,3.15,,monthly_30d_35d_otm,weekly_2_strike0,37,443
CI,2020-11-11,2020-12-09,backfill,O:CI201218C00240000,240.0,2020-12-18,2020-11-16,2.13,2.13,1.75,1.75,5,3,2.13,,monthly_30d_35d_otm,weekly_2_strike0,37,443
CI,2020-11-11,2020-12-09,backfill,O:CI201218C00240000,240.0,2020-12-18,2020-11-17,1.35,1.35,1.2,1.21,301,4,1.35,,monthly_30d_35d_otm,weekly_2_strike0,37,443
CI,2020-11-11,2020-12-09,backfill,O:CI201218C00240000,240.0,2020-12-18,2020-11-18,0.95,0.95,0.95,0.95,1,1,0.95,,monthly_30d_35d_otm,weekly_2_strike0,37,443
CI,2020-11-11,2020-12-09,backfill,O:CI201218C00240000,240.0,2020-12-18,2020-11-19,0.5,0.5,0.39,0.4,5,3,0.5,,monthly_30d_35d_otm,weekly_2_strike0,37,443
CI,2020-11-11,2020-12-09,backfill,O:CI201218C00240000,240.0,2020-12-18,2020-11-23,0.41,0.41,0.41,0.41,3,1,0.41,,monthly_30d_35d_otm,weekly_2_strike0,37,443
CI,2020-11-11,2020-12-09,backfill,O:CI201218C00240000,240.0,2020-12-18,2020-11-24,0.49,0.49,0.45,0.45,4,2,0.49,,monthly_30d_35d_otm,weekly_2_strike0,37,443
CI,2020-11-11,2020-12-09,backfill,O:CI201218C00240000,240.0,2020-12-18,2020-11-25,0.3,0.3,0.3,0.3,1,1,0.3,,monthly_30d_35d_otm,weekly_2_strike0,37,443
CI,2020-11-11,2020-12-09,backfill,O:CI201218C00240000,240.0,2020-12-18,2020-12-01,0.31,0.31,0.31,0.31,1,1,0.31,,monthly_30d_35d_otm,weekly_2_strike0,37,443
CI,2020-11-11,2020-12-09,backfill,O:CI201218C00240000,240.0,2020-12-18,2020-12-03,0.37,0.37,0.37,0.37,1,1,0.37,,monthly_30d_35d_otm,weekly_2_strike0,37,443
CI,2020-11-11,2020-12-09,backfill,O:CI201218C00240000,240.0,2020-12-18,2020-12-07,0.38,0.38,0.38,0.38,1,1,0.38,,monthly_30d_35d_otm,weekly_2_strike0,37,443
CI,2020-11-11,2020-12-09,backfill,O:CI201218C00240000,240.0,2020-12-18,2020-12-09,0.4,0.4,0.3,0.3,2,2,0.4,,monthly_30d_35d_otm,weekly_2_strike0,37,443
CI,2021-04-12,2021-05-07,backfill,O:CI210521C00260000,260.0,2021-05-21,2021-04-12,3.6,3.6,2.6,3.4,8,3,3.6,,monthly_30d_20d_otm,weekly_2_strike0,39,8
CI,2021-04-12,2021-05-07,backfill,O:CI210521C00260000,260.0,2021-05-21,2021-04-13,3.4,3.4,3.4,3.4,1,1,3.4,,monthly_30d_20d_otm,weekly_2_strike0,39,8
CI,2021-04-12,2021-05-07,backfill,O:CI210521C00260000,260.0,2021-05-21,2021-04-14,4.35,4.35,3.83,3.9,8,5,4.35,,monthly_30d_20d_otm,weekly_2_strike0,39,8
CI,2021-04-12,2021-05-07,backfill,O:CI210521C00260000,260.0,2021-05-21,2021-04-15,4.5,6.15,4.13,5.5,91,28,4.5,,monthly_30d_20d_otm,weekly_2_strike0,39,8
CI,2021-04-12,2021-05-07,backfill,O:CI210521C00260000,260.0,2021-05-21,2021-04-16,5.3,5.32,4.3,4.7,123,14,5.3,,monthly_30d_20d_otm,weekly_2_strike0,39,8
CI,2021-04-12,2021-05-07,backfill,O:CI210521C00260000,260.0,2021-05-21,2021-04-19,4.59,4.8,4.3,4.3,30,9,4.59,,monthly_30d_20d_otm,weekly_2_strike0,39,8
CI,2021-04-12,2021-05-07,backfill,O:CI210521C00260000,260.0,2021-05-21,2021-04-20,4.66,5.5,4.66,5.37,144,11,4.66,,monthly_30d_20d_otm,weekly_2_strike0,39,8
CI,2021-04-12,2021-05-07,backfill,O:CI210521C00260000,260.0,2021-05-21,2021-04-21,6.02,6.02,4.7,4.9,20,7,6.02,,monthly_30d_20d_otm,weekly_2_strike0,39,8
CI,2021-04-12,2021-05-07,backfill,O:CI210521C00260000,260.0,2021-05-21,2021-04-22,3.5,3.8,3.2,3.7,14,5,3.5,,monthly_30d_20d_otm,weekly_2_strike0,39,8
CI,2021-04-12,2021-05-07,backfill,O:CI210521C00260000,260.0,2021-05-21,2021-04-23,3.5,4.0,3.5,4.0,16,5,3.5,,monthly_30d_20d_otm,weekly_2_strike0,39,8
CI,2021-04-12,2021-05-07,backfill,O:CI210521C00260000,260.0,2021-05-21,2021-04-26,3.2,3.2,2.75,2.75,189,7,3.2,,monthly_30d_20d_otm,weekly_2_strike0,39,8
CI,2021-04-12,2021-05-07,backfill,O:CI210521C00260000,260.0,2021-05-21,2021-04-27,2.6,2.76,2.45,2.76,132,7,2.6,,monthly_30d_20d_otm,weekly_2_strike0,39,8
CI,2021-04-12,2021-05-07,backfill,O:CI210521C00260000,260.0,2021-05-21,2021-04-28,3.3,3.3,2.0,2.0,36,9,3.3,,monthly_30d_20d_otm,weekly_2_strike0,39,8
CI,2021-04-12,2021-05-07,backfill,O:CI210521C00260000,260.0,2021-05-21,2021-04-29,2.45,2.8,2.45,2.8,13,5,2.45,,monthly_30d_20d_otm,weekly_2_strike0,39,8
CI,2021-04-12,2021-05-07,backfill,O:CI210521C00260000,260.0,2021-05-21,2021-04-30,2.6,2.6,2.2,2.2,7,2,2.6,,monthly_30d_20d_otm,weekly_2_strike0,39,8
CI,2021-04-12,2021-05-07,backfill,O:CI210521C00260000,260.0,2021-05-21,2021-05-03,3.0,3.8,3.0,3.3,9,7,3.0,,monthly_30d_20d_otm,weekly_2_strike0,39,8
CI,2021-04-12,2021-05-07,backfill,O:CI210521C00260000,260.0,2021-05-21,2021-05-04,4.2,5.9,3.85,5.9,304,19,4.2,,monthly_30d_20d_otm,weekly_2_strike0,39,8
CI,2021-04-12,2021-05-07,backfill,O:CI210521C00260000,260.0,2021-05-21,2021-05-05,4.8,6.15,4.8,5.1,82,19,4.8,,monthly_30d_20d_otm,weekly_2_strike0,39,8
CI,2021-04-12,2021-05-07,backfill,O:CI210521C00260000,260.0,2021-05-21,2021-05-06,5.48,5.6,3.9,4.4,218,13,5.48,,monthly_30d_20d_otm,weekly_2_strike0,39,8
CI,2021-04-12,2021-05-07,backfill,O:CI210521C00260000,260.0,2021-05-21,2021-05-07,5.24,5.6,4.37,5.2,44,10,5.24,,monthly_30d_20d_otm,weekly_2_strike0,39,8
CI,2022-11-03,2022-11-11,backfill,O:CI221216C00340000,340.0,2022-12-16,2022-11-03,3.8,6.12,3.8,5.26,11,6,3.8,,monthly_30d_25d_otm,weekly_2_strike1,43,11
CI,2022-11-03,2022-11-11,backfill,O:CI221216C00340000,340.0,2022-12-16,2022-11-04,4.5,5.05,3.8,3.8,76,6,4.5,,monthly_30d_25d_otm,weekly_2_strike1,43,11
CI,2022-11-03,2022-11-11,backfill,O:CI221216C00340000,340.0,2022-12-16,2022-11-07,4.5,5.3,4.4,4.7,46,20,4.5,,monthly_30d_25d_otm,weekly_2_strike1,43,11
CI,2022-11-03,2022-11-11,backfill,O:CI221216C00340000,340.0,2022-12-16,2022-11-08,4.5,6.0,4.35,5.7,37,8,4.5,,monthly_30d_25d_otm,weekly_2_strike1,43,11
CI,2022-11-03,2022-11-11,backfill,O:CI221216C00340000,340.0,2022-12-16,2022-11-09,5.2,5.7,4.5,4.5,163,10,5.2,,monthly_30d_25d_otm,weekly_2_strike1,43,11
CI,2022-11-03,2022-11-11,backfill,O:CI221216C00340000,340.0,2022-12-16,2022-11-10,4.3,4.3,2.77,3.4,39,16,4.3,,monthly_30d_25d_otm,weekly_2_strike1,43,11
CI,2022-11-03,2022-11-11,backfill,O:CI221216C00340000,340.0,2022-12-16,2022-11-11,2.2,2.2,0.52,1.15,54,10,2.2,,monthly_30d_25d_otm,weekly_2_strike1,43,11
CI,2023-08-10,2023-08-17,backfill,O:CI230915C00300000,300.0,2023-09-15,2023-08-10,4.2,4.2,3.6,3.6,13,4,4.2,,monthly_30d_35d_otm,weekly_2_strike0,36,13
CI,2023-08-10,2023-08-17,backfill,O:CI230915C00300000,300.0,2023-09-15,2023-08-11,3.1,3.8,3.1,3.45,55,12,3.1,,monthly_30d_35d_otm,weekly_2_strike0,36,13
CI,2023-08-10,2023-08-17,backfill,O:CI230915C00300000,300.0,2023-09-15,2023-08-14,3.9,4.1,3.33,3.33,11,7,3.9,,monthly_30d_35d_otm,weekly_2_strike0,36,13
CI,2023-08-10,2023-08-17,backfill,O:CI230915C00300000,300.0,2023-09-15,2023-08-15,3.3,3.4,2.99,2.99,68,15,3.3,,monthly_30d_35d_otm,weekly_2_strike0,36,13
CI,2023-08-10,2023-08-17,backfill,O:CI230915C00300000,300.0,2023-09-15,2023-08-16,3.7,4.0,3.49,3.49,39,7,3.7,,monthly_30d_35d_otm,weekly_2_strike0,36,13
CI,2023-08-10,2023-08-17,backfill,O:CI230915C00300000,300.0,2023-09-15,2023-08-17,1.04,1.18,0.5,0.78,32,11,1.04,,monthly_30d_35d_otm,weekly_2_strike0,36,13
CI,2025-10-17,2025-10-30,backfill,O:CI251121C00310000,310.0,2025-11-21,2025-10-17,7.6,9.1,7.6,9.1,175,7,7.6,,monthly_30d_25d_otm,weekly_1_strike0,35,175
CI,2025-10-17,2025-10-30,backfill,O:CI251121C00310000,310.0,2025-11-21,2025-10-20,9.0,11.85,9.0,11.85,47,6,9.0,,monthly_30d_25d_otm,weekly_1_strike0,35,175
CI,2025-10-17,2025-10-30,backfill,O:CI251121C00310000,310.0,2025-11-21,2025-10-21,12.8,12.8,11.9,11.9,2,2,12.8,,monthly_30d_25d_otm,weekly_1_strike0,35,175
CI,2025-10-17,2025-10-30,backfill,O:CI251121C00310000,310.0,2025-11-21,2025-10-22,11.5,13.0,11.5,13.0,3,3,11.5,,monthly_30d_25d_otm,weekly_1_strike0,35,175
CI,2025-10-17,2025-10-30,backfill,O:CI251121C00310000,310.0,2025-11-21,2025-10-23,10.55,10.55,9.2,9.2,13,4,10.55,,monthly_30d_25d_otm,weekly_1_strike0,35,175
CI,2025-10-17,2025-10-30,backfill,O:CI251121C00310000,310.0,2025-11-21,2025-10-27,9.0,12.1,8.0,12.1,11,5,9.0,,monthly_30d_25d_otm,weekly_1_strike0,35,175
CI,2025-10-17,2025-10-30,backfill,O:CI251121C00310000,310.0,2025-11-21,2025-10-28,11.61,11.61,11.61,11.61,2,1,11.61,,monthly_30d_25d_otm,weekly_1_strike0,35,175
CI,2025-10-17,2025-10-30,backfill,O:CI251121C00310000,310.0,2025-11-21,2025-10-29,9.2,9.2,7.9,8.0,138,4,9.2,,monthly_30d_25d_otm,weekly_1_strike0,35,175
CI,2025-10-17,2025-10-30,backfill,O:CI251121C00310000,310.0,2025-11-21,2025-10-30,0.71,0.75,0.11,0.17,17,10,0.71,,monthly_30d_25d_otm,weekly_1_strike0,35,175
CLF,2020-07-01,2020-07-29,backfill,O:CLF200821C00007000,7.0,2020-08-21,2020-07-01,0.17,0.19,0.15,0.18,804,15,0.17,,monthly_45d_30d_otm,weekly_2_strike0,51,804
CLF,2020-07-01,2020-07-29,backfill,O:CLF200821C00007000,7.0,2020-08-21,2020-07-02,0.21,0.22,0.15,0.16,46,7,0.21,,monthly_45d_30d_otm,weekly_2_strike0,51,804
CLF,2020-07-01,2020-07-29,backfill,O:CLF200821C00007000,7.0,2020-08-21,2020-07-06,0.17,0.18,0.14,0.18,186,10,0.17,,monthly_45d_30d_otm,weekly_2_strike0,51,804
CLF,2020-07-01,2020-07-29,backfill,O:CLF200821C00007000,7.0,2020-08-21,2020-07-07,0.15,0.17,0.12,0.14,612,9,0.15,,monthly_45d_30d_otm,weekly_2_strike0,51,804
CLF,2020-07-01,2020-07-29,backfill,O:CLF200821C00007000,7.0,2020-08-21,2020-07-08,0.12,0.13,0.1,0.1,78,11,0.12,,monthly_45d_30d_otm,weekly_2_strike0,51,804
CLF,2020-07-01,2020-07-29,backfill,O:CLF200821C00007000,7.0,2020-08-21,2020-07-09,0.11,0.11,0.08,0.09,329,8,0.11,,monthly_45d_30d_otm,weekly_2_strike0,51,804
CLF,2020-07-01,2020-07-29,backfill,O:CLF200821C00007000,7.0,2020-08-21,2020-07-10,0.19,0.38,0.17,0.35,3002,78,0.19,,monthly_45d_30d_otm,weekly_2_strike0,51,804
CLF,2020-07-01,2020-07-29,backfill,O:CLF200821C00007000,7.0,2020-08-21,2020-07-13,0.41,0.45,0.24,0.26,1529,52,0.41,,monthly_45d_30d_otm,weekly_2_strike0,51,804
CLF,2020-07-01,2020-07-29,backfill,O:CLF200821C00007000,7.0,2020-08-21,2020-07-14,0.25,0.33,0.23,0.32,556,34,0.25,,monthly_45d_30d_otm,weekly_2_strike0,51,804
CLF,2020-07-01,2020-07-29,backfill,O:CLF200821C00007000,7.0,2020-08-21,2020-07-15,0.35,0.35,0.25,0.3,133,19,0.35,,monthly_45d_30d_otm,weekly_2_strike0,51,804
CLF,2020-07-01,2020-07-29,backfill,O:CLF200821C00007000,7.0,2020-08-21,2020-07-16,0.26,0.28,0.23,0.23,404,19,0.26,,monthly_45d_30d_otm,weekly_2_strike0,51,804
CLF,2020-07-01,2020-07-29,backfill,O:CLF200821C00007000,7.0,2020-08-21,2020-07-17,0.23,0.24,0.15,0.17,196,17,0.23,,monthly_45d_30d_otm,weekly_2_strike0,51,804
CLF,2020-07-01,2020-07-29,backfill,O:CLF200821C00007000,7.0,2020-08-21,2020-07-20,0.15,0.15,0.1,0.12,831,38,0.15,,monthly_45d_30d_otm,weekly_2_strike0,51,804
CLF,2020-07-01,2020-07-29,backfill,O:CLF200821C00007000,7.0,2020-08-21,2020-07-21,0.14,0.2,0.14,0.17,598,25,0.14,,monthly_45d_30d_otm,weekly_2_strike0,51,804
CLF,2020-07-01,2020-07-29,backfill,O:CLF200821C00007000,7.0,2020-08-21,2020-07-22,0.16,0.16,0.14,0.15,160,15,0.16,,monthly_45d_30d_otm,weekly_2_strike0,51,804
CLF,2020-07-01,2020-07-29,backfill,O:CLF200821C00007000,7.0,2020-08-21,2020-07-23,0.15,0.16,0.1,0.11,1222,19,0.15,,monthly_45d_30d_otm,weekly_2_strike0,51,804
CLF,2020-07-01,2020-07-29,backfill,O:CLF200821C00007000,7.0,2020-08-21,2020-07-24,0.12,0.12,0.1,0.11,148,9,0.12,,monthly_45d_30d_otm,weekly_2_strike0,51,804
CLF,2020-07-01,2020-07-29,backfill,O:CLF200821C00007000,7.0,2020-08-21,2020-07-27,0.12,0.13,0.11,0.13,344,18,0.12,,monthly_45d_30d_otm,weekly_2_strike0,51,804
CLF,2020-07-01,2020-07-29,backfill,O:CLF200821C00007000,7.0,2020-08-21,2020-07-28,0.12,0.13,0.09,0.09,192,7,0.12,,monthly_45d_30d_otm,weekly_2_strike0,51,804
CLF,2020-07-01,2020-07-29,backfill,O:CLF200821C00007000,7.0,2020-08-21,2020-07-29,0.09,0.11,0.08,0.11,205,12,0.09,,monthly_45d_30d_otm,weekly_2_strike0,51,804
CLF,2024-04-05,2024-04-19,backfill,O:CLF240517C00024000,24.0,2024-05-17,2024-04-05,0.64,0.7,0.62,0.62,40,8,0.64,,monthly_30d_25d_otm,weekly_1_strike0,42,40
CLF,2024-04-05,2024-04-19,backfill,O:CLF240517C00024000,24.0,2024-05-17,2024-04-08,0.71,0.72,0.64,0.66,51,15,0.71,,monthly_30d_25d_otm,weekly_1_strike0,42,40
CLF,2024-04-05,2024-04-19,backfill,O:CLF240517C00024000,24.0,2024-05-17,2024-04-09,0.37,0.5,0.37,0.45,73,20,0.37,,monthly_30d_25d_otm,weekly_1_strike0,42,40
CLF,2024-04-05,2024-04-19,backfill,O:CLF240517C00024000,24.0,2024-05-17,2024-04-10,0.53,0.61,0.53,0.61,53,6,0.53,,monthly_30d_25d_otm,weekly_1_strike0,42,40
CLF,2024-04-05,2024-04-19,backfill,O:CLF240517C00024000,24.0,2024-05-17,2024-04-11,0.65,0.69,0.52,0.52,597,16,0.65,,monthly_30d_25d_otm,weekly_1_strike0,42,40
CLF,2024-04-05,2024-04-19,backfill,O:CLF240517C00024000,24.0,2024-05-17,2024-04-12,0.48,0.6,0.47,0.47,14,7,0.48,,monthly_30d_25d_otm,weekly_1_strike0,42,40
CLF,2024-04-05,2024-04-19,backfill,O:CLF240517C00024000,24.0,2024-05-17,2024-04-15,0.56,0.56,0.33,0.35,111,18,0.56,,monthly_30d_25d_otm,weekly_1_strike0,42,40
CLF,2024-04-05,2024-04-19,backfill,O:CLF240517C00024000,24.0,2024-05-17,2024-04-16,0.24,0.28,0.23,0.28,36,9,0.24,,monthly_30d_25d_otm,weekly_1_strike0,42,40
CLF,2024-04-05,2024-04-19,backfill,O:CLF240517C00024000,24.0,2024-05-17,2024-04-17,0.38,0.41,0.3,0.32,129,11,0.38,,monthly_30d_25d_otm,weekly_1_strike0,42,40
CLF,2024-04-05,2024-04-19,backfill,O:CLF240517C00024000,24.0,2024-05-17,2024-04-18,0.29,0.31,0.21,0.26,58,9,0.29,,monthly_30d_25d_otm,weekly_1_strike0,42,40
CLF,2024-04-05,2024-04-19,backfill,O:CLF240517C00024000,24.0,2024-05-17,2024-04-19,0.25,0.27,0.19,0.2,43,11,0.25,,monthly_30d_25d_otm,weekly_1_strike0,42,40
CLOV,2022-03-23,2022-04-20,backfill,O:CLOV220520C00005000,5.0,2022-05-20,2022-03-23,0.24,0.32,0.21,0.27,949,67,0.24,,monthly_45d_25d_otm,weekly_2_strike0,58,949
CLOV,2022-03-23,2022-04-20,backfill,O:CLOV220520C00005000,5.0,2022-05-20,2022-03-24,0.28,0.28,0.22,0.24,739,36,0.28,,monthly_45d_25d_otm,weekly_2_strike0,58,949
CLOV,2022-03-23,2022-04-20,backfill,O:CLOV220520C00005000,5.0,2022-05-20,2022-03-25,0.23,0.23,0.2,0.21,270,18,0.23,,monthly_45d_25d_otm,weekly_2_strike0,58,949
CLOV,2022-03-23,2022-04-20,backfill,O:CLOV220520C00005000,5.0,2022-05-20,2022-03-28,0.23,0.27,0.17,0.27,483,41,0.23,,monthly_45d_25d_otm,weekly_2_strike0,58,949
CLOV,2022-03-23,2022-04-20,backfill,O:CLOV220520C00005000,5.0,2022-05-20,2022-03-29,0.29,0.3,0.25,0.29,1317,73,0.29,,monthly_45d_25d_otm,weekly_2_strike0,58,949
CLOV,2022-03-23,2022-04-20,backfill,O:CLOV220520C00005000,5.0,2022-05-20,2022-03-30,0.27,0.32,0.25,0.25,818,49,0.27,,monthly_45d_25d_otm,weekly_2_strike0,58,949
CLOV,2022-03-23,2022-04-20,backfill,O:CLOV220520C00005000,5.0,2022-05-20,2022-03-31,0.23,0.25,0.19,0.2,194,28,0.23,,monthly_45d_25d_otm,weekly_2_strike0,58,949
CLOV,2022-03-23,2022-04-20,backfill,O:CLOV220520C00005000,5.0,2022-05-20,2022-04-01,0.21,0.21,0.18,0.18,379,29,0.21,,monthly_45d_25d_otm,weekly_2_strike0,58,949
CLOV,2022-03-23,2022-04-20,backfill,O:CLOV220520C00005000,5.0,2022-05-20,2022-04-04,0.19,0.21,0.17,0.17,294,41,0.19,,monthly_45d_25d_otm,weekly_2_strike0,58,949
CLOV,2022-03-23,2022-04-20,backfill,O:CLOV220520C00005000,5.0,2022-05-20,2022-04-05,0.18,0.18,0.14,0.15,122,20,0.18,,monthly_45d_25d_otm,weekly_2_strike0,58,949
CLOV,2022-03-23,2022-04-20,backfill,O:CLOV220520C00005000,5.0,2022-05-20,2022-04-06,0.12,0.12,0.1,0.11,830,22,0.12,,monthly_45d_25d_otm,weekly_2_strike0,58,949
CLOV,2022-03-23,2022-04-20,backfill,O:CLOV220520C00005000,5.0,2022-05-20,2022-04-07,0.12,0.12,0.08,0.08,534,27,0.12,,monthly_45d_25d_otm,weekly_2_strike0,58,949
CLOV,2022-03-23,2022-04-20,backfill,O:CLOV220520C00005000,5.0,2022-05-20,2022-04-08,0.08,0.1,0.07,0.08,461,20,0.08,,monthly_45d_25d_otm,weekly_2_strike0,58,949
CLOV,2022-03-23,2022-04-20,backfill,O:CLOV220520C00005000,5.0,2022-05-20,2022-04-11,0.07,0.07,0.05,0.06,324,20,0.07,,monthly_45d_25d_otm,weekly_2_strike0,58,949
CLOV,2022-03-23,2022-04-20,backfill,O:CLOV220520C00005000,5.0,2022-05-20,2022-04-12,0.05,0.07,0.05,0.05,62,11,0.05,,monthly_45d_25d_otm,weekly_2_strike0,58,949
CLOV,2022-03-23,2022-04-20,backfill,O:CLOV220520C00005000,5.0,2022-05-20,2022-04-13,0.07,0.07,0.06,0.06,57,7,0.07,,monthly_45d_25d_otm,weekly_2_strike0,58,949
CLOV,2022-03-23,2022-04-20,backfill,O:CLOV220520C00005000,5.0,2022-05-20,2022-04-14,0.07,0.07,0.06,0.07,273,19,0.07,,monthly_45d_25d_otm,weekly_2_strike0,58,949
CLOV,2022-03-23,2022-04-20,backfill,O:CLOV220520C00005000,5.0,2022-05-20,2022-04-18,0.06,0.06,0.04,0.05,260,31,0.06,,monthly_45d_25d_otm,weekly_2_strike0,58,949
CLOV,2022-03-23,2022-04-20,backfill,O:CLOV220520C00005000,5.0,2022-05-20,2022-04-19,0.04,0.05,0.04,0.04,377,25,0.04,,monthly_45d_25d_otm,weekly_2_strike0,58,949
CLOV,2022-03-23,2022-04-20,backfill,O:CLOV220520C00005000,5.0,2022-05-20,2022-04-20,0.04,0.05,0.04,0.04,188,14,0.04,,monthly_45d_25d_otm,weekly_2_strike0,58,949
CMCSA,2022-11-28,2022-12-23,backfill,O:CMCSA230120C00035000,35.0,2023-01-20,2022-11-28,1.9,2.04,1.88,2.04,1594,30,1.9,,monthly_45d_atm,weekly_2_strike1,53,1594
CMCSA,2022-11-28,2022-12-23,backfill,O:CMCSA230120C00035000,35.0,2023-01-20,2022-11-29,1.97,2.01,1.76,1.92,178,21,1.97,,monthly_45d_atm,weekly_2_strike1,53,1594
CMCSA,2022-11-28,2022-12-23,backfill,O:CMCSA230120C00035000,35.0,2023-01-20,2022-11-30,1.79,2.57,1.79,2.52,219,22,1.79,,monthly_45d_atm,weekly_2_strike1,53,1594
CMCSA,2022-11-28,2022-12-23,backfill,O:CMCSA230120C00035000,35.0,2023-01-20,2022-12-01,2.78,2.82,2.3,2.32,2113,21,2.78,,monthly_45d_atm,weekly_2_strike1,53,1594
CMCSA,2022-11-28,2022-12-23,backfill,O:CMCSA230120C00035000,35.0,2023-01-20,2022-12-02,2.02,2.16,1.9,1.95,176,52,2.02,,monthly_45d_atm,weekly_2_strike1,53,1594
CMCSA,2022-11-28,2022-12-23,backfill,O:CMCSA230120C00035000,35.0,2023-01-20,2022-12-05,1.86,2.1,1.59,1.59,164,12,1.86,,monthly_45d_atm,weekly_2_strike1,53,1594
CMCSA,2022-11-28,2022-12-23,backfill,O:CMCSA230120C00035000,35.0,2023-01-20,2022-12-06,1.6,1.6,1.32,1.38,2752,20,1.6,,monthly_45d_atm,weekly_2_strike1,53,1594
CMCSA,2022-11-28,2022-12-23,backfill,O:CMCSA230120C00035000,35.0,2023-01-20,2022-12-07,1.37,1.41,1.2,1.34,1695,57,1.37,,monthly_45d_atm,weekly_2_strike1,53,1594
CMCSA,2022-11-28,2022-12-23,backfill,O:CMCSA230120C00035000,35.0,2023-01-20,2022-12-08,1.44,1.56,1.38,1.47,446,48,1.44,,monthly_45d_atm,weekly_2_strike1,53,1594
CMCSA,2022-11-28,2022-12-23,backfill,O:CMCSA230120C00035000,35.0,2023-01-20,2022-12-09,1.62,1.89,1.62,1.65,236,34,1.62,,monthly_45d_atm,weekly_2_strike1,53,1594
CMCSA,2022-11-28,2022-12-23,backfill,O:CMCSA230120C00035000,35.0,2023-01-20,2022-12-12,1.75,2.34,1.75,2.34,88,23,1.75,,monthly_45d_atm,weekly_2_strike1,53,1594
CMCSA,2022-11-28,2022-12-23,backfill,O:CMCSA230120C00035000,35.0,2023-01-20,2022-12-13,3.05,3.25,2.39,2.48,2022,34,3.05,,monthly_45d_atm,weekly_2_strike1,53,1594
CMCSA,2022-11-28,2022-12-23,backfill,O:CMCSA230120C00035000,35.0,2023-01-20,2022-12-14,1.13,2.06,1.11,1.53,670,28,1.13,,monthly_45d_atm,weekly_2_strike1,53,1594
CMCSA,2022-11-28,2022-12-23,backfill,O:CMCSA230120C00035000,35.0,2023-01-20,2022-12-15,1.2,1.35,1.05,1.13,1701,71,1.2,,monthly_45d_atm,weekly_2_strike1,53,1594
CMCSA,2022-11-28,2022-12-23,backfill,O:CMCSA230120C00035000,35.0,2023-01-20,2022-12-16,1.24,1.24,0.9,1.04,1960,116,1.24,,monthly_45d_atm,weekly_2_strike1,53,1594
CMCSA,2022-11-28,2022-12-23,backfill,O:CMCSA230120C00035000,35.0,2023-01-20,2022-12-19,1.05,1.05,0.72,0.72,2892,33,1.05,,monthly_45d_atm,weekly_2_strike1,53,1594
CMCSA,2022-11-28,2022-12-23,backfill,O:CMCSA230120C00035000,35.0,2023-01-20,2022-12-20,0.72,0.92,0.7,0.9,227,20,0.72,,monthly_45d_atm,weekly_2_strike1,53,1594
CMCSA,2022-11-28,2022-12-23,backfill,O:CMCSA230120C00035000,35.0,2023-01-20,2022-12-21,0.99,1.27,0.86,1.19,89,14,0.99,,monthly_45d_atm,weekly_2_strike1,53,1594
CMCSA,2022-11-28,2022-12-23,backfill,O:CMCSA230120C00035000,35.0,2023-01-20,2022-12-22,1.02,1.17,0.91,1.03,365,42,1.02,,monthly_45d_atm,weekly_2_strike1,53,1594
CMCSA,2022-11-28,2022-12-23,backfill,O:CMCSA230120C00035000,35.0,2023-01-20,2022-12-23,1.15,1.18,1.06,1.17,201,16,1.15,,monthly_45d_atm,weekly_2_strike1,53,1594
CMCSA,2023-05-08,2023-06-05,backfill,O:CMCSA230616C00045000,45.0,2023-06-16,2023-05-08,0.11,0.11,0.08,0.1,10,4,0.11,,monthly_30d_20d_otm,weekly_2_strike0,39,10
CMCSA,2023-05-08,2023-06-05,backfill,O:CMCSA230616C00045000,45.0,2023-06-16,2023-05-09,0.08,0.08,0.05,0.05,106,3,0.08,,monthly_30d_20d_otm,weekly_2_strike0,39,10
CMCSA,2023-05-08,2023-06-05,backfill,O:CMCSA230616C00045000,45.0,2023-06-16,2023-05-10,0.05,0.06,0.05,0.06,4,2,0.05,,monthly_30d_20d_otm,weekly_2_strike0,39,10
CMCSA,2023-05-08,2023-06-05,backfill,O:CMCSA230616C00045000,45.0,2023-06-16,2023-05-11,0.06,0.06,0.05,0.05,23,3,0.06,,monthly_30d_20d_otm,weekly_2_strike0,39,10
CMCSA,2023-05-08,2023-06-05,backfill,O:CMCSA230616C00045000,45.0,2023-06-16,2023-05-15,0.04,0.05,0.04,0.05,3,3,0.04,,monthly_30d_20d_otm,weekly_2_strike0,39,10
CMCSA,2023-05-08,2023-06-05,backfill,O:CMCSA230616C00045000,45.0,2023-06-16,2023-05-16,0.04,0.04,0.04,0.04,14,2,0.04,,monthly_30d_20d_otm,weekly_2_strike0,39,10
CMCSA,2023-05-08,2023-06-05,backfill,O:CMCSA230616C00045000,45.0,2023-06-16,2023-05-17,0.03,0.03,0.03,0.03,5,1,0.03,,monthly_30d_20d_otm,weekly_2_strike0,39,10
CMCSA,2023-05-08,2023-06-05,backfill,O:CMCSA230616C00045000,45.0,2023-06-16,2023-05-18,0.04,0.05,0.04,0.05,13,3,0.04,,monthly_30d_20d_otm,weekly_2_strike0,39,10
CMCSA,2023-05-08,2023-06-05,backfill,O:CMCSA230616C00045000,45.0,2023-06-16,2023-05-19,0.04,0.07,0.04,0.06,19,5,0.04,,monthly_30d_20d_otm,weekly_2_strike0,39,10
CMCSA,2023-05-08,2023-06-05,backfill,O:CMCSA230616C00045000,45.0,2023-06-16,2023-05-22,0.08,0.08,0.05,0.05,44,17,0.08,,monthly_30d_20d_otm,weekly_2_strike0,39,10
CMCSA,2023-05-08,2023-06-05,backfill,O:CMCSA230616C00045000,45.0,2023-06-16,2023-05-23,0.04,0.04,0.03,0.03,109,2,0.04,,monthly_30d_20d_otm,weekly_2_strike0,39,10
CMCSA,2023-05-08,2023-06-05,backfill,O:CMCSA230616C00045000,45.0,2023-06-16,2023-05-24,0.04,0.06,0.04,0.04,21,4,0.04,,monthly_30d_20d_otm,weekly_2_strike0,39,10
CMCSA,2023-05-08,2023-06-05,backfill,O:CMCSA230616C00045000,45.0,2023-06-16,2023-05-25,0.03,0.04,0.03,0.03,20,6,0.03,,monthly_30d_20d_otm,weekly_2_strike0,39,10
CMCSA,2023-05-08,2023-06-05,backfill,O:CMCSA230616C00045000,45.0,2023-06-16,2023-05-26,0.03,0.03,0.03,0.03,16,3,0.03,,monthly_30d_20d_otm,weekly_2_strike0,39,10
CMCSA,2023-05-08,2023-06-05,backfill,O:CMCSA230616C00045000,45.0,2023-06-16,2023-05-30,0.03,0.04,0.03,0.03,24,7,0.03,,monthly_30d_20d_otm,weekly_2_strike0,39,10
CMCSA,2023-05-08,2023-06-05,backfill,O:CMCSA230616C00045000,45.0,2023-06-16,2023-05-31,0.03,0.04,0.03,0.04,4,2,0.03,,monthly_30d_20d_otm,weekly_2_strike0,39,10
CMCSA,2023-05-08,2023-06-05,backfill,O:CMCSA230616C00045000,45.0,2023-06-16,2023-06-01,0.03,0.03,0.01,0.01,21,3,0.03,,monthly_30d_20d_otm,weekly_2_strike0,39,10
CMCSA,2023-05-08,2023-06-05,backfill,O:CMCSA230616C00045000,45.0,2023-06-16,2023-06-02,0.03,0.03,0.02,0.02,4,3,0.03,,monthly_30d_20d_otm,weekly_2_strike0,39,10
CMCSA,2023-05-08,2023-06-05,backfill,O:CMCSA230616C00045000,45.0,2023-06-16,2023-06-05,0.02,0.03,0.01,0.01,9,5,0.02,,monthly_30d_20d_otm,weekly_2_strike0,39,10
CMCSA,2024-08-09,2024-09-06,backfill,O:CMCSA240920C00040000,40.0,2024-09-20,2024-08-09,1.12,1.15,0.94,1.06,170,18,1.12,,monthly_30d_40d_otm,weekly_1_strike0,42,170
CMCSA,2024-08-09,2024-09-06,backfill,O:CMCSA240920C00040000,40.0,2024-09-20,2024-08-12,0.88,0.89,0.72,0.73,695,42,0.88,,monthly_30d_40d_otm,weekly_1_strike0,42,170
CMCSA,2024-08-09,2024-09-06,backfill,O:CMCSA240920C00040000,40.0,2024-09-20,2024-08-13,0.86,0.93,0.76,0.93,2867,38,0.86,,monthly_30d_40d_otm,weekly_1_strike0,42,170
CMCSA,2024-08-09,2024-09-06,backfill,O:CMCSA240920C00040000,40.0,2024-09-20,2024-08-14,0.8,0.84,0.73,0.8,446,28,0.8,,monthly_30d_40d_otm,weekly_1_strike0,42,170
CMCSA,2024-08-09,2024-09-06,backfill,O:CMCSA240920C00040000,40.0,2024-09-20,2024-08-15,0.74,0.88,0.73,0.87,145,24,0.74,,monthly_30d_40d_otm,weekly_1_strike0,42,170
CMCSA,2024-08-09,2024-09-06,backfill,O:CMCSA240920C00040000,40.0,2024-09-20,2024-08-16,1.1,1.1,0.93,0.95,518,48,1.1,,monthly_30d_40d_otm,weekly_1_strike0,42,170
CMCSA,2024-08-09,2024-09-06,backfill,O:CMCSA240920C00040000,40.0,2024-09-20,2024-08-19,1.07,1.27,1.05,1.21,392,36,1.07,,monthly_30d_40d_otm,weekly_1_strike0,42,170
CMCSA,2024-08-09,2024-09-06,backfill,O:CMCSA240920C00040000,40.0,2024-09-20,2024-08-20,1.08,1.23,1.08,1.12,90,17,1.08,,monthly_30d_40d_otm,weekly_1_strike0,42,170
CMCSA,2024-08-09,2024-09-06,backfill,O:CMCSA240920C00040000,40.0,2024-09-20,2024-08-21,1.21,1.21,0.99,0.99,816,18,1.21,,monthly_30d_40d_otm,weekly_1_strike0,42,170
CMCSA,2024-08-09,2024-09-06,backfill,O:CMCSA240920C00040000,40.0,2024-09-20,2024-08-22,1.11,1.11,0.74,0.8,415,32,1.11,,monthly_30d_40d_otm,weekly_1_strike0,42,170
CMCSA,2024-08-09,2024-09-06,backfill,O:CMCSA240920C00040000,40.0,2024-09-20,2024-08-23,0.85,1.06,0.85,1.02,2690,40,0.85,,monthly_30d_40d_otm,weekly_1_strike0,42,170
CMCSA,2024-08-09,2024-09-06,backfill,O:CMCSA240920C00040000,40.0,2024-09-20,2024-08-26,1.02,1.32,1.02,1.11,124,25,1.02,,monthly_30d_40d_otm,weekly_1_strike0,42,170
CMCSA,2024-08-09,2024-09-06,backfill,O:CMCSA240920C00040000,40.0,2024-09-20,2024-08-27,1.09,1.32,1.08,1.16,178,28,1.09,,monthly_30d_40d_otm,weekly_1_strike0,42,170
CMCSA,2024-08-09,2024-09-06,backfill,O:CMCSA240920C00040000,40.0,2024-09-20,2024-08-28,1.01,1.15,0.97,0.98,311,26,1.01,,monthly_30d_40d_otm,weekly_1_strike0,42,170
CMCSA,2024-08-09,2024-09-06,backfill,O:CMCSA240920C00040000,40.0,2024-09-20,2024-08-29,0.83,0.87,0.69,0.73,72,13,0.83,,monthly_30d_40d_otm,weekly_1_strike0,42,170
CMCSA,2024-08-09,2024-09-06,backfill,O:CMCSA240920C00040000,40.0,2024-09-20,2024-08-30,0.66,0.7,0.52,0.66,2742,26,0.66,,monthly_30d_40d_otm,weekly_1_strike0,42,170
CMCSA,2024-08-09,2024-09-06,backfill,O:CMCSA240920C00040000,40.0,2024-09-20,2024-09-03,0.65,0.81,0.64,0.67,77,20,0.65,,monthly_30d_40d_otm,weekly_1_strike0,42,170
CMCSA,2024-08-09,2024-09-06,backfill,O:CMCSA240920C00040000,40.0,2024-09-20,2024-09-04,0.82,0.98,0.34,0.37,67,21,0.82,,monthly_30d_40d_otm,weekly_1_strike0,42,170
CMCSA,2024-08-09,2024-09-06,backfill,O:CMCSA240920C00040000,40.0,2024-09-20,2024-09-05,0.48,0.82,0.41,0.8,145,31,0.48,,monthly_30d_40d_otm,weekly_1_strike0,42,170
CMCSA,2024-08-09,2024-09-06,backfill,O:CMCSA240920C00040000,40.0,2024-09-20,2024-09-06,0.95,0.96,0.66,0.67,344,24,0.95,,monthly_30d_40d_otm,weekly_1_strike0,42,170
CMCSA,2024-09-19,2024-10-16,backfill,O:CMCSA241018C00040000,40.0,2024-10-18,2024-09-19,1.21,1.6,1.06,1.06,411,27,1.21,,monthly_30d_atm,weekly_2_strike0,29,411
CMCSA,2024-09-19,2024-10-16,backfill,O:CMCSA241018C00040000,40.0,2024-10-18,2024-09-20,1.05,1.14,0.86,0.92,642,34,1.05,,monthly_30d_atm,weekly_2_strike0,29,411
CMCSA,2024-09-19,2024-10-16,backfill,O:CMCSA241018C00040000,40.0,2024-10-18,2024-09-23,1.3,1.37,1.1,1.27,114,26,1.3,,monthly_30d_atm,weekly_2_strike0,29,411
CMCSA,2024-09-19,2024-10-16,backfill,O:CMCSA241018C00040000,40.0,2024-10-18,2024-09-24,1.19,1.71,1.19,1.68,141,21,1.19,,monthly_30d_atm,weekly_2_strike0,29,411
CMCSA,2024-09-19,2024-10-16,backfill,O:CMCSA241018C00040000,40.0,2024-10-18,2024-09-25,1.59,1.59,1.12,1.12,92,19,1.59,,monthly_30d_atm,weekly_2_strike0,29,411
CMCSA,2024-09-19,2024-10-16,backfill,O:CMCSA241018C00040000,40.0,2024-10-18,2024-09-26,1.3,1.32,1.18,1.3,112,18,1.3,,monthly_30d_atm,weekly_2_strike0,29,411
CMCSA,2024-09-19,2024-10-16,backfill,O:CMCSA241018C00040000,40.0,2024-10-18,2024-09-27,1.67,2.17,1.67,1.88,3297,36,1.67,,monthly_30d_atm,weekly_2_strike0,29,411
CMCSA,2024-09-19,2024-10-16,backfill,O:CMCSA241018C00040000,40.0,2024-10-18,2024-09-30,1.78,1.87,1.54,1.69,1053,32,1.78,,monthly_30d_atm,weekly_2_strike0,29,411
CMCSA,2024-09-19,2024-10-16,backfill,O:CMCSA241018C00040000,40.0,2024-10-18,2024-10-01,1.7,2.03,1.49,1.79,309,32,1.7,,monthly_30d_atm,weekly_2_strike0,29,411
CMCSA,2024-09-19,2024-10-16,backfill,O:CMCSA241018C00040000,40.0,2024-10-18,2024-10-02,2.1,2.1,1.7,1.74,65,18,2.1,,monthly_30d_atm,weekly_2_strike0,29,411
CMCSA,2024-09-19,2024-10-16,backfill,O:CMCSA241018C00040000,40.0,2024-10-18,2024-10-03,1.28,1.41,1.18,1.41,111,23,1.28,,monthly_30d_atm,weekly_2_strike0,29,411
CMCSA,2024-09-19,2024-10-16,backfill,O:CMCSA241018C00040000,40.0,2024-10-18,2024-10-04,1.55,1.55,1.2,1.26,15,7,1.55,,monthly_30d_atm,weekly_2_strike0,29,411
CMCSA,2024-09-19,2024-10-16,backfill,O:CMCSA241018C00040000,40.0,2024-10-18,2024-10-07,1.26,1.3,1.13,1.13,10,6,1.26,,monthly_30d_atm,weekly_2_strike0,29,411
CMCSA,2024-09-19,2024-10-16,backfill,O:CMCSA241018C00040000,40.0,2024-10-18,2024-10-08,1.1,1.3,1.1,1.27,59,8,1.1,,monthly_30d_atm,weekly_2_strike0,29,411
CMCSA,2024-09-19,2024-10-16,backfill,O:CMCSA241018C00040000,40.0,2024-10-18,2024-10-09,1.28,1.57,1.28,1.57,79,5,1.28,,monthly_30d_atm,weekly_2_strike0,29,411
CMCSA,2024-09-19,2024-10-16,backfill,O:CMCSA241018C00040000,40.0,2024-10-18,2024-10-10,1.8,2.0,1.37,1.39,41,7,1.8,,monthly_30d_atm,weekly_2_strike0,29,411
CMCSA,2024-09-19,2024-10-16,backfill,O:CMCSA241018C00040000,40.0,2024-10-18,2024-10-11,1.35,1.51,1.35,1.51,4,4,1.35,,monthly_30d_atm,weekly_2_strike0,29,411
CMCSA,2024-09-19,2024-10-16,backfill,O:CMCSA241018C00040000,40.0,2024-10-18,2024-10-14,1.67,2.05,1.54,2.05,46,12,1.67,,monthly_30d_atm,weekly_2_strike0,29,411
CMCSA,2024-09-19,2024-10-16,backfill,O:CMCSA241018C00040000,40.0,2024-10-18,2024-10-15,2.3,2.78,2.15,2.15,83,10,2.3,,monthly_30d_atm,weekly_2_strike0,29,411
CMCSA,2024-09-19,2024-10-16,backfill,O:CMCSA241018C00040000,40.0,2024-10-18,2024-10-16,2.4,2.52,2.29,2.3,99,6,2.4,,monthly_30d_atm,weekly_2_strike0,29,411
CMCSA,2025-04-14,2025-05-12,backfill,O:CMCSA250516C00035000,35.0,2025-05-16,2025-04-14,0.94,1.22,0.94,1.1,162,22,0.94,,monthly_30d_35d_otm,weekly_2_strike0,32,162
CMCSA,2025-04-14,2025-05-12,backfill,O:CMCSA250516C00035000,35.0,2025-05-16,2025-04-15,1.25,1.31,1.2,1.24,125,30,1.25,,monthly_30d_35d_otm,weekly_2_strike0,32,162
CMCSA,2025-04-14,2025-05-12,backfill,O:CMCSA250516C00035000,35.0,2025-05-16,2025-04-16,1.08,1.09,0.89,0.9,323,19,1.08,,monthly_30d_35d_otm,weekly_2_strike0,32,162
CMCSA,2025-04-14,2025-05-12,backfill,O:CMCSA250516C00035000,35.0,2025-05-16,2025-04-17,0.91,1.08,0.9,0.98,175,18,0.91,,monthly_30d_35d_otm,weekly_2_strike0,32,162
CMCSA,2025-04-14,2025-05-12,backfill,O:CMCSA250516C00035000,35.0,2025-05-16,2025-04-21,0.78,0.93,0.71,0.76,117,37,0.78,,monthly_30d_35d_otm,weekly_2_strike0,32,162
CMCSA,2025-04-14,2025-05-12,backfill,O:CMCSA250516C00035000,35.0,2025-05-16,2025-04-22,0.85,1.0,0.85,1.0,49,12,0.85,,monthly_30d_35d_otm,weekly_2_strike0,32,162
CMCSA,2025-04-14,2025-05-12,backfill,O:CMCSA250516C00035000,35.0,2025-05-16,2025-04-23,1.3,1.3,1.08,1.08,2102,14,1.3,,monthly_30d_35d_otm,weekly_2_strike0,32,162
CMCSA,2025-04-14,2025-05-12,backfill,O:CMCSA250516C00035000,35.0,2025-05-16,2025-04-24,0.15,0.23,0.14,0.22,175,30,0.15,,monthly_30d_35d_otm,weekly_2_strike0,32,162
CMCSA,2025-04-14,2025-05-12,backfill,O:CMCSA250516C00035000,35.0,2025-05-16,2025-04-25,0.29,0.34,0.27,0.32,408,24,0.29,,monthly_30d_35d_otm,weekly_2_strike0,32,162
CMCSA,2025-04-14,2025-05-12,backfill,O:CMCSA250516C00035000,35.0,2025-05-16,2025-04-28,0.36,0.42,0.27,0.27,157,16,0.36,,monthly_30d_35d_otm,weekly_2_strike0,32,162
CMCSA,2025-04-14,2025-05-12,backfill,O:CMCSA250516C00035000,35.0,2025-05-16,2025-04-29,0.3,0.32,0.29,0.31,78,15,0.3,,monthly_30d_35d_otm,weekly_2_strike0,32,162
CMCSA,2025-04-14,2025-05-12,backfill,O:CMCSA250516C00035000,35.0,2025-05-16,2025-04-30,0.31,0.39,0.2,0.39,88,9,0.31,,monthly_30d_35d_otm,weekly_2_strike0,32,162
CMCSA,2025-04-14,2025-05-12,backfill,O:CMCSA250516C00035000,35.0,2025-05-16,2025-05-01,0.27,0.35,0.24,0.25,59,9,0.27,,monthly_30d_35d_otm,weekly_2_strike0,32,162
CMCSA,2025-04-14,2025-05-12,backfill,O:CMCSA250516C00035000,35.0,2025-05-16,2025-05-02,0.29,0.42,0.27,0.4,104,23,0.29,,monthly_30d_35d_otm,weekly_2_strike0,32,162
CMCSA,2025-04-14,2025-05-12,backfill,O:CMCSA250516C00035000,35.0,2025-05-16,2025-05-05,0.35,0.42,0.27,0.4,86,12,0.35,,monthly_30d_35d_otm,weekly_2_strike0,32,162
CMCSA,2025-04-14,2025-05-12,backfill,O:CMCSA250516C00035000,35.0,2025-05-16,2025-05-06,0.3,0.37,0.27,0.35,27,8,0.3,,monthly_30d_35d_otm,weekly_2_strike0,32,162
CMCSA,2025-04-14,2025-05-12,backfill,O:CMCSA250516C00035000,35.0,2025-05-16,2025-05-07,0.5,0.5,0.29,0.31,150,13,0.5,,monthly_30d_35d_otm,weekly_2_strike0,32,162
CMCSA,2025-04-14,2025-05-12,backfill,O:CMCSA250516C00035000,35.0,2025-05-16,2025-05-08,0.27,0.34,0.25,0.28,122,13,0.27,,monthly_30d_35d_otm,weekly_2_strike0,32,162
CMCSA,2025-04-14,2025-05-12,backfill,O:CMCSA250516C00035000,35.0,2025-05-16,2025-05-09,0.18,0.24,0.17,0.2,411,32,0.18,,monthly_30d_35d_otm,weekly_2_strike0,32,162
CMCSA,2025-04-14,2025-05-12,backfill,O:CMCSA250516C00035000,35.0,2025-05-16,2025-05-12,0.3,0.64,0.2,0.26,334,46,0.3,,monthly_30d_35d_otm,weekly_2_strike0,32,162
CMCSA,2025-12-30,2026-01-06,backfill,O:CMCSA260220C00030000,30.0,2026-02-20,2025-12-30,1.38,1.49,1.38,1.41,1759,27,1.38,,monthly_45d_atm,weekly_2_strike0,52,1759
CMCSA,2025-12-30,2026-01-06,backfill,O:CMCSA260220C00030000,30.0,2026-02-20,2025-12-31,1.34,1.41,1.34,1.35,126,17,1.34,,monthly_45d_atm,weekly_2_strike0,52,1759
CMCSA,2025-12-30,2026-01-06,backfill,O:CMCSA260220C00030000,30.0,2026-02-20,2026-01-02,1.35,1.35,1.07,1.17,149,14,1.35,,monthly_45d_atm,weekly_2_strike0,52,1759
CMCSA,2025-12-30,2026-01-06,backfill,O:CMCSA260220C00030000,30.0,2026-02-20,2026-01-06,0.51,0.51,0.38,0.44,1223,38,0.51,,monthly_45d_atm,weekly_2_strike0,52,1759
CMG,2020-05-14,2020-06-11,backfill,O:CMG200619C00980000,980.0,2020-06-19,2020-05-14,27.5,29.68,27.5,29.68,74,3,27.5,,monthly_30d_30d_otm,weekly_2_strike0,36,74
CMG,2020-05-14,2020-06-11,backfill,O:CMG200619C00980000,980.0,2020-06-19,2020-05-15,36.28,46.0,34.17,42.03,23,16,36.28,,monthly_30d_30d_otm,weekly_2_strike0,36,74
CMG,2020-05-14,2020-06-11,backfill,O:CMG200619C00980000,980.0,2020-06-19,2020-05-18,63.34,69.22,57.36,60.0,19,13,63.34,,monthly_30d_30d_otm,weekly_2_strike0,36,74
CMG,2020-05-14,2020-06-11,backfill,O:CMG200619C00980000,980.0,2020-06-19,2020-05-19,59.48,68.41,59.48,68.41,8,4,59.48,,monthly_30d_30d_otm,weekly_2_strike0,36,74
CMG,2020-05-14,2020-06-11,backfill,O:CMG200619C00980000,980.0,2020-06-19,2020-05-20,72.34,72.34,68.7,72.0,8,4,72.34,,monthly_30d_30d_otm,weekly_2_strike0,36,74
CMG,2020-05-14,2020-06-11,backfill,O:CMG200619C00980000,980.0,2020-06-19,2020-05-21,78.09,78.09,77.73,77.73,2,1,78.09,,monthly_30d_30d_otm,weekly_2_strike0,36,74
CMG,2020-05-14,2020-06-11,backfill,O:CMG200619C00980000,980.0,2020-06-19,2020-05-22,76.0,83.0,75.99,83.0,11,5,76.0,,monthly_30d_30d_otm,weekly_2_strike0,36,74
CMG,2020-05-14,2020-06-11,backfill,O:CMG200619C00980000,980.0,2020-06-19,2020-05-26,112.69,112.69,82.43,82.83,4,3,112.69,,monthly_30d_30d_otm,weekly_2_strike0,36,74
CMG,2020-05-14,2020-06-11,backfill,O:CMG200619C00980000,980.0,2020-06-19,2020-05-27,57.69,57.69,43.0,45.08,7,6,57.69,,monthly_30d_30d_otm,weekly_2_strike0,36,74
CMG,2020-05-14,2020-06-11,backfill,O:CMG200619C00980000,980.0,2020-06-19,2020-05-28,47.6,47.6,41.4,47.56,9,5,47.6,,monthly_30d_30d_otm,weekly_2_strike0,36,74
CMG,2020-05-14,2020-06-11,backfill,O:CMG200619C00980000,980.0,2020-06-19,2020-05-29,49.0,49.0,47.0,48.0,3,3,49.0,,monthly_30d_30d_otm,weekly_2_strike0,36,74
CMG,2020-05-14,2020-06-11,backfill,O:CMG200619C00980000,980.0,2020-06-19,2020-06-01,60.0,83.08,60.0,83.08,3,3,60.0,,monthly_30d_30d_otm,weekly_2_strike0,36,74
CMG,2020-05-14,2020-06-11,backfill,O:CMG200619C00980000,980.0,2020-06-19,2020-06-02,88.0,90.02,88.0,90.02,2,2,88.0,,monthly_30d_30d_otm,weekly_2_strike0,36,74
CMG,2020-05-14,2020-06-11,backfill,O:CMG200619C00980000,980.0,2020-06-19,2020-06-03,92.9,93.5,80.8,80.8,5,4,92.9,,monthly_30d_30d_otm,weekly_2_strike0,36,74
CMG,2020-05-14,2020-06-11,backfill,O:CMG200619C00980000,980.0,2020-06-19,2020-06-04,79.0,80.22,69.0,69.0,3,3,79.0,,monthly_30d_30d_otm,weekly_2_strike0,36,74
CMG,2020-05-14,2020-06-11,backfill,O:CMG200619C00980000,980.0,2020-06-19,2020-06-05,90.0,90.0,84.4,84.4,4,3,90.0,,monthly_30d_30d_otm,weekly_2_strike0,36,74
CMG,2020-05-14,2020-06-11,backfill,O:CMG200619C00980000,980.0,2020-06-19,2020-06-09,74.6,74.6,74.6,74.6,1,1,74.6,,monthly_30d_30d_otm,weekly_2_strike0,36,74
CMG,2020-05-14,2020-06-11,backfill,O:CMG200619C00980000,980.0,2020-06-19,2020-06-11,45.0,46.0,44.5,46.0,4,4,45.0,,monthly_30d_30d_otm,weekly_2_strike0,36,74
CMG,2021-07-22,2021-08-18,backfill,O:CMG210820C01830000,1830.0,2021-08-20,2021-07-22,25.11,44.5,24.4,42.68,24,16,25.11,,monthly_30d_35d_otm,weekly_2_strike0,29,24
CMG,2021-07-22,2021-08-18,backfill,O:CMG210820C01830000,1830.0,2021-08-20,2021-07-23,39.16,51.29,39.16,49.25,51,13,39.16,,monthly_30d_35d_otm,weekly_2_strike0,29,24
CMG,2021-07-22,2021-08-18,backfill,O:CMG210820C01830000,1830.0,2021-08-20,2021-07-26,48.85,52.3,33.7,34.9,48,15,48.85,,monthly_30d_35d_otm,weekly_2_strike0,29,24
CMG,2021-07-22,2021-08-18,backfill,O:CMG210820C01830000,1830.0,2021-08-20,2021-07-27,42.2,53.94,34.5,50.14,17,11,42.2,,monthly_30d_35d_otm,weekly_2_strike0,29,24
CMG,2021-07-22,2021-08-18,backfill,O:CMG210820C01830000,1830.0,2021-08-20,2021-07-28,46.05,48.7,35.0,37.6,28,10,46.05,,monthly_30d_35d_otm,weekly_2_strike0,29,24
CMG,2021-07-22,2021-08-18,backfill,O:CMG210820C01830000,1830.0,2021-08-20,2021-07-29,39.0,55.5,39.0,50.71,20,15,39.0,,monthly_30d_35d_otm,weekly_2_strike0,29,24
CMG,2021-07-22,2021-08-18,backfill,O:CMG210820C01830000,1830.0,2021-08-20,2021-07-30,44.6,61.0,44.6,61.0,37,9,44.6,,monthly_30d_35d_otm,weekly_2_strike0,29,24
CMG,2021-07-22,2021-08-18,backfill,O:CMG210820C01830000,1830.0,2021-08-20,2021-08-02,56.72,65.2,55.81,65.2,6,4,56.72,,monthly_30d_35d_otm,weekly_2_strike0,29,24
CMG,2021-07-22,2021-08-18,backfill,O:CMG210820C01830000,1830.0,2021-08-20,2021-08-03,71.62,71.85,71.62,71.85,2,2,71.62,,monthly_30d_35d_otm,weekly_2_strike0,29,24
CMG,2021-07-22,2021-08-18,backfill,O:CMG210820C01830000,1830.0,2021-08-20,2021-08-04,68.0,73.3,68.0,73.3,2,2,68.0,,monthly_30d_35d_otm,weekly_2_strike0,29,24
CMG,2021-07-22,2021-08-18,backfill,O:CMG210820C01830000,1830.0,2021-08-20,2021-08-05,68.47,78.01,68.47,78.01,2,2,68.47,,monthly_30d_35d_otm,weekly_2_strike0,29,24
CMG,2021-07-22,2021-08-18,backfill,O:CMG210820C01830000,1830.0,2021-08-20,2021-08-06,78.29,78.29,70.72,71.23,10,3,78.29,,monthly_30d_35d_otm,weekly_2_strike0,29,24
CMG,2021-07-22,2021-08-18,backfill,O:CMG210820C01830000,1830.0,2021-08-20,2021-08-09,62.48,62.48,62.16,62.16,2,2,62.48,,monthly_30d_35d_otm,weekly_2_strike0,29,24
CMG,2021-07-22,2021-08-18,backfill,O:CMG210820C01830000,1830.0,2021-08-20,2021-08-10,58.77,58.77,58.77,58.77,1,1,58.77,,monthly_30d_35d_otm,weekly_2_strike0,29,24
CMG,2021-07-22,2021-08-18,backfill,O:CMG210820C01830000,1830.0,2021-08-20,2021-08-11,43.3,43.3,43.3,43.3,1,1,43.3,,monthly_30d_35d_otm,weekly_2_strike0,29,24
CMG,2021-07-22,2021-08-18,backfill,O:CMG210820C01830000,1830.0,2021-08-20,2021-08-12,38.45,52.06,38.45,52.06,4,3,38.45,,monthly_30d_35d_otm,weekly_2_strike0,29,24
CMG,2021-07-22,2021-08-18,backfill,O:CMG210820C01830000,1830.0,2021-08-20,2021-08-13,59.28,59.28,54.89,57.0,3,3,59.28,,monthly_30d_35d_otm,weekly_2_strike0,29,24
CMG,2021-07-22,2021-08-18,backfill,O:CMG210820C01830000,1830.0,2021-08-20,2021-08-16,53.3,53.3,53.3,53.3,1,1,53.3,,monthly_30d_35d_otm,weekly_2_strike0,29,24
CMG,2021-07-22,2021-08-18,backfill,O:CMG210820C01830000,1830.0,2021-08-20,2021-08-17,35.95,39.3,35.95,37.93,8,3,35.95,,monthly_30d_35d_otm,weekly_2_strike0,29,24
CMG,2021-07-22,2021-08-18,backfill,O:CMG210820C01830000,1830.0,2021-08-20,2021-08-18,40.09,41.7,26.1,26.1,6,6,40.09,,monthly_30d_35d_otm,weekly_2_strike0,29,24
CMG,2022-08-10,2022-09-07,backfill,O:CMG220916C01820000,1820.0,2022-09-16,2022-08-10,15.37,16.0,14.3,16.0,23,9,15.37,,monthly_30d_30d_otm,weekly_2_strike2,37,23
CMG,2022-08-10,2022-09-07,backfill,O:CMG220916C01820000,1820.0,2022-09-16,2022-08-15,11.7,15.5,11.7,15.5,11,4,11.7,,monthly_30d_30d_otm,weekly_2_strike2,37,23
CMG,2022-08-10,2022-09-07,backfill,O:CMG220916C01820000,1820.0,2022-09-16,2022-08-16,20.0,20.0,20.0,20.0,1,1,20.0,,monthly_30d_30d_otm,weekly_2_strike2,37,23
CMG,2022-08-10,2022-09-07,backfill,O:CMG220916C01820000,1820.0,2022-09-16,2022-08-17,16.61,16.61,16.61,16.61,5,1,16.61,,monthly_30d_30d_otm,weekly_2_strike2,37,23
CMG,2022-08-10,2022-09-07,backfill,O:CMG220916C01820000,1820.0,2022-09-16,2022-08-22,4.3,5.47,4.3,5.21,13,3,4.3,,monthly_30d_30d_otm,weekly_2_strike2,37,23
CMG,2022-08-10,2022-09-07,backfill,O:CMG220916C01820000,1820.0,2022-09-16,2022-08-23,5.22,5.22,4.91,5.04,12,3,5.22,,monthly_30d_30d_otm,weekly_2_strike2,37,23
CMG,2022-08-10,2022-09-07,backfill,O:CMG220916C01820000,1820.0,2022-09-16,2022-08-26,2.15,2.15,2.15,2.15,1,1,2.15,,monthly_30d_30d_otm,weekly_2_strike2,37,23
CMG,2022-08-10,2022-09-07,backfill,O:CMG220916C01820000,1820.0,2022-09-16,2022-09-07,1.4,1.4,1.05,1.05,5,3,1.4,,monthly_30d_30d_otm,weekly_2_strike2,37,23
CMG,2024-03-26,2024-04-23,backfill,O:CMG240419C02990000,2990.0,2024-04-19,2024-03-26,62.3,62.51,48.7,48.7,21,5,62.3,,monthly_30d_30d_otm,weekly_2_strike0,24,21
CMG,2024-03-26,2024-04-23,backfill,O:CMG240419C02990000,2990.0,2024-04-19,2024-03-27,60.15,60.15,28.4,28.4,3,3,60.15,,monthly_30d_30d_otm,weekly_2_strike0,24,21
CMG,2024-03-26,2024-04-23,backfill,O:CMG240419C02990000,2990.0,2024-04-19,2024-03-28,33.77,36.0,33.77,36.0,2,2,33.77,,monthly_30d_30d_otm,weekly_2_strike0,24,21
CMG,2024-03-26,2024-04-23,backfill,O:CMG240419C02990000,2990.0,2024-04-19,2024-04-01,17.9,17.9,13.0,13.79,15,3,17.9,,monthly_30d_30d_otm,weekly_2_strike0,24,21
CMG,2024-03-26,2024-04-23,backfill,O:CMG240419C02990000,2990.0,2024-04-19,2024-04-02,13.7,16.5,13.7,15.4,8,5,13.7,,monthly_30d_30d_otm,weekly_2_strike0,24,21
CMG,2024-03-26,2024-04-23,backfill,O:CMG240419C02990000,2990.0,2024-04-19,2024-04-03,14.11,14.11,14.11,14.11,3,1,14.11,,monthly_30d_30d_otm,weekly_2_strike0,24,21
CMG,2024-03-26,2024-04-23,backfill,O:CMG240419C02990000,2990.0,2024-04-19,2024-04-04,21.0,21.0,11.38,11.38,4,4,21.0,,monthly_30d_30d_otm,weekly_2_strike0,24,21
CMG,2024-03-26,2024-04-23,backfill,O:CMG240419C02990000,2990.0,2024-04-19,2024-04-05,15.15,15.25,15.15,15.25,10,2,15.15,,monthly_30d_30d_otm,weekly_2_strike0,24,21
CMG,2024-03-26,2024-04-23,backfill,O:CMG240419C02990000,2990.0,2024-04-19,2024-04-08,21.22,21.55,19.9,21.55,25,7,21.22,,monthly_30d_30d_otm,weekly_2_strike0,24,21
CMG,2024-03-26,2024-04-23,backfill,O:CMG240419C02990000,2990.0,2024-04-19,2024-04-09,26.0,26.0,11.25,13.5,16,7,26.0,,monthly_30d_30d_otm,weekly_2_strike0,24,21
CMG,2024-03-26,2024-04-23,backfill,O:CMG240419C02990000,2990.0,2024-04-19,2024-04-10,12.6,24.16,12.6,20.7,20,8,12.6,,monthly_30d_30d_otm,weekly_2_strike0,24,21
CMG,2024-03-26,2024-04-23,backfill,O:CMG240419C02990000,2990.0,2024-04-19,2024-04-11,32.2,44.2,32.2,39.0,36,21,32.2,,monthly_30d_30d_otm,weekly_2_strike0,24,21
CMG,2024-03-26,2024-04-23,backfill,O:CMG240419C02990000,2990.0,2024-04-19,2024-04-12,39.5,39.5,25.0,26.3,29,21,39.5,,monthly_30d_30d_otm,weekly_2_strike0,24,21
CMG,2024-03-26,2024-04-23,backfill,O:CMG240419C02990000,2990.0,2024-04-19,2024-04-15,29.0,30.0,11.5,13.0,11,9,29.0,,monthly_30d_30d_otm,weekly_2_strike0,24,21
CMG,2024-03-26,2024-04-23,backfill,O:CMG240419C02990000,2990.0,2024-04-19,2024-04-16,10.0,10.0,6.5,8.08,14,11,10.0,,monthly_30d_30d_otm,weekly_2_strike0,24,21
CMG,2024-03-26,2024-04-23,backfill,O:CMG240419C02990000,2990.0,2024-04-19,2024-04-17,12.0,12.0,1.4,1.8,16,12,12.0,,monthly_30d_30d_otm,weekly_2_strike0,24,21
CMG,2024-03-26,2024-04-23,backfill,O:CMG240419C02990000,2990.0,2024-04-19,2024-04-18,2.0,2.0,0.31,0.53,27,14,2.0,,monthly_30d_30d_otm,weekly_2_strike0,24,21
CMG,2024-03-26,2024-04-23,backfill,O:CMG240419C02990000,2990.0,2024-04-19,2024-04-19,0.92,0.92,0.02,0.05,6,5,0.92,,monthly_30d_30d_otm,weekly_2_strike0,24,21
CMG,2024-05-09,2024-06-06,backfill,O:CMG240621C03300000,3300.0,2024-06-21,2024-05-09,50.0,55.5,45.0,55.0,8,8,50.0,,monthly_30d_35d_otm,weekly_2_strike0,43,8
CMG,2024-05-09,2024-06-06,backfill,O:CMG240621C03300000,3300.0,2024-06-21,2024-05-10,61.29,71.7,54.6,63.0,30,10,61.29,,monthly_30d_35d_otm,weekly_2_strike0,43,8
CMG,2024-05-09,2024-06-06,backfill,O:CMG240621C03300000,3300.0,2024-06-21,2024-05-13,52.7,52.7,42.0,42.0,9,7,52.7,,monthly_30d_35d_otm,weekly_2_strike0,43,8
CMG,2024-05-09,2024-06-06,backfill,O:CMG240621C03300000,3300.0,2024-06-21,2024-05-14,39.2,39.9,39.2,39.9,12,2,39.2,,monthly_30d_35d_otm,weekly_2_strike0,43,8
CMG,2024-05-09,2024-06-06,backfill,O:CMG240621C03300000,3300.0,2024-06-21,2024-05-15,34.0,35.0,29.3,31.9,26,7,34.0,,monthly_30d_35d_otm,weekly_2_strike0,43,8
CMG,2024-05-09,2024-06-06,backfill,O:CMG240621C03300000,3300.0,2024-06-21,2024-05-16,31.7,31.7,26.18,26.19,8,5,31.7,,monthly_30d_35d_otm,weekly_2_strike0,43,8
CMG,2024-05-09,2024-06-06,backfill,O:CMG240621C03300000,3300.0,2024-06-21,2024-05-17,27.01,42.6,27.01,42.6,21,11,27.01,,monthly_30d_35d_otm,weekly_2_strike0,43,8
CMG,2024-05-09,2024-06-06,backfill,O:CMG240621C03300000,3300.0,2024-06-21,2024-05-20,43.8,48.6,28.04,28.04,11,9,43.8,,monthly_30d_35d_otm,weekly_2_strike0,43,8
CMG,2024-05-09,2024-06-06,backfill,O:CMG240621C03300000,3300.0,2024-06-21,2024-05-21,26.25,26.25,26.0,26.0,2,2,26.25,,monthly_30d_35d_otm,weekly_2_strike0,43,8
CMG,2024-05-09,2024-06-06,backfill,O:CMG240621C03300000,3300.0,2024-06-21,2024-05-22,19.25,23.3,18.2,20.58,15,10,19.25,,monthly_30d_35d_otm,weekly_2_strike0,43,8
CMG,2024-05-09,2024-06-06,backfill,O:CMG240621C03300000,3300.0,2024-06-21,2024-05-23,17.38,21.5,17.38,17.9,7,5,17.38,,monthly_30d_35d_otm,weekly_2_strike0,43,8
CMG,2024-05-09,2024-06-06,backfill,O:CMG240621C03300000,3300.0,2024-06-21,2024-05-24,19.6,22.1,17.53,17.54,7,6,19.6,,monthly_30d_35d_otm,weekly_2_strike0,43,8
CMG,2024-05-09,2024-06-06,backfill,O:CMG240621C03300000,3300.0,2024-06-21,2024-05-28,19.0,19.0,14.0,15.5,16,10,19.0,,monthly_30d_35d_otm,weekly_2_strike0,43,8
CMG,2024-05-09,2024-06-06,backfill,O:CMG240621C03300000,3300.0,2024-06-21,2024-05-29,13.5,13.5,8.2,9.08,49,15,13.5,,monthly_30d_35d_otm,weekly_2_strike0,43,8
CMG,2024-05-09,2024-06-06,backfill,O:CMG240621C03300000,3300.0,2024-06-21,2024-05-30,8.0,9.0,6.96,9.0,13,8,8.0,,monthly_30d_35d_otm,weekly_2_strike0,43,8
CMG,2024-05-09,2024-06-06,backfill,O:CMG240621C03300000,3300.0,2024-06-21,2024-05-31,9.3,9.3,5.8,7.5,15,6,9.3,,monthly_30d_35d_otm,weekly_2_strike0,43,8
CMG,2024-05-09,2024-06-06,backfill,O:CMG240621C03300000,3300.0,2024-06-21,2024-06-03,3.8,6.5,3.8,4.4,56,5,3.8,,monthly_30d_35d_otm,weekly_2_strike0,43,8
CMG,2024-05-09,2024-06-06,backfill,O:CMG240621C03300000,3300.0,2024-06-21,2024-06-04,7.73,8.8,5.21,6.25,14,8,7.73,,monthly_30d_35d_otm,weekly_2_strike0,43,8
CMG,2024-05-09,2024-06-06,backfill,O:CMG240621C03300000,3300.0,2024-06-21,2024-06-05,9.7,13.2,8.85,11.3,26,12,9.7,,monthly_30d_35d_otm,weekly_2_strike0,43,8
CMG,2024-05-09,2024-06-06,backfill,O:CMG240621C03300000,3300.0,2024-06-21,2024-06-06,15.13,28.92,12.38,27.0,89,43,15.13,,monthly_30d_35d_otm,weekly_2_strike0,43,8
COF,2021-05-06,2021-06-03,backfill,O:COF210618C00160000,160.0,2021-06-18,2021-05-06,4.1,4.73,3.15,4.73,148,12,4.1,,monthly_30d_35d_otm,weekly_2_strike0,43,148
COF,2021-05-06,2021-06-03,backfill,O:COF210618C00160000,160.0,2021-06-18,2021-05-07,4.07,5.18,4.07,5.15,47,14,4.07,,monthly_30d_35d_otm,weekly_2_strike0,43,148
COF,2021-05-06,2021-06-03,backfill,O:COF210618C00160000,160.0,2021-06-18,2021-05-10,5.9,6.1,5.6,6.05,65,12,5.9,,monthly_30d_35d_otm,weekly_2_strike0,43,148
COF,2021-05-06,2021-06-03,backfill,O:COF210618C00160000,160.0,2021-06-18,2021-05-11,4.25,4.85,3.83,3.98,99,15,4.25,,monthly_30d_35d_otm,weekly_2_strike0,43,148
COF,2021-05-06,2021-06-03,backfill,O:COF210618C00160000,160.0,2021-06-18,2021-05-12,3.8,4.48,3.65,3.65,36,6,3.8,,monthly_30d_35d_otm,weekly_2_strike0,43,148
COF,2021-05-06,2021-06-03,backfill,O:COF210618C00160000,160.0,2021-06-18,2021-05-13,4.2,4.85,4.09,4.5,19,8,4.2,,monthly_30d_35d_otm,weekly_2_strike0,43,148
COF,2021-05-06,2021-06-03,backfill,O:COF210618C00160000,160.0,2021-06-18,2021-05-14,5.6,5.6,4.75,4.96,17,8,5.6,,monthly_30d_35d_otm,weekly_2_strike0,43,148
COF,2021-05-06,2021-06-03,backfill,O:COF210618C00160000,160.0,2021-06-18,2021-05-17,4.87,6.18,4.87,6.05,70,24,4.87,,monthly_30d_35d_otm,weekly_2_strike0,43,148
COF,2021-05-06,2021-06-03,backfill,O:COF210618C00160000,160.0,2021-06-18,2021-05-18,6.05,6.26,4.78,4.78,18,7,6.05,,monthly_30d_35d_otm,weekly_2_strike0,43,148
COF,2021-05-06,2021-06-03,backfill,O:COF210618C00160000,160.0,2021-06-18,2021-05-19,3.45,4.15,3.29,4.1,80,16,3.45,,monthly_30d_35d_otm,weekly_2_strike0,43,148
COF,2021-05-06,2021-06-03,backfill,O:COF210618C00160000,160.0,2021-06-18,2021-05-20,4.0,4.8,3.65,4.35,46,14,4.0,,monthly_30d_35d_otm,weekly_2_strike0,43,148
COF,2021-05-06,2021-06-03,backfill,O:COF210618C00160000,160.0,2021-06-18,2021-05-21,5.25,6.25,4.75,5.1,28,18,5.25,,monthly_30d_35d_otm,weekly_2_strike0,43,148
COF,2021-05-06,2021-06-03,backfill,O:COF210618C00160000,160.0,2021-06-18,2021-05-24,5.3,5.8,4.95,5.36,79,14,5.3,,monthly_30d_35d_otm,weekly_2_strike0,43,148
COF,2021-05-06,2021-06-03,backfill,O:COF210618C00160000,160.0,2021-06-18,2021-05-25,5.79,6.0,4.15,4.15,34,14,5.79,,monthly_30d_35d_otm,weekly_2_strike0,43,148
COF,2021-05-06,2021-06-03,backfill,O:COF210618C00160000,160.0,2021-06-18,2021-05-26,3.85,4.6,3.85,4.15,975,21,3.85,,monthly_30d_35d_otm,weekly_2_strike0,43,148
COF,2021-05-06,2021-06-03,backfill,O:COF210618C00160000,160.0,2021-06-18,2021-05-27,5.0,5.75,4.69,4.78,24,6,5.0,,monthly_30d_35d_otm,weekly_2_strike0,43,148
COF,2021-05-06,2021-06-03,backfill,O:COF210618C00160000,160.0,2021-06-18,2021-05-28,4.25,4.75,4.25,4.6,55,10,4.25,,monthly_30d_35d_otm,weekly_2_strike0,43,148
COF,2021-05-06,2021-06-03,backfill,O:COF210618C00160000,160.0,2021-06-18,2021-06-01,7.6,8.4,6.53,8.3,65,21,7.6,,monthly_30d_35d_otm,weekly_2_strike0,43,148
COF,2021-05-06,2021-06-03,backfill,O:COF210618C00160000,160.0,2021-06-18,2021-06-02,7.59,8.78,7.59,8.11,20,10,7.59,,monthly_30d_35d_otm,weekly_2_strike0,43,148
COF,2021-05-06,2021-06-03,backfill,O:COF210618C00160000,160.0,2021-06-18,2021-06-03,7.34,8.78,7.33,7.96,218,12,7.34,,monthly_30d_35d_otm,weekly_2_strike0,43,148
COF,2022-11-11,2022-12-06,backfill,O:COF221216C00115000,115.0,2022-12-16,2022-11-11,6.0,7.46,6.0,6.8,117,8,6.0,,monthly_30d_atm,weekly_1_strike0,35,117
COF,2022-11-11,2022-12-06,backfill,O:COF221216C00115000,115.0,2022-12-16,2022-11-14,6.0,6.0,3.95,3.95,142,17,6.0,,monthly_30d_atm,weekly_1_strike0,35,117
COF,2022-11-11,2022-12-06,backfill,O:COF221216C00115000,115.0,2022-12-16,2022-11-15,2.62,2.62,1.24,1.24,99,15,2.62,,monthly_30d_atm,weekly_1_strike0,35,117
COF,2022-11-11,2022-12-06,backfill,O:COF221216C00115000,115.0,2022-12-16,2022-11-16,1.2,1.2,0.7,0.9,431,19,1.2,,monthly_30d_atm,weekly_1_strike0,35,117
COF,2022-11-11,2022-12-06,backfill,O:COF221216C00115000,115.0,2022-12-16,2022-11-17,0.55,0.55,0.54,0.55,11,9,0.55,,monthly_30d_atm,weekly_1_strike0,35,117
COF,2022-11-11,2022-12-06,backfill,O:COF221216C00115000,115.0,2022-12-16,2022-11-18,0.6,0.6,0.45,0.45,35,7,0.6,,monthly_30d_atm,weekly_1_strike0,35,117
COF,2022-11-11,2022-12-06,backfill,O:COF221216C00115000,115.0,2022-12-16,2022-11-21,0.43,0.43,0.3,0.38,18,6,0.43,,monthly_30d_atm,weekly_1_strike0,35,117
COF,2022-11-11,2022-12-06,backfill,O:COF221216C00115000,115.0,2022-12-16,2022-11-22,0.58,0.6,0.35,0.4,77,14,0.58,,monthly_30d_atm,weekly_1_strike0,35,117
COF,2022-11-11,2022-12-06,backfill,O:COF221216C00115000,115.0,2022-12-16,2022-11-23,0.34,0.4,0.34,0.4,7,2,0.34,,monthly_30d_atm,weekly_1_strike0,35,117
COF,2022-11-11,2022-12-06,backfill,O:COF221216C00115000,115.0,2022-12-16,2022-11-25,0.3,0.3,0.26,0.26,7,3,0.3,,monthly_30d_atm,weekly_1_strike0,35,117
COF,2022-11-11,2022-12-06,backfill,O:COF221216C00115000,115.0,2022-12-16,2022-11-28,0.2,0.22,0.14,0.2,6,4,0.2,,monthly_30d_atm,weekly_1_strike0,35,117
COF,2022-11-11,2022-12-06,backfill,O:COF221216C00115000,115.0,2022-12-16,2022-11-30,0.15,0.22,0.14,0.22,8,5,0.15,,monthly_30d_atm,weekly_1_strike0,35,117
COF,2022-11-11,2022-12-06,backfill,O:COF221216C00115000,115.0,2022-12-16,2022-12-01,0.12,0.12,0.1,0.1,6,2,0.12,,monthly_30d_atm,weekly_1_strike0,35,117
COF,2022-11-11,2022-12-06,backfill,O:COF221216C00115000,115.0,2022-12-16,2022-12-02,0.05,0.05,0.05,0.05,1,1,0.05,,monthly_30d_atm,weekly_1_strike0,35,117
COF,2022-11-11,2022-12-06,backfill,O:COF221216C00115000,115.0,2022-12-16,2022-12-05,0.05,0.05,0.05,0.05,4,1,0.05,,monthly_30d_atm,weekly_1_strike0,35,117
COF,2023-02-01,2023-03-01,backfill,O:COF230317C00130000,130.0,2023-03-17,2023-02-01,0.69,1.15,0.69,0.95,15,8,0.69,,monthly_30d_20d_otm,weekly_2_strike0,44,15
COF,2023-02-01,2023-03-01,backfill,O:COF230317C00130000,130.0,2023-03-17,2023-02-02,1.7,2.55,1.7,2.0,489,17,1.7,,monthly_30d_20d_otm,weekly_2_strike0,44,15
COF,2023-02-01,2023-03-01,backfill,O:COF230317C00130000,130.0,2023-03-17,2023-02-03,1.65,2.86,1.65,2.35,769,33,1.65,,monthly_30d_20d_otm,weekly_2_strike0,44,15
COF,2023-02-01,2023-03-01,backfill,O:COF230317C00130000,130.0,2023-03-17,2023-02-06,1.3,1.47,1.3,1.3,52,5,1.3,,monthly_30d_20d_otm,weekly_2_strike0,44,15
COF,2023-02-01,2023-03-01,backfill,O:COF230317C00130000,130.0,2023-03-17,2023-02-07,1.5,1.72,1.5,1.72,31,6,1.5,,monthly_30d_20d_otm,weekly_2_strike0,44,15
COF,2023-02-01,2023-03-01,backfill,O:COF230317C00130000,130.0,2023-03-17,2023-02-08,1.42,1.45,1.23,1.28,23,5,1.42,,monthly_30d_20d_otm,weekly_2_strike0,44,15
COF,2023-02-01,2023-03-01,backfill,O:COF230317C00130000,130.0,2023-03-17,2023-02-09,1.2,1.2,0.92,0.92,12,7,1.2,,monthly_30d_20d_otm,weekly_2_strike0,44,15
COF,2023-02-01,2023-03-01,backfill,O:COF230317C00130000,130.0,2023-03-17,2023-02-10,0.86,0.86,0.75,0.75,3,3,0.86,,monthly_30d_20d_otm,weekly_2_strike0,44,15
COF,2023-02-01,2023-03-01,backfill,O:COF230317C00130000,130.0,2023-03-17,2023-02-13,0.8,0.9,0.8,0.9,12,3,0.8,,monthly_30d_20d_otm,weekly_2_strike0,44,15
COF,2023-02-01,2023-03-01,backfill,O:COF230317C00130000,130.0,2023-03-17,2023-02-14,0.6,0.6,0.49,0.55,47,13,0.6,,monthly_30d_20d_otm,weekly_2_strike0,44,15
COF,2023-02-01,2023-03-01,backfill,O:COF230317C00130000,130.0,2023-03-17,2023-02-15,0.47,0.47,0.37,0.4,30,5,0.47,,monthly_30d_20d_otm,weekly_2_strike0,44,15
COF,2023-02-01,2023-03-01,backfill,O:COF230317C00130000,130.0,2023-03-17,2023-02-16,0.27,0.27,0.26,0.26,3,2,0.27,,monthly_30d_20d_otm,weekly_2_strike0,44,15
COF,2023-02-01,2023-03-01,backfill,O:COF230317C00130000,130.0,2023-03-17,2023-02-17,0.15,0.15,0.15,0.15,34,2,0.15,,monthly_30d_20d_otm,weekly_2_strike0,44,15
COF,2023-02-01,2023-03-01,backfill,O:COF230317C00130000,130.0,2023-03-17,2023-02-21,0.15,0.16,0.1,0.15,455,5,0.15,,monthly_30d_20d_otm,weekly_2_strike0,44,15
COF,2023-02-01,2023-03-01,backfill,O:COF230317C00130000,130.0,2023-03-17,2023-02-22,0.1,0.1,0.07,0.07,2,2,0.1,,monthly_30d_20d_otm,weekly_2_strike0,44,15
COF,2023-02-01,2023-03-01,backfill,O:COF230317C00130000,130.0,2023-03-17,2023-02-23,0.08,0.08,0.05,0.05,9,3,0.08,,monthly_30d_20d_otm,weekly_2_strike0,44,15
COF,2023-02-01,2023-03-01,backfill,O:COF230317C00130000,130.0,2023-03-17,2023-02-24,0.05,0.05,0.05,0.05,2,1,0.05,,monthly_30d_20d_otm,weekly_2_strike0,44,15
COF,2023-02-01,2023-03-01,backfill,O:COF230317C00130000,130.0,2023-03-17,2023-02-27,0.05,0.05,0.02,0.05,11,4,0.05,,monthly_30d_20d_otm,weekly_2_strike0,44,15
COF,2023-02-01,2023-03-01,backfill,O:COF230317C00130000,130.0,2023-03-17,2023-03-01,0.13,0.13,0.06,0.06,10,2,0.13,,monthly_30d_20d_otm,weekly_2_strike0,44,15
COF,2023-06-01,2023-06-29,backfill,O:COF230721C00115000,115.0,2023-07-21,2023-06-01,2.08,2.4,2.08,2.33,23,6,2.08,,monthly_30d_25d_otm,weekly_2_strike0,50,23
COF,2023-06-01,2023-06-29,backfill,O:COF230721C00115000,115.0,2023-07-21,2023-06-02,2.99,3.9,2.8,3.58,413,27,2.99,,monthly_30d_25d_otm,weekly_2_strike0,50,23
COF,2023-06-01,2023-06-29,backfill,O:COF230721C00115000,115.0,2023-07-21,2023-06-05,3.34,3.4,2.95,2.95,204,29,3.34,,monthly_30d_25d_otm,weekly_2_strike0,50,23
COF,2023-06-01,2023-06-29,backfill,O:COF230721C00115000,115.0,2023-07-21,2023-06-06,3.8,4.17,3.8,3.98,90,17,3.8,,monthly_30d_25d_otm,weekly_2_strike0,50,23
COF,2023-06-01,2023-06-29,backfill,O:COF230721C00115000,115.0,2023-07-21,2023-06-07,4.13,4.8,4.13,4.72,777,28,4.13,,monthly_30d_25d_otm,weekly_2_strike0,50,23
COF,2023-06-01,2023-06-29,backfill,O:COF230721C00115000,115.0,2023-07-21,2023-06-08,3.4,3.48,3.3,3.34,27,4,3.4,,monthly_30d_25d_otm,weekly_2_strike0,50,23
COF,2023-06-01,2023-06-29,backfill,O:COF230721C00115000,115.0,2023-07-21,2023-06-09,3.3,3.4,3.2,3.3,33,11,3.3,,monthly_30d_25d_otm,weekly_2_strike0,50,23
COF,2023-06-01,2023-06-29,backfill,O:COF230721C00115000,115.0,2023-07-21,2023-06-12,3.7,3.7,3.06,3.4,107,13,3.7,,monthly_30d_25d_otm,weekly_2_strike0,50,23
COF,2023-06-01,2023-06-29,backfill,O:COF230721C00115000,115.0,2023-07-21,2023-06-13,4.2,4.3,3.7,4.0,116,19,4.2,,monthly_30d_25d_otm,weekly_2_strike0,50,23
COF,2023-06-01,2023-06-29,backfill,O:COF230721C00115000,115.0,2023-07-21,2023-06-14,4.4,4.8,3.63,3.63,223,13,4.4,,monthly_30d_25d_otm,weekly_2_strike0,50,23
COF,2023-06-01,2023-06-29,backfill,O:COF230721C00115000,115.0,2023-07-21,2023-06-15,2.35,3.4,2.35,3.4,468,19,2.35,,monthly_30d_25d_otm,weekly_2_strike0,50,23
COF,2023-06-01,2023-06-29,backfill,O:COF230721C00115000,115.0,2023-07-21,2023-06-16,3.0,3.0,2.6,2.6,1013,18,3.0,,monthly_30d_25d_otm,weekly_2_strike0,50,23
COF,2023-06-01,2023-06-29,backfill,O:COF230721C00115000,115.0,2023-07-21,2023-06-20,2.0,2.1,1.89,2.1,27,6,2.0,,monthly_30d_25d_otm,weekly_2_strike0,50,23
COF,2023-06-01,2023-06-29,backfill,O:COF230721C00115000,115.0,2023-07-21,2023-06-21,2.13,2.23,1.86,1.86,269,13,2.13,,monthly_30d_25d_otm,weekly_2_strike0,50,23
COF,2023-06-01,2023-06-29,backfill,O:COF230721C00115000,115.0,2023-07-21,2023-06-22,1.25,1.41,1.25,1.3,38,10,1.25,,monthly_30d_25d_otm,weekly_2_strike0,50,23
COF,2023-06-01,2023-06-29,backfill,O:COF230721C00115000,115.0,2023-07-21,2023-06-23,1.15,1.4,1.15,1.25,382,8,1.15,,monthly_30d_25d_otm,weekly_2_strike0,50,23
COF,2023-06-01,2023-06-29,backfill,O:COF230721C00115000,115.0,2023-07-21,2023-06-26,1.76,1.76,1.3,1.3,14,7,1.76,,monthly_30d_25d_otm,weekly_2_strike0,50,23
COF,2023-06-01,2023-06-29,backfill,O:COF230721C00115000,115.0,2023-07-21,2023-06-27,1.19,1.65,1.19,1.62,753,7,1.19,,monthly_30d_25d_otm,weekly_2_strike0,50,23
COF,2023-06-01,2023-06-29,backfill,O:COF230721C00115000,115.0,2023-07-21,2023-06-28,1.27,1.6,1.27,1.6,117,3,1.27,,monthly_30d_25d_otm,weekly_2_strike0,50,23
COF,2023-06-01,2023-06-29,backfill,O:COF230721C00115000,115.0,2023-07-21,2023-06-29,1.52,1.53,1.5,1.5,3,2,1.52,,monthly_30d_25d_otm,weekly_2_strike0,50,23
COF,2024-12-10,2025-01-08,backfill,O:COF250117C00190000,190.0,2025-01-17,2024-12-10,4.8,4.95,4.1,4.95,49,13,4.8,,monthly_30d_35d_otm,weekly_2_strike0,38,49
COF,2024-12-10,2025-01-08,backfill,O:COF250117C00190000,190.0,2025-01-17,2024-12-11,4.42,5.5,4.2,5.5,19,11,4.42,,monthly_30d_35d_otm,weekly_2_strike0,38,49
COF,2024-12-10,2025-01-08,backfill,O:COF250117C00190000,190.0,2025-01-17,2024-12-12,4.7,5.04,4.4,5.04,36,7,4.7,,monthly_30d_35d_otm,weekly_2_strike0,38,49
COF,2024-12-10,2025-01-08,backfill,O:COF250117C00190000,190.0,2025-01-17,2024-12-13,4.2,4.29,4.11,4.24,12,8,4.2,,monthly_30d_35d_otm,weekly_2_strike0,38,49
COF,2024-12-10,2025-01-08,backfill,O:COF250117C00190000,190.0,2025-01-17,2024-12-16,4.2,4.4,3.78,4.4,24,9,4.2,,monthly_30d_35d_otm,weekly_2_strike0,38,49
COF,2024-12-10,2025-01-08,backfill,O:COF250117C00190000,190.0,2025-01-17,2024-12-17,4.0,4.0,2.97,2.97,12,6,4.0,,monthly_30d_35d_otm,weekly_2_strike0,38,49
COF,2024-12-10,2025-01-08,backfill,O:COF250117C00190000,190.0,2025-01-17,2024-12-18,3.1,3.3,1.75,1.85,1081,18,3.1,,monthly_30d_35d_otm,weekly_2_strike0,38,49
COF,2024-12-10,2025-01-08,backfill,O:COF250117C00190000,190.0,2025-01-17,2024-12-19,1.95,2.1,1.86,1.95,10,5,1.95,,monthly_30d_35d_otm,weekly_2_strike0,38,49
COF,2024-12-10,2025-01-08,backfill,O:COF250117C00190000,190.0,2025-01-17,2024-12-20,1.8,2.97,1.8,2.25,27,10,1.8,,monthly_30d_35d_otm,weekly_2_strike0,38,49
COF,2024-12-10,2025-01-08,backfill,O:COF250117C00190000,190.0,2025-01-17,2024-12-23,1.75,2.2,1.75,2.03,33,12,1.75,,monthly_30d_35d_otm,weekly_2_strike0,38,49
COF,2024-12-10,2025-01-08,backfill,O:COF250117C00190000,190.0,2025-01-17,2024-12-24,1.85,2.0,1.85,2.0,10,4,1.85,,monthly_30d_35d_otm,weekly_2_strike0,38,49
COF,2024-12-10,2025-01-08,backfill,O:COF250117C00190000,190.0,2025-01-17,2024-12-26,1.65,2.2,1.65,2.1,6,4,1.65,,monthly_30d_35d_otm,weekly_2_strike0,38,49
COF,2024-12-10,2025-01-08,backfill,O:COF250117C00190000,190.0,2025-01-17,2024-12-27,2.02,2.02,1.6,1.6,3,3,2.02,,monthly_30d_35d_otm,weekly_2_strike0,38,49
COF,2024-12-10,2025-01-08,backfill,O:COF250117C00190000,190.0,2025-01-17,2024-12-30,1.1,1.33,1.1,1.17,20,6,1.1,,monthly_30d_35d_otm,weekly_2_strike0,38,49
COF,2024-12-10,2025-01-08,backfill,O:COF250117C00190000,190.0,2025-01-17,2024-12-31,1.15,1.2,1.15,1.2,10,4,1.15,,monthly_30d_35d_otm,weekly_2_strike0,38,49
COF,2024-12-10,2025-01-08,backfill,O:COF250117C00190000,190.0,2025-01-17,2025-01-02,1.6,1.6,1.0,1.0,19,8,1.6,,monthly_30d_35d_otm,weekly_2_strike0,38,49
COF,2024-12-10,2025-01-08,backfill,O:COF250117C00190000,190.0,2025-01-17,2025-01-03,1.0,1.1,0.74,0.9,50,5,1.0,,monthly_30d_35d_otm,weekly_2_strike0,38,49
COF,2024-12-10,2025-01-08,backfill,O:COF250117C00190000,190.0,2025-01-17,2025-01-06,1.7,2.1,1.33,1.65,1321,38,1.7,,monthly_30d_35d_otm,weekly_2_strike0,38,49
COF,2024-12-10,2025-01-08,backfill,O:COF250117C00190000,190.0,2025-01-17,2025-01-07,1.6,1.93,1.02,1.02,62,21,1.6,,monthly_30d_35d_otm,weekly_2_strike0,38,49
COF,2024-12-10,2025-01-08,backfill,O:COF250117C00190000,190.0,2025-01-17,2025-01-08,0.8,0.85,0.64,0.65,55,6,0.8,,monthly_30d_35d_otm,weekly_2_strike0,38,49
COIN,2021-10-04,2021-10-29,backfill,O:COIN211119C00245000,245.0,2021-11-19,2021-10-04,11.0,11.9,9.55,9.55,30,11,11.0,,monthly_30d_30d_otm,weekly_2_strike0,46,30
COIN,2021-10-04,2021-10-29,backfill,O:COIN211119C00245000,245.0,2021-11-19,2021-10-05,11.99,15.0,11.99,14.9,131,13,11.99,,monthly_30d_30d_otm,weekly_2_strike0,46,30
COIN,2021-10-04,2021-10-29,backfill,O:COIN211119C00245000,245.0,2021-11-19,2021-10-06,17.8,22.6,17.5,21.5,125,48,17.8,,monthly_30d_30d_otm,weekly_2_strike0,46,30
COIN,2021-10-04,2021-10-29,backfill,O:COIN211119C00245000,245.0,2021-11-19,2021-10-07,20.53,22.5,19.59,22.0,56,15,20.53,,monthly_30d_30d_otm,weekly_2_strike0,46,30
COIN,2021-10-04,2021-10-29,backfill,O:COIN211119C00245000,245.0,2021-11-19,2021-10-08,24.7,24.7,18.9,18.9,28,19,24.7,,monthly_30d_30d_otm,weekly_2_strike0,46,30
COIN,2021-10-04,2021-10-29,backfill,O:COIN211119C00245000,245.0,2021-11-19,2021-10-11,20.2,28.9,20.2,25.7,37,19,20.2,,monthly_30d_30d_otm,weekly_2_strike0,46,30
COIN,2021-10-04,2021-10-29,backfill,O:COIN211119C00245000,245.0,2021-11-19,2021-10-12,22.7,23.18,18.5,19.4,39,16,22.7,,monthly_30d_30d_otm,weekly_2_strike0,46,30
COIN,2021-10-04,2021-10-29,backfill,O:COIN211119C00245000,245.0,2021-11-19,2021-10-13,18.0,18.9,16.55,17.8,122,31,18.0,,monthly_30d_30d_otm,weekly_2_strike0,46,30
COIN,2021-10-04,2021-10-29,backfill,O:COIN211119C00245000,245.0,2021-11-19,2021-10-14,19.4,27.68,19.4,26.1,109,18,19.4,,monthly_30d_30d_otm,weekly_2_strike0,46,30
COIN,2021-10-04,2021-10-29,backfill,O:COIN211119C00245000,245.0,2021-11-19,2021-10-15,31.45,41.57,31.45,41.57,50,18,31.45,,monthly_30d_30d_otm,weekly_2_strike0,46,30
COIN,2021-10-04,2021-10-29,backfill,O:COIN211119C00245000,245.0,2021-11-19,2021-10-18,37.68,54.2,37.68,52.22,21,13,37.68,,monthly_30d_30d_otm,weekly_2_strike0,46,30
COIN,2021-10-04,2021-10-29,backfill,O:COIN211119C00245000,245.0,2021-11-19,2021-10-19,63.22,64.7,59.85,63.19,20,10,63.22,,monthly_30d_30d_otm,weekly_2_strike0,46,30
COIN,2021-10-04,2021-10-29,backfill,O:COIN211119C00245000,245.0,2021-11-19,2021-10-20,64.45,71.57,64.45,71.57,5,5,64.45,,monthly_30d_30d_otm,weekly_2_strike0,46,30
COIN,2021-10-04,2021-10-29,backfill,O:COIN211119C00245000,245.0,2021-11-19,2021-10-21,68.45,68.45,56.7,56.7,9,5,68.45,,monthly_30d_30d_otm,weekly_2_strike0,46,30
COIN,2021-10-04,2021-10-29,backfill,O:COIN211119C00245000,245.0,2021-11-19,2021-10-22,62.04,62.04,54.88,56.57,5,4,62.04,,monthly_30d_30d_otm,weekly_2_strike0,46,30
COIN,2021-10-04,2021-10-29,backfill,O:COIN211119C00245000,245.0,2021-11-19,2021-10-25,80.0,80.0,79.4,79.4,2,2,80.0,,monthly_30d_30d_otm,weekly_2_strike0,46,30
COIN,2021-10-04,2021-10-29,backfill,O:COIN211119C00245000,245.0,2021-11-19,2021-10-26,81.4,82.0,77.45,77.45,3,3,81.4,,monthly_30d_30d_otm,weekly_2_strike0,46,30
COIN,2021-10-04,2021-10-29,backfill,O:COIN211119C00245000,245.0,2021-11-19,2021-10-29,76.3,81.4,76.02,76.02,10,5,76.3,,monthly_30d_30d_otm,weekly_2_strike0,46,30
COIN,2022-09-14,2022-10-11,backfill,O:COIN221021C00075000,75.0,2022-10-21,2022-09-14,9.71,11.82,9.4,11.65,368,29,9.71,,monthly_30d_atm,weekly_2_strike0,37,368
COIN,2022-09-14,2022-10-11,backfill,O:COIN221021C00075000,75.0,2022-10-21,2022-09-15,10.43,13.16,10.43,10.7,90,28,10.43,,monthly_30d_atm,weekly_2_strike0,37,368
COIN,2022-09-14,2022-10-11,backfill,O:COIN221021C00075000,75.0,2022-10-21,2022-09-16,9.0,9.85,8.55,8.6,141,36,9.0,,monthly_30d_atm,weekly_2_strike0,37,368
COIN,2022-09-14,2022-10-11,backfill,O:COIN221021C00075000,75.0,2022-10-21,2022-09-19,7.36,7.36,5.15,6.13,296,45,7.36,,monthly_30d_atm,weekly_2_strike0,37,368
COIN,2022-09-14,2022-10-11,backfill,O:COIN221021C00075000,75.0,2022-10-21,2022-09-20,5.0,5.74,4.7,5.18,143,38,5.0,,monthly_30d_atm,weekly_2_strike0,37,368
COIN,2022-09-14,2022-10-11,backfill,O:COIN221021C00075000,75.0,2022-10-21,2022-09-21,5.35,7.09,4.98,5.02,183,52,5.35,,monthly_30d_atm,weekly_2_strike0,37,368
COIN,2022-09-14,2022-10-11,backfill,O:COIN221021C00075000,75.0,2022-10-21,2022-09-22,5.15,5.15,2.98,3.15,163,54,5.15,,monthly_30d_atm,weekly_2_strike0,37,368
COIN,2022-09-14,2022-10-11,backfill,O:COIN221021C00075000,75.0,2022-10-21,2022-09-23,2.76,3.0,2.25,2.71,248,58,2.76,,monthly_30d_atm,weekly_2_strike0,37,368
COIN,2022-09-14,2022-10-11,backfill,O:COIN221021C00075000,75.0,2022-10-21,2022-09-26,2.99,4.05,2.75,3.0,109,35,2.99,,monthly_30d_atm,weekly_2_strike0,37,368
COIN,2022-09-14,2022-10-11,backfill,O:COIN221021C00075000,75.0,2022-10-21,2022-09-27,4.0,4.2,2.67,2.85,128,33,4.0,,monthly_30d_atm,weekly_2_strike0,37,368
COIN,2022-09-14,2022-10-11,backfill,O:COIN221021C00075000,75.0,2022-10-21,2022-09-28,2.9,4.1,2.9,3.85,118,43,2.9,,monthly_30d_atm,weekly_2_strike0,37,368
COIN,2022-09-14,2022-10-11,backfill,O:COIN221021C00075000,75.0,2022-10-21,2022-09-29,2.99,2.99,2.04,2.35,147,37,2.99,,monthly_30d_atm,weekly_2_strike0,37,368
COIN,2022-09-14,2022-10-11,backfill,O:COIN221021C00075000,75.0,2022-10-21,2022-09-30,2.13,3.75,2.13,2.76,178,44,2.13,,monthly_30d_atm,weekly_2_strike0,37,368
COIN,2022-09-14,2022-10-11,backfill,O:COIN221021C00075000,75.0,2022-10-21,2022-10-03,2.56,3.3,2.07,2.87,162,54,2.56,,monthly_30d_atm,weekly_2_strike0,37,368
COIN,2022-09-14,2022-10-11,backfill,O:COIN221021C00075000,75.0,2022-10-21,2022-10-04,4.0,6.25,3.85,6.15,813,106,4.0,,monthly_30d_atm,weekly_2_strike0,37,368
COIN,2022-09-14,2022-10-11,backfill,O:COIN221021C00075000,75.0,2022-10-21,2022-10-05,4.75,5.35,3.7,5.05,730,81,4.75,,monthly_30d_atm,weekly_2_strike0,37,368
COIN,2022-09-14,2022-10-11,backfill,O:COIN221021C00075000,75.0,2022-10-21,2022-10-06,5.1,6.65,4.5,5.55,438,73,5.1,,monthly_30d_atm,weekly_2_strike0,37,368
COIN,2022-09-14,2022-10-11,backfill,O:COIN221021C00075000,75.0,2022-10-21,2022-10-07,4.1,4.1,2.11,2.28,175,72,4.1,,monthly_30d_atm,weekly_2_strike0,37,368
COIN,2022-09-14,2022-10-11,backfill,O:COIN221021C00075000,75.0,2022-10-21,2022-10-10,2.39,3.0,1.85,2.05,235,53,2.39,,monthly_30d_atm,weekly_2_strike0,37,368
COIN,2022-09-14,2022-10-11,backfill,O:COIN221021C00075000,75.0,2022-10-21,2022-10-11,2.38,4.2,1.7,3.2,1088,148,2.38,,monthly_30d_atm,weekly_2_strike0,37,368
COIN,2023-02-06,2023-03-06,backfill,O:COIN230421C00110000,110.0,2023-04-21,2023-02-06,4.15,4.95,4.15,4.7,64,9,4.15,,monthly_60d_25d_otm,weekly_2_strike0,74,64
COIN,2023-02-06,2023-03-06,backfill,O:COIN230421C00110000,110.0,2023-04-21,2023-02-07,4.4,4.4,3.45,3.82,151,9,4.4,,monthly_60d_25d_otm,weekly_2_strike0,74,64
COIN,2023-02-06,2023-03-06,backfill,O:COIN230421C00110000,110.0,2023-04-21,2023-02-08,3.9,4.5,3.4,3.51,25,5,3.9,,monthly_60d_25d_otm,weekly_2_strike0,74,64
COIN,2023-02-06,2023-03-06,backfill,O:COIN230421C00110000,110.0,2023-04-21,2023-02-09,2.5,2.8,1.88,1.88,191,15,2.5,,monthly_60d_25d_otm,weekly_2_strike0,74,64
COIN,2023-02-06,2023-03-06,backfill,O:COIN230421C00110000,110.0,2023-04-21,2023-02-10,1.99,1.99,1.99,1.99,2,1,1.99,,monthly_60d_25d_otm,weekly_2_strike0,74,64
COIN,2023-02-06,2023-03-06,backfill,O:COIN230421C00110000,110.0,2023-04-21,2023-02-13,1.26,1.5,1.26,1.5,15,3,1.26,,monthly_60d_25d_otm,weekly_2_strike0,74,64
COIN,2023-02-06,2023-03-06,backfill,O:COIN230421C00110000,110.0,2023-04-21,2023-02-14,1.52,1.52,1.52,1.52,10,1,1.52,,monthly_60d_25d_otm,weekly_2_strike0,74,64
COIN,2023-02-06,2023-03-06,backfill,O:COIN230421C00110000,110.0,2023-04-21,2023-02-15,2.05,3.42,2.05,3.42,12,9,2.05,,monthly_60d_25d_otm,weekly_2_strike0,74,64
COIN,2023-02-06,2023-03-06,backfill,O:COIN230421C00110000,110.0,2023-04-21,2023-02-16,2.93,4.53,2.82,2.97,83,14,2.93,,monthly_60d_25d_otm,weekly_2_strike0,74,64
COIN,2023-02-06,2023-03-06,backfill,O:COIN230421C00110000,110.0,2023-04-21,2023-02-17,2.66,2.79,2.35,2.69,15,8,2.66,,monthly_60d_25d_otm,weekly_2_strike0,74,64
COIN,2023-02-06,2023-03-06,backfill,O:COIN230421C00110000,110.0,2023-04-21,2023-02-21,2.6,2.6,1.73,1.75,39,18,2.6,,monthly_60d_25d_otm,weekly_2_strike0,74,64
COIN,2023-02-06,2023-03-06,backfill,O:COIN230421C00110000,110.0,2023-04-21,2023-02-22,1.46,1.98,0.89,1.18,185,78,1.46,,monthly_60d_25d_otm,weekly_2_strike0,74,64
COIN,2023-02-06,2023-03-06,backfill,O:COIN230421C00110000,110.0,2023-04-21,2023-02-23,1.45,1.45,1.14,1.3,250,22,1.45,,monthly_60d_25d_otm,weekly_2_strike0,74,64
COIN,2023-02-06,2023-03-06,backfill,O:COIN230421C00110000,110.0,2023-04-21,2023-02-24,1.15,1.25,0.84,0.9,133,21,1.15,,monthly_60d_25d_otm,weekly_2_strike0,74,64
COIN,2023-02-06,2023-03-06,backfill,O:COIN230421C00110000,110.0,2023-04-21,2023-02-27,0.91,0.99,0.76,0.76,39,20,0.91,,monthly_60d_25d_otm,weekly_2_strike0,74,64
COIN,2023-02-06,2023-03-06,backfill,O:COIN230421C00110000,110.0,2023-04-21,2023-02-28,0.87,1.66,0.87,1.3,63,27,0.87,,monthly_60d_25d_otm,weekly_2_strike0,74,64
COIN,2023-02-06,2023-03-06,backfill,O:COIN230421C00110000,110.0,2023-04-21,2023-03-01,1.26,1.29,1.12,1.19,56,14,1.26,,monthly_60d_25d_otm,weekly_2_strike0,74,64
COIN,2023-02-06,2023-03-06,backfill,O:COIN230421C00110000,110.0,2023-04-21,2023-03-02,0.81,1.08,0.67,1.05,143,26,0.81,,monthly_60d_25d_otm,weekly_2_strike0,74,64
COIN,2023-02-06,2023-03-06,backfill,O:COIN230421C00110000,110.0,2023-04-21,2023-03-03,0.97,1.12,0.86,1.0,81,30,0.97,,monthly_60d_25d_otm,weekly_2_strike0,74,64
COIN,2023-02-06,2023-03-06,backfill,O:COIN230421C00110000,110.0,2023-04-21,2023-03-06,0.97,1.4,0.8,0.8,59,20,0.97,,monthly_60d_25d_otm,weekly_2_strike0,74,64
COIN,2023-07-17,2023-08-11,backfill,O:COIN230818C00105000,105.0,2023-08-18,2023-07-17,12.8,15.0,11.8,12.75,779,80,12.8,,monthly_30d_atm,weekly_2_strike0,32,779
COIN,2023-07-17,2023-08-11,backfill,O:COIN230818C00105000,105.0,2023-08-18,2023-07-18,12.0,15.0,10.65,11.7,677,99,12.0,,monthly_30d_atm,weekly_2_strike0,32,779
COIN,2023-07-17,2023-08-11,backfill,O:COIN230818C00105000,105.0,2023-08-18,2023-07-19,13.22,15.75,12.23,14.8,306,66,13.22,,monthly_30d_atm,weekly_2_strike0,32,779
COIN,2023-07-17,2023-08-11,backfill,O:COIN230818C00105000,105.0,2023-08-18,2023-07-20,15.4,15.99,9.38,9.75,830,86,15.4,,monthly_30d_atm,weekly_2_strike0,32,779
COIN,2023-07-17,2023-08-11,backfill,O:COIN230818C00105000,105.0,2023-08-18,2023-07-21,10.86,10.86,8.25,8.55,665,82,10.86,,monthly_30d_atm,weekly_2_strike0,32,779
COIN,2023-07-17,2023-08-11,backfill,O:COIN230818C00105000,105.0,2023-08-18,2023-07-24,7.2,7.85,6.0,7.17,112,48,7.2,,monthly_30d_atm,weekly_2_strike0,32,779
COIN,2023-07-17,2023-08-11,backfill,O:COIN230818C00105000,105.0,2023-08-18,2023-07-25,7.8,8.7,6.3,6.3,361,35,7.8,,monthly_30d_atm,weekly_2_strike0,32,779
COIN,2023-07-17,2023-08-11,backfill,O:COIN230818C00105000,105.0,2023-08-18,2023-07-26,6.0,7.6,6.0,6.9,70,30,6.0,,monthly_30d_atm,weekly_2_strike0,32,779
COIN,2023-07-17,2023-08-11,backfill,O:COIN230818C00105000,105.0,2023-08-18,2023-07-27,8.44,8.44,3.91,4.6,369,89,8.44,,monthly_30d_atm,weekly_2_strike0,32,779
COIN,2023-07-17,2023-08-11,backfill,O:COIN230818C00105000,105.0,2023-08-18,2023-07-28,4.86,5.6,4.8,4.83,982,48,4.86,,monthly_30d_atm,weekly_2_strike0,32,779
COIN,2023-07-17,2023-08-11,backfill,O:COIN230818C00105000,105.0,2023-08-18,2023-07-31,4.7,6.7,4.7,6.0,146,54,4.7,,monthly_30d_atm,weekly_2_strike0,32,779
COIN,2023-07-17,2023-08-11,backfill,O:COIN230818C00105000,105.0,2023-08-18,2023-08-01,4.9,4.9,3.0,4.25,190,59,4.9,,monthly_30d_atm,weekly_2_strike0,32,779
COIN,2023-07-17,2023-08-11,backfill,O:COIN230818C00105000,105.0,2023-08-18,2023-08-02,3.3,4.51,2.7,3.06,128,47,3.3,,monthly_30d_atm,weekly_2_strike0,32,779
COIN,2023-07-17,2023-08-11,backfill,O:COIN230818C00105000,105.0,2023-08-18,2023-08-03,2.72,3.4,2.72,2.78,426,49,2.72,,monthly_30d_atm,weekly_2_strike0,32,779
COIN,2023-07-17,2023-08-11,backfill,O:COIN230818C00105000,105.0,2023-08-18,2023-08-04,1.55,2.33,0.89,0.89,2577,114,1.55,,monthly_30d_atm,weekly_2_strike0,32,779
COIN,2023-07-17,2023-08-11,backfill,O:COIN230818C00105000,105.0,2023-08-18,2023-08-07,0.87,0.87,0.34,0.56,346,66,0.87,,monthly_30d_atm,weekly_2_strike0,32,779
COIN,2023-07-17,2023-08-11,backfill,O:COIN230818C00105000,105.0,2023-08-18,2023-08-08,0.66,1.0,0.51,0.81,425,63,0.66,,monthly_30d_atm,weekly_2_strike0,32,779
COIN,2023-07-17,2023-08-11,backfill,O:COIN230818C00105000,105.0,2023-08-18,2023-08-09,0.81,0.81,0.22,0.22,4644,58,0.81,,monthly_30d_atm,weekly_2_strike0,32,779
COIN,2023-07-17,2023-08-11,backfill,O:COIN230818C00105000,105.0,2023-08-18,2023-08-10,0.23,0.35,0.11,0.12,181,53,0.23,,monthly_30d_atm,weekly_2_strike0,32,779
COIN,2023-07-17,2023-08-11,backfill,O:COIN230818C00105000,105.0,2023-08-18,2023-08-11,0.1,0.11,0.06,0.06,450,53,0.1,,monthly_30d_atm,weekly_2_strike0,32,779
COIN,2023-11-01,2023-11-29,backfill,O:COIN231215C00075000,75.0,2023-12-15,2023-11-01,9.72,10.75,9.07,10.16,32,19,9.72,,monthly_30d_slight_itm,weekly_2_strike0,44,32
COIN,2023-11-01,2023-11-29,backfill,O:COIN231215C00075000,75.0,2023-12-15,2023-11-02,12.58,14.47,12.2,14.42,159,38,12.58,,monthly_30d_slight_itm,weekly_2_strike0,44,32
COIN,2023-11-01,2023-11-29,backfill,O:COIN231215C00075000,75.0,2023-12-15,2023-11-03,13.13,15.75,12.65,14.5,72,32,13.13,,monthly_30d_slight_itm,weekly_2_strike0,44,32
COIN,2023-11-01,2023-11-29,backfill,O:COIN231215C00075000,75.0,2023-12-15,2023-11-06,15.55,17.0,13.24,14.85,85,14,15.55,,monthly_30d_slight_itm,weekly_2_strike0,44,32
COIN,2023-11-01,2023-11-29,backfill,O:COIN231215C00075000,75.0,2023-12-15,2023-11-07,14.7,17.0,13.2,17.0,71,21,14.7,,monthly_30d_slight_itm,weekly_2_strike0,44,32
COIN,2023-11-01,2023-11-29,backfill,O:COIN231215C00075000,75.0,2023-12-15,2023-11-08,15.3,16.58,13.65,16.48,50,16,15.3,,monthly_30d_slight_itm,weekly_2_strike0,44,32
COIN,2023-11-01,2023-11-29,backfill,O:COIN231215C00075000,75.0,2023-12-15,2023-11-09,20.2,26.0,19.1,19.1,57,26,20.2,,monthly_30d_slight_itm,weekly_2_strike0,44,32
COIN,2023-11-01,2023-11-29,backfill,O:COIN231215C00075000,75.0,2023-12-15,2023-11-10,22.0,22.6,19.89,20.05,33,14,22.0,,monthly_30d_slight_itm,weekly_2_strike0,44,32
COIN,2023-11-01,2023-11-29,backfill,O:COIN231215C00075000,75.0,2023-12-15,2023-11-13,18.79,19.95,16.68,18.0,75,17,18.79,,monthly_30d_slight_itm,weekly_2_strike0,44,32
COIN,2023-11-01,2023-11-29,backfill,O:COIN231215C00075000,75.0,2023-12-15,2023-11-14,20.84,21.15,17.05,19.5,45,13,20.84,,monthly_30d_slight_itm,weekly_2_strike0,44,32
COIN,2023-11-01,2023-11-29,backfill,O:COIN231215C00075000,75.0,2023-12-15,2023-11-15,20.0,25.15,20.0,25.15,11,7,20.0,,monthly_30d_slight_itm,weekly_2_strike0,44,32
COIN,2023-11-01,2023-11-29,backfill,O:COIN231215C00075000,75.0,2023-12-15,2023-11-16,22.25,23.03,21.95,23.03,28,10,22.25,,monthly_30d_slight_itm,weekly_2_strike0,44,32
COIN,2023-11-01,2023-11-29,backfill,O:COIN231215C00075000,75.0,2023-12-15,2023-11-17,22.75,25.0,22.25,24.0,35,12,22.75,,monthly_30d_slight_itm,weekly_2_strike0,44,32
COIN,2023-11-01,2023-11-29,backfill,O:COIN231215C00075000,75.0,2023-12-15,2023-11-20,27.3,31.66,25.85,31.05,33,15,27.3,,monthly_30d_slight_itm,weekly_2_strike0,44,32
COIN,2023-11-01,2023-11-29,backfill,O:COIN231215C00075000,75.0,2023-12-15,2023-11-21,28.42,30.7,27.1,30.7,9,4,28.42,,monthly_30d_slight_itm,weekly_2_strike0,44,32
COIN,2023-11-01,2023-11-29,backfill,O:COIN231215C00075000,75.0,2023-12-15,2023-11-22,31.55,35.0,31.45,34.99,75,17,31.55,,monthly_30d_slight_itm,weekly_2_strike0,44,32
COIN,2023-11-01,2023-11-29,backfill,O:COIN231215C00075000,75.0,2023-12-15,2023-11-24,37.37,41.16,37.37,41.16,13,7,37.37,,monthly_30d_slight_itm,weekly_2_strike0,44,32
COIN,2023-11-01,2023-11-29,backfill,O:COIN231215C00075000,75.0,2023-12-15,2023-11-27,43.75,46.31,43.05,45.92,17,10,43.75,,monthly_30d_slight_itm,weekly_2_strike0,44,32
COIN,2023-11-01,2023-11-29,backfill,O:COIN231215C00075000,75.0,2023-12-15,2023-11-28,47.91,54.37,47.91,54.37,20,10,47.91,,monthly_30d_slight_itm,weekly_2_strike0,44,32
COIN,2023-11-01,2023-11-29,backfill,O:COIN231215C00075000,75.0,2023-12-15,2023-11-29,53.06,54.0,52.72,54.0,11,6,53.06,,monthly_30d_slight_itm,weekly_2_strike0,44,32
COIN,2025-05-22,2025-06-20,backfill,O:COIN250620C00305000,305.0,2025-06-20,2025-05-22,9.0,10.25,6.75,8.69,250,36,9.0,,monthly_30d_30d_otm,weekly_2_strike0,29,250
COIN,2025-05-22,2025-06-20,backfill,O:COIN250620C00305000,305.0,2025-06-20,2025-05-23,7.5,7.5,5.5,6.0,99,17,7.5,,monthly_30d_30d_otm,weekly_2_strike0,29,250
COIN,2025-05-22,2025-06-20,backfill,O:COIN250620C00305000,305.0,2025-06-20,2025-05-27,5.95,6.2,5.1,5.55,385,26,5.95,,monthly_30d_30d_otm,weekly_2_strike0,29,250
COIN,2025-05-22,2025-06-20,backfill,O:COIN250620C00305000,305.0,2025-06-20,2025-05-28,4.5,4.5,3.0,3.18,104,26,4.5,,monthly_30d_30d_otm,weekly_2_strike0,29,250
COIN,2025-05-22,2025-06-20,backfill,O:COIN250620C00305000,305.0,2025-06-20,2025-05-29,2.81,2.81,1.95,2.05,121,18,2.81,,monthly_30d_30d_otm,weekly_2_strike0,29,250
COIN,2025-05-22,2025-06-20,backfill,O:COIN250620C00305000,305.0,2025-06-20,2025-05-30,1.88,1.88,1.5,1.6,105,15,1.88,,monthly_30d_30d_otm,weekly_2_strike0,29,250
COIN,2025-05-22,2025-06-20,backfill,O:COIN250620C00305000,305.0,2025-06-20,2025-06-02,1.2,1.2,0.97,1.0,38,11,1.2,,monthly_30d_30d_otm,weekly_2_strike0,29,250
COIN,2025-05-22,2025-06-20,backfill,O:COIN250620C00305000,305.0,2025-06-20,2025-06-03,1.18,2.16,1.18,1.8,38,21,1.18,,monthly_30d_30d_otm,weekly_2_strike0,29,250
COIN,2025-05-22,2025-06-20,backfill,O:COIN250620C00305000,305.0,2025-06-20,2025-06-04,1.72,1.72,1.21,1.21,35,6,1.72,,monthly_30d_30d_otm,weekly_2_strike0,29,250
COIN,2025-05-22,2025-06-20,backfill,O:COIN250620C00305000,305.0,2025-06-20,2025-06-05,1.77,1.77,0.6,0.6,40,8,1.77,,monthly_30d_30d_otm,weekly_2_strike0,29,250
COIN,2025-05-22,2025-06-20,backfill,O:COIN250620C00305000,305.0,2025-06-20,2025-06-06,0.68,0.92,0.68,0.72,138,12,0.68,,monthly_30d_30d_otm,weekly_2_strike0,29,250
COIN,2025-05-22,2025-06-20,backfill,O:COIN250620C00305000,305.0,2025-06-20,2025-06-09,0.73,0.76,0.6,0.76,26,10,0.73,,monthly_30d_30d_otm,weekly_2_strike0,29,250
COIN,2025-05-22,2025-06-20,backfill,O:COIN250620C00305000,305.0,2025-06-20,2025-06-10,0.76,0.76,0.49,0.49,122,12,0.76,,monthly_30d_30d_otm,weekly_2_strike0,29,250
COIN,2025-05-22,2025-06-20,backfill,O:COIN250620C00305000,305.0,2025-06-20,2025-06-11,0.6,0.6,0.36,0.36,18,7,0.6,,monthly_30d_30d_otm,weekly_2_strike0,29,250
COIN,2025-05-22,2025-06-20,backfill,O:COIN250620C00305000,305.0,2025-06-20,2025-06-12,0.22,0.3,0.14,0.16,28,9,0.22,,monthly_30d_30d_otm,weekly_2_strike0,29,250
COIN,2025-05-22,2025-06-20,backfill,O:COIN250620C00305000,305.0,2025-06-20,2025-06-13,0.12,0.53,0.07,0.13,131,17,0.12,,monthly_30d_30d_otm,weekly_2_strike0,29,250
COIN,2025-05-22,2025-06-20,backfill,O:COIN250620C00305000,305.0,2025-06-20,2025-06-16,0.16,0.4,0.06,0.31,147,39,0.16,,monthly_30d_30d_otm,weekly_2_strike0,29,250
COIN,2025-05-22,2025-06-20,backfill,O:COIN250620C00305000,305.0,2025-06-20,2025-06-17,0.14,0.22,0.01,0.1,70,24,0.14,,monthly_30d_30d_otm,weekly_2_strike0,29,250
COIN,2025-05-22,2025-06-20,backfill,O:COIN250620C00305000,305.0,2025-06-20,2025-06-18,0.08,4.67,0.08,3.0,4244,254,0.08,,monthly_30d_30d_otm,weekly_2_strike0,29,250
COIN,2025-05-22,2025-06-20,backfill,O:COIN250620C00305000,305.0,2025-06-20,2025-06-20,4.5,8.5,0.35,3.49,27845,384,4.5,,monthly_30d_30d_otm,weekly_2_strike0,29,250
COP,2022-06-13,2022-06-16,backfill,O:COP220819C00125000,125.0,2022-08-19,2022-06-13,3.78,3.9,2.73,3.5,210,18,3.78,,monthly_60d_25d_otm,weekly_2_strike0,67,210
COP,2022-06-13,2022-06-16,backfill,O:COP220819C00125000,125.0,2022-08-19,2022-06-14,4.06,4.65,3.15,3.15,151,17,4.06,,monthly_60d_25d_otm,weekly_2_strike0,67,210
COP,2022-06-13,2022-06-16,backfill,O:COP220819C00125000,125.0,2022-08-19,2022-06-15,2.97,3.1,2.58,2.63,47,9,2.97,,monthly_60d_25d_otm,weekly_2_strike0,67,210
COP,2022-06-13,2022-06-16,backfill,O:COP220819C00125000,125.0,2022-08-19,2022-06-16,1.99,2.0,1.34,1.42,64,14,1.99,,monthly_60d_25d_otm,weekly_2_strike0,67,210
COP,2022-10-10,2022-11-04,backfill,O:COP221118C00130000,130.0,2022-11-18,2022-10-10,3.15,3.8,2.53,2.69,72,19,3.15,,monthly_30d_30d_otm,weekly_2_strike0,39,72
COP,2022-10-10,2022-11-04,backfill,O:COP221118C00130000,130.0,2022-11-18,2022-10-11,2.3,2.95,2.09,2.41,29,8,2.3,,monthly_30d_30d_otm,weekly_2_strike0,39,72
COP,2022-10-10,2022-11-04,backfill,O:COP221118C00130000,130.0,2022-11-18,2022-10-12,2.18,2.7,2.15,2.55,34,14,2.18,,monthly_30d_30d_otm,weekly_2_strike0,39,72
COP,2022-10-10,2022-11-04,backfill,O:COP221118C00130000,130.0,2022-11-18,2022-10-13,2.33,4.4,2.27,4.4,237,53,2.33,,monthly_30d_30d_otm,weekly_2_strike0,39,72
COP,2022-10-10,2022-11-04,backfill,O:COP221118C00130000,130.0,2022-11-18,2022-10-14,3.55,4.0,2.58,2.61,357,17,3.55,,monthly_30d_30d_otm,weekly_2_strike0,39,72
COP,2022-10-10,2022-11-04,backfill,O:COP221118C00130000,130.0,2022-11-18,2022-10-17,3.09,3.35,2.4,2.46,1572,22,3.09,,monthly_30d_30d_otm,weekly_2_strike0,39,72
COP,2022-10-10,2022-11-04,backfill,O:COP221118C00130000,130.0,2022-11-18,2022-10-18,2.55,2.65,1.63,2.0,60,25,2.55,,monthly_30d_30d_otm,weekly_2_strike0,39,72
COP,2022-10-10,2022-11-04,backfill,O:COP221118C00130000,130.0,2022-11-18,2022-10-19,2.03,3.0,2.03,2.77,104,27,2.03,,monthly_30d_30d_otm,weekly_2_strike0,39,72
COP,2022-10-10,2022-11-04,backfill,O:COP221118C00130000,130.0,2022-11-18,2022-10-20,3.2,4.0,3.05,3.05,707,29,3.2,,monthly_30d_30d_otm,weekly_2_strike0,39,72
COP,2022-10-10,2022-11-04,backfill,O:COP221118C00130000,130.0,2022-11-18,2022-10-21,3.2,3.65,2.6,3.6,514,25,3.2,,monthly_30d_30d_otm,weekly_2_strike0,39,72
COP,2022-10-10,2022-11-04,backfill,O:COP221118C00130000,130.0,2022-11-18,2022-10-24,3.65,4.1,3.46,3.55,132,31,3.65,,monthly_30d_30d_otm,weekly_2_strike0,39,72
COP,2022-10-10,2022-11-04,backfill,O:COP221118C00130000,130.0,2022-11-18,2022-10-25,3.3,3.5,2.7,2.9,20,18,3.3,,monthly_30d_30d_otm,weekly_2_strike0,39,72
COP,2022-10-10,2022-11-04,backfill,O:COP221118C00130000,130.0,2022-11-18,2022-10-26,3.6,4.4,3.5,3.7,520,28,3.6,,monthly_30d_30d_otm,weekly_2_strike0,39,72
COP,2022-10-10,2022-11-04,backfill,O:COP221118C00130000,130.0,2022-11-18,2022-10-27,4.5,5.0,3.75,3.75,42,20,4.5,,monthly_30d_30d_otm,weekly_2_strike0,39,72
COP,2022-10-10,2022-11-04,backfill,O:COP221118C00130000,130.0,2022-11-18,2022-10-28,3.65,4.0,2.57,3.41,63,21,3.65,,monthly_30d_30d_otm,weekly_2_strike0,39,72
COP,2022-10-10,2022-11-04,backfill,O:COP221118C00130000,130.0,2022-11-18,2022-10-31,3.4,4.68,2.89,3.3,553,38,3.4,,monthly_30d_30d_otm,weekly_2_strike0,39,72
COP,2022-10-10,2022-11-04,backfill,O:COP221118C00130000,130.0,2022-11-18,2022-11-01,3.15,4.05,3.1,3.4,1057,28,3.15,,monthly_30d_30d_otm,weekly_2_strike0,39,72
COP,2022-10-10,2022-11-04,backfill,O:COP221118C00130000,130.0,2022-11-18,2022-11-02,2.67,4.25,2.62,2.63,728,53,2.67,,monthly_30d_30d_otm,weekly_2_strike0,39,72
COP,2022-10-10,2022-11-04,backfill,O:COP221118C00130000,130.0,2022-11-18,2022-11-03,4.15,8.05,3.84,6.9,963,66,4.15,,monthly_30d_30d_otm,weekly_2_strike0,39,72
COP,2022-10-10,2022-11-04,backfill,O:COP221118C00130000,130.0,2022-11-18,2022-11-04,8.5,9.05,3.96,3.96,196,25,8.5,,monthly_30d_30d_otm,weekly_2_strike0,39,72
COP,2024-04-02,2024-04-29,backfill,O:COP240517C00130000,130.0,2024-05-17,2024-04-02,3.94,5.05,3.78,4.65,408,51,3.94,,monthly_30d_atm,weekly_2_strike0,45,408
COP,2024-04-02,2024-04-29,backfill,O:COP240517C00130000,130.0,2024-05-17,2024-04-03,5.22,5.6,4.9,5.55,238,34,5.22,,monthly_30d_atm,weekly_2_strike0,45,408
COP,2024-04-02,2024-04-29,backfill,O:COP240517C00130000,130.0,2024-05-17,2024-04-04,5.65,5.65,5.15,5.3,150,21,5.65,,monthly_30d_atm,weekly_2_strike0,45,408
COP,2024-04-02,2024-04-29,backfill,O:COP240517C00130000,130.0,2024-05-17,2024-04-05,5.54,6.83,3.4,6.59,146,33,5.54,,monthly_30d_atm,weekly_2_strike0,45,408
COP,2024-04-02,2024-04-29,backfill,O:COP240517C00130000,130.0,2024-05-17,2024-04-08,6.5,6.6,5.65,5.65,30,11,6.5,,monthly_30d_atm,weekly_2_strike0,45,408
COP,2024-04-02,2024-04-29,backfill,O:COP240517C00130000,130.0,2024-05-17,2024-04-09,5.81,5.81,4.9,5.45,136,23,5.81,,monthly_30d_atm,weekly_2_strike0,45,408
COP,2024-04-02,2024-04-29,backfill,O:COP240517C00130000,130.0,2024-05-17,2024-04-10,5.4,6.35,5.25,5.89,160,15,5.4,,monthly_30d_atm,weekly_2_strike0,45,408
COP,2024-04-02,2024-04-29,backfill,O:COP240517C00130000,130.0,2024-05-17,2024-04-11,5.6,5.86,4.6,5.86,87,16,5.6,,monthly_30d_atm,weekly_2_strike0,45,408
COP,2024-04-02,2024-04-29,backfill,O:COP240517C00130000,130.0,2024-05-17,2024-04-12,6.98,7.33,4.52,4.55,60,16,6.98,,monthly_30d_atm,weekly_2_strike0,45,408
COP,2024-04-02,2024-04-29,backfill,O:COP240517C00130000,130.0,2024-05-17,2024-04-15,5.4,5.45,4.21,4.53,48,15,5.4,,monthly_30d_atm,weekly_2_strike0,45,408
COP,2024-04-02,2024-04-29,backfill,O:COP240517C00130000,130.0,2024-05-17,2024-04-16,4.05,4.08,3.46,3.9,112,14,4.05,,monthly_30d_atm,weekly_2_strike0,45,408
COP,2024-04-02,2024-04-29,backfill,O:COP240517C00130000,130.0,2024-05-17,2024-04-17,3.72,3.95,2.97,3.1,310,26,3.72,,monthly_30d_atm,weekly_2_strike0,45,408
COP,2024-04-02,2024-04-29,backfill,O:COP240517C00130000,130.0,2024-05-17,2024-04-18,3.13,3.13,2.59,2.76,151,23,3.13,,monthly_30d_atm,weekly_2_strike0,45,408
COP,2024-04-02,2024-04-29,backfill,O:COP240517C00130000,130.0,2024-05-17,2024-04-19,2.75,4.05,2.75,3.39,618,83,2.75,,monthly_30d_atm,weekly_2_strike0,45,408
COP,2024-04-02,2024-04-29,backfill,O:COP240517C00130000,130.0,2024-05-17,2024-04-22,2.51,3.66,2.34,3.2,202,42,2.51,,monthly_30d_atm,weekly_2_strike0,45,408
COP,2024-04-02,2024-04-29,backfill,O:COP240517C00130000,130.0,2024-05-17,2024-04-23,3.0,3.45,2.48,3.2,186,46,3.0,,monthly_30d_atm,weekly_2_strike0,45,408
COP,2024-04-02,2024-04-29,backfill,O:COP240517C00130000,130.0,2024-05-17,2024-04-24,2.61,3.15,2.6,3.0,160,28,2.61,,monthly_30d_atm,weekly_2_strike0,45,408
COP,2024-04-02,2024-04-29,backfill,O:COP240517C00130000,130.0,2024-05-17,2024-04-25,3.13,3.5,2.49,3.41,82,26,3.13,,monthly_30d_atm,weekly_2_strike0,45,408
COP,2024-04-02,2024-04-29,backfill,O:COP240517C00130000,130.0,2024-05-17,2024-04-26,2.98,3.55,2.89,3.5,229,33,2.98,,monthly_30d_atm,weekly_2_strike0,45,408
COP,2024-04-02,2024-04-29,backfill,O:COP240517C00130000,130.0,2024-05-17,2024-04-29,2.9,3.1,2.5,3.0,58,21,2.9,,monthly_30d_atm,weekly_2_strike0,45,408
COST,2021-07-09,2021-08-05,backfill,O:COST210820C00420000,420.0,2021-08-20,2021-07-09,4.3,6.0,4.3,5.55,309,58,4.3,,monthly_30d_25d_otm,weekly_1_strike0,42,309
COST,2021-07-09,2021-08-05,backfill,O:COST210820C00420000,420.0,2021-08-20,2021-07-12,5.96,5.98,3.1,3.76,180,46,5.96,,monthly_30d_25d_otm,weekly_1_strike0,42,309
COST,2021-07-09,2021-08-05,backfill,O:COST210820C00420000,420.0,2021-08-20,2021-07-13,3.35,3.85,3.35,3.35,67,22,3.35,,monthly_30d_25d_otm,weekly_1_strike0,42,309
COST,2021-07-09,2021-08-05,backfill,O:COST210820C00420000,420.0,2021-08-20,2021-07-14,3.4,4.05,3.4,3.95,122,33,3.4,,monthly_30d_25d_otm,weekly_1_strike0,42,309
COST,2021-07-09,2021-08-05,backfill,O:COST210820C00420000,420.0,2021-08-20,2021-07-15,3.95,4.6,3.4,4.5,404,78,3.95,,monthly_30d_25d_otm,weekly_1_strike0,42,309
COST,2021-07-09,2021-08-05,backfill,O:COST210820C00420000,420.0,2021-08-20,2021-07-16,4.5,4.7,3.8,3.88,143,44,4.5,,monthly_30d_25d_otm,weekly_1_strike0,42,309
COST,2021-07-09,2021-08-05,backfill,O:COST210820C00420000,420.0,2021-08-20,2021-07-19,4.75,6.2,4.55,5.8,305,63,4.75,,monthly_30d_25d_otm,weekly_1_strike0,42,309
COST,2021-07-09,2021-08-05,backfill,O:COST210820C00420000,420.0,2021-08-20,2021-07-20,5.69,6.7,4.9,6.05,545,66,5.69,,monthly_30d_25d_otm,weekly_1_strike0,42,309
COST,2021-07-09,2021-08-05,backfill,O:COST210820C00420000,420.0,2021-08-20,2021-07-21,6.0,6.15,4.3,4.95,188,51,6.0,,monthly_30d_25d_otm,weekly_1_strike0,42,309
COST,2021-07-09,2021-08-05,backfill,O:COST210820C00420000,420.0,2021-08-20,2021-07-22,4.95,6.46,4.65,6.0,234,52,4.95,,monthly_30d_25d_otm,weekly_1_strike0,42,309
COST,2021-07-09,2021-08-05,backfill,O:COST210820C00420000,420.0,2021-08-20,2021-07-23,6.2,8.9,5.9,8.59,570,96,6.2,,monthly_30d_25d_otm,weekly_1_strike0,42,309
COST,2021-07-09,2021-08-05,backfill,O:COST210820C00420000,420.0,2021-08-20,2021-07-26,8.45,9.05,6.9,8.22,280,54,8.45,,monthly_30d_25d_otm,weekly_1_strike0,42,309
COST,2021-07-09,2021-08-05,backfill,O:COST210820C00420000,420.0,2021-08-20,2021-07-27,8.15,9.0,7.35,9.0,122,39,8.15,,monthly_30d_25d_otm,weekly_1_strike0,42,309
COST,2021-07-09,2021-08-05,backfill,O:COST210820C00420000,420.0,2021-08-20,2021-07-28,8.52,8.56,6.79,7.37,226,53,8.52,,monthly_30d_25d_otm,weekly_1_strike0,42,309
COST,2021-07-09,2021-08-05,backfill,O:COST210820C00420000,420.0,2021-08-20,2021-07-29,7.18,9.55,7.1,9.55,136,35,7.18,,monthly_30d_25d_otm,weekly_1_strike0,42,309
COST,2021-07-09,2021-08-05,backfill,O:COST210820C00420000,420.0,2021-08-20,2021-07-30,10.15,13.87,10.15,12.6,263,60,10.15,,monthly_30d_25d_otm,weekly_1_strike0,42,309
COST,2021-07-09,2021-08-05,backfill,O:COST210820C00420000,420.0,2021-08-20,2021-08-02,13.18,13.26,9.59,11.9,232,37,13.18,,monthly_30d_25d_otm,weekly_1_strike0,42,309
COST,2021-07-09,2021-08-05,backfill,O:COST210820C00420000,420.0,2021-08-20,2021-08-03,11.9,17.85,11.5,16.57,145,33,11.9,,monthly_30d_25d_otm,weekly_1_strike0,42,309
COST,2021-07-09,2021-08-05,backfill,O:COST210820C00420000,420.0,2021-08-20,2021-08-04,17.6,17.95,15.1,16.87,44,12,17.6,,monthly_30d_25d_otm,weekly_1_strike0,42,309
COST,2021-07-09,2021-08-05,backfill,O:COST210820C00420000,420.0,2021-08-20,2021-08-05,18.28,23.85,17.65,23.85,59,18,18.28,,monthly_30d_25d_otm,weekly_1_strike0,42,309
COST,2025-06-03,2025-07-01,backfill,O:COST250718C01100000,1100.0,2025-07-18,2025-06-03,12.35,18.3,10.7,13.98,84,47,12.35,,monthly_30d_25d_otm,weekly_2_strike0,45,84
COST,2025-06-03,2025-07-01,backfill,O:COST250718C01100000,1100.0,2025-07-18,2025-06-04,13.45,14.5,11.92,12.29,26,20,13.45,,monthly_30d_25d_otm,weekly_2_strike0,45,84
COST,2025-06-03,2025-07-01,backfill,O:COST250718C01100000,1100.0,2025-07-18,2025-06-05,11.37,11.37,4.3,4.81,334,104,11.37,,monthly_30d_25d_otm,weekly_2_strike0,45,84
COST,2025-06-03,2025-07-01,backfill,O:COST250718C01100000,1100.0,2025-07-18,2025-06-06,5.25,5.77,3.45,4.02,531,91,5.25,,monthly_30d_25d_otm,weekly_2_strike0,45,84
COST,2025-06-03,2025-07-01,backfill,O:COST250718C01100000,1100.0,2025-07-18,2025-06-09,3.64,3.66,2.6,2.8,560,84,3.64,,monthly_30d_25d_otm,weekly_2_strike0,45,84
COST,2025-06-03,2025-07-01,backfill,O:COST250718C01100000,1100.0,2025-07-18,2025-06-10,4.25,4.25,2.32,2.83,244,48,4.25,,monthly_30d_25d_otm,weekly_2_strike0,45,84
COST,2025-06-03,2025-07-01,backfill,O:COST250718C01100000,1100.0,2025-07-18,2025-06-11,2.36,2.5,1.92,2.13,233,71,2.36,,monthly_30d_25d_otm,weekly_2_strike0,45,84
COST,2025-06-03,2025-07-01,backfill,O:COST250718C01100000,1100.0,2025-07-18,2025-06-12,2.28,2.51,2.13,2.14,61,24,2.28,,monthly_30d_25d_otm,weekly_2_strike0,45,84
COST,2025-06-03,2025-07-01,backfill,O:COST250718C01100000,1100.0,2025-07-18,2025-06-13,2.14,2.14,1.0,1.0,161,37,2.14,,monthly_30d_25d_otm,weekly_2_strike0,45,84
COST,2025-06-03,2025-07-01,backfill,O:COST250718C01100000,1100.0,2025-07-18,2025-06-16,1.57,1.64,1.15,1.15,173,47,1.57,,monthly_30d_25d_otm,weekly_2_strike0,45,84
COST,2025-06-03,2025-07-01,backfill,O:COST250718C01100000,1100.0,2025-07-18,2025-06-17,1.15,1.3,0.92,1.18,95,28,1.15,,monthly_30d_25d_otm,weekly_2_strike0,45,84
COST,2025-06-03,2025-07-01,backfill,O:COST250718C01100000,1100.0,2025-07-18,2025-06-18,1.12,1.12,0.91,0.91,305,32,1.12,,monthly_30d_25d_otm,weekly_2_strike0,45,84
COST,2025-06-03,2025-07-01,backfill,O:COST250718C01100000,1100.0,2025-07-18,2025-06-20,1.03,1.03,0.8,0.84,167,32,1.03,,monthly_30d_25d_otm,weekly_2_strike0,45,84
COST,2025-06-03,2025-07-01,backfill,O:COST250718C01100000,1100.0,2025-07-18,2025-06-23,0.83,1.01,0.65,1.01,407,40,0.83,,monthly_30d_25d_otm,weekly_2_strike0,45,84
COST,2025-06-03,2025-07-01,backfill,O:COST250718C01100000,1100.0,2025-07-18,2025-06-24,0.99,0.99,0.59,0.9,100,27,0.99,,monthly_30d_25d_otm,weekly_2_strike0,45,84
COST,2025-06-03,2025-07-01,backfill,O:COST250718C01100000,1100.0,2025-07-18,2025-06-25,0.77,0.84,0.5,0.5,57,19,0.77,,monthly_30d_25d_otm,weekly_2_strike0,45,84
COST,2025-06-03,2025-07-01,backfill,O:COST250718C01100000,1100.0,2025-07-18,2025-06-26,0.33,0.63,0.33,0.57,52,15,0.33,,monthly_30d_25d_otm,weekly_2_strike0,45,84
COST,2025-06-03,2025-07-01,backfill,O:COST250718C01100000,1100.0,2025-07-18,2025-06-27,0.5,0.61,0.4,0.58,94,22,0.5,,monthly_30d_25d_otm,weekly_2_strike0,45,84
COST,2025-06-03,2025-07-01,backfill,O:COST250718C01100000,1100.0,2025-07-18,2025-06-30,0.5,0.85,0.35,0.53,67,13,0.5,,monthly_30d_25d_otm,weekly_2_strike0,45,84
COST,2025-06-03,2025-07-01,backfill,O:COST250718C01100000,1100.0,2025-07-18,2025-07-01,0.45,0.57,0.41,0.54,169,13,0.45,,monthly_30d_25d_otm,weekly_2_strike0,45,84
CRM,2020-01-10,2020-02-07,backfill,O:CRM200221C00185000,185.0,2020-02-21,2020-01-10,2.9,3.25,2.54,3.1,473,76,2.9,,monthly_30d_35d_otm,weekly_1_strike0,42,473
CRM,2020-01-10,2020-02-07,backfill,O:CRM200221C00185000,185.0,2020-02-21,2020-01-13,3.42,4.91,3.4,4.56,663,104,3.42,,monthly_30d_35d_otm,weekly_1_strike0,42,473
CRM,2020-01-10,2020-02-07,backfill,O:CRM200221C00185000,185.0,2020-02-21,2020-01-14,4.55,4.55,3.61,3.61,339,58,4.55,,monthly_30d_35d_otm,weekly_1_strike0,42,473
CRM,2020-01-10,2020-02-07,backfill,O:CRM200221C00185000,185.0,2020-02-21,2020-01-15,3.65,3.85,2.8,2.9,1790,72,3.65,,monthly_30d_35d_otm,weekly_1_strike0,42,473
CRM,2020-01-10,2020-02-07,backfill,O:CRM200221C00185000,185.0,2020-02-21,2020-01-16,3.36,3.65,2.7,3.24,2036,72,3.36,,monthly_30d_35d_otm,weekly_1_strike0,42,473
CRM,2020-01-10,2020-02-07,backfill,O:CRM200221C00185000,185.0,2020-02-21,2020-01-17,3.35,3.6,2.7,2.93,448,74,3.35,,monthly_30d_35d_otm,weekly_1_strike0,42,473
CRM,2020-01-10,2020-02-07,backfill,O:CRM200221C00185000,185.0,2020-02-21,2020-01-21,2.8,5.2,2.8,4.9,2599,169,2.8,,monthly_30d_35d_otm,weekly_1_strike0,42,473
CRM,2020-01-10,2020-02-07,backfill,O:CRM200221C00185000,185.0,2020-02-21,2020-01-22,5.0,5.5,3.27,3.27,1170,156,5.0,,monthly_30d_35d_otm,weekly_1_strike0,42,473
CRM,2020-01-10,2020-02-07,backfill,O:CRM200221C00185000,185.0,2020-02-21,2020-01-23,3.35,4.1,2.7,4.0,449,67,3.35,,monthly_30d_35d_otm,weekly_1_strike0,42,473
CRM,2020-01-10,2020-02-07,backfill,O:CRM200221C00185000,185.0,2020-02-21,2020-01-24,4.9,5.05,2.76,2.96,747,90,4.9,,monthly_30d_35d_otm,weekly_1_strike0,42,473
CRM,2020-01-10,2020-02-07,backfill,O:CRM200221C00185000,185.0,2020-02-21,2020-01-27,1.69,3.14,1.69,2.58,375,50,1.69,,monthly_30d_35d_otm,weekly_1_strike0,42,473
CRM,2020-01-10,2020-02-07,backfill,O:CRM200221C00185000,185.0,2020-02-21,2020-01-28,2.66,3.6,2.51,3.2,222,53,2.66,,monthly_30d_35d_otm,weekly_1_strike0,42,473
CRM,2020-01-10,2020-02-07,backfill,O:CRM200221C00185000,185.0,2020-02-21,2020-01-29,3.45,3.5,2.67,2.69,194,52,3.45,,monthly_30d_35d_otm,weekly_1_strike0,42,473
CRM,2020-01-10,2020-02-07,backfill,O:CRM200221C00185000,185.0,2020-02-21,2020-01-30,2.45,4.5,2.45,4.5,583,74,2.45,,monthly_30d_35d_otm,weekly_1_strike0,42,473
CRM,2020-01-10,2020-02-07,backfill,O:CRM200221C00185000,185.0,2020-02-21,2020-01-31,4.43,4.43,2.45,3.2,620,83,4.43,,monthly_30d_35d_otm,weekly_1_strike0,42,473
CRM,2020-01-10,2020-02-07,backfill,O:CRM200221C00185000,185.0,2020-02-21,2020-02-03,3.2,4.55,2.9,4.29,720,97,3.2,,monthly_30d_35d_otm,weekly_1_strike0,42,473
CRM,2020-01-10,2020-02-07,backfill,O:CRM200221C00185000,185.0,2020-02-21,2020-02-04,5.7,6.85,5.0,5.85,807,83,5.7,,monthly_30d_35d_otm,weekly_1_strike0,42,473
CRM,2020-01-10,2020-02-07,backfill,O:CRM200221C00185000,185.0,2020-02-21,2020-02-05,7.05,7.13,2.84,3.7,1726,118,7.05,,monthly_30d_35d_otm,weekly_1_strike0,42,473
CRM,2020-01-10,2020-02-07,backfill,O:CRM200221C00185000,185.0,2020-02-21,2020-02-06,4.5,5.05,3.9,4.1,604,68,4.5,,monthly_30d_35d_otm,weekly_1_strike0,42,473
CRM,2020-01-10,2020-02-07,backfill,O:CRM200221C00185000,185.0,2020-02-21,2020-02-07,4.15,5.5,3.7,3.7,490,61,4.15,,monthly_30d_35d_otm,weekly_1_strike0,42,473
CRM,2020-06-25,2020-07-23,backfill,O:CRM200717C00195000,195.0,2020-07-17,2020-06-25,2.9,3.83,2.9,3.7,176,40,2.9,,monthly_30d_30d_otm,weekly_3_strike1,22,176
CRM,2020-06-25,2020-07-23,backfill,O:CRM200717C00195000,195.0,2020-07-17,2020-06-26,3.15,3.15,2.28,2.28,349,52,3.15,,monthly_30d_30d_otm,weekly_3_strike1,22,176
CRM,2020-06-25,2020-07-23,backfill,O:CRM200717C00195000,195.0,2020-07-17,2020-06-29,2.02,2.05,1.51,1.6,235,49,2.02,,monthly_30d_30d_otm,weekly_3_strike1,22,176
CRM,2020-06-25,2020-07-23,backfill,O:CRM200717C00195000,195.0,2020-07-17,2020-06-30,1.69,2.4,1.69,2.29,981,72,1.69,,monthly_30d_30d_otm,weekly_3_strike1,22,176
CRM,2020-06-25,2020-07-23,backfill,O:CRM200717C00195000,195.0,2020-07-17,2020-07-01,2.36,4.05,2.3,3.73,548,92,2.36,,monthly_30d_30d_otm,weekly_3_strike1,22,176
CRM,2020-06-25,2020-07-23,backfill,O:CRM200717C00195000,195.0,2020-07-17,2020-07-02,4.46,4.7,3.25,3.25,517,94,4.46,,monthly_30d_30d_otm,weekly_3_strike1,22,176
CRM,2020-06-25,2020-07-23,backfill,O:CRM200717C00195000,195.0,2020-07-17,2020-07-06,3.5,6.93,3.5,5.95,290,95,3.5,,monthly_30d_30d_otm,weekly_3_strike1,22,176
CRM,2020-06-25,2020-07-23,backfill,O:CRM200717C00195000,195.0,2020-07-17,2020-07-07,5.65,7.3,4.98,4.99,136,40,5.65,,monthly_30d_30d_otm,weekly_3_strike1,22,176
CRM,2020-06-25,2020-07-23,backfill,O:CRM200717C00195000,195.0,2020-07-17,2020-07-08,6.0,7.9,6.0,7.0,688,49,6.0,,monthly_30d_30d_otm,weekly_3_strike1,22,176
CRM,2020-06-25,2020-07-23,backfill,O:CRM200717C00195000,195.0,2020-07-17,2020-07-09,8.5,8.57,4.56,7.6,353,37,8.5,,monthly_30d_30d_otm,weekly_3_strike1,22,176
CRM,2020-06-25,2020-07-23,backfill,O:CRM200717C00195000,195.0,2020-07-17,2020-07-10,5.52,5.8,4.87,5.8,50,23,5.52,,monthly_30d_30d_otm,weekly_3_strike1,22,176
CRM,2020-06-25,2020-07-23,backfill,O:CRM200717C00195000,195.0,2020-07-17,2020-07-13,6.29,6.29,1.1,1.1,657,128,6.29,,monthly_30d_30d_otm,weekly_3_strike1,22,176
CRM,2020-06-25,2020-07-23,backfill,O:CRM200717C00195000,195.0,2020-07-17,2020-07-14,0.77,1.19,0.5,1.14,832,98,0.77,,monthly_30d_30d_otm,weekly_3_strike1,22,176
CRM,2020-06-25,2020-07-23,backfill,O:CRM200717C00195000,195.0,2020-07-17,2020-07-15,1.11,1.55,0.33,0.51,251,72,1.11,,monthly_30d_30d_otm,weekly_3_strike1,22,176
CRM,2020-06-25,2020-07-23,backfill,O:CRM200717C00195000,195.0,2020-07-17,2020-07-16,0.25,0.3,0.06,0.08,777,54,0.25,,monthly_30d_30d_otm,weekly_3_strike1,22,176
CRM,2020-06-25,2020-07-23,backfill,O:CRM200717C00195000,195.0,2020-07-17,2020-07-17,0.1,0.36,0.01,0.04,167,34,0.1,,monthly_30d_30d_otm,weekly_3_strike1,22,176
CRM,2020-08-27,2020-09-24,backfill,O:CRM200918C00290000,290.0,2020-09-18,2020-08-27,4.7,8.65,3.65,7.75,1878,192,4.7,,monthly_30d_35d_otm,weekly_2_strike0,22,1878
CRM,2020-08-27,2020-09-24,backfill,O:CRM200918C00290000,290.0,2020-09-18,2020-08-28,6.95,7.65,3.95,5.5,1105,199,6.95,,monthly_30d_35d_otm,weekly_2_strike0,22,1878
CRM,2020-08-27,2020-09-24,backfill,O:CRM200918C00290000,290.0,2020-09-18,2020-08-31,4.55,6.3,2.3,4.35,1080,181,4.55,,monthly_30d_35d_otm,weekly_2_strike0,22,1878
CRM,2020-08-27,2020-09-24,backfill,O:CRM200918C00290000,290.0,2020-09-18,2020-09-01,4.1,8.85,3.05,8.61,1721,250,4.1,,monthly_30d_35d_otm,weekly_2_strike0,22,1878
CRM,2020-08-27,2020-09-24,backfill,O:CRM200918C00290000,290.0,2020-09-18,2020-09-02,9.06,9.85,3.7,5.53,1255,190,9.06,,monthly_30d_35d_otm,weekly_2_strike0,22,1878
CRM,2020-08-27,2020-09-24,backfill,O:CRM200918C00290000,290.0,2020-09-18,2020-09-03,3.6,4.03,1.95,3.3,1841,179,3.6,,monthly_30d_35d_otm,weekly_2_strike0,22,1878
CRM,2020-08-27,2020-09-24,backfill,O:CRM200918C00290000,290.0,2020-09-18,2020-09-04,2.86,2.86,0.85,1.2,927,130,2.86,,monthly_30d_35d_otm,weekly_2_strike0,22,1878
CRM,2020-08-27,2020-09-24,backfill,O:CRM200918C00290000,290.0,2020-09-18,2020-09-08,0.66,0.97,0.55,0.58,295,72,0.66,,monthly_30d_35d_otm,weekly_2_strike0,22,1878
CRM,2020-08-27,2020-09-24,backfill,O:CRM200918C00290000,290.0,2020-09-18,2020-09-09,0.71,1.78,0.41,0.42,225,65,0.71,,monthly_30d_35d_otm,weekly_2_strike0,22,1878
CRM,2020-08-27,2020-09-24,backfill,O:CRM200918C00290000,290.0,2020-09-18,2020-09-10,0.5,0.5,0.2,0.2,272,57,0.5,,monthly_30d_35d_otm,weekly_2_strike0,22,1878
CRM,2020-08-27,2020-09-24,backfill,O:CRM200918C00290000,290.0,2020-09-18,2020-09-11,0.2,0.2,0.09,0.15,178,26,0.2,,monthly_30d_35d_otm,weekly_2_strike0,22,1878
CRM,2020-08-27,2020-09-24,backfill,O:CRM200918C00290000,290.0,2020-09-18,2020-09-14,0.09,0.09,0.05,0.06,145,21,0.09,,monthly_30d_35d_otm,weekly_2_strike0,22,1878
CRM,2020-08-27,2020-09-24,backfill,O:CRM200918C00290000,290.0,2020-09-18,2020-09-15,0.07,0.07,0.01,0.05,202,36,0.07,,monthly_30d_35d_otm,weekly_2_strike0,22,1878
CRM,2020-08-27,2020-09-24,backfill,O:CRM200918C00290000,290.0,2020-09-18,2020-09-16,0.05,0.1,0.04,0.05,159,37,0.05,,monthly_30d_35d_otm,weekly_2_strike0,22,1878
CRM,2020-08-27,2020-09-24,backfill,O:CRM200918C00290000,290.0,2020-09-18,2020-09-17,0.05,0.06,0.01,0.02,174,23,0.05,,monthly_30d_35d_otm,weekly_2_strike0,22,1878
CRM,2020-08-27,2020-09-24,backfill,O:CRM200918C00290000,290.0,2020-09-18,2020-09-18,0.01,0.03,0.01,0.02,116,10,0.01,,monthly_30d_35d_otm,weekly_2_strike0,22,1878
CRM,2021-09-24,2021-10-21,backfill,O:CRM211015C00290000,290.0,2021-10-15,2021-09-24,2.55,5.15,2.15,4.95,2949,228,2.55,,monthly_30d_30d_otm,weekly_1_strike0,21,2949
CRM,2021-09-24,2021-10-21,backfill,O:CRM211015C00290000,290.0,2021-10-15,2021-09-27,3.94,4.05,2.38,2.46,1031,157,3.94,,monthly_30d_30d_otm,weekly_1_strike0,21,2949
CRM,2021-09-24,2021-10-21,backfill,O:CRM211015C00290000,290.0,2021-10-15,2021-09-28,1.81,1.97,1.1,1.2,494,77,1.81,,monthly_30d_30d_otm,weekly_1_strike0,21,2949
CRM,2021-09-24,2021-10-21,backfill,O:CRM211015C00290000,290.0,2021-10-15,2021-09-29,1.29,1.35,0.72,0.9,602,78,1.29,,monthly_30d_30d_otm,weekly_1_strike0,21,2949
CRM,2021-09-24,2021-10-21,backfill,O:CRM211015C00290000,290.0,2021-10-15,2021-09-30,0.8,1.14,0.8,0.97,304,47,0.8,,monthly_30d_30d_otm,weekly_1_strike0,21,2949
CRM,2021-09-24,2021-10-21,backfill,O:CRM211015C00290000,290.0,2021-10-15,2021-10-01,0.95,1.22,0.64,1.13,599,73,0.95,,monthly_30d_30d_otm,weekly_1_strike0,21,2949
CRM,2021-09-24,2021-10-21,backfill,O:CRM211015C00290000,290.0,2021-10-15,2021-10-04,1.04,1.04,0.4,0.55,411,68,1.04,,monthly_30d_30d_otm,weekly_1_strike0,21,2949
CRM,2021-09-24,2021-10-21,backfill,O:CRM211015C00290000,290.0,2021-10-15,2021-10-05,0.6,0.6,0.39,0.41,77,43,0.6,,monthly_30d_30d_otm,weekly_1_strike0,21,2949
CRM,2021-09-24,2021-10-21,backfill,O:CRM211015C00290000,290.0,2021-10-15,2021-10-06,0.34,0.59,0.27,0.48,141,45,0.34,,monthly_30d_30d_otm,weekly_1_strike0,21,2949
CRM,2021-09-24,2021-10-21,backfill,O:CRM211015C00290000,290.0,2021-10-15,2021-10-07,0.64,0.7,0.31,0.4,891,58,0.64,,monthly_30d_30d_otm,weekly_1_strike0,21,2949
CRM,2021-09-24,2021-10-21,backfill,O:CRM211015C00290000,290.0,2021-10-15,2021-10-08,0.32,0.38,0.15,0.17,183,49,0.32,,monthly_30d_30d_otm,weekly_1_strike0,21,2949
CRM,2021-09-24,2021-10-21,backfill,O:CRM211015C00290000,290.0,2021-10-15,2021-10-11,0.18,0.2,0.08,0.08,535,64,0.18,,monthly_30d_30d_otm,weekly_1_strike0,21,2949
CRM,2021-09-24,2021-10-21,backfill,O:CRM211015C00290000,290.0,2021-10-15,2021-10-12,0.11,0.34,0.1,0.25,1336,132,0.11,,monthly_30d_30d_otm,weekly_1_strike0,21,2949
CRM,2021-09-24,2021-10-21,backfill,O:CRM211015C00290000,290.0,2021-10-15,2021-10-13,0.29,0.82,0.23,0.53,1475,126,0.29,,monthly_30d_30d_otm,weekly_1_strike0,21,2949
CRM,2021-09-24,2021-10-21,backfill,O:CRM211015C00290000,290.0,2021-10-15,2021-10-14,0.75,1.85,0.42,1.43,16671,338,0.75,,monthly_30d_30d_otm,weekly_1_strike0,21,2949
CRM,2021-09-24,2021-10-21,backfill,O:CRM211015C00290000,290.0,2021-10-15,2021-10-15,2.72,3.15,0.6,1.98,2083,256,2.72,,monthly_30d_30d_otm,weekly_1_strike0,21,2949
CRM,2022-07-08,2022-08-04,backfill,O:CRM220916C00185000,185.0,2022-09-16,2022-07-08,9.15,9.2,8.35,9.2,142,23,9.15,,monthly_60d_40d_otm,weekly_1_strike4,70,142
CRM,2022-07-08,2022-08-04,backfill,O:CRM220916C00185000,185.0,2022-09-16,2022-07-11,7.9,9.25,7.9,8.6,27,18,7.9,,monthly_60d_40d_otm,weekly_1_strike4,70,142
CRM,2022-07-08,2022-08-04,backfill,O:CRM220916C00185000,185.0,2022-09-16,2022-07-12,7.85,7.85,5.5,5.75,372,40,7.85,,monthly_60d_40d_otm,weekly_1_strike4,70,142
CRM,2022-07-08,2022-08-04,backfill,O:CRM220916C00185000,185.0,2022-09-16,2022-07-13,4.45,5.16,4.45,4.82,29,17,4.45,,monthly_60d_40d_otm,weekly_1_strike4,70,142
CRM,2022-07-08,2022-08-04,backfill,O:CRM220916C00185000,185.0,2022-09-16,2022-07-14,3.77,4.1,3.55,3.9,30,16,3.77,,monthly_60d_40d_otm,weekly_1_strike4,70,142
CRM,2022-07-08,2022-08-04,backfill,O:CRM220916C00185000,185.0,2022-09-16,2022-07-15,5.3,5.3,4.9,5.0,26,12,5.3,,monthly_60d_40d_otm,weekly_1_strike4,70,142
CRM,2022-07-08,2022-08-04,backfill,O:CRM220916C00185000,185.0,2022-09-16,2022-07-18,5.3,6.8,5.3,6.5,32,13,5.3,,monthly_60d_40d_otm,weekly_1_strike4,70,142
CRM,2022-07-08,2022-08-04,backfill,O:CRM220916C00185000,185.0,2022-09-16,2022-07-19,5.6,7.45,5.5,7.45,187,22,5.6,,monthly_60d_40d_otm,weekly_1_strike4,70,142
CRM,2022-07-08,2022-08-04,backfill,O:CRM220916C00185000,185.0,2022-09-16,2022-07-20,9.7,12.0,9.25,11.6,157,42,9.7,,monthly_60d_40d_otm,weekly_1_strike4,70,142
CRM,2022-07-08,2022-08-04,backfill,O:CRM220916C00185000,185.0,2022-09-16,2022-07-21,11.55,12.8,11.55,12.3,30,12,11.55,,monthly_60d_40d_otm,weekly_1_strike4,70,142
CRM,2022-07-08,2022-08-04,backfill,O:CRM220916C00185000,185.0,2022-09-16,2022-07-22,13.0,13.69,10.5,10.95,160,39,13.0,,monthly_60d_40d_otm,weekly_1_strike4,70,142
CRM,2022-07-08,2022-08-04,backfill,O:CRM220916C00185000,185.0,2022-09-16,2022-07-25,9.0,9.0,7.73,8.48,45,9,9.0,,monthly_60d_40d_otm,weekly_1_strike4,70,142
CRM,2022-07-08,2022-08-04,backfill,O:CRM220916C00185000,185.0,2022-09-16,2022-07-26,8.23,8.23,5.87,6.2,118,33,8.23,,monthly_60d_40d_otm,weekly_1_strike4,70,142
CRM,2022-07-08,2022-08-04,backfill,O:CRM220916C00185000,185.0,2022-09-16,2022-07-27,7.68,10.45,7.5,9.6,123,63,7.68,,monthly_60d_40d_otm,weekly_1_strike4,70,142
CRM,2022-07-08,2022-08-04,backfill,O:CRM220916C00185000,185.0,2022-09-16,2022-07-28,9.45,9.98,7.6,9.64,116,50,9.45,,monthly_60d_40d_otm,weekly_1_strike4,70,142
CRM,2022-07-08,2022-08-04,backfill,O:CRM220916C00185000,185.0,2022-09-16,2022-07-29,9.35,10.57,9.33,10.57,49,20,9.35,,monthly_60d_40d_otm,weekly_1_strike4,70,142
CRM,2022-07-08,2022-08-04,backfill,O:CRM220916C00185000,185.0,2022-09-16,2022-08-01,9.05,11.15,9.05,10.3,43,20,9.05,,monthly_60d_40d_otm,weekly_1_strike4,70,142
CRM,2022-07-08,2022-08-04,backfill,O:CRM220916C00185000,185.0,2022-09-16,2022-08-02,9.75,11.08,8.95,10.9,167,31,9.75,,monthly_60d_40d_otm,weekly_1_strike4,70,142
CRM,2022-07-08,2022-08-04,backfill,O:CRM220916C00185000,185.0,2022-09-16,2022-08-03,13.0,14.35,12.95,14.12,570,23,13.0,,monthly_60d_40d_otm,weekly_1_strike4,70,142
CRM,2022-07-08,2022-08-04,backfill,O:CRM220916C00185000,185.0,2022-09-16,2022-08-04,13.33,14.35,12.95,14.25,39,23,13.33,,monthly_60d_40d_otm,weekly_1_strike4,70,142
CRM,2023-02-01,2023-03-01,backfill,O:CRM230421C00175000,175.0,2023-04-21,2023-02-01,9.26,11.0,8.49,10.75,61,16,9.26,,monthly_60d_40d_otm,weekly_2_strike6,79,61
CRM,2023-02-01,2023-03-01,backfill,O:CRM230421C00175000,175.0,2023-04-21,2023-02-02,13.7,13.95,11.45,12.2,667,23,13.7,,monthly_60d_40d_otm,weekly_2_strike6,79,61
CRM,2023-02-01,2023-03-01,backfill,O:CRM230421C00175000,175.0,2023-04-21,2023-02-03,11.7,12.15,10.0,10.15,127,33,11.7,,monthly_60d_40d_otm,weekly_2_strike6,79,61
CRM,2023-02-01,2023-03-01,backfill,O:CRM230421C00175000,175.0,2023-04-21,2023-02-06,10.0,10.0,9.38,9.65,44,8,10.0,,monthly_60d_40d_otm,weekly_2_strike6,79,61
CRM,2023-02-01,2023-03-01,backfill,O:CRM230421C00175000,175.0,2023-04-21,2023-02-07,8.65,10.15,8.45,10.15,137,22,8.65,,monthly_60d_40d_otm,weekly_2_strike6,79,61
CRM,2023-02-01,2023-03-01,backfill,O:CRM230421C00175000,175.0,2023-04-21,2023-02-08,9.45,10.6,9.45,9.83,95,13,9.45,,monthly_60d_40d_otm,weekly_2_strike6,79,61
CRM,2023-02-01,2023-03-01,backfill,O:CRM230421C00175000,175.0,2023-04-21,2023-02-09,12.1,12.7,11.69,12.37,1102,24,12.1,,monthly_60d_40d_otm,weekly_2_strike6,79,61
CRM,2023-02-01,2023-03-01,backfill,O:CRM230421C00175000,175.0,2023-04-21,2023-02-10,9.49,10.15,8.5,8.75,112,21,9.49,,monthly_60d_40d_otm,weekly_2_strike6,79,61
CRM,2023-02-01,2023-03-01,backfill,O:CRM230421C00175000,175.0,2023-04-21,2023-02-13,8.6,10.29,8.6,10.1,98,17,8.6,,monthly_60d_40d_otm,weekly_2_strike6,79,61
CRM,2023-02-01,2023-03-01,backfill,O:CRM230421C00175000,175.0,2023-04-21,2023-02-14,9.23,10.2,8.63,9.35,1048,13,9.23,,monthly_60d_40d_otm,weekly_2_strike6,79,61
CRM,2023-02-01,2023-03-01,backfill,O:CRM230421C00175000,175.0,2023-04-21,2023-02-15,9.0,9.8,8.72,9.8,1229,13,9.0,,monthly_60d_40d_otm,weekly_2_strike6,79,61
CRM,2023-02-01,2023-03-01,backfill,O:CRM230421C00175000,175.0,2023-04-21,2023-02-16,8.6,9.35,8.6,8.75,314,12,8.6,,monthly_60d_40d_otm,weekly_2_strike6,79,61
CRM,2023-02-01,2023-03-01,backfill,O:CRM230421C00175000,175.0,2023-04-21,2023-02-17,7.19,7.7,6.3,6.8,78,24,7.19,,monthly_60d_40d_otm,weekly_2_strike6,79,61
CRM,2023-02-01,2023-03-01,backfill,O:CRM230421C00175000,175.0,2023-04-21,2023-02-21,6.3,6.3,5.7,5.83,66,15,6.3,,monthly_60d_40d_otm,weekly_2_strike6,79,61
CRM,2023-02-01,2023-03-01,backfill,O:CRM230421C00175000,175.0,2023-04-21,2023-02-22,5.95,6.7,5.85,5.85,147,13,5.95,,monthly_60d_40d_otm,weekly_2_strike6,79,61
CRM,2023-02-01,2023-03-01,backfill,O:CRM230421C00175000,175.0,2023-04-21,2023-02-23,6.35,6.35,5.27,6.0,103,25,6.35,,monthly_60d_40d_otm,weekly_2_strike6,79,61
CRM,2023-02-01,2023-03-01,backfill,O:CRM230421C00175000,175.0,2023-04-21,2023-02-24,4.95,5.45,4.67,5.4,94,24,4.95,,monthly_60d_40d_otm,weekly_2_strike6,79,61
CRM,2023-02-01,2023-03-01,backfill,O:CRM230421C00175000,175.0,2023-04-21,2023-02-27,6.13,6.13,5.5,5.56,80,14,6.13,,monthly_60d_40d_otm,weekly_2_strike6,79,61
CRM,2023-02-01,2023-03-01,backfill,O:CRM230421C00175000,175.0,2023-04-21,2023-02-28,5.65,6.25,5.22,6.25,130,28,5.65,,monthly_60d_40d_otm,weekly_2_strike6,79,61
CRM,2023-02-01,2023-03-01,backfill,O:CRM230421C00175000,175.0,2023-04-21,2023-03-01,6.1,7.65,6.1,7.63,292,59,6.1,,monthly_60d_40d_otm,weekly_2_strike6,79,61
CRM,2025-12-16,2026-01-14,backfill,O:CRM260116C00270000,270.0,2026-01-16,2025-12-16,3.06,3.1,2.38,2.85,1014,73,3.06,,monthly_30d_25d_otm,weekly_2_strike0,31,1014
CRM,2025-12-16,2026-01-14,backfill,O:CRM260116C00270000,270.0,2026-01-16,2025-12-17,3.15,5.0,3.15,3.8,551,100,3.15,,monthly_30d_25d_otm,weekly_2_strike0,31,1014
CRM,2025-12-16,2026-01-14,backfill,O:CRM260116C00270000,270.0,2026-01-16,2025-12-18,4.13,4.15,3.08,3.45,239,70,4.13,,monthly_30d_25d_otm,weekly_2_strike0,31,1014
CRM,2025-12-16,2026-01-14,backfill,O:CRM260116C00270000,270.0,2026-01-16,2025-12-19,3.55,3.9,2.87,3.5,1178,109,3.55,,monthly_30d_25d_otm,weekly_2_strike0,31,1014
CRM,2025-12-16,2026-01-14,backfill,O:CRM260116C00270000,270.0,2026-01-16,2025-12-22,3.55,5.1,3.25,4.8,756,113,3.55,,monthly_30d_25d_otm,weekly_2_strike0,31,1014
CRM,2025-12-16,2026-01-14,backfill,O:CRM260116C00270000,270.0,2026-01-16,2025-12-23,4.0,4.45,3.42,4.25,651,65,4.0,,monthly_30d_25d_otm,weekly_2_strike0,31,1014
CRM,2025-12-16,2026-01-14,backfill,O:CRM260116C00270000,270.0,2026-01-16,2025-12-24,4.3,5.2,4.15,4.7,511,89,4.3,,monthly_30d_25d_otm,weekly_2_strike0,31,1014
CRM,2025-12-16,2026-01-14,backfill,O:CRM260116C00270000,270.0,2026-01-16,2025-12-26,4.48,5.8,4.4,4.54,442,80,4.48,,monthly_30d_25d_otm,weekly_2_strike0,31,1014
CRM,2025-12-16,2026-01-14,backfill,O:CRM260116C00270000,270.0,2026-01-16,2025-12-29,4.2,5.99,4.15,4.5,711,90,4.2,,monthly_30d_25d_otm,weekly_2_strike0,31,1014
CRM,2025-12-16,2026-01-14,backfill,O:CRM260116C00270000,270.0,2026-01-16,2025-12-30,4.6,5.01,3.9,4.05,713,106,4.6,,monthly_30d_25d_otm,weekly_2_strike0,31,1014
CRM,2025-12-16,2026-01-14,backfill,O:CRM260116C00270000,270.0,2026-01-16,2025-12-31,3.67,3.89,3.25,3.25,814,82,3.67,,monthly_30d_25d_otm,weekly_2_strike0,31,1014
CRM,2025-12-16,2026-01-14,backfill,O:CRM260116C00270000,270.0,2026-01-16,2026-01-02,3.05,3.2,0.78,0.85,1246,138,3.05,,monthly_30d_25d_otm,weekly_2_strike0,31,1014
CRM,2025-12-16,2026-01-14,backfill,O:CRM260116C00270000,270.0,2026-01-16,2026-01-05,0.77,1.6,0.5,1.01,933,96,0.77,,monthly_30d_25d_otm,weekly_2_strike0,31,1014
CRM,2025-12-16,2026-01-14,backfill,O:CRM260116C00270000,270.0,2026-01-16,2026-01-06,0.89,2.36,0.89,2.12,1729,161,0.89,,monthly_30d_25d_otm,weekly_2_strike0,31,1014
CRM,2025-12-16,2026-01-14,backfill,O:CRM260116C00270000,270.0,2026-01-16,2026-01-07,2.35,3.85,2.1,3.05,864,110,2.35,,monthly_30d_25d_otm,weekly_2_strike0,31,1014
CRM,2025-12-16,2026-01-14,backfill,O:CRM260116C00270000,270.0,2026-01-16,2026-01-08,2.66,2.66,1.25,1.25,861,79,2.66,,monthly_30d_25d_otm,weekly_2_strike0,31,1014
CRM,2025-12-16,2026-01-14,backfill,O:CRM260116C00270000,270.0,2026-01-16,2026-01-09,1.24,1.24,0.65,0.84,1270,110,1.24,,monthly_30d_25d_otm,weekly_2_strike0,31,1014
CRM,2025-12-16,2026-01-14,backfill,O:CRM260116C00270000,270.0,2026-01-16,2026-01-12,0.72,0.85,0.33,0.53,2232,153,0.72,,monthly_30d_25d_otm,weekly_2_strike0,31,1014
CRM,2025-12-16,2026-01-14,backfill,O:CRM260116C00270000,270.0,2026-01-16,2026-01-13,0.33,0.6,0.05,0.08,1253,112,0.33,,monthly_30d_25d_otm,weekly_2_strike0,31,1014
CRM,2025-12-16,2026-01-14,backfill,O:CRM260116C00270000,270.0,2026-01-16,2026-01-14,0.08,0.12,0.02,0.05,194,40,0.08,,monthly_30d_25d_otm,weekly_2_strike0,31,1014
CRWD,2020-01-13,2020-02-10,backfill,O:CRWD200221C00065000,65.0,2020-02-21,2020-01-13,1.6,2.3,1.6,2.03,390,72,1.6,,monthly_30d_20d_otm,weekly_2_strike0,39,390
CRWD,2020-01-13,2020-02-10,backfill,O:CRWD200221C00065000,65.0,2020-02-21,2020-01-14,1.95,2.65,1.55,1.82,456,89,1.95,,monthly_30d_20d_otm,weekly_2_strike0,39,390
CRWD,2020-01-13,2020-02-10,backfill,O:CRWD200221C00065000,65.0,2020-02-21,2020-01-15,1.87,3.2,1.87,2.3,1535,141,1.87,,monthly_30d_20d_otm,weekly_2_strike0,39,390
CRWD,2020-01-13,2020-02-10,backfill,O:CRWD200221C00065000,65.0,2020-02-21,2020-01-16,3.0,3.3,2.4,3.0,2176,129,3.0,,monthly_30d_20d_otm,weekly_2_strike0,39,390
CRWD,2020-01-13,2020-02-10,backfill,O:CRWD200221C00065000,65.0,2020-02-21,2020-01-17,3.3,3.3,2.65,3.3,496,77,3.3,,monthly_30d_20d_otm,weekly_2_strike0,39,390
CRWD,2020-01-13,2020-02-10,backfill,O:CRWD200221C00065000,65.0,2020-02-21,2020-01-21,3.0,3.1,2.25,2.5,354,59,3.0,,monthly_30d_20d_otm,weekly_2_strike0,39,390
CRWD,2020-01-13,2020-02-10,backfill,O:CRWD200221C00065000,65.0,2020-02-21,2020-01-22,2.55,3.23,2.41,2.52,355,56,2.55,,monthly_30d_20d_otm,weekly_2_strike0,39,390
CRWD,2020-01-13,2020-02-10,backfill,O:CRWD200221C00065000,65.0,2020-02-21,2020-01-23,2.1,2.4,1.7,2.05,200,34,2.1,,monthly_30d_20d_otm,weekly_2_strike0,39,390
CRWD,2020-01-13,2020-02-10,backfill,O:CRWD200221C00065000,65.0,2020-02-21,2020-01-24,2.35,2.6,1.01,1.3,513,67,2.35,,monthly_30d_20d_otm,weekly_2_strike0,39,390
CRWD,2020-01-13,2020-02-10,backfill,O:CRWD200221C00065000,65.0,2020-02-21,2020-01-27,0.89,1.0,0.8,0.95,196,33,0.89,,monthly_30d_20d_otm,weekly_2_strike0,39,390
CRWD,2020-01-13,2020-02-10,backfill,O:CRWD200221C00065000,65.0,2020-02-21,2020-01-28,1.0,1.25,1.0,1.12,75,21,1.0,,monthly_30d_20d_otm,weekly_2_strike0,39,390
CRWD,2020-01-13,2020-02-10,backfill,O:CRWD200221C00065000,65.0,2020-02-21,2020-01-29,1.45,1.89,1.3,1.4,268,38,1.45,,monthly_30d_20d_otm,weekly_2_strike0,39,390
CRWD,2020-01-13,2020-02-10,backfill,O:CRWD200221C00065000,65.0,2020-02-21,2020-01-30,1.45,2.05,1.1,2.05,445,28,1.45,,monthly_30d_20d_otm,weekly_2_strike0,39,390
CRWD,2020-01-13,2020-02-10,backfill,O:CRWD200221C00065000,65.0,2020-02-21,2020-01-31,1.95,2.2,1.25,1.45,253,45,1.95,,monthly_30d_20d_otm,weekly_2_strike0,39,390
CRWD,2020-01-13,2020-02-10,backfill,O:CRWD200221C00065000,65.0,2020-02-21,2020-02-03,1.37,1.4,0.97,1.2,218,33,1.37,,monthly_30d_20d_otm,weekly_2_strike0,39,390
CRWD,2020-01-13,2020-02-10,backfill,O:CRWD200221C00065000,65.0,2020-02-21,2020-02-04,1.25,2.35,1.19,2.1,489,77,1.25,,monthly_30d_20d_otm,weekly_2_strike0,39,390
CRWD,2020-01-13,2020-02-10,backfill,O:CRWD200221C00065000,65.0,2020-02-21,2020-02-05,2.35,2.46,0.9,1.4,610,105,2.35,,monthly_30d_20d_otm,weekly_2_strike0,39,390
CRWD,2020-01-13,2020-02-10,backfill,O:CRWD200221C00065000,65.0,2020-02-21,2020-02-06,1.05,1.67,0.95,1.34,185,45,1.05,,monthly_30d_20d_otm,weekly_2_strike0,39,390
CRWD,2020-01-13,2020-02-10,backfill,O:CRWD200221C00065000,65.0,2020-02-21,2020-02-07,1.45,1.95,1.2,1.28,2815,102,1.45,,monthly_30d_20d_otm,weekly_2_strike0,39,390
CRWD,2020-01-13,2020-02-10,backfill,O:CRWD200221C00065000,65.0,2020-02-21,2020-02-10,1.0,1.88,1.0,1.6,1374,145,1.0,,monthly_30d_20d_otm,weekly_2_strike0,39,390
CRWD,2020-06-30,2020-07-28,backfill,O:CRWD200821C00095000,95.0,2020-08-21,2020-06-30,10.9,12.27,10.9,11.8,24,6,10.9,,monthly_45d_slight_itm,weekly_2_strike0,52,24
CRWD,2020-06-30,2020-07-28,backfill,O:CRWD200821C00095000,95.0,2020-08-21,2020-07-01,11.9,13.7,11.9,13.7,11,5,11.9,,monthly_45d_slight_itm,weekly_2_strike0,52,24
CRWD,2020-06-30,2020-07-28,backfill,O:CRWD200821C00095000,95.0,2020-08-21,2020-07-02,14.0,16.82,13.0,16.8,77,17,14.0,,monthly_45d_slight_itm,weekly_2_strike0,52,24
CRWD,2020-06-30,2020-07-28,backfill,O:CRWD200821C00095000,95.0,2020-08-21,2020-07-06,18.0,18.0,14.5,15.2,17,7,18.0,,monthly_45d_slight_itm,weekly_2_strike0,52,24
CRWD,2020-06-30,2020-07-28,backfill,O:CRWD200821C00095000,95.0,2020-08-21,2020-07-07,15.55,16.5,15.5,15.5,13,5,15.55,,monthly_45d_slight_itm,weekly_2_strike0,52,24
CRWD,2020-06-30,2020-07-28,backfill,O:CRWD200821C00095000,95.0,2020-08-21,2020-07-08,17.5,21.67,17.5,21.67,38,9,17.5,,monthly_45d_slight_itm,weekly_2_strike0,52,24
CRWD,2020-06-30,2020-07-28,backfill,O:CRWD200821C00095000,95.0,2020-08-21,2020-07-09,23.5,23.5,23.5,23.5,1,1,23.5,,monthly_45d_slight_itm,weekly_2_strike0,52,24
CRWD,2020-06-30,2020-07-28,backfill,O:CRWD200821C00095000,95.0,2020-08-21,2020-07-13,22.6,22.6,15.8,15.8,8,6,22.6,,monthly_45d_slight_itm,weekly_2_strike0,52,24
CRWD,2020-06-30,2020-07-28,backfill,O:CRWD200821C00095000,95.0,2020-08-21,2020-07-14,13.55,14.4,11.77,14.4,73,12,13.55,,monthly_45d_slight_itm,weekly_2_strike0,52,24
CRWD,2020-06-30,2020-07-28,backfill,O:CRWD200821C00095000,95.0,2020-08-21,2020-07-15,12.9,12.9,11.7,12.73,10,5,12.9,,monthly_45d_slight_itm,weekly_2_strike0,52,24
CRWD,2020-06-30,2020-07-28,backfill,O:CRWD200821C00095000,95.0,2020-08-21,2020-07-16,12.2,12.2,10.25,11.2,50,20,12.2,,monthly_45d_slight_itm,weekly_2_strike0,52,24
CRWD,2020-06-30,2020-07-28,backfill,O:CRWD200821C00095000,95.0,2020-08-21,2020-07-17,11.86,11.86,10.27,11.2,32,5,11.86,,monthly_45d_slight_itm,weekly_2_strike0,52,24
CRWD,2020-06-30,2020-07-28,backfill,O:CRWD200821C00095000,95.0,2020-08-21,2020-07-20,13.51,14.9,13.51,14.7,657,63,13.51,,monthly_45d_slight_itm,weekly_2_strike0,52,24
CRWD,2020-06-30,2020-07-28,backfill,O:CRWD200821C00095000,95.0,2020-08-21,2020-07-21,15.0,15.0,12.77,14.5,307,76,15.0,,monthly_45d_slight_itm,weekly_2_strike0,52,24
CRWD,2020-06-30,2020-07-28,backfill,O:CRWD200821C00095000,95.0,2020-08-21,2020-07-22,14.5,14.5,11.28,11.99,138,47,14.5,,monthly_45d_slight_itm,weekly_2_strike0,52,24
CRWD,2020-06-30,2020-07-28,backfill,O:CRWD200821C00095000,95.0,2020-08-21,2020-07-23,11.9,13.4,8.9,10.0,117,32,11.9,,monthly_45d_slight_itm,weekly_2_strike0,52,24
CRWD,2020-06-30,2020-07-28,backfill,O:CRWD200821C00095000,95.0,2020-08-21,2020-07-24,8.0,9.98,7.25,9.1,123,39,8.0,,monthly_45d_slight_itm,weekly_2_strike0,52,24
CRWD,2020-06-30,2020-07-28,backfill,O:CRWD200821C00095000,95.0,2020-08-21,2020-07-27,10.0,11.72,9.5,11.72,67,17,10.0,,monthly_45d_slight_itm,weekly_2_strike0,52,24
CRWD,2020-06-30,2020-07-28,backfill,O:CRWD200821C00095000,95.0,2020-08-21,2020-07-28,12.6,15.53,12.6,13.3,110,36,12.6,,monthly_45d_slight_itm,weekly_2_strike0,52,24
CRWD,2020-10-02,2020-10-29,backfill,O:CRWD201120C00140000,140.0,2020-11-20,2020-10-02,12.95,15.45,12.0,12.2,138,52,12.95,,monthly_30d_atm,weekly_1_strike0,49,138
CRWD,2020-10-02,2020-10-29,backfill,O:CRWD201120C00140000,140.0,2020-11-20,2020-10-05,14.41,17.9,14.41,14.9,295,44,14.41,,monthly_30d_atm,weekly_1_strike0,49,138
CRWD,2020-10-02,2020-10-29,backfill,O:CRWD201120C00140000,140.0,2020-11-20,2020-10-06,15.8,17.5,14.0,14.9,176,40,15.8,,monthly_30d_atm,weekly_1_strike0,49,138
CRWD,2020-10-02,2020-10-29,backfill,O:CRWD201120C00140000,140.0,2020-11-20,2020-10-07,15.5,16.92,13.7,14.36,176,45,15.5,,monthly_30d_atm,weekly_1_strike0,49,138
CRWD,2020-10-02,2020-10-29,backfill,O:CRWD201120C00140000,140.0,2020-11-20,2020-10-08,13.5,14.27,12.25,13.0,54,14,13.5,,monthly_30d_atm,weekly_1_strike0,49,138
CRWD,2020-10-02,2020-10-29,backfill,O:CRWD201120C00140000,140.0,2020-11-20,2020-10-09,13.5,13.89,12.72,12.72,78,28,13.5,,monthly_30d_atm,weekly_1_strike0,49,138
CRWD,2020-10-02,2020-10-29,backfill,O:CRWD201120C00140000,140.0,2020-11-20,2020-10-12,15.0,15.9,13.34,13.5,182,26,15.0,,monthly_30d_atm,weekly_1_strike0,49,138
CRWD,2020-10-02,2020-10-29,backfill,O:CRWD201120C00140000,140.0,2020-11-20,2020-10-13,15.0,18.55,14.8,18.0,243,49,15.0,,monthly_30d_atm,weekly_1_strike0,49,138
CRWD,2020-10-02,2020-10-29,backfill,O:CRWD201120C00140000,140.0,2020-11-20,2020-10-14,16.98,16.98,13.1,15.05,187,47,16.98,,monthly_30d_atm,weekly_1_strike0,49,138
CRWD,2020-10-02,2020-10-29,backfill,O:CRWD201120C00140000,140.0,2020-11-20,2020-10-15,12.3,13.2,11.0,13.0,117,42,12.3,,monthly_30d_atm,weekly_1_strike0,49,138
CRWD,2020-10-02,2020-10-29,backfill,O:CRWD201120C00140000,140.0,2020-11-20,2020-10-16,14.58,14.7,12.56,12.56,74,18,14.58,,monthly_30d_atm,weekly_1_strike0,49,138
CRWD,2020-10-02,2020-10-29,backfill,O:CRWD201120C00140000,140.0,2020-11-20,2020-10-19,15.0,15.2,12.37,12.37,47,10,15.0,,monthly_30d_atm,weekly_1_strike0,49,138
CRWD,2020-10-02,2020-10-29,backfill,O:CRWD201120C00140000,140.0,2020-11-20,2020-10-20,12.55,12.55,10.6,10.69,32,19,12.55,,monthly_30d_atm,weekly_1_strike0,49,138
CRWD,2020-10-02,2020-10-29,backfill,O:CRWD201120C00140000,140.0,2020-11-20,2020-10-21,10.0,10.0,5.85,6.65,355,74,10.0,,monthly_30d_atm,weekly_1_strike0,49,138
CRWD,2020-10-02,2020-10-29,backfill,O:CRWD201120C00140000,140.0,2020-11-20,2020-10-22,7.34,8.7,5.35,6.15,86,36,7.34,,monthly_30d_atm,weekly_1_strike0,49,138
CRWD,2020-10-02,2020-10-29,backfill,O:CRWD201120C00140000,140.0,2020-11-20,2020-10-23,6.15,6.5,5.4,6.45,42,21,6.15,,monthly_30d_atm,weekly_1_strike0,49,138
CRWD,2020-10-02,2020-10-29,backfill,O:CRWD201120C00140000,140.0,2020-11-20,2020-10-26,6.0,7.49,3.95,4.9,174,37,6.0,,monthly_30d_atm,weekly_1_strike0,49,138
CRWD,2020-10-02,2020-10-29,backfill,O:CRWD201120C00140000,140.0,2020-11-20,2020-10-27,5.62,6.0,4.65,5.15,99,29,5.62,,monthly_30d_atm,weekly_1_strike0,49,138
CRWD,2020-10-02,2020-10-29,backfill,O:CRWD201120C00140000,140.0,2020-11-20,2020-10-28,4.14,5.0,4.0,4.77,87,20,4.14,,monthly_30d_atm,weekly_1_strike0,49,138
CRWD,2020-10-02,2020-10-29,backfill,O:CRWD201120C00140000,140.0,2020-11-20,2020-10-29,5.0,5.0,3.0,3.36,88,36,5.0,,monthly_30d_atm,weekly_1_strike0,49,138
CRWD,2022-03-23,2022-04-20,backfill,O:CRWD220520C00260000,260.0,2022-05-20,2022-03-23,4.1,7.2,4.1,6.11,113,32,4.1,,monthly_45d_30d_otm,weekly_2_strike0,58,113
CRWD,2022-03-23,2022-04-20,backfill,O:CRWD220520C00260000,260.0,2022-05-20,2022-03-24,6.22,6.3,5.0,6.27,131,17,6.22,,monthly_45d_30d_otm,weekly_2_strike0,58,113
CRWD,2022-03-23,2022-04-20,backfill,O:CRWD220520C00260000,260.0,2022-05-20,2022-03-25,6.45,6.45,4.91,5.4,116,22,6.45,,monthly_45d_30d_otm,weekly_2_strike0,58,113
CRWD,2022-03-23,2022-04-20,backfill,O:CRWD220520C00260000,260.0,2022-05-20,2022-03-28,6.0,6.12,4.6,5.0,62,10,6.0,,monthly_45d_30d_otm,weekly_2_strike0,58,113
CRWD,2022-03-23,2022-04-20,backfill,O:CRWD220520C00260000,260.0,2022-05-20,2022-03-29,5.05,5.5,3.5,4.65,16,11,5.05,,monthly_45d_30d_otm,weekly_2_strike0,58,113
CRWD,2022-03-23,2022-04-20,backfill,O:CRWD220520C00260000,260.0,2022-05-20,2022-03-30,4.15,6.5,4.15,4.9,94,26,4.15,,monthly_45d_30d_otm,weekly_2_strike0,58,113
CRWD,2022-03-23,2022-04-20,backfill,O:CRWD220520C00260000,260.0,2022-05-20,2022-03-31,5.13,6.8,5.13,5.9,91,21,5.13,,monthly_45d_30d_otm,weekly_2_strike0,58,113
CRWD,2022-03-23,2022-04-20,backfill,O:CRWD220520C00260000,260.0,2022-05-20,2022-04-01,5.8,7.0,4.95,5.14,49,19,5.8,,monthly_45d_30d_otm,weekly_2_strike0,58,113
CRWD,2022-03-23,2022-04-20,backfill,O:CRWD220520C00260000,260.0,2022-05-20,2022-04-04,5.16,5.16,4.6,5.0,56,15,5.16,,monthly_45d_30d_otm,weekly_2_strike0,58,113
CRWD,2022-03-23,2022-04-20,backfill,O:CRWD220520C00260000,260.0,2022-05-20,2022-04-05,4.55,4.55,3.1,3.35,49,16,4.55,,monthly_45d_30d_otm,weekly_2_strike0,58,113
CRWD,2022-03-23,2022-04-20,backfill,O:CRWD220520C00260000,260.0,2022-05-20,2022-04-06,2.5,3.05,2.02,2.6,100,26,2.5,,monthly_45d_30d_otm,weekly_2_strike0,58,113
CRWD,2022-03-23,2022-04-20,backfill,O:CRWD220520C00260000,260.0,2022-05-20,2022-04-07,2.35,3.8,2.35,3.8,22,14,2.35,,monthly_45d_30d_otm,weekly_2_strike0,58,113
CRWD,2022-03-23,2022-04-20,backfill,O:CRWD220520C00260000,260.0,2022-05-20,2022-04-08,4.4,5.5,2.92,3.1,183,30,4.4,,monthly_45d_30d_otm,weekly_2_strike0,58,113
CRWD,2022-03-23,2022-04-20,backfill,O:CRWD220520C00260000,260.0,2022-05-20,2022-04-11,2.23,3.2,2.23,2.76,33,22,2.23,,monthly_45d_30d_otm,weekly_2_strike0,58,113
CRWD,2022-03-23,2022-04-20,backfill,O:CRWD220520C00260000,260.0,2022-05-20,2022-04-12,4.75,7.45,3.8,4.05,481,59,4.75,,monthly_45d_30d_otm,weekly_2_strike0,58,113
CRWD,2022-03-23,2022-04-20,backfill,O:CRWD220520C00260000,260.0,2022-05-20,2022-04-13,4.5,8.5,4.15,8.1,255,66,4.5,,monthly_45d_30d_otm,weekly_2_strike0,58,113
CRWD,2022-03-23,2022-04-20,backfill,O:CRWD220520C00260000,260.0,2022-05-20,2022-04-14,6.65,7.65,6.5,6.57,422,39,6.65,,monthly_45d_30d_otm,weekly_2_strike0,58,113
CRWD,2022-03-23,2022-04-20,backfill,O:CRWD220520C00260000,260.0,2022-05-20,2022-04-18,5.81,5.81,3.14,3.4,110,44,5.81,,monthly_45d_30d_otm,weekly_2_strike0,58,113
CRWD,2022-03-23,2022-04-20,backfill,O:CRWD220520C00260000,260.0,2022-05-20,2022-04-19,3.32,4.1,3.18,3.7,53,31,3.32,,monthly_45d_30d_otm,weekly_2_strike0,58,113
CRWD,2022-03-23,2022-04-20,backfill,O:CRWD220520C00260000,260.0,2022-05-20,2022-04-20,3.1,3.1,2.16,2.59,70,28,3.1,,monthly_45d_30d_otm,weekly_2_strike0,58,113
CRWD,2022-08-01,2022-08-26,backfill,O:CRWD220916C00210000,210.0,2022-09-16,2022-08-01,5.22,7.47,5.22,6.3,211,31,5.22,,monthly_45d_20d_otm,weekly_2_strike3,46,211
CRWD,2022-08-01,2022-08-26,backfill,O:CRWD220916C00210000,210.0,2022-09-16,2022-08-02,6.8,7.95,6.5,7.7,89,21,6.8,,monthly_45d_20d_otm,weekly_2_strike3,46,211
CRWD,2022-08-01,2022-08-26,backfill,O:CRWD220916C00210000,210.0,2022-09-16,2022-08-03,9.75,11.0,9.32,10.3,64,26,9.75,,monthly_45d_20d_otm,weekly_2_strike3,46,211
CRWD,2022-08-01,2022-08-26,backfill,O:CRWD220916C00210000,210.0,2022-09-16,2022-08-04,9.8,9.8,6.3,7.99,67,36,9.8,,monthly_45d_20d_otm,weekly_2_strike3,46,211
CRWD,2022-08-01,2022-08-26,backfill,O:CRWD220916C00210000,210.0,2022-09-16,2022-08-05,7.29,8.7,6.9,7.85,591,24,7.29,,monthly_45d_20d_otm,weekly_2_strike3,46,211
CRWD,2022-08-01,2022-08-26,backfill,O:CRWD220916C00210000,210.0,2022-09-16,2022-08-08,8.5,10.06,7.75,7.75,105,40,8.5,,monthly_45d_20d_otm,weekly_2_strike3,46,211
CRWD,2022-08-01,2022-08-26,backfill,O:CRWD220916C00210000,210.0,2022-09-16,2022-08-09,6.1,6.5,5.7,6.35,312,34,6.1,,monthly_45d_20d_otm,weekly_2_strike3,46,211
CRWD,2022-08-01,2022-08-26,backfill,O:CRWD220916C00210000,210.0,2022-09-16,2022-08-10,9.0,11.25,9.0,11.0,119,43,9.0,,monthly_45d_20d_otm,weekly_2_strike3,46,211
CRWD,2022-08-01,2022-08-26,backfill,O:CRWD220916C00210000,210.0,2022-09-16,2022-08-11,12.05,13.2,8.85,9.6,146,42,12.05,,monthly_45d_20d_otm,weekly_2_strike3,46,211
CRWD,2022-08-01,2022-08-26,backfill,O:CRWD220916C00210000,210.0,2022-09-16,2022-08-12,10.2,11.0,10.0,10.37,284,42,10.2,,monthly_45d_20d_otm,weekly_2_strike3,46,211
CRWD,2022-08-01,2022-08-26,backfill,O:CRWD220916C00210000,210.0,2022-09-16,2022-08-15,10.28,11.05,8.5,10.6,570,43,10.28,,monthly_45d_20d_otm,weekly_2_strike3,46,211
CRWD,2022-08-01,2022-08-26,backfill,O:CRWD220916C00210000,210.0,2022-09-16,2022-08-16,9.9,10.15,8.16,10.15,310,44,9.9,,monthly_45d_20d_otm,weekly_2_strike3,46,211
CRWD,2022-08-01,2022-08-26,backfill,O:CRWD220916C00210000,210.0,2022-09-16,2022-08-17,8.38,8.95,7.95,8.35,97,30,8.38,,monthly_45d_20d_otm,weekly_2_strike3,46,211
CRWD,2022-08-01,2022-08-26,backfill,O:CRWD220916C00210000,210.0,2022-09-16,2022-08-18,8.0,8.15,7.55,8.0,92,22,8.0,,monthly_45d_20d_otm,weekly_2_strike3,46,211
CRWD,2022-08-01,2022-08-26,backfill,O:CRWD220916C00210000,210.0,2022-09-16,2022-08-19,6.8,6.8,5.44,5.85,154,41,6.8,,monthly_45d_20d_otm,weekly_2_strike3,46,211
CRWD,2022-08-01,2022-08-26,backfill,O:CRWD220916C00210000,210.0,2022-09-16,2022-08-22,4.6,5.2,4.2,4.57,211,39,4.6,,monthly_45d_20d_otm,weekly_2_strike3,46,211
CRWD,2022-08-01,2022-08-26,backfill,O:CRWD220916C00210000,210.0,2022-09-16,2022-08-23,6.05,6.5,5.6,6.15,317,45,6.05,,monthly_45d_20d_otm,weekly_2_strike3,46,211
CRWD,2022-08-01,2022-08-26,backfill,O:CRWD220916C00210000,210.0,2022-09-16,2022-08-24,6.92,8.17,6.0,6.0,187,46,6.92,,monthly_45d_20d_otm,weekly_2_strike3,46,211
CRWD,2022-08-01,2022-08-26,backfill,O:CRWD220916C00210000,210.0,2022-09-16,2022-08-25,7.35,9.15,7.35,8.7,200,68,7.35,,monthly_45d_20d_otm,weekly_2_strike3,46,211
CRWD,2022-08-01,2022-08-26,backfill,O:CRWD220916C00210000,210.0,2022-09-16,2022-08-26,8.0,8.2,5.9,6.0,458,57,8.0,,monthly_45d_20d_otm,weekly_2_strike3,46,211
CRWD,2023-05-22,2023-06-20,backfill,O:CRWD230616C00155000,155.0,2023-06-16,2023-05-22,4.65,5.75,4.6,5.55,103,26,4.65,,monthly_30d_30d_otm,weekly_2_strike0,25,103
CRWD,2023-05-22,2023-06-20,backfill,O:CRWD230616C00155000,155.0,2023-06-16,2023-05-23,5.13,5.81,4.6,4.6,141,36,5.13,,monthly_30d_30d_otm,weekly_2_strike0,25,103
CRWD,2023-05-22,2023-06-20,backfill,O:CRWD230616C00155000,155.0,2023-06-16,2023-05-24,5.35,6.33,5.1,6.33,73,16,5.35,,monthly_30d_30d_otm,weekly_2_strike0,25,103
CRWD,2023-05-22,2023-06-20,backfill,O:CRWD230616C00155000,155.0,2023-06-16,2023-05-25,7.0,7.15,5.65,6.76,100,48,7.0,,monthly_30d_30d_otm,weekly_2_strike0,25,103
CRWD,2023-05-22,2023-06-20,backfill,O:CRWD230616C00155000,155.0,2023-06-16,2023-05-26,6.9,11.3,6.9,8.93,497,97,6.9,,monthly_30d_30d_otm,weekly_2_strike0,25,103
CRWD,2023-05-22,2023-06-20,backfill,O:CRWD230616C00155000,155.0,2023-06-16,2023-05-30,12.35,13.15,10.08,12.24,612,93,12.35,,monthly_30d_30d_otm,weekly_2_strike0,25,103
CRWD,2023-05-22,2023-06-20,backfill,O:CRWD230616C00155000,155.0,2023-06-16,2023-05-31,12.24,14.05,11.7,13.15,424,91,12.24,,monthly_30d_30d_otm,weekly_2_strike0,25,103
CRWD,2023-05-22,2023-06-20,backfill,O:CRWD230616C00155000,155.0,2023-06-16,2023-06-01,3.35,8.15,1.98,6.95,1060,142,3.35,,monthly_30d_30d_otm,weekly_2_strike0,25,103
CRWD,2023-05-22,2023-06-20,backfill,O:CRWD230616C00155000,155.0,2023-06-16,2023-06-02,5.6,6.45,3.15,3.3,639,119,5.6,,monthly_30d_30d_otm,weekly_2_strike0,25,103
CRWD,2023-05-22,2023-06-20,backfill,O:CRWD230616C00155000,155.0,2023-06-16,2023-06-05,3.2,4.71,2.23,4.39,803,150,3.2,,monthly_30d_30d_otm,weekly_2_strike0,25,103
CRWD,2023-05-22,2023-06-20,backfill,O:CRWD230616C00155000,155.0,2023-06-16,2023-06-06,4.2,5.0,3.15,3.44,506,123,4.2,,monthly_30d_30d_otm,weekly_2_strike0,25,103
CRWD,2023-05-22,2023-06-20,backfill,O:CRWD230616C00155000,155.0,2023-06-16,2023-06-07,4.29,4.55,1.64,1.7,878,122,4.29,,monthly_30d_30d_otm,weekly_2_strike0,25,103
CRWD,2023-05-22,2023-06-20,backfill,O:CRWD230616C00155000,155.0,2023-06-16,2023-06-08,1.61,2.38,1.61,2.17,778,135,1.61,,monthly_30d_30d_otm,weekly_2_strike0,25,103
CRWD,2023-05-22,2023-06-20,backfill,O:CRWD230616C00155000,155.0,2023-06-16,2023-06-09,2.86,3.0,0.99,1.43,1797,185,2.86,,monthly_30d_30d_otm,weekly_2_strike0,25,103
CRWD,2023-05-22,2023-06-20,backfill,O:CRWD230616C00155000,155.0,2023-06-16,2023-06-12,1.53,2.0,1.12,1.63,2605,194,1.53,,monthly_30d_30d_otm,weekly_2_strike0,25,103
CRWD,2023-05-22,2023-06-20,backfill,O:CRWD230616C00155000,155.0,2023-06-16,2023-06-13,2.18,2.82,1.43,1.88,2216,201,2.18,,monthly_30d_30d_otm,weekly_2_strike0,25,103
CRWD,2023-05-22,2023-06-20,backfill,O:CRWD230616C00155000,155.0,2023-06-16,2023-06-14,1.88,2.06,0.89,1.66,2317,230,1.88,,monthly_30d_30d_otm,weekly_2_strike0,25,103
CRWD,2023-05-22,2023-06-20,backfill,O:CRWD230616C00155000,155.0,2023-06-16,2023-06-15,1.19,6.35,0.89,5.1,6910,265,1.19,,monthly_30d_30d_otm,weekly_2_strike0,25,103
CRWD,2023-05-22,2023-06-20,backfill,O:CRWD230616C00155000,155.0,2023-06-16,2023-06-16,7.0,7.0,0.15,0.15,1399,225,7.0,,monthly_30d_30d_otm,weekly_2_strike0,25,103
CRWD,2023-09-13,2023-10-10,backfill,O:CRWD231020C00180000,180.0,2023-10-20,2023-09-13,3.81,3.89,3.2,3.25,88,23,3.81,,monthly_30d_35d_otm,weekly_2_strike0,37,88
CRWD,2023-09-13,2023-10-10,backfill,O:CRWD231020C00180000,180.0,2023-10-20,2023-09-14,3.6,3.9,3.2,3.6,101,39,3.6,,monthly_30d_35d_otm,weekly_2_strike0,37,88
CRWD,2023-09-13,2023-10-10,backfill,O:CRWD231020C00180000,180.0,2023-10-20,2023-09-15,2.37,2.74,1.76,2.14,505,93,2.37,,monthly_30d_35d_otm,weekly_2_strike0,37,88
CRWD,2023-09-13,2023-10-10,backfill,O:CRWD231020C00180000,180.0,2023-10-20,2023-09-18,1.95,2.81,1.95,2.38,327,76,1.95,,monthly_30d_35d_otm,weekly_2_strike0,37,88
CRWD,2023-09-13,2023-10-10,backfill,O:CRWD231020C00180000,180.0,2023-10-20,2023-09-19,2.25,2.31,1.55,1.97,353,57,2.25,,monthly_30d_35d_otm,weekly_2_strike0,37,88
CRWD,2023-09-13,2023-10-10,backfill,O:CRWD231020C00180000,180.0,2023-10-20,2023-09-20,1.94,2.68,1.67,1.67,193,52,1.94,,monthly_30d_35d_otm,weekly_2_strike0,37,88
CRWD,2023-09-13,2023-10-10,backfill,O:CRWD231020C00180000,180.0,2023-10-20,2023-09-21,2.67,3.41,1.13,1.6,295,73,2.67,,monthly_30d_35d_otm,weekly_2_strike0,37,88
CRWD,2023-09-13,2023-10-10,backfill,O:CRWD231020C00180000,180.0,2023-10-20,2023-09-22,1.75,2.06,1.26,1.31,155,35,1.75,,monthly_30d_35d_otm,weekly_2_strike0,37,88
CRWD,2023-09-13,2023-10-10,backfill,O:CRWD231020C00180000,180.0,2023-10-20,2023-09-25,1.12,1.15,0.87,0.88,196,46,1.12,,monthly_30d_35d_otm,weekly_2_strike0,37,88
CRWD,2023-09-13,2023-10-10,backfill,O:CRWD231020C00180000,180.0,2023-10-20,2023-09-26,0.68,0.97,0.66,0.94,69,20,0.68,,monthly_30d_35d_otm,weekly_2_strike0,37,88
CRWD,2023-09-13,2023-10-10,backfill,O:CRWD231020C00180000,180.0,2023-10-20,2023-09-27,1.05,1.49,1.03,1.39,37,18,1.05,,monthly_30d_35d_otm,weekly_2_strike0,37,88
CRWD,2023-09-13,2023-10-10,backfill,O:CRWD231020C00180000,180.0,2023-10-20,2023-09-28,1.15,1.55,1.15,1.33,59,26,1.15,,monthly_30d_35d_otm,weekly_2_strike0,37,88
CRWD,2023-09-13,2023-10-10,backfill,O:CRWD231020C00180000,180.0,2023-10-20,2023-09-29,1.75,1.96,1.52,1.54,381,47,1.75,,monthly_30d_35d_otm,weekly_2_strike0,37,88
CRWD,2023-09-13,2023-10-10,backfill,O:CRWD231020C00180000,180.0,2023-10-20,2023-10-02,1.58,2.5,1.53,1.8,448,41,1.58,,monthly_30d_35d_otm,weekly_2_strike0,37,88
CRWD,2023-09-13,2023-10-10,backfill,O:CRWD231020C00180000,180.0,2023-10-20,2023-10-03,1.28,1.58,0.67,0.77,196,46,1.28,,monthly_30d_35d_otm,weekly_2_strike0,37,88
CRWD,2023-09-13,2023-10-10,backfill,O:CRWD231020C00180000,180.0,2023-10-20,2023-10-04,0.95,1.05,0.72,0.84,90,17,0.95,,monthly_30d_35d_otm,weekly_2_strike0,37,88
CRWD,2023-09-13,2023-10-10,backfill,O:CRWD231020C00180000,180.0,2023-10-20,2023-10-05,0.64,1.02,0.53,0.9,62,19,0.64,,monthly_30d_35d_otm,weekly_2_strike0,37,88
CRWD,2023-09-13,2023-10-10,backfill,O:CRWD231020C00180000,180.0,2023-10-20,2023-10-06,1.03,3.7,1.03,3.65,676,117,1.03,,monthly_30d_35d_otm,weekly_2_strike0,37,88
CRWD,2023-09-13,2023-10-10,backfill,O:CRWD231020C00180000,180.0,2023-10-20,2023-10-09,3.45,8.42,3.45,6.0,1329,171,3.45,,monthly_30d_35d_otm,weekly_2_strike0,37,88
CRWD,2023-09-13,2023-10-10,backfill,O:CRWD231020C00180000,180.0,2023-10-20,2023-10-10,5.71,7.9,5.05,6.93,420,77,5.71,,monthly_30d_35d_otm,weekly_2_strike0,37,88
CRWD,2025-02-14,2025-02-24,backfill,O:CRWD250321C00480000,480.0,2025-03-21,2025-02-14,16.4,16.92,14.25,16.72,84,21,16.4,,monthly_30d_30d_otm,weekly_1_strike0,35,84
CRWD,2025-02-14,2025-02-24,backfill,O:CRWD250321C00480000,480.0,2025-03-21,2025-02-18,15.82,17.55,14.73,17.45,694,21,15.82,,monthly_30d_30d_otm,weekly_1_strike0,35,84
CRWD,2025-02-14,2025-02-24,backfill,O:CRWD250321C00480000,480.0,2025-03-21,2025-02-19,15.95,16.6,14.0,15.45,220,65,15.95,,monthly_30d_30d_otm,weekly_1_strike0,35,84
CRWD,2025-02-14,2025-02-24,backfill,O:CRWD250321C00480000,480.0,2025-03-21,2025-02-20,15.0,15.0,7.36,10.09,192,56,15.0,,monthly_30d_30d_otm,weekly_1_strike0,35,84
CRWD,2025-02-14,2025-02-24,backfill,O:CRWD250321C00480000,480.0,2025-03-21,2025-02-21,8.9,9.0,4.6,4.87,182,43,8.9,,monthly_30d_30d_otm,weekly_1_strike0,35,84
CRWD,2025-02-14,2025-02-24,backfill,O:CRWD250321C00480000,480.0,2025-03-21,2025-02-24,4.29,4.79,2.26,3.11,204,45,4.29,,monthly_30d_30d_otm,weekly_1_strike0,35,84
CRWD,2025-05-08,2025-06-05,backfill,O:CRWD250718C00490000,490.0,2025-07-18,2025-05-08,15.42,15.42,14.75,14.95,25,6,15.42,,monthly_60d_25d_otm,weekly_2_strike0,71,25
CRWD,2025-05-08,2025-06-05,backfill,O:CRWD250718C00490000,490.0,2025-07-18,2025-05-09,9.03,9.1,8.97,8.97,3,3,9.03,,monthly_60d_25d_otm,weekly_2_strike0,71,25
CRWD,2025-05-08,2025-06-05,backfill,O:CRWD250718C00490000,490.0,2025-07-18,2025-05-12,10.4,11.72,10.4,11.72,4,3,10.4,,monthly_60d_25d_otm,weekly_2_strike0,71,25
CRWD,2025-05-08,2025-06-05,backfill,O:CRWD250718C00490000,490.0,2025-07-18,2025-05-13,14.25,16.15,14.25,15.9,14,5,14.25,,monthly_60d_25d_otm,weekly_2_strike0,71,25
CRWD,2025-05-08,2025-06-05,backfill,O:CRWD250718C00490000,490.0,2025-07-18,2025-05-14,14.5,14.5,14.1,14.29,4,4,14.5,,monthly_60d_25d_otm,weekly_2_strike0,71,25
CRWD,2025-05-08,2025-06-05,backfill,O:CRWD250718C00490000,490.0,2025-07-18,2025-05-15,12.2,12.8,12.2,12.8,5,2,12.2,,monthly_60d_25d_otm,weekly_2_strike0,71,25
CRWD,2025-05-08,2025-06-05,backfill,O:CRWD250718C00490000,490.0,2025-07-18,2025-05-16,15.1,15.1,15.1,15.1,1,1,15.1,,monthly_60d_25d_otm,weekly_2_strike0,71,25
CRWD,2025-05-08,2025-06-05,backfill,O:CRWD250718C00490000,490.0,2025-07-18,2025-05-19,15.0,16.48,15.0,16.48,21,6,15.0,,monthly_60d_25d_otm,weekly_2_strike0,71,25
CRWD,2025-05-08,2025-06-05,backfill,O:CRWD250718C00490000,490.0,2025-07-18,2025-05-20,14.88,16.05,14.76,16.05,14,8,14.88,,monthly_60d_25d_otm,weekly_2_strike0,71,25
CRWD,2025-05-08,2025-06-05,backfill,O:CRWD250718C00490000,490.0,2025-07-18,2025-05-21,14.65,18.4,14.65,18.35,10,4,14.65,,monthly_60d_25d_otm,weekly_2_strike0,71,25
CRWD,2025-05-08,2025-06-05,backfill,O:CRWD250718C00490000,490.0,2025-07-18,2025-05-22,17.26,18.76,17.26,18.68,23,8,17.26,,monthly_60d_25d_otm,weekly_2_strike0,71,25
CRWD,2025-05-08,2025-06-05,backfill,O:CRWD250718C00490000,490.0,2025-07-18,2025-05-23,19.85,24.0,19.85,23.84,26,14,19.85,,monthly_60d_25d_otm,weekly_2_strike0,71,25
CRWD,2025-05-08,2025-06-05,backfill,O:CRWD250718C00490000,490.0,2025-07-18,2025-05-27,28.42,29.33,27.55,28.2,30,13,28.42,,monthly_60d_25d_otm,weekly_2_strike0,71,25
CRWD,2025-05-08,2025-06-05,backfill,O:CRWD250718C00490000,490.0,2025-07-18,2025-05-28,27.17,27.25,24.3,26.5,26,10,27.17,,monthly_60d_25d_otm,weekly_2_strike0,71,25
CRWD,2025-05-08,2025-06-05,backfill,O:CRWD250718C00490000,490.0,2025-07-18,2025-05-29,20.8,22.05,19.65,19.95,25,16,20.8,,monthly_60d_25d_otm,weekly_2_strike0,71,25
CRWD,2025-05-08,2025-06-05,backfill,O:CRWD250718C00490000,490.0,2025-07-18,2025-05-30,22.35,23.47,21.03,23.47,34,16,22.35,,monthly_60d_25d_otm,weekly_2_strike0,71,25
CRWD,2025-05-08,2025-06-05,backfill,O:CRWD250718C00490000,490.0,2025-07-18,2025-06-02,22.4,27.07,22.4,27.07,45,27,22.4,,monthly_60d_25d_otm,weekly_2_strike0,71,25
CRWD,2025-05-08,2025-06-05,backfill,O:CRWD250718C00490000,490.0,2025-07-18,2025-06-03,26.75,33.22,26.75,31.95,266,98,26.75,,monthly_60d_25d_otm,weekly_2_strike0,71,25
CRWD,2025-05-08,2025-06-05,backfill,O:CRWD250718C00490000,490.0,2025-07-18,2025-06-04,12.4,18.35,9.7,14.1,497,118,12.4,,monthly_60d_25d_otm,weekly_2_strike0,71,25
CRWD,2025-05-08,2025-06-05,backfill,O:CRWD250718C00490000,490.0,2025-07-18,2025-06-05,14.12,16.0,10.65,14.8,178,53,14.12,,monthly_60d_25d_otm,weekly_2_strike0,71,25
CRWD,2025-11-07,2025-12-05,backfill,O:CRWD251219C00560000,560.0,2025-12-19,2025-11-07,22.51,29.35,22.0,28.58,51,16,22.51,,monthly_30d_30d_otm,weekly_1_strike0,42,51
CRWD,2025-11-07,2025-12-05,backfill,O:CRWD251219C00560000,560.0,2025-12-19,2025-11-10,31.9,36.5,29.5,36.31,51,29,31.9,,monthly_30d_30d_otm,weekly_1_strike0,42,51
CRWD,2025-11-07,2025-12-05,backfill,O:CRWD251219C00560000,560.0,2025-12-19,2025-11-11,33.7,34.6,31.95,33.15,38,15,33.7,,monthly_30d_30d_otm,weekly_1_strike0,42,51
CRWD,2025-11-07,2025-12-05,backfill,O:CRWD251219C00560000,560.0,2025-12-19,2025-11-12,36.95,36.95,28.4,28.45,42,15,36.95,,monthly_30d_30d_otm,weekly_1_strike0,42,51
CRWD,2025-11-07,2025-12-05,backfill,O:CRWD251219C00560000,560.0,2025-12-19,2025-11-13,21.92,24.55,20.45,21.21,44,15,21.92,,monthly_30d_30d_otm,weekly_1_strike0,42,51
CRWD,2025-11-07,2025-12-05,backfill,O:CRWD251219C00560000,560.0,2025-12-19,2025-11-14,20.33,26.04,18.52,23.96,51,20,20.33,,monthly_30d_30d_otm,weekly_1_strike0,42,51
CRWD,2025-11-07,2025-12-05,backfill,O:CRWD251219C00560000,560.0,2025-12-19,2025-11-17,25.14,25.5,20.5,20.5,25,11,25.14,,monthly_30d_30d_otm,weekly_1_strike0,42,51
CRWD,2025-11-07,2025-12-05,backfill,O:CRWD251219C00560000,560.0,2025-12-19,2025-11-18,20.45,20.45,15.5,15.5,108,23,20.45,,monthly_30d_30d_otm,weekly_1_strike0,42,51
CRWD,2025-11-07,2025-12-05,backfill,O:CRWD251219C00560000,560.0,2025-12-19,2025-11-19,15.13,18.67,15.13,17.4,45,13,15.13,,monthly_30d_30d_otm,weekly_1_strike0,42,51
CRWD,2025-11-07,2025-12-05,backfill,O:CRWD251219C00560000,560.0,2025-12-19,2025-11-20,20.25,21.22,11.7,11.7,99,39,20.25,,monthly_30d_30d_otm,weekly_1_strike0,42,51
CRWD,2025-11-07,2025-12-05,backfill,O:CRWD251219C00560000,560.0,2025-12-19,2025-11-21,10.1,10.1,7.15,8.9,33,16,10.1,,monthly_30d_30d_otm,weekly_1_strike0,42,51
CRWD,2025-11-07,2025-12-05,backfill,O:CRWD251219C00560000,560.0,2025-12-19,2025-11-24,8.2,10.2,8.2,10.1,140,33,8.2,,monthly_30d_30d_otm,weekly_1_strike0,42,51
CRWD,2025-11-07,2025-12-05,backfill,O:CRWD251219C00560000,560.0,2025-12-19,2025-11-25,8.03,11.05,8.03,11.03,65,20,8.03,,monthly_30d_30d_otm,weekly_1_strike0,42,51
CRWD,2025-11-07,2025-12-05,backfill,O:CRWD251219C00560000,560.0,2025-12-19,2025-11-26,10.44,10.44,7.49,7.49,34,10,10.44,,monthly_30d_30d_otm,weekly_1_strike0,42,51
CRWD,2025-11-07,2025-12-05,backfill,O:CRWD251219C00560000,560.0,2025-12-19,2025-11-28,8.85,8.85,7.7,7.7,27,6,8.85,,monthly_30d_30d_otm,weekly_1_strike0,42,51
CRWD,2025-11-07,2025-12-05,backfill,O:CRWD251219C00560000,560.0,2025-12-19,2025-12-01,5.95,7.21,5.25,6.9,39,19,5.95,,monthly_30d_30d_otm,weekly_1_strike0,42,51
CRWD,2025-11-07,2025-12-05,backfill,O:CRWD251219C00560000,560.0,2025-12-19,2025-12-02,8.1,10.3,8.0,9.4,628,62,8.1,,monthly_30d_30d_otm,weekly_1_strike0,42,51
CRWD,2025-11-07,2025-12-05,backfill,O:CRWD251219C00560000,560.0,2025-12-19,2025-12-03,2.57,5.7,1.76,5.7,1059,79,2.57,,monthly_30d_30d_otm,weekly_1_strike0,42,51
CRWD,2025-11-07,2025-12-05,backfill,O:CRWD251219C00560000,560.0,2025-12-19,2025-12-04,5.0,5.03,2.78,2.87,109,38,5.0,,monthly_30d_30d_otm,weekly_1_strike0,42,51
CRWD,2025-11-07,2025-12-05,backfill,O:CRWD251219C00560000,560.0,2025-12-19,2025-12-05,3.5,4.66,1.9,1.93,86,31,3.5,,monthly_30d_30d_otm,weekly_1_strike0,42,51
CSCO,2020-05-15,2020-06-12,backfill,O:CSCO200619C00046000,46.0,2020-06-19,2020-05-15,0.73,1.01,0.73,0.95,1942,95,0.73,,monthly_30d_30d_otm,weekly_1_strike0,35,1942
CSCO,2020-05-15,2020-06-12,backfill,O:CSCO200619C00046000,46.0,2020-06-19,2020-05-18,1.2,1.25,0.83,1.09,1485,139,1.2,,monthly_30d_30d_otm,weekly_1_strike0,35,1942
CSCO,2020-05-15,2020-06-12,backfill,O:CSCO200619C00046000,46.0,2020-06-19,2020-05-19,0.88,0.96,0.8,0.9,207,35,0.88,,monthly_30d_30d_otm,weekly_1_strike0,35,1942
CSCO,2020-05-15,2020-06-12,backfill,O:CSCO200619C00046000,46.0,2020-06-19,2020-05-20,0.96,1.3,0.96,1.17,699,71,0.96,,monthly_30d_30d_otm,weekly_1_strike0,35,1942
CSCO,2020-05-15,2020-06-12,backfill,O:CSCO200619C00046000,46.0,2020-06-19,2020-05-21,1.17,1.23,0.8,0.81,179,32,1.17,,monthly_30d_30d_otm,weekly_1_strike0,35,1942
CSCO,2020-05-15,2020-06-12,backfill,O:CSCO200619C00046000,46.0,2020-06-19,2020-05-22,0.83,0.91,0.64,0.88,140,38,0.83,,monthly_30d_30d_otm,weekly_1_strike0,35,1942
CSCO,2020-05-15,2020-06-12,backfill,O:CSCO200619C00046000,46.0,2020-06-19,2020-05-26,1.21,1.21,0.67,0.71,562,65,1.21,,monthly_30d_30d_otm,weekly_1_strike0,35,1942
CSCO,2020-05-15,2020-06-12,backfill,O:CSCO200619C00046000,46.0,2020-06-19,2020-05-27,0.78,1.2,0.76,1.2,327,51,0.78,,monthly_30d_30d_otm,weekly_1_strike0,35,1942
CSCO,2020-05-15,2020-06-12,backfill,O:CSCO200619C00046000,46.0,2020-06-19,2020-05-28,1.16,1.42,0.93,1.11,1566,96,1.16,,monthly_30d_30d_otm,weekly_1_strike0,35,1942
CSCO,2020-05-15,2020-06-12,backfill,O:CSCO200619C00046000,46.0,2020-06-19,2020-05-29,1.1,2.3,0.95,2.3,461,54,1.1,,monthly_30d_30d_otm,weekly_1_strike0,35,1942
CSCO,2020-05-15,2020-06-12,backfill,O:CSCO200619C00046000,46.0,2020-06-19,2020-06-01,1.84,1.96,1.31,1.33,289,54,1.84,,monthly_30d_30d_otm,weekly_1_strike0,35,1942
CSCO,2020-05-15,2020-06-12,backfill,O:CSCO200619C00046000,46.0,2020-06-19,2020-06-02,1.37,1.58,1.11,1.58,664,39,1.37,,monthly_30d_30d_otm,weekly_1_strike0,35,1942
CSCO,2020-05-15,2020-06-12,backfill,O:CSCO200619C00046000,46.0,2020-06-19,2020-06-03,1.41,1.78,1.41,1.64,278,36,1.41,,monthly_30d_30d_otm,weekly_1_strike0,35,1942
CSCO,2020-05-15,2020-06-12,backfill,O:CSCO200619C00046000,46.0,2020-06-19,2020-06-04,1.4,1.79,1.31,1.38,92,26,1.4,,monthly_30d_30d_otm,weekly_1_strike0,35,1942
CSCO,2020-05-15,2020-06-12,backfill,O:CSCO200619C00046000,46.0,2020-06-19,2020-06-05,1.95,2.58,1.85,2.14,261,50,1.95,,monthly_30d_30d_otm,weekly_1_strike0,35,1942
CSCO,2020-05-15,2020-06-12,backfill,O:CSCO200619C00046000,46.0,2020-06-19,2020-06-08,1.93,2.22,1.65,2.22,232,33,1.93,,monthly_30d_30d_otm,weekly_1_strike0,35,1942
CSCO,2020-05-15,2020-06-12,backfill,O:CSCO200619C00046000,46.0,2020-06-19,2020-06-09,2.2,2.44,1.95,2.33,355,20,2.2,,monthly_30d_30d_otm,weekly_1_strike0,35,1942
CSCO,2020-05-15,2020-06-12,backfill,O:CSCO200619C00046000,46.0,2020-06-19,2020-06-10,2.09,2.09,1.65,2.0,105,18,2.09,,monthly_30d_30d_otm,weekly_1_strike0,35,1942
CSCO,2020-05-15,2020-06-12,backfill,O:CSCO200619C00046000,46.0,2020-06-19,2020-06-11,1.31,1.4,0.37,0.38,1210,116,1.31,,monthly_30d_30d_otm,weekly_1_strike0,35,1942
CSCO,2020-05-15,2020-06-12,backfill,O:CSCO200619C00046000,46.0,2020-06-19,2020-06-12,0.61,0.89,0.39,0.57,940,114,0.61,,monthly_30d_30d_otm,weekly_1_strike0,35,1942
CSCO,2022-11-30,2022-12-28,backfill,O:CSCO230120C00050000,50.0,2023-01-20,2022-11-30,0.84,1.44,0.82,1.44,616,70,0.84,,monthly_45d_35d_otm,weekly_2_strike0,51,616
CSCO,2022-11-30,2022-12-28,backfill,O:CSCO230120C00050000,50.0,2023-01-20,2022-12-01,1.5,1.78,1.47,1.61,3202,95,1.5,,monthly_45d_35d_otm,weekly_2_strike0,51,616
CSCO,2022-11-30,2022-12-28,backfill,O:CSCO230120C00050000,50.0,2023-01-20,2022-12-02,1.2,1.45,1.1,1.43,3431,69,1.2,,monthly_45d_35d_otm,weekly_2_strike0,51,616
CSCO,2022-11-30,2022-12-28,backfill,O:CSCO230120C00050000,50.0,2023-01-20,2022-12-05,1.21,1.3,1.13,1.2,999,82,1.21,,monthly_45d_35d_otm,weekly_2_strike0,51,616
CSCO,2022-11-30,2022-12-28,backfill,O:CSCO230120C00050000,50.0,2023-01-20,2022-12-06,1.2,1.2,0.81,0.94,1110,78,1.2,,monthly_45d_35d_otm,weekly_2_strike0,51,616
CSCO,2022-11-30,2022-12-28,backfill,O:CSCO230120C00050000,50.0,2023-01-20,2022-12-07,0.88,0.88,0.75,0.78,903,53,0.88,,monthly_45d_35d_otm,weekly_2_strike0,51,616
CSCO,2022-11-30,2022-12-28,backfill,O:CSCO230120C00050000,50.0,2023-01-20,2022-12-08,1.0,1.14,0.94,1.05,1529,65,1.0,,monthly_45d_35d_otm,weekly_2_strike0,51,616
CSCO,2022-11-30,2022-12-28,backfill,O:CSCO230120C00050000,50.0,2023-01-20,2022-12-09,1.05,1.05,0.8,0.83,1005,47,1.05,,monthly_45d_35d_otm,weekly_2_strike0,51,616
CSCO,2022-11-30,2022-12-28,backfill,O:CSCO230120C00050000,50.0,2023-01-20,2022-12-12,0.88,1.1,0.79,1.1,3442,55,0.88,,monthly_45d_35d_otm,weekly_2_strike0,51,616
CSCO,2022-11-30,2022-12-28,backfill,O:CSCO230120C00050000,50.0,2023-01-20,2022-12-13,1.64,1.73,1.05,1.19,1712,115,1.64,,monthly_45d_35d_otm,weekly_2_strike0,51,616
CSCO,2022-11-30,2022-12-28,backfill,O:CSCO230120C00050000,50.0,2023-01-20,2022-12-14,1.22,1.38,0.85,1.0,4696,84,1.22,,monthly_45d_35d_otm,weekly_2_strike0,51,616
CSCO,2022-11-30,2022-12-28,backfill,O:CSCO230120C00050000,50.0,2023-01-20,2022-12-15,0.9,0.9,0.48,0.57,1038,55,0.9,,monthly_45d_35d_otm,weekly_2_strike0,51,616
CSCO,2022-11-30,2022-12-28,backfill,O:CSCO230120C00050000,50.0,2023-01-20,2022-12-16,0.35,0.48,0.35,0.48,2190,89,0.35,,monthly_45d_35d_otm,weekly_2_strike0,51,616
CSCO,2022-11-30,2022-12-28,backfill,O:CSCO230120C00050000,50.0,2023-01-20,2022-12-19,0.4,0.43,0.25,0.3,1075,57,0.4,,monthly_45d_35d_otm,weekly_2_strike0,51,616
CSCO,2022-11-30,2022-12-28,backfill,O:CSCO230120C00050000,50.0,2023-01-20,2022-12-20,0.29,0.29,0.19,0.25,313,43,0.29,,monthly_45d_35d_otm,weekly_2_strike0,51,616
CSCO,2022-11-30,2022-12-28,backfill,O:CSCO230120C00050000,50.0,2023-01-20,2022-12-21,0.26,0.32,0.22,0.26,8723,84,0.26,,monthly_45d_35d_otm,weekly_2_strike0,51,616
CSCO,2022-11-30,2022-12-28,backfill,O:CSCO230120C00050000,50.0,2023-01-20,2022-12-22,0.2,0.23,0.16,0.23,1086,27,0.2,,monthly_45d_35d_otm,weekly_2_strike0,51,616
CSCO,2022-11-30,2022-12-28,backfill,O:CSCO230120C00050000,50.0,2023-01-20,2022-12-23,0.22,0.24,0.2,0.23,395,34,0.22,,monthly_45d_35d_otm,weekly_2_strike0,51,616
CSCO,2022-11-30,2022-12-28,backfill,O:CSCO230120C00050000,50.0,2023-01-20,2022-12-27,0.27,0.27,0.19,0.22,177,29,0.27,,monthly_45d_35d_otm,weekly_2_strike0,51,616
CSCO,2022-11-30,2022-12-28,backfill,O:CSCO230120C00050000,50.0,2023-01-20,2022-12-28,0.25,0.25,0.16,0.17,801,44,0.25,,monthly_45d_35d_otm,weekly_2_strike0,51,616
CSCO,2023-04-10,2023-04-19,backfill,O:CSCO230519C00050000,50.0,2023-05-19,2023-04-10,2.71,2.8,2.61,2.7,142,19,2.71,,monthly_30d_slight_itm,weekly_2_strike0,39,142
CSCO,2023-04-10,2023-04-19,backfill,O:CSCO230519C00050000,50.0,2023-05-19,2023-04-11,2.52,2.52,2.2,2.23,130,21,2.52,,monthly_30d_slight_itm,weekly_2_strike0,39,142
CSCO,2023-04-10,2023-04-19,backfill,O:CSCO230519C00050000,50.0,2023-05-19,2023-04-12,2.35,2.35,1.89,1.91,79,16,2.35,,monthly_30d_slight_itm,weekly_2_strike0,39,142
CSCO,2023-04-10,2023-04-19,backfill,O:CSCO230519C00050000,50.0,2023-05-19,2023-04-13,1.91,2.25,1.91,2.23,247,16,1.91,,monthly_30d_slight_itm,weekly_2_strike0,39,142
CSCO,2023-04-10,2023-04-19,backfill,O:CSCO230519C00050000,50.0,2023-05-19,2023-04-14,2.1,2.1,1.9,1.99,3199,43,2.1,,monthly_30d_slight_itm,weekly_2_strike0,39,142
CSCO,2023-04-10,2023-04-19,backfill,O:CSCO230519C00050000,50.0,2023-05-19,2023-04-17,2.06,2.06,1.72,1.83,570,32,2.06,,monthly_30d_slight_itm,weekly_2_strike0,39,142
CSCO,2023-04-10,2023-04-19,backfill,O:CSCO230519C00050000,50.0,2023-05-19,2023-04-18,1.91,2.01,1.7,1.77,11026,25,1.91,,monthly_30d_slight_itm,weekly_2_strike0,39,142
CSCO,2023-04-10,2023-04-19,backfill,O:CSCO230519C00050000,50.0,2023-05-19,2023-04-19,1.24,1.24,0.74,0.75,2837,111,1.24,,monthly_30d_slight_itm,weekly_2_strike0,39,142
CSCO,2025-02-19,2025-03-12,backfill,O:CSCO250321C00065000,65.0,2025-03-21,2025-02-19,1.15,1.33,1.06,1.2,3363,75,1.15,,monthly_30d_atm,weekly_2_strike0,30,3363
CSCO,2025-02-19,2025-03-12,backfill,O:CSCO250321C00065000,65.0,2025-03-21,2025-02-20,1.45,1.56,0.96,1.1,2157,100,1.45,,monthly_30d_atm,weekly_2_strike0,30,3363
CSCO,2025-02-19,2025-03-12,backfill,O:CSCO250321C00065000,65.0,2025-03-21,2025-02-21,1.14,1.24,0.87,0.89,5609,94,1.14,,monthly_30d_atm,weekly_2_strike0,30,3363
CSCO,2025-02-19,2025-03-12,backfill,O:CSCO250321C00065000,65.0,2025-03-21,2025-02-24,1.07,1.08,0.56,0.57,866,82,1.07,,monthly_30d_atm,weekly_2_strike0,30,3363
CSCO,2025-02-19,2025-03-12,backfill,O:CSCO250321C00065000,65.0,2025-03-21,2025-02-25,1.08,1.1,0.7,1.02,1177,81,1.08,,monthly_30d_atm,weekly_2_strike0,30,3363
CSCO,2025-02-19,2025-03-12,backfill,O:CSCO250321C00065000,65.0,2025-03-21,2025-02-26,0.86,1.2,0.85,0.86,480,54,0.86,,monthly_30d_atm,weekly_2_strike0,30,3363
CSCO,2025-02-19,2025-03-12,backfill,O:CSCO250321C00065000,65.0,2025-03-21,2025-02-27,1.12,1.44,0.77,0.83,761,84,1.12,,monthly_30d_atm,weekly_2_strike0,30,3363
CSCO,2025-02-19,2025-03-12,backfill,O:CSCO250321C00065000,65.0,2025-03-21,2025-02-28,0.71,0.8,0.46,0.8,725,53,0.71,,monthly_30d_atm,weekly_2_strike0,30,3363
CSCO,2025-02-19,2025-03-12,backfill,O:CSCO250321C00065000,65.0,2025-03-21,2025-03-03,1.15,1.15,0.56,0.62,2081,69,1.15,,monthly_30d_atm,weekly_2_strike0,30,3363
CSCO,2025-02-19,2025-03-12,backfill,O:CSCO250321C00065000,65.0,2025-03-21,2025-03-04,0.89,0.89,0.39,0.47,1886,59,0.89,,monthly_30d_atm,weekly_2_strike0,30,3363
CSCO,2025-02-19,2025-03-12,backfill,O:CSCO250321C00065000,65.0,2025-03-21,2025-03-05,0.49,0.77,0.4,0.69,1324,73,0.49,,monthly_30d_atm,weekly_2_strike0,30,3363
CSCO,2025-02-19,2025-03-12,backfill,O:CSCO250321C00065000,65.0,2025-03-21,2025-03-06,0.47,0.67,0.45,0.6,331,36,0.47,,monthly_30d_atm,weekly_2_strike0,30,3363
CSCO,2025-02-19,2025-03-12,backfill,O:CSCO250321C00065000,65.0,2025-03-21,2025-03-07,0.45,0.78,0.26,0.68,1477,60,0.45,,monthly_30d_atm,weekly_2_strike0,30,3363
CSCO,2025-02-19,2025-03-12,backfill,O:CSCO250321C00065000,65.0,2025-03-21,2025-03-10,0.45,0.6,0.22,0.22,8676,70,0.45,,monthly_30d_atm,weekly_2_strike0,30,3363
CSCO,2025-02-19,2025-03-12,backfill,O:CSCO250321C00065000,65.0,2025-03-21,2025-03-11,0.25,0.25,0.07,0.07,1888,65,0.25,,monthly_30d_atm,weekly_2_strike0,30,3363
CSCO,2025-02-19,2025-03-12,backfill,O:CSCO250321C00065000,65.0,2025-03-21,2025-03-12,0.07,0.08,0.04,0.04,232,30,0.07,,monthly_30d_atm,weekly_2_strike0,30,3363
CVNA,2020-10-02,2020-10-29,backfill,O:CVNA201120C00230000,230.0,2020-11-20,2020-10-02,34.0,34.0,20.2,21.8,190,25,34.0,,monthly_30d_slight_itm,weekly_1_strike0,49,190
CVNA,2020-10-02,2020-10-29,backfill,O:CVNA201120C00230000,230.0,2020-11-20,2020-10-05,26.55,28.25,23.7,26.9,61,32,26.55,,monthly_30d_slight_itm,weekly_1_strike0,49,190
CVNA,2020-10-02,2020-10-29,backfill,O:CVNA201120C00230000,230.0,2020-11-20,2020-10-06,26.74,29.25,18.83,21.1,35,24,26.74,,monthly_30d_slight_itm,weekly_1_strike0,49,190
CVNA,2020-10-02,2020-10-29,backfill,O:CVNA201120C00230000,230.0,2020-11-20,2020-10-07,23.2,24.0,19.5,20.45,27,18,23.2,,monthly_30d_slight_itm,weekly_1_strike0,49,190
CVNA,2020-10-02,2020-10-29,backfill,O:CVNA201120C00230000,230.0,2020-11-20,2020-10-08,19.0,19.85,17.0,17.47,35,13,19.0,,monthly_30d_slight_itm,weekly_1_strike0,49,190
CVNA,2020-10-02,2020-10-29,backfill,O:CVNA201120C00230000,230.0,2020-11-20,2020-10-09,16.5,17.6,16.3,17.53,10,8,16.5,,monthly_30d_slight_itm,weekly_1_strike0,49,190
CVNA,2020-10-02,2020-10-29,backfill,O:CVNA201120C00230000,230.0,2020-11-20,2020-10-12,17.74,17.74,13.2,13.2,40,16,17.74,,monthly_30d_slight_itm,weekly_1_strike0,49,190
CVNA,2020-10-02,2020-10-29,backfill,O:CVNA201120C00230000,230.0,2020-11-20,2020-10-13,18.0,20.52,15.99,17.5,52,24,18.0,,monthly_30d_slight_itm,weekly_1_strike0,49,190
CVNA,2020-10-02,2020-10-29,backfill,O:CVNA201120C00230000,230.0,2020-11-20,2020-10-14,15.9,15.9,12.6,15.04,29,17,15.9,,monthly_30d_slight_itm,weekly_1_strike0,49,190
CVNA,2020-10-02,2020-10-29,backfill,O:CVNA201120C00230000,230.0,2020-11-20,2020-10-15,14.04,20.1,14.03,20.1,96,31,14.04,,monthly_30d_slight_itm,weekly_1_strike0,49,190
CVNA,2020-10-02,2020-10-29,backfill,O:CVNA201120C00230000,230.0,2020-11-20,2020-10-16,20.5,20.8,15.15,18.1,108,41,20.5,,monthly_30d_slight_itm,weekly_1_strike0,49,190
CVNA,2020-10-02,2020-10-29,backfill,O:CVNA201120C00230000,230.0,2020-11-20,2020-10-19,18.05,21.54,14.58,14.58,91,42,18.05,,monthly_30d_slight_itm,weekly_1_strike0,49,190
CVNA,2020-10-02,2020-10-29,backfill,O:CVNA201120C00230000,230.0,2020-11-20,2020-10-20,13.5,13.5,9.05,10.1,29,24,13.5,,monthly_30d_slight_itm,weekly_1_strike0,49,190
CVNA,2020-10-02,2020-10-29,backfill,O:CVNA201120C00230000,230.0,2020-11-20,2020-10-21,9.3,9.3,6.75,6.8,26,11,9.3,,monthly_30d_slight_itm,weekly_1_strike0,49,190
CVNA,2020-10-02,2020-10-29,backfill,O:CVNA201120C00230000,230.0,2020-11-20,2020-10-22,7.48,9.75,6.75,9.26,15,10,7.48,,monthly_30d_slight_itm,weekly_1_strike0,49,190
CVNA,2020-10-02,2020-10-29,backfill,O:CVNA201120C00230000,230.0,2020-11-20,2020-10-23,9.39,9.39,8.15,8.7,16,6,9.39,,monthly_30d_slight_itm,weekly_1_strike0,49,190
CVNA,2020-10-02,2020-10-29,backfill,O:CVNA201120C00230000,230.0,2020-11-20,2020-10-26,7.95,8.7,7.55,8.7,9,4,7.95,,monthly_30d_slight_itm,weekly_1_strike0,49,190
CVNA,2020-10-02,2020-10-29,backfill,O:CVNA201120C00230000,230.0,2020-11-20,2020-10-27,9.91,11.0,8.99,11.0,68,10,9.91,,monthly_30d_slight_itm,weekly_1_strike0,49,190
CVNA,2020-10-02,2020-10-29,backfill,O:CVNA201120C00230000,230.0,2020-11-20,2020-10-28,9.5,10.3,8.5,10.3,15,9,9.5,,monthly_30d_slight_itm,weekly_1_strike0,49,190
CVNA,2020-10-02,2020-10-29,backfill,O:CVNA201120C00230000,230.0,2020-11-20,2020-10-29,9.66,9.66,6.0,6.35,50,15,9.66,,monthly_30d_slight_itm,weekly_1_strike0,49,190
CVNA,2021-08-20,2021-09-17,backfill,O:CVNA210917C00360000,360.0,2021-09-17,2021-08-20,11.38,11.38,9.1,10.78,73,10,11.38,,monthly_30d_35d_otm,weekly_1_strike0,28,73
CVNA,2021-08-20,2021-09-17,backfill,O:CVNA210917C00360000,360.0,2021-09-17,2021-08-23,14.02,15.0,12.95,13.75,126,47,14.02,,monthly_30d_35d_otm,weekly_1_strike0,28,73
CVNA,2021-08-20,2021-09-17,backfill,O:CVNA210917C00360000,360.0,2021-09-17,2021-08-24,14.97,16.0,11.5,11.5,37,19,14.97,,monthly_30d_35d_otm,weekly_1_strike0,28,73
CVNA,2021-08-20,2021-09-17,backfill,O:CVNA210917C00360000,360.0,2021-09-17,2021-08-25,12.0,12.0,10.51,10.8,11,8,12.0,,monthly_30d_35d_otm,weekly_1_strike0,28,73
CVNA,2021-08-20,2021-09-17,backfill,O:CVNA210917C00360000,360.0,2021-09-17,2021-08-26,9.55,11.1,8.6,8.6,49,14,9.55,,monthly_30d_35d_otm,weekly_1_strike0,28,73
CVNA,2021-08-20,2021-09-17,backfill,O:CVNA210917C00360000,360.0,2021-09-17,2021-08-27,6.27,6.43,4.5,4.5,80,21,6.27,,monthly_30d_35d_otm,weekly_1_strike0,28,73
CVNA,2021-08-20,2021-09-17,backfill,O:CVNA210917C00360000,360.0,2021-09-17,2021-08-30,3.8,4.35,2.97,3.14,158,22,3.8,,monthly_30d_35d_otm,weekly_1_strike0,28,73
CVNA,2021-08-20,2021-09-17,backfill,O:CVNA210917C00360000,360.0,2021-09-17,2021-08-31,2.5,2.65,1.1,1.35,26,16,2.5,,monthly_30d_35d_otm,weekly_1_strike0,28,73
CVNA,2021-08-20,2021-09-17,backfill,O:CVNA210917C00360000,360.0,2021-09-17,2021-09-01,1.45,1.45,1.11,1.11,7,5,1.45,,monthly_30d_35d_otm,weekly_1_strike0,28,73
CVNA,2021-08-20,2021-09-17,backfill,O:CVNA210917C00360000,360.0,2021-09-17,2021-09-02,1.15,1.28,0.55,0.55,12,3,1.15,,monthly_30d_35d_otm,weekly_1_strike0,28,73
CVNA,2021-08-20,2021-09-17,backfill,O:CVNA210917C00360000,360.0,2021-09-17,2021-09-03,0.31,0.6,0.31,0.6,8,6,0.31,,monthly_30d_35d_otm,weekly_1_strike0,28,73
CVNA,2021-08-20,2021-09-17,backfill,O:CVNA210917C00360000,360.0,2021-09-17,2021-09-07,1.94,1.94,0.42,0.42,3,3,1.94,,monthly_30d_35d_otm,weekly_1_strike0,28,73
CVNA,2021-08-20,2021-09-17,backfill,O:CVNA210917C00360000,360.0,2021-09-17,2021-09-08,0.3,0.3,0.29,0.29,5,2,0.3,,monthly_30d_35d_otm,weekly_1_strike0,28,73
CVNA,2021-08-20,2021-09-17,backfill,O:CVNA210917C00360000,360.0,2021-09-17,2021-09-09,0.32,0.32,0.32,0.32,5,1,0.32,,monthly_30d_35d_otm,weekly_1_strike0,28,73
CVNA,2021-08-20,2021-09-17,backfill,O:CVNA210917C00360000,360.0,2021-09-17,2021-09-10,0.1,0.27,0.1,0.24,13,4,0.1,,monthly_30d_35d_otm,weekly_1_strike0,28,73
CVNA,2021-08-20,2021-09-17,backfill,O:CVNA210917C00360000,360.0,2021-09-17,2021-09-13,0.2,0.2,0.01,0.12,7,6,0.2,,monthly_30d_35d_otm,weekly_1_strike0,28,73
CVNA,2021-08-20,2021-09-17,backfill,O:CVNA210917C00360000,360.0,2021-09-17,2021-09-14,0.02,0.16,0.02,0.07,47,6,0.02,,monthly_30d_35d_otm,weekly_1_strike0,28,73
CVNA,2021-08-20,2021-09-17,backfill,O:CVNA210917C00360000,360.0,2021-09-17,2021-09-15,0.07,0.07,0.07,0.07,1,1,0.07,,monthly_30d_35d_otm,weekly_1_strike0,28,73
CVNA,2021-08-20,2021-09-17,backfill,O:CVNA210917C00360000,360.0,2021-09-17,2021-09-16,0.07,0.16,0.07,0.16,12,4,0.07,,monthly_30d_35d_otm,weekly_1_strike0,28,73
CVNA,2021-08-20,2021-09-17,backfill,O:CVNA210917C00360000,360.0,2021-09-17,2021-09-17,0.1,0.1,0.03,0.05,18,4,0.1,,monthly_30d_35d_otm,weekly_1_strike0,28,73
CVNA,2023-04-06,2023-05-04,backfill,O:CVNA230519C00010000,10.0,2023-05-19,2023-04-06,1.26,1.61,1.15,1.56,144,18,1.26,,monthly_30d_35d_otm,weekly_2_strike0,43,144
CVNA,2023-04-06,2023-05-04,backfill,O:CVNA230519C00010000,10.0,2023-05-19,2023-04-10,1.36,1.68,1.3,1.66,1579,26,1.36,,monthly_30d_35d_otm,weekly_2_strike0,43,144
CVNA,2023-04-06,2023-05-04,backfill,O:CVNA230519C00010000,10.0,2023-05-19,2023-04-11,1.99,2.7,1.97,2.06,274,32,1.99,,monthly_30d_35d_otm,weekly_2_strike0,43,144
CVNA,2023-04-06,2023-05-04,backfill,O:CVNA230519C00010000,10.0,2023-05-19,2023-04-12,2.1,2.1,1.45,1.6,606,38,2.1,,monthly_30d_35d_otm,weekly_2_strike0,43,144
CVNA,2023-04-06,2023-05-04,backfill,O:CVNA230519C00010000,10.0,2023-05-19,2023-04-13,1.73,1.84,1.6,1.61,252,12,1.73,,monthly_30d_35d_otm,weekly_2_strike0,43,144
CVNA,2023-04-06,2023-05-04,backfill,O:CVNA230519C00010000,10.0,2023-05-19,2023-04-14,1.66,1.94,1.31,1.37,3051,56,1.66,,monthly_30d_35d_otm,weekly_2_strike0,43,144
CVNA,2023-04-06,2023-05-04,backfill,O:CVNA230519C00010000,10.0,2023-05-19,2023-04-17,1.37,1.45,1.13,1.29,289,35,1.37,,monthly_30d_35d_otm,weekly_2_strike0,43,144
CVNA,2023-04-06,2023-05-04,backfill,O:CVNA230519C00010000,10.0,2023-05-19,2023-04-18,1.33,1.4,1.08,1.09,649,21,1.33,,monthly_30d_35d_otm,weekly_2_strike0,43,144
CVNA,2023-04-06,2023-05-04,backfill,O:CVNA230519C00010000,10.0,2023-05-19,2023-04-19,0.66,1.06,0.66,1.06,328,28,0.66,,monthly_30d_35d_otm,weekly_2_strike0,43,144
CVNA,2023-04-06,2023-05-04,backfill,O:CVNA230519C00010000,10.0,2023-05-19,2023-04-20,0.81,0.89,0.69,0.71,168,36,0.81,,monthly_30d_35d_otm,weekly_2_strike0,43,144
CVNA,2023-04-06,2023-05-04,backfill,O:CVNA230519C00010000,10.0,2023-05-19,2023-04-21,0.8,0.8,0.64,0.71,119,18,0.8,,monthly_30d_35d_otm,weekly_2_strike0,43,144
CVNA,2023-04-06,2023-05-04,backfill,O:CVNA230519C00010000,10.0,2023-05-19,2023-04-24,0.7,0.99,0.64,0.7,182,22,0.7,,monthly_30d_35d_otm,weekly_2_strike0,43,144
CVNA,2023-04-06,2023-05-04,backfill,O:CVNA230519C00010000,10.0,2023-05-19,2023-04-25,0.62,0.62,0.38,0.45,197,26,0.62,,monthly_30d_35d_otm,weekly_2_strike0,43,144
CVNA,2023-04-06,2023-05-04,backfill,O:CVNA230519C00010000,10.0,2023-05-19,2023-04-26,0.49,0.49,0.39,0.42,118,11,0.49,,monthly_30d_35d_otm,weekly_2_strike0,43,144
CVNA,2023-04-06,2023-05-04,backfill,O:CVNA230519C00010000,10.0,2023-05-19,2023-04-27,0.35,0.39,0.3,0.32,450,18,0.35,,monthly_30d_35d_otm,weekly_2_strike0,43,144
CVNA,2023-04-06,2023-05-04,backfill,O:CVNA230519C00010000,10.0,2023-05-19,2023-04-28,0.25,0.3,0.19,0.19,310,34,0.25,,monthly_30d_35d_otm,weekly_2_strike0,43,144
CVNA,2023-04-06,2023-05-04,backfill,O:CVNA230519C00010000,10.0,2023-05-19,2023-05-01,0.32,0.32,0.19,0.21,761,21,0.32,,monthly_30d_35d_otm,weekly_2_strike0,43,144
CVNA,2023-04-06,2023-05-04,backfill,O:CVNA230519C00010000,10.0,2023-05-19,2023-05-02,0.2,0.34,0.2,0.32,326,26,0.2,,monthly_30d_35d_otm,weekly_2_strike0,43,144
CVNA,2023-04-06,2023-05-04,backfill,O:CVNA230519C00010000,10.0,2023-05-19,2023-05-03,0.33,0.38,0.29,0.29,279,44,0.33,,monthly_30d_35d_otm,weekly_2_strike0,43,144
CVNA,2023-04-06,2023-05-04,backfill,O:CVNA230519C00010000,10.0,2023-05-19,2023-05-04,0.31,0.35,0.26,0.34,366,35,0.31,,monthly_30d_35d_otm,weekly_2_strike0,43,144
CVNA,2023-10-06,2023-11-02,backfill,O:CVNA231117C00035000,35.0,2023-11-17,2023-10-06,6.0,7.35,6.0,7.18,17,12,6.0,,monthly_30d_atm,weekly_1_strike0,42,17
CVNA,2023-10-06,2023-11-02,backfill,O:CVNA231117C00035000,35.0,2023-11-17,2023-10-09,6.95,7.85,6.65,7.61,68,13,6.95,,monthly_30d_atm,weekly_1_strike0,42,17
CVNA,2023-10-06,2023-11-02,backfill,O:CVNA231117C00035000,35.0,2023-11-17,2023-10-10,8.05,8.75,7.65,7.65,18,7,8.05,,monthly_30d_atm,weekly_1_strike0,42,17
CVNA,2023-10-06,2023-11-02,backfill,O:CVNA231117C00035000,35.0,2023-11-17,2023-10-11,7.45,7.45,6.35,6.48,9,7,7.45,,monthly_30d_atm,weekly_1_strike0,42,17
CVNA,2023-10-06,2023-11-02,backfill,O:CVNA231117C00035000,35.0,2023-11-17,2023-10-12,5.82,5.82,4.05,4.3,459,48,5.82,,monthly_30d_atm,weekly_1_strike0,42,17
CVNA,2023-10-06,2023-11-02,backfill,O:CVNA231117C00035000,35.0,2023-11-17,2023-10-13,4.39,5.0,4.22,4.45,114,25,4.39,,monthly_30d_atm,weekly_1_strike0,42,17
CVNA,2023-10-06,2023-11-02,backfill,O:CVNA231117C00035000,35.0,2023-11-17,2023-10-16,4.4,4.8,4.0,4.59,82,21,4.4,,monthly_30d_atm,weekly_1_strike0,42,17
CVNA,2023-10-06,2023-11-02,backfill,O:CVNA231117C00035000,35.0,2023-11-17,2023-10-17,4.75,4.9,4.4,4.56,38,12,4.75,,monthly_30d_atm,weekly_1_strike0,42,17
CVNA,2023-10-06,2023-11-02,backfill,O:CVNA231117C00035000,35.0,2023-11-17,2023-10-18,3.9,3.93,3.11,3.35,413,48,3.9,,monthly_30d_atm,weekly_1_strike0,42,17
CVNA,2023-10-06,2023-11-02,backfill,O:CVNA231117C00035000,35.0,2023-11-17,2023-10-19,3.45,3.51,2.86,2.93,266,19,3.45,,monthly_30d_atm,weekly_1_strike0,42,17
CVNA,2023-10-06,2023-11-02,backfill,O:CVNA231117C00035000,35.0,2023-11-17,2023-10-20,2.86,3.05,2.63,2.73,107,21,2.86,,monthly_30d_atm,weekly_1_strike0,42,17
CVNA,2023-10-06,2023-11-02,backfill,O:CVNA231117C00035000,35.0,2023-11-17,2023-10-23,2.46,3.21,2.11,2.76,88,33,2.46,,monthly_30d_atm,weekly_1_strike0,42,17
CVNA,2023-10-06,2023-11-02,backfill,O:CVNA231117C00035000,35.0,2023-11-17,2023-10-24,2.97,3.35,2.52,2.65,169,23,2.97,,monthly_30d_atm,weekly_1_strike0,42,17
CVNA,2023-10-06,2023-11-02,backfill,O:CVNA231117C00035000,35.0,2023-11-17,2023-10-25,2.2,2.2,1.72,1.9,110,30,2.2,,monthly_30d_atm,weekly_1_strike0,42,17
CVNA,2023-10-06,2023-11-02,backfill,O:CVNA231117C00035000,35.0,2023-11-17,2023-10-26,2.05,2.1,1.65,1.84,74,19,2.05,,monthly_30d_atm,weekly_1_strike0,42,17
CVNA,2023-10-06,2023-11-02,backfill,O:CVNA231117C00035000,35.0,2023-11-17,2023-10-27,1.67,1.74,1.25,1.36,700,32,1.67,,monthly_30d_atm,weekly_1_strike0,42,17
CVNA,2023-10-06,2023-11-02,backfill,O:CVNA231117C00035000,35.0,2023-11-17,2023-10-30,1.48,1.48,0.97,1.04,256,23,1.48,,monthly_30d_atm,weekly_1_strike0,42,17
CVNA,2023-10-06,2023-11-02,backfill,O:CVNA231117C00035000,35.0,2023-11-17,2023-10-31,0.85,0.99,0.79,0.79,74,12,0.85,,monthly_30d_atm,weekly_1_strike0,42,17
CVNA,2023-10-06,2023-11-02,backfill,O:CVNA231117C00035000,35.0,2023-11-17,2023-11-01,0.67,0.87,0.55,0.87,395,55,0.67,,monthly_30d_atm,weekly_1_strike0,42,17
CVNA,2023-10-06,2023-11-02,backfill,O:CVNA231117C00035000,35.0,2023-11-17,2023-11-02,1.49,1.89,1.42,1.62,1753,63,1.49,,monthly_30d_atm,weekly_1_strike0,42,17
CVNA,2025-05-16,2025-06-13,backfill,O:CVNA250620C00300000,300.0,2025-06-20,2025-05-16,18.5,21.2,16.6,18.7,114,28,18.5,,monthly_30d_atm,weekly_1_strike0,35,114
CVNA,2025-05-16,2025-06-13,backfill,O:CVNA250620C00300000,300.0,2025-06-20,2025-05-19,17.4,22.5,16.19,21.47,60,29,17.4,,monthly_30d_atm,weekly_1_strike0,35,114
CVNA,2025-05-16,2025-06-13,backfill,O:CVNA250620C00300000,300.0,2025-06-20,2025-05-20,19.6,19.75,15.5,19.75,73,24,19.6,,monthly_30d_atm,weekly_1_strike0,35,114
CVNA,2025-05-16,2025-06-13,backfill,O:CVNA250620C00300000,300.0,2025-06-20,2025-05-21,16.15,17.4,14.5,15.6,90,17,16.15,,monthly_30d_atm,weekly_1_strike0,35,114
CVNA,2025-05-16,2025-06-13,backfill,O:CVNA250620C00300000,300.0,2025-06-20,2025-05-22,14.9,20.57,14.9,19.25,98,28,14.9,,monthly_30d_atm,weekly_1_strike0,35,114
CVNA,2025-05-16,2025-06-13,backfill,O:CVNA250620C00300000,300.0,2025-06-20,2025-05-23,17.44,22.65,14.8,21.75,35,28,17.44,,monthly_30d_atm,weekly_1_strike0,35,114
CVNA,2025-05-16,2025-06-13,backfill,O:CVNA250620C00300000,300.0,2025-06-20,2025-05-27,22.25,24.4,21.8,23.6,59,9,22.25,,monthly_30d_atm,weekly_1_strike0,35,114
CVNA,2025-05-16,2025-06-13,backfill,O:CVNA250620C00300000,300.0,2025-06-20,2025-05-28,25.5,30.33,25.5,28.83,52,15,25.5,,monthly_30d_atm,weekly_1_strike0,35,114
CVNA,2025-05-16,2025-06-13,backfill,O:CVNA250620C00300000,300.0,2025-06-20,2025-05-29,28.39,29.63,27.6,27.6,11,3,28.39,,monthly_30d_atm,weekly_1_strike0,35,114
CVNA,2025-05-16,2025-06-13,backfill,O:CVNA250620C00300000,300.0,2025-06-20,2025-05-30,28.19,32.32,28.19,32.0,24,9,28.19,,monthly_30d_atm,weekly_1_strike0,35,114
CVNA,2025-05-16,2025-06-13,backfill,O:CVNA250620C00300000,300.0,2025-06-20,2025-06-02,33.85,36.0,28.73,36.0,54,9,33.85,,monthly_30d_atm,weekly_1_strike0,35,114
CVNA,2025-05-16,2025-06-13,backfill,O:CVNA250620C00300000,300.0,2025-06-20,2025-06-03,38.5,43.3,37.5,43.3,53,15,38.5,,monthly_30d_atm,weekly_1_strike0,35,114
CVNA,2025-05-16,2025-06-13,backfill,O:CVNA250620C00300000,300.0,2025-06-20,2025-06-04,41.99,50.0,39.55,48.5,46,13,41.99,,monthly_30d_atm,weekly_1_strike0,35,114
CVNA,2025-05-16,2025-06-13,backfill,O:CVNA250620C00300000,300.0,2025-06-20,2025-06-05,47.8,49.5,42.55,42.55,34,13,47.8,,monthly_30d_atm,weekly_1_strike0,35,114
CVNA,2025-05-16,2025-06-13,backfill,O:CVNA250620C00300000,300.0,2025-06-20,2025-06-06,50.41,52.67,44.03,44.03,6,4,50.41,,monthly_30d_atm,weekly_1_strike0,35,114
CVNA,2025-05-16,2025-06-13,backfill,O:CVNA250620C00300000,300.0,2025-06-20,2025-06-09,34.92,42.5,34.5,41.85,80,8,34.92,,monthly_30d_atm,weekly_1_strike0,35,114
CVNA,2025-05-16,2025-06-13,backfill,O:CVNA250620C00300000,300.0,2025-06-20,2025-06-10,43.75,45.27,33.82,36.25,51,8,43.75,,monthly_30d_atm,weekly_1_strike0,35,114
CVNA,2025-05-16,2025-06-13,backfill,O:CVNA250620C00300000,300.0,2025-06-20,2025-06-11,38.15,43.0,38.15,39.0,25,6,38.15,,monthly_30d_atm,weekly_1_strike0,35,114
CVNA,2025-05-16,2025-06-13,backfill,O:CVNA250620C00300000,300.0,2025-06-20,2025-06-12,37.0,37.83,21.98,22.5,58,18,37.0,,monthly_30d_atm,weekly_1_strike0,35,114
CVNA,2025-05-16,2025-06-13,backfill,O:CVNA250620C00300000,300.0,2025-06-20,2025-06-13,14.43,16.08,6.98,7.8,1553,153,14.43,,monthly_30d_atm,weekly_1_strike0,35,114
CVNA,2026-01-14,2026-01-28,backfill,O:CVNA260220C00520000,520.0,2026-02-20,2026-01-14,15.13,18.0,12.25,12.36,40,16,15.13,,monthly_30d_25d_otm,weekly_2_strike0,37,40
CVNA,2026-01-14,2026-01-28,backfill,O:CVNA260220C00520000,520.0,2026-02-20,2026-01-15,15.0,15.05,13.93,15.0,13,8,15.0,,monthly_30d_25d_otm,weekly_2_strike0,37,40
CVNA,2026-01-14,2026-01-28,backfill,O:CVNA260220C00520000,520.0,2026-02-20,2026-01-16,14.1,14.1,10.15,10.15,8,3,14.1,,monthly_30d_25d_otm,weekly_2_strike0,37,40
CVNA,2026-01-14,2026-01-28,backfill,O:CVNA260220C00520000,520.0,2026-02-20,2026-01-20,6.97,10.45,6.97,10.45,318,8,6.97,,monthly_30d_25d_otm,weekly_2_strike0,37,40
CVNA,2026-01-14,2026-01-28,backfill,O:CVNA260220C00520000,520.0,2026-02-20,2026-01-21,13.7,13.7,12.45,12.45,18,2,13.7,,monthly_30d_25d_otm,weekly_2_strike0,37,40
CVNA,2026-01-14,2026-01-28,backfill,O:CVNA260220C00520000,520.0,2026-02-20,2026-01-22,18.99,22.6,18.99,22.6,19,9,18.99,,monthly_30d_25d_otm,weekly_2_strike0,37,40
CVNA,2026-01-14,2026-01-28,backfill,O:CVNA260220C00520000,520.0,2026-02-20,2026-01-23,21.4,24.75,17.67,20.29,73,11,21.4,,monthly_30d_25d_otm,weekly_2_strike0,37,40
CVNA,2026-01-14,2026-01-28,backfill,O:CVNA260220C00520000,520.0,2026-02-20,2026-01-26,20.0,22.26,18.0,18.0,68,9,20.0,,monthly_30d_25d_otm,weekly_2_strike0,37,40
CVNA,2026-01-14,2026-01-28,backfill,O:CVNA260220C00520000,520.0,2026-02-20,2026-01-27,22.22,22.95,21.42,21.5,7,6,22.22,,monthly_30d_25d_otm,weekly_2_strike0,37,40
CVNA,2026-01-14,2026-01-28,backfill,O:CVNA260220C00520000,520.0,2026-02-20,2026-01-28,17.88,17.88,3.57,7.18,80,42,17.88,,monthly_30d_25d_otm,weekly_2_strike0,37,40
CVX,2020-06-04,2020-07-01,backfill,O:CVX200717C00100000,100.0,2020-07-17,2020-06-04,2.84,2.88,2.32,2.65,196,50,2.84,,monthly_30d_40d_otm,weekly_2_strike0,43,196
CVX,2020-06-04,2020-07-01,backfill,O:CVX200717C00100000,100.0,2020-07-17,2020-06-05,3.8,5.55,3.8,5.0,489,98,3.8,,monthly_30d_40d_otm,weekly_2_strike0,43,196
CVX,2020-06-04,2020-07-01,backfill,O:CVX200717C00100000,100.0,2020-07-17,2020-06-08,6.65,6.65,5.67,6.55,301,56,6.65,,monthly_30d_40d_otm,weekly_2_strike0,43,196
CVX,2020-06-04,2020-07-01,backfill,O:CVX200717C00100000,100.0,2020-07-17,2020-06-09,5.2,6.5,4.85,6.1,94,33,5.2,,monthly_30d_40d_otm,weekly_2_strike0,43,196
CVX,2020-06-04,2020-07-01,backfill,O:CVX200717C00100000,100.0,2020-07-17,2020-06-10,5.6,5.6,3.73,3.73,337,49,5.6,,monthly_30d_40d_otm,weekly_2_strike0,43,196
CVX,2020-06-04,2020-07-01,backfill,O:CVX200717C00100000,100.0,2020-07-17,2020-06-11,1.96,2.52,1.7,1.83,282,57,1.96,,monthly_30d_40d_otm,weekly_2_strike0,43,196
CVX,2020-06-04,2020-07-01,backfill,O:CVX200717C00100000,100.0,2020-07-17,2020-06-12,2.56,2.56,1.84,2.39,184,47,2.56,,monthly_30d_40d_otm,weekly_2_strike0,43,196
CVX,2020-06-04,2020-07-01,backfill,O:CVX200717C00100000,100.0,2020-07-17,2020-06-15,1.7,2.1,1.5,1.63,292,43,1.7,,monthly_30d_40d_otm,weekly_2_strike0,43,196
CVX,2020-06-04,2020-07-01,backfill,O:CVX200717C00100000,100.0,2020-07-17,2020-06-16,2.93,2.93,1.95,2.3,1330,74,2.93,,monthly_30d_40d_otm,weekly_2_strike0,43,196
CVX,2020-06-04,2020-07-01,backfill,O:CVX200717C00100000,100.0,2020-07-17,2020-06-17,2.15,2.18,1.6,1.6,137,28,2.15,,monthly_30d_40d_otm,weekly_2_strike0,43,196
CVX,2020-06-04,2020-07-01,backfill,O:CVX200717C00100000,100.0,2020-07-17,2020-06-18,1.48,1.91,1.29,1.35,1095,46,1.48,,monthly_30d_40d_otm,weekly_2_strike0,43,196
CVX,2020-06-04,2020-07-01,backfill,O:CVX200717C00100000,100.0,2020-07-17,2020-06-19,1.7,1.8,1.1,1.1,731,61,1.7,,monthly_30d_40d_otm,weekly_2_strike0,43,196
CVX,2020-06-04,2020-07-01,backfill,O:CVX200717C00100000,100.0,2020-07-17,2020-06-22,0.81,1.06,0.81,0.93,500,68,0.81,,monthly_30d_40d_otm,weekly_2_strike0,43,196
CVX,2020-06-04,2020-07-01,backfill,O:CVX200717C00100000,100.0,2020-07-17,2020-06-23,1.0,1.16,0.83,0.85,367,55,1.0,,monthly_30d_40d_otm,weekly_2_strike0,43,196
CVX,2020-06-04,2020-07-01,backfill,O:CVX200717C00100000,100.0,2020-07-17,2020-06-24,0.75,0.75,0.41,0.5,581,49,0.75,,monthly_30d_40d_otm,weekly_2_strike0,43,196
CVX,2020-06-04,2020-07-01,backfill,O:CVX200717C00100000,100.0,2020-07-17,2020-06-25,0.44,0.61,0.42,0.49,230,34,0.44,,monthly_30d_40d_otm,weekly_2_strike0,43,196
CVX,2020-06-04,2020-07-01,backfill,O:CVX200717C00100000,100.0,2020-07-17,2020-06-26,0.4,0.4,0.28,0.3,249,28,0.4,,monthly_30d_40d_otm,weekly_2_strike0,43,196
CVX,2020-06-04,2020-07-01,backfill,O:CVX200717C00100000,100.0,2020-07-17,2020-06-29,0.35,0.35,0.2,0.21,567,25,0.35,,monthly_30d_40d_otm,weekly_2_strike0,43,196
CVX,2020-06-04,2020-07-01,backfill,O:CVX200717C00100000,100.0,2020-07-17,2020-06-30,0.17,0.28,0.17,0.25,284,28,0.17,,monthly_30d_40d_otm,weekly_2_strike0,43,196
CVX,2020-06-04,2020-07-01,backfill,O:CVX200717C00100000,100.0,2020-07-17,2020-07-01,0.24,0.29,0.12,0.12,249,55,0.24,,monthly_30d_40d_otm,weekly_2_strike0,43,196
CVX,2020-11-24,2020-12-22,backfill,O:CVX201218C00093000,93.0,2020-12-18,2020-11-24,3.65,5.0,3.65,4.85,261,26,3.65,,monthly_30d_atm,weekly_2_strike0,24,261
CVX,2020-11-24,2020-12-22,backfill,O:CVX201218C00093000,93.0,2020-12-18,2020-11-25,4.0,4.0,3.14,3.14,212,36,4.0,,monthly_30d_atm,weekly_2_strike0,24,261
CVX,2020-11-24,2020-12-22,backfill,O:CVX201218C00093000,93.0,2020-12-18,2020-11-27,2.61,2.94,2.22,2.5,53,14,2.61,,monthly_30d_atm,weekly_2_strike0,24,261
CVX,2020-11-24,2020-12-22,backfill,O:CVX201218C00093000,93.0,2020-12-18,2020-11-30,1.88,1.88,1.08,1.08,29,13,1.88,,monthly_30d_atm,weekly_2_strike0,24,261
CVX,2020-11-24,2020-12-22,backfill,O:CVX201218C00093000,93.0,2020-12-18,2020-12-01,1.53,1.53,0.93,0.93,33,17,1.53,,monthly_30d_atm,weekly_2_strike0,24,261
CVX,2020-11-24,2020-12-22,backfill,O:CVX201218C00093000,93.0,2020-12-18,2020-12-02,1.24,2.23,1.22,1.93,321,29,1.24,,monthly_30d_atm,weekly_2_strike0,24,261
CVX,2020-11-24,2020-12-22,backfill,O:CVX201218C00093000,93.0,2020-12-18,2020-12-03,1.65,2.04,1.5,1.5,105,10,1.65,,monthly_30d_atm,weekly_2_strike0,24,261
CVX,2020-11-24,2020-12-22,backfill,O:CVX201218C00093000,93.0,2020-12-18,2020-12-04,2.0,2.94,2.0,2.81,499,50,2.0,,monthly_30d_atm,weekly_2_strike0,24,261
CVX,2020-11-24,2020-12-22,backfill,O:CVX201218C00093000,93.0,2020-12-18,2020-12-07,1.28,2.19,1.26,1.31,722,49,1.28,,monthly_30d_atm,weekly_2_strike0,24,261
CVX,2020-11-24,2020-12-22,backfill,O:CVX201218C00093000,93.0,2020-12-18,2020-12-08,1.34,2.0,1.34,1.42,433,26,1.34,,monthly_30d_atm,weekly_2_strike0,24,261
CVX,2020-11-24,2020-12-22,backfill,O:CVX201218C00093000,93.0,2020-12-18,2020-12-09,2.0,2.01,0.87,1.1,271,33,2.0,,monthly_30d_atm,weekly_2_strike0,24,261
CVX,2020-11-24,2020-12-22,backfill,O:CVX201218C00093000,93.0,2020-12-18,2020-12-10,1.23,3.05,1.17,2.35,586,82,1.23,,monthly_30d_atm,weekly_2_strike0,24,261
CVX,2020-11-24,2020-12-22,backfill,O:CVX201218C00093000,93.0,2020-12-18,2020-12-11,2.02,2.15,1.13,1.67,362,84,2.02,,monthly_30d_atm,weekly_2_strike0,24,261
CVX,2020-11-24,2020-12-22,backfill,O:CVX201218C00093000,93.0,2020-12-18,2020-12-14,1.84,1.98,0.29,0.3,569,80,1.84,,monthly_30d_atm,weekly_2_strike0,24,261
CVX,2020-11-24,2020-12-22,backfill,O:CVX201218C00093000,93.0,2020-12-18,2020-12-15,0.43,0.43,0.2,0.21,146,42,0.43,,monthly_30d_atm,weekly_2_strike0,24,261
CVX,2020-11-24,2020-12-22,backfill,O:CVX201218C00093000,93.0,2020-12-18,2020-12-16,0.19,0.19,0.07,0.07,389,21,0.19,,monthly_30d_atm,weekly_2_strike0,24,261
CVX,2020-11-24,2020-12-22,backfill,O:CVX201218C00093000,93.0,2020-12-18,2020-12-17,0.07,0.07,0.02,0.04,100,26,0.07,,monthly_30d_atm,weekly_2_strike0,24,261
CVX,2020-11-24,2020-12-22,backfill,O:CVX201218C00093000,93.0,2020-12-18,2020-12-18,0.01,0.03,0.01,0.01,27,12,0.01,,monthly_30d_atm,weekly_2_strike0,24,261
CVX,2021-03-03,2021-03-30,backfill,O:CVX210416C00100000,100.0,2021-04-16,2021-03-03,7.3,8.4,7.15,7.17,735,77,7.3,,monthly_30d_slight_itm,weekly_2_strike0,44,735
CVX,2021-03-03,2021-03-30,backfill,O:CVX210416C00100000,100.0,2021-04-16,2021-03-04,7.9,9.85,6.95,7.8,381,60,7.9,,monthly_30d_slight_itm,weekly_2_strike0,44,735
CVX,2021-03-03,2021-03-30,backfill,O:CVX210416C00100000,100.0,2021-04-16,2021-03-05,9.35,10.95,9.28,10.8,290,57,9.35,,monthly_30d_slight_itm,weekly_2_strike0,44,735
CVX,2021-03-03,2021-03-30,backfill,O:CVX210416C00100000,100.0,2021-04-16,2021-03-08,11.05,11.95,10.5,11.65,109,37,11.05,,monthly_30d_slight_itm,weekly_2_strike0,44,735
CVX,2021-03-03,2021-03-30,backfill,O:CVX210416C00100000,100.0,2021-04-16,2021-03-09,10.39,11.85,10.0,10.8,76,26,10.39,,monthly_30d_slight_itm,weekly_2_strike0,44,735
CVX,2021-03-03,2021-03-30,backfill,O:CVX210416C00100000,100.0,2021-04-16,2021-03-10,11.55,12.95,11.37,12.5,198,30,11.55,,monthly_30d_slight_itm,weekly_2_strike0,44,735
CVX,2021-03-03,2021-03-30,backfill,O:CVX210416C00100000,100.0,2021-04-16,2021-03-11,12.8,13.1,11.95,12.25,42,16,12.8,,monthly_30d_slight_itm,weekly_2_strike0,44,735
CVX,2021-03-03,2021-03-30,backfill,O:CVX210416C00100000,100.0,2021-04-16,2021-03-12,13.35,13.4,12.1,12.1,25,8,13.35,,monthly_30d_slight_itm,weekly_2_strike0,44,735
CVX,2021-03-03,2021-03-30,backfill,O:CVX210416C00100000,100.0,2021-04-16,2021-03-15,12.57,12.57,10.17,11.1,326,28,12.57,,monthly_30d_slight_itm,weekly_2_strike0,44,735
CVX,2021-03-03,2021-03-30,backfill,O:CVX210416C00100000,100.0,2021-04-16,2021-03-16,9.57,9.58,8.5,9.05,68,24,9.57,,monthly_30d_slight_itm,weekly_2_strike0,44,735
CVX,2021-03-03,2021-03-30,backfill,O:CVX210416C00100000,100.0,2021-04-16,2021-03-17,9.05,9.6,8.14,8.99,20,14,9.05,,monthly_30d_slight_itm,weekly_2_strike0,44,735
CVX,2021-03-03,2021-03-30,backfill,O:CVX210416C00100000,100.0,2021-04-16,2021-03-18,8.46,8.46,6.09,6.37,186,44,8.46,,monthly_30d_slight_itm,weekly_2_strike0,44,735
CVX,2021-03-03,2021-03-30,backfill,O:CVX210416C00100000,100.0,2021-04-16,2021-03-19,6.2,6.45,5.31,5.31,193,62,6.2,,monthly_30d_slight_itm,weekly_2_strike0,44,735
CVX,2021-03-03,2021-03-30,backfill,O:CVX210416C00100000,100.0,2021-04-16,2021-03-22,5.07,5.8,4.4,4.4,179,15,5.07,,monthly_30d_slight_itm,weekly_2_strike0,44,735
CVX,2021-03-03,2021-03-30,backfill,O:CVX210416C00100000,100.0,2021-04-16,2021-03-23,3.37,5.42,3.25,4.45,92,16,3.37,,monthly_30d_slight_itm,weekly_2_strike0,44,735
CVX,2021-03-03,2021-03-30,backfill,O:CVX210416C00100000,100.0,2021-04-16,2021-03-24,5.2,6.7,5.2,6.0,1465,26,5.2,,monthly_30d_slight_itm,weekly_2_strike0,44,735
CVX,2021-03-03,2021-03-30,backfill,O:CVX210416C00100000,100.0,2021-04-16,2021-03-25,4.76,6.35,4.45,6.2,51,20,4.76,,monthly_30d_slight_itm,weekly_2_strike0,44,735
CVX,2021-03-03,2021-03-30,backfill,O:CVX210416C00100000,100.0,2021-04-16,2021-03-26,7.45,8.25,6.95,8.25,41,10,7.45,,monthly_30d_slight_itm,weekly_2_strike0,44,735
CVX,2021-03-03,2021-03-30,backfill,O:CVX210416C00100000,100.0,2021-04-16,2021-03-29,7.25,7.85,6.75,7.85,23,12,7.25,,monthly_30d_slight_itm,weekly_2_strike0,44,735
CVX,2021-03-03,2021-03-30,backfill,O:CVX210416C00100000,100.0,2021-04-16,2021-03-30,6.7,7.2,6.5,6.75,21,9,6.7,,monthly_30d_slight_itm,weekly_2_strike0,44,735
CVX,2021-11-02,2021-11-30,backfill,O:CVX211217C00120000,120.0,2021-12-17,2021-11-02,1.12,1.12,0.93,0.99,126,20,1.12,,monthly_30d_20d_otm,weekly_2_strike0,45,126
CVX,2021-11-02,2021-11-30,backfill,O:CVX211217C00120000,120.0,2021-12-17,2021-11-03,0.76,0.9,0.74,0.85,54,21,0.76,,monthly_30d_20d_otm,weekly_2_strike0,45,126
CVX,2021-11-02,2021-11-30,backfill,O:CVX211217C00120000,120.0,2021-12-17,2021-11-04,0.98,0.98,0.77,0.93,146,27,0.98,,monthly_30d_20d_otm,weekly_2_strike0,45,126
CVX,2021-11-02,2021-11-30,backfill,O:CVX211217C00120000,120.0,2021-12-17,2021-11-05,0.98,1.17,0.96,1.09,740,50,0.98,,monthly_30d_20d_otm,weekly_2_strike0,45,126
CVX,2021-11-02,2021-11-30,backfill,O:CVX211217C00120000,120.0,2021-12-17,2021-11-08,1.2,1.35,1.07,1.14,391,64,1.2,,monthly_30d_20d_otm,weekly_2_strike0,45,126
CVX,2021-11-02,2021-11-30,backfill,O:CVX211217C00120000,120.0,2021-12-17,2021-11-09,1.17,1.3,0.93,1.26,458,53,1.17,,monthly_30d_20d_otm,weekly_2_strike0,45,126
CVX,2021-11-02,2021-11-30,backfill,O:CVX211217C00120000,120.0,2021-12-17,2021-11-10,1.2,1.24,0.88,0.95,718,43,1.2,,monthly_30d_20d_otm,weekly_2_strike0,45,126
CVX,2021-11-02,2021-11-30,backfill,O:CVX211217C00120000,120.0,2021-12-17,2021-11-11,0.81,0.88,0.78,0.78,482,23,0.81,,monthly_30d_20d_otm,weekly_2_strike0,45,126
CVX,2021-11-02,2021-11-30,backfill,O:CVX211217C00120000,120.0,2021-12-17,2021-11-12,0.63,0.76,0.63,0.71,1726,47,0.63,,monthly_30d_20d_otm,weekly_2_strike0,45,126
CVX,2021-11-02,2021-11-30,backfill,O:CVX211217C00120000,120.0,2021-12-17,2021-11-15,0.75,1.26,0.73,1.19,1720,143,0.75,,monthly_30d_20d_otm,weekly_2_strike0,45,126
CVX,2021-11-02,2021-11-30,backfill,O:CVX211217C00120000,120.0,2021-12-17,2021-11-16,1.19,1.57,1.18,1.31,2530,172,1.19,,monthly_30d_20d_otm,weekly_2_strike0,45,126
CVX,2021-11-02,2021-11-30,backfill,O:CVX211217C00120000,120.0,2021-12-17,2021-11-17,1.0,1.46,0.98,1.08,581,102,1.0,,monthly_30d_20d_otm,weekly_2_strike0,45,126
CVX,2021-11-02,2021-11-30,backfill,O:CVX211217C00120000,120.0,2021-12-17,2021-11-18,0.93,1.04,0.67,0.87,317,52,0.93,,monthly_30d_20d_otm,weekly_2_strike0,45,126
CVX,2021-11-02,2021-11-30,backfill,O:CVX211217C00120000,120.0,2021-12-17,2021-11-19,0.51,0.62,0.43,0.54,1013,82,0.51,,monthly_30d_20d_otm,weekly_2_strike0,45,126
CVX,2021-11-02,2021-11-30,backfill,O:CVX211217C00120000,120.0,2021-12-17,2021-11-22,0.53,0.96,0.53,0.75,802,85,0.53,,monthly_30d_20d_otm,weekly_2_strike0,45,126
CVX,2021-11-02,2021-11-30,backfill,O:CVX211217C00120000,120.0,2021-12-17,2021-11-23,1.03,1.56,1.02,1.42,694,109,1.03,,monthly_30d_20d_otm,weekly_2_strike0,45,126
CVX,2021-11-02,2021-11-30,backfill,O:CVX211217C00120000,120.0,2021-12-17,2021-11-24,1.45,2.08,1.45,1.7,2425,111,1.45,,monthly_30d_20d_otm,weekly_2_strike0,45,126
CVX,2021-11-02,2021-11-30,backfill,O:CVX211217C00120000,120.0,2021-12-17,2021-11-26,1.0,1.45,0.67,1.3,1128,63,1.0,,monthly_30d_20d_otm,weekly_2_strike0,45,126
CVX,2021-11-02,2021-11-30,backfill,O:CVX211217C00120000,120.0,2021-12-17,2021-11-29,1.8,1.9,0.92,0.94,866,90,1.8,,monthly_30d_20d_otm,weekly_2_strike0,45,126
CVX,2021-11-02,2021-11-30,backfill,O:CVX211217C00120000,120.0,2021-12-17,2021-11-30,0.8,1.18,0.71,0.75,267,50,0.8,,monthly_30d_20d_otm,weekly_2_strike0,45,126
CVX,2022-01-18,2022-02-14,backfill,O:CVX220218C00130000,130.0,2022-02-18,2022-01-18,3.57,3.85,2.91,3.54,1184,116,3.57,,monthly_30d_atm,weekly_2_strike0,31,1184
CVX,2022-01-18,2022-02-14,backfill,O:CVX220218C00130000,130.0,2022-02-18,2022-01-19,3.7,3.71,3.08,3.25,1078,62,3.7,,monthly_30d_atm,weekly_2_strike0,31,1184
CVX,2022-01-18,2022-02-14,backfill,O:CVX220218C00130000,130.0,2022-02-18,2022-01-20,2.75,4.0,2.75,2.99,1900,122,2.75,,monthly_30d_atm,weekly_2_strike0,31,1184
CVX,2022-01-18,2022-02-14,backfill,O:CVX220218C00130000,130.0,2022-02-18,2022-01-21,2.5,2.89,2.15,2.49,1814,103,2.5,,monthly_30d_atm,weekly_2_strike0,31,1184
CVX,2022-01-18,2022-02-14,backfill,O:CVX220218C00130000,130.0,2022-02-18,2022-01-24,1.74,2.6,1.6,2.6,739,88,1.74,,monthly_30d_atm,weekly_2_strike0,31,1184
CVX,2022-01-18,2022-02-14,backfill,O:CVX220218C00130000,130.0,2022-02-18,2022-01-25,2.3,5.5,2.0,5.5,2186,142,2.3,,monthly_30d_atm,weekly_2_strike0,31,1184
CVX,2022-01-18,2022-02-14,backfill,O:CVX220218C00130000,130.0,2022-02-18,2022-01-26,5.65,6.7,5.0,5.68,828,88,5.65,,monthly_30d_atm,weekly_2_strike0,31,1184
CVX,2022-01-18,2022-02-14,backfill,O:CVX220218C00130000,130.0,2022-02-18,2022-01-27,6.3,8.25,6.04,7.4,455,69,6.3,,monthly_30d_atm,weekly_2_strike0,31,1184
CVX,2022-01-18,2022-02-14,backfill,O:CVX220218C00130000,130.0,2022-02-18,2022-01-28,4.11,5.0,2.68,3.77,2153,172,4.11,,monthly_30d_atm,weekly_2_strike0,31,1184
CVX,2022-01-18,2022-02-14,backfill,O:CVX220218C00130000,130.0,2022-02-18,2022-01-31,3.5,4.0,3.05,3.6,831,87,3.5,,monthly_30d_atm,weekly_2_strike0,31,1184
CVX,2022-01-18,2022-02-14,backfill,O:CVX220218C00130000,130.0,2022-02-18,2022-02-01,3.39,6.57,3.06,5.98,1006,95,3.39,,monthly_30d_atm,weekly_2_strike0,31,1184
CVX,2022-01-18,2022-02-14,backfill,O:CVX220218C00130000,130.0,2022-02-18,2022-02-02,5.35,6.39,4.35,6.14,303,32,5.35,,monthly_30d_atm,weekly_2_strike0,31,1184
CVX,2022-01-18,2022-02-14,backfill,O:CVX220218C00130000,130.0,2022-02-18,2022-02-03,5.85,6.0,4.52,5.24,146,29,5.85,,monthly_30d_atm,weekly_2_strike0,31,1184
CVX,2022-01-18,2022-02-14,backfill,O:CVX220218C00130000,130.0,2022-02-18,2022-02-04,6.46,7.5,6.1,6.9,148,37,6.46,,monthly_30d_atm,weekly_2_strike0,31,1184
CVX,2022-01-18,2022-02-14,backfill,O:CVX220218C00130000,130.0,2022-02-18,2022-02-07,5.65,9.47,5.65,8.71,197,48,5.65,,monthly_30d_atm,weekly_2_strike0,31,1184
CVX,2022-01-18,2022-02-14,backfill,O:CVX220218C00130000,130.0,2022-02-18,2022-02-08,8.52,8.52,5.8,6.45,227,30,8.52,,monthly_30d_atm,weekly_2_strike0,31,1184
CVX,2022-01-18,2022-02-14,backfill,O:CVX220218C00130000,130.0,2022-02-18,2022-02-09,7.18,7.89,7.18,7.89,127,34,7.18,,monthly_30d_atm,weekly_2_strike0,31,1184
CVX,2022-01-18,2022-02-14,backfill,O:CVX220218C00130000,130.0,2022-02-18,2022-02-10,8.65,8.7,5.71,6.25,139,27,8.65,,monthly_30d_atm,weekly_2_strike0,31,1184
CVX,2022-01-18,2022-02-14,backfill,O:CVX220218C00130000,130.0,2022-02-18,2022-02-11,7.0,8.95,7.0,8.77,69,28,7.0,,monthly_30d_atm,weekly_2_strike0,31,1184
CVX,2022-01-18,2022-02-14,backfill,O:CVX220218C00130000,130.0,2022-02-18,2022-02-14,7.65,7.65,5.1,7.25,22771,62,7.65,,monthly_30d_atm,weekly_2_strike0,31,1184
CVX,2024-02-08,2024-03-07,backfill,O:CVX240315C00160000,160.0,2024-03-15,2024-02-08,0.85,1.23,0.85,1.14,391,61,0.85,,monthly_30d_20d_otm,weekly_2_strike1,36,391
CVX,2024-02-08,2024-03-07,backfill,O:CVX240315C00160000,160.0,2024-03-15,2024-02-09,1.24,1.47,0.68,0.69,4029,93,1.24,,monthly_30d_20d_otm,weekly_2_strike1,36,391
CVX,2024-02-08,2024-03-07,backfill,O:CVX240315C00160000,160.0,2024-03-15,2024-02-12,0.69,0.85,0.68,0.78,3681,70,0.69,,monthly_30d_20d_otm,weekly_2_strike1,36,391
CVX,2024-02-08,2024-03-07,backfill,O:CVX240315C00160000,160.0,2024-03-15,2024-02-13,0.9,0.9,0.49,0.58,814,72,0.9,,monthly_30d_20d_otm,weekly_2_strike1,36,391
CVX,2024-02-08,2024-03-07,backfill,O:CVX240315C00160000,160.0,2024-03-15,2024-02-14,0.64,0.72,0.45,0.52,837,56,0.64,,monthly_30d_20d_otm,weekly_2_strike1,36,391
CVX,2024-02-08,2024-03-07,backfill,O:CVX240315C00160000,160.0,2024-03-15,2024-02-15,0.6,1.7,0.6,1.5,2755,142,0.6,,monthly_30d_20d_otm,weekly_2_strike1,36,391
CVX,2024-02-08,2024-03-07,backfill,O:CVX240315C00160000,160.0,2024-03-15,2024-02-16,1.73,1.82,1.4,1.48,1918,167,1.73,,monthly_30d_20d_otm,weekly_2_strike1,36,391
CVX,2024-02-08,2024-03-07,backfill,O:CVX240315C00160000,160.0,2024-03-15,2024-02-20,1.54,1.68,1.16,1.17,907,87,1.54,,monthly_30d_20d_otm,weekly_2_strike1,36,391
CVX,2024-02-08,2024-03-07,backfill,O:CVX240315C00160000,160.0,2024-03-15,2024-02-21,1.27,1.56,1.2,1.48,1141,83,1.27,,monthly_30d_20d_otm,weekly_2_strike1,36,391
CVX,2024-02-08,2024-03-07,backfill,O:CVX240315C00160000,160.0,2024-03-15,2024-02-22,1.24,1.76,0.99,1.36,2632,103,1.24,,monthly_30d_20d_otm,weekly_2_strike1,36,391
CVX,2024-02-08,2024-03-07,backfill,O:CVX240315C00160000,160.0,2024-03-15,2024-02-23,1.0,1.1,0.8,0.97,3192,89,1.0,,monthly_30d_20d_otm,weekly_2_strike1,36,391
CVX,2024-02-08,2024-03-07,backfill,O:CVX240315C00160000,160.0,2024-03-15,2024-02-26,0.8,1.12,0.78,0.87,746,62,0.8,,monthly_30d_20d_otm,weekly_2_strike1,36,391
CVX,2024-02-08,2024-03-07,backfill,O:CVX240315C00160000,160.0,2024-03-15,2024-02-27,0.62,0.65,0.25,0.46,3890,96,0.62,,monthly_30d_20d_otm,weekly_2_strike1,36,391
CVX,2024-02-08,2024-03-07,backfill,O:CVX240315C00160000,160.0,2024-03-15,2024-02-28,0.41,0.65,0.38,0.42,341,42,0.41,,monthly_30d_20d_otm,weekly_2_strike1,36,391
CVX,2024-02-08,2024-03-07,backfill,O:CVX240315C00160000,160.0,2024-03-15,2024-02-29,0.46,0.47,0.3,0.3,271,42,0.46,,monthly_30d_20d_otm,weekly_2_strike1,36,391
CVX,2024-02-08,2024-03-07,backfill,O:CVX240315C00160000,160.0,2024-03-15,2024-03-01,0.39,0.56,0.3,0.35,262,55,0.39,,monthly_30d_20d_otm,weekly_2_strike1,36,391
CVX,2024-02-08,2024-03-07,backfill,O:CVX240315C00160000,160.0,2024-03-15,2024-03-04,0.29,0.29,0.08,0.12,701,77,0.29,,monthly_30d_20d_otm,weekly_2_strike1,36,391
CVX,2024-02-08,2024-03-07,backfill,O:CVX240315C00160000,160.0,2024-03-15,2024-03-05,0.11,0.17,0.11,0.13,150,24,0.11,,monthly_30d_20d_otm,weekly_2_strike1,36,391
CVX,2024-02-08,2024-03-07,backfill,O:CVX240315C00160000,160.0,2024-03-15,2024-03-06,0.16,0.29,0.09,0.09,368,43,0.16,,monthly_30d_20d_otm,weekly_2_strike1,36,391
CVX,2024-02-08,2024-03-07,backfill,O:CVX240315C00160000,160.0,2024-03-15,2024-03-07,0.1,0.13,0.09,0.09,126,28,0.1,,monthly_30d_20d_otm,weekly_2_strike1,36,391
CVX,2024-03-28,2024-04-25,backfill,O:CVX240419C00160000,160.0,2024-04-19,2024-03-28,1.5,1.78,1.16,1.63,1856,152,1.5,,monthly_30d_30d_otm,weekly_2_strike1,22,1856
CVX,2024-03-28,2024-04-25,backfill,O:CVX240419C00160000,160.0,2024-04-19,2024-04-01,1.63,2.43,1.31,2.16,1336,190,1.63,,monthly_30d_30d_otm,weekly_2_strike1,22,1856
CVX,2024-03-28,2024-04-25,backfill,O:CVX240419C00160000,160.0,2024-04-19,2024-04-02,2.65,3.4,2.15,2.56,2154,121,2.65,,monthly_30d_30d_otm,weekly_2_strike1,22,1856
CVX,2024-03-28,2024-04-25,backfill,O:CVX240419C00160000,160.0,2024-04-19,2024-04-03,2.6,3.05,2.39,2.82,968,118,2.6,,monthly_30d_30d_otm,weekly_2_strike1,22,1856
CVX,2024-03-28,2024-04-25,backfill,O:CVX240419C00160000,160.0,2024-04-19,2024-04-04,2.82,3.55,2.38,3.0,1497,105,2.82,,monthly_30d_30d_otm,weekly_2_strike1,22,1856
CVX,2024-03-28,2024-04-25,backfill,O:CVX240419C00160000,160.0,2024-04-19,2024-04-05,3.15,3.85,2.47,3.45,514,78,3.15,,monthly_30d_30d_otm,weekly_2_strike1,22,1856
CVX,2024-03-28,2024-04-25,backfill,O:CVX240419C00160000,160.0,2024-04-19,2024-04-08,3.35,3.89,2.55,2.94,388,60,3.35,,monthly_30d_30d_otm,weekly_2_strike1,22,1856
CVX,2024-03-28,2024-04-25,backfill,O:CVX240419C00160000,160.0,2024-04-19,2024-04-09,3.55,3.72,2.33,3.26,478,55,3.55,,monthly_30d_30d_otm,weekly_2_strike1,22,1856
CVX,2024-03-28,2024-04-25,backfill,O:CVX240419C00160000,160.0,2024-04-19,2024-04-10,3.15,3.75,2.61,3.68,1378,78,3.15,,monthly_30d_30d_otm,weekly_2_strike1,22,1856
CVX,2024-03-28,2024-04-25,backfill,O:CVX240419C00160000,160.0,2024-04-19,2024-04-11,4.07,4.15,1.83,2.92,2318,121,4.07,,monthly_30d_30d_otm,weekly_2_strike1,22,1856
CVX,2024-03-28,2024-04-25,backfill,O:CVX240419C00160000,160.0,2024-04-19,2024-04-12,3.7,4.55,1.25,1.47,3384,191,3.7,,monthly_30d_30d_otm,weekly_2_strike1,22,1856
CVX,2024-03-28,2024-04-25,backfill,O:CVX240419C00160000,160.0,2024-04-19,2024-04-15,1.59,2.0,0.72,0.75,3670,215,1.59,,monthly_30d_30d_otm,weekly_2_strike1,22,1856
CVX,2024-03-28,2024-04-25,backfill,O:CVX240419C00160000,160.0,2024-04-19,2024-04-16,0.66,0.73,0.23,0.36,2355,173,0.66,,monthly_30d_30d_otm,weekly_2_strike1,22,1856
CVX,2024-03-28,2024-04-25,backfill,O:CVX240419C00160000,160.0,2024-04-19,2024-04-17,0.27,0.48,0.15,0.23,3530,203,0.27,,monthly_30d_30d_otm,weekly_2_strike1,22,1856
CVX,2024-03-28,2024-04-25,backfill,O:CVX240419C00160000,160.0,2024-04-19,2024-04-18,0.24,0.36,0.1,0.1,5251,166,0.24,,monthly_30d_30d_otm,weekly_2_strike1,22,1856
CVX,2024-03-28,2024-04-25,backfill,O:CVX240419C00160000,160.0,2024-04-19,2024-04-19,0.13,0.9,0.04,0.06,8830,325,0.13,,monthly_30d_30d_otm,weekly_2_strike1,22,1856
CVX,2024-11-15,2024-12-13,backfill,O:CVX241220C00165000,165.0,2024-12-20,2024-11-15,1.9,2.09,1.65,1.82,875,107,1.9,,monthly_30d_35d_otm,weekly_1_strike1,35,875
CVX,2024-11-15,2024-12-13,backfill,O:CVX241220C00165000,165.0,2024-12-20,2024-11-18,2.06,2.06,1.57,1.69,285,69,2.06,,monthly_30d_35d_otm,weekly_1_strike1,35,875
CVX,2024-11-15,2024-12-13,backfill,O:CVX241220C00165000,165.0,2024-12-20,2024-11-19,1.3,1.66,1.27,1.43,262,43,1.3,,monthly_30d_35d_otm,weekly_1_strike1,35,875
CVX,2024-11-15,2024-12-13,backfill,O:CVX241220C00165000,165.0,2024-12-20,2024-11-20,1.65,1.98,1.61,1.9,1582,48,1.65,,monthly_30d_35d_otm,weekly_1_strike1,35,875
CVX,2024-11-15,2024-12-13,backfill,O:CVX241220C00165000,165.0,2024-12-20,2024-11-21,1.83,2.46,1.83,1.98,100,38,1.83,,monthly_30d_35d_otm,weekly_1_strike1,35,875
CVX,2024-11-15,2024-12-13,backfill,O:CVX241220C00165000,165.0,2024-12-20,2024-11-22,1.87,2.15,1.79,2.02,1539,30,1.87,,monthly_30d_35d_otm,weekly_1_strike1,35,875
CVX,2024-11-15,2024-12-13,backfill,O:CVX241220C00165000,165.0,2024-12-20,2024-11-25,1.91,2.22,1.17,1.17,240,50,1.91,,monthly_30d_35d_otm,weekly_1_strike1,35,875
CVX,2024-11-15,2024-12-13,backfill,O:CVX241220C00165000,165.0,2024-12-20,2024-11-26,1.4,1.98,1.4,1.77,911,74,1.4,,monthly_30d_35d_otm,weekly_1_strike1,35,875
CVX,2024-11-15,2024-12-13,backfill,O:CVX241220C00165000,165.0,2024-12-20,2024-11-27,2.03,2.73,1.57,1.6,721,71,2.03,,monthly_30d_35d_otm,weekly_1_strike1,35,875
CVX,2024-11-15,2024-12-13,backfill,O:CVX241220C00165000,165.0,2024-12-20,2024-11-29,1.74,1.74,1.14,1.53,100,21,1.74,,monthly_30d_35d_otm,weekly_1_strike1,35,875
CVX,2024-11-15,2024-12-13,backfill,O:CVX241220C00165000,165.0,2024-12-20,2024-12-02,1.75,1.75,0.89,1.45,114,42,1.75,,monthly_30d_35d_otm,weekly_1_strike1,35,875
CVX,2024-11-15,2024-12-13,backfill,O:CVX241220C00165000,165.0,2024-12-20,2024-12-03,1.45,1.78,1.15,1.15,305,32,1.45,,monthly_30d_35d_otm,weekly_1_strike1,35,875
CVX,2024-11-15,2024-12-13,backfill,O:CVX241220C00165000,165.0,2024-12-20,2024-12-04,1.05,1.05,0.4,0.47,691,61,1.05,,monthly_30d_35d_otm,weekly_1_strike1,35,875
CVX,2024-11-15,2024-12-13,backfill,O:CVX241220C00165000,165.0,2024-12-20,2024-12-05,0.7,0.82,0.47,0.53,309,54,0.7,,monthly_30d_35d_otm,weekly_1_strike1,35,875
CVX,2024-11-15,2024-12-13,backfill,O:CVX241220C00165000,165.0,2024-12-20,2024-12-06,0.41,0.41,0.14,0.17,481,92,0.41,,monthly_30d_35d_otm,weekly_1_strike1,35,875
CVX,2024-11-15,2024-12-13,backfill,O:CVX241220C00165000,165.0,2024-12-20,2024-12-09,0.37,0.6,0.18,0.27,459,80,0.37,,monthly_30d_35d_otm,weekly_1_strike1,35,875
CVX,2024-11-15,2024-12-13,backfill,O:CVX241220C00165000,165.0,2024-12-20,2024-12-10,0.3,0.47,0.21,0.21,300,58,0.3,,monthly_30d_35d_otm,weekly_1_strike1,35,875
CVX,2024-11-15,2024-12-13,backfill,O:CVX241220C00165000,165.0,2024-12-20,2024-12-11,0.21,0.24,0.15,0.15,105,25,0.21,,monthly_30d_35d_otm,weekly_1_strike1,35,875
CVX,2024-11-15,2024-12-13,backfill,O:CVX241220C00165000,165.0,2024-12-20,2024-12-12,0.15,0.15,0.06,0.09,242,28,0.15,,monthly_30d_35d_otm,weekly_1_strike1,35,875
CVX,2024-11-15,2024-12-13,backfill,O:CVX241220C00165000,165.0,2024-12-20,2024-12-13,0.08,0.09,0.04,0.05,354,40,0.08,,monthly_30d_35d_otm,weekly_1_strike1,35,875
CVX,2025-07-31,2025-08-27,backfill,O:CVX250919C00155000,155.0,2025-09-19,2025-07-31,3.65,3.95,3.0,3.1,298,41,3.65,,monthly_45d_40d_otm,weekly_2_strike1,50,298
CVX,2025-07-31,2025-08-27,backfill,O:CVX250919C00155000,155.0,2025-09-19,2025-08-01,3.79,4.15,2.63,2.87,170,47,3.79,,monthly_45d_40d_otm,weekly_2_strike1,50,298
CVX,2025-07-31,2025-08-27,backfill,O:CVX250919C00155000,155.0,2025-09-19,2025-08-04,2.66,2.81,2.1,2.45,378,51,2.66,,monthly_45d_40d_otm,weekly_2_strike1,50,298
CVX,2025-07-31,2025-08-27,backfill,O:CVX250919C00155000,155.0,2025-09-19,2025-08-05,2.4,3.3,2.09,3.3,343,62,2.4,,monthly_45d_40d_otm,weekly_2_strike1,50,298
CVX,2025-07-31,2025-08-27,backfill,O:CVX250919C00155000,155.0,2025-09-19,2025-08-06,3.95,4.05,2.93,3.17,160,30,3.95,,monthly_45d_40d_otm,weekly_2_strike1,50,298
CVX,2025-07-31,2025-08-27,backfill,O:CVX250919C00155000,155.0,2025-09-19,2025-08-07,4.0,4.1,3.05,3.05,164,39,4.0,,monthly_45d_40d_otm,weekly_2_strike1,50,298
CVX,2025-07-31,2025-08-27,backfill,O:CVX250919C00155000,155.0,2025-09-19,2025-08-08,3.25,4.15,3.25,3.6,694,68,3.25,,monthly_45d_40d_otm,weekly_2_strike1,50,298
CVX,2025-07-31,2025-08-27,backfill,O:CVX250919C00155000,155.0,2025-09-19,2025-08-11,4.01,4.17,2.83,3.1,1619,55,4.01,,monthly_45d_40d_otm,weekly_2_strike1,50,298
CVX,2025-07-31,2025-08-27,backfill,O:CVX250919C00155000,155.0,2025-09-19,2025-08-12,2.99,4.03,2.9,3.2,452,57,2.99,,monthly_45d_40d_otm,weekly_2_strike1,50,298
CVX,2025-07-31,2025-08-27,backfill,O:CVX250919C00155000,155.0,2025-09-19,2025-08-13,3.6,3.94,3.18,3.86,185,52,3.6,,monthly_45d_40d_otm,weekly_2_strike1,50,298
CVX,2025-07-31,2025-08-27,backfill,O:CVX250919C00155000,155.0,2025-09-19,2025-08-14,3.7,3.7,3.0,3.55,425,45,3.7,,monthly_45d_40d_otm,weekly_2_strike1,50,298
CVX,2025-07-31,2025-08-27,backfill,O:CVX250919C00155000,155.0,2025-09-19,2025-08-15,3.8,5.33,3.3,4.17,1330,111,3.8,,monthly_45d_40d_otm,weekly_2_strike1,50,298
CVX,2025-07-31,2025-08-27,backfill,O:CVX250919C00155000,155.0,2025-09-19,2025-08-18,3.75,4.25,3.1,3.4,1449,68,3.75,,monthly_45d_40d_otm,weekly_2_strike1,50,298
CVX,2025-07-31,2025-08-27,backfill,O:CVX250919C00155000,155.0,2025-09-19,2025-08-19,3.15,3.4,2.4,2.51,1511,89,3.15,,monthly_45d_40d_otm,weekly_2_strike1,50,298
CVX,2025-07-31,2025-08-27,backfill,O:CVX250919C00155000,155.0,2025-09-19,2025-08-20,2.5,3.05,2.36,2.81,263,66,2.5,,monthly_45d_40d_otm,weekly_2_strike1,50,298
CVX,2025-07-31,2025-08-27,backfill,O:CVX250919C00155000,155.0,2025-09-19,2025-08-21,2.92,4.2,2.92,3.8,507,95,2.92,,monthly_45d_40d_otm,weekly_2_strike1,50,298
CVX,2025-07-31,2025-08-27,backfill,O:CVX250919C00155000,155.0,2025-09-19,2025-08-22,4.45,5.93,4.4,5.53,1170,111,4.45,,monthly_45d_40d_otm,weekly_2_strike1,50,298
CVX,2025-07-31,2025-08-27,backfill,O:CVX250919C00155000,155.0,2025-09-19,2025-08-25,5.23,5.45,4.83,5.35,182,25,5.23,,monthly_45d_40d_otm,weekly_2_strike1,50,298
CVX,2025-07-31,2025-08-27,backfill,O:CVX250919C00155000,155.0,2025-09-19,2025-08-26,4.82,5.05,4.4,5.0,107,30,4.82,,monthly_45d_40d_otm,weekly_2_strike1,50,298
CVX,2025-07-31,2025-08-27,backfill,O:CVX250919C00155000,155.0,2025-09-19,2025-08-27,4.85,6.63,4.85,6.3,235,35,4.85,,monthly_45d_40d_otm,weekly_2_strike1,50,298
CVX,2026-02-03,2026-03-03,backfill,O:CVX260320C00185000,185.0,2026-03-20,2026-02-03,1.8,3.25,1.74,3.1,2548,109,1.8,,monthly_30d_25d_otm,weekly_2_strike2,45,2548
CVX,2026-02-03,2026-03-03,backfill,O:CVX260320C00185000,185.0,2026-03-20,2026-02-04,3.53,4.9,3.42,3.9,599,125,3.53,,monthly_30d_25d_otm,weekly_2_strike2,45,2548
CVX,2026-02-03,2026-03-03,backfill,O:CVX260320C00185000,185.0,2026-03-20,2026-02-05,3.22,3.8,3.03,3.46,678,62,3.22,,monthly_30d_25d_otm,weekly_2_strike2,45,2548
CVX,2026-02-03,2026-03-03,backfill,O:CVX260320C00185000,185.0,2026-03-20,2026-02-06,3.63,4.15,3.28,3.75,749,62,3.63,,monthly_30d_25d_otm,weekly_2_strike2,45,2548
CVX,2026-02-03,2026-03-03,backfill,O:CVX260320C00185000,185.0,2026-03-20,2026-02-09,3.72,4.05,3.3,4.0,529,105,3.72,,monthly_30d_25d_otm,weekly_2_strike2,45,2548
CVX,2026-02-03,2026-03-03,backfill,O:CVX260320C00185000,185.0,2026-03-20,2026-02-10,3.95,4.05,3.45,3.8,236,54,3.95,,monthly_30d_25d_otm,weekly_2_strike2,45,2548
CVX,2026-02-03,2026-03-03,backfill,O:CVX260320C00185000,185.0,2026-03-20,2026-02-11,4.5,5.76,4.3,5.45,1199,105,4.5,,monthly_30d_25d_otm,weekly_2_strike2,45,2548
CVX,2026-02-03,2026-03-03,backfill,O:CVX260320C00185000,185.0,2026-03-20,2026-02-12,5.25,5.25,4.0,4.15,1548,91,5.25,,monthly_30d_25d_otm,weekly_2_strike2,45,2548
CVX,2026-02-03,2026-03-03,backfill,O:CVX260320C00185000,185.0,2026-03-20,2026-02-13,4.44,4.8,3.85,4.35,1389,86,4.44,,monthly_30d_25d_otm,weekly_2_strike2,45,2548
CVX,2026-02-03,2026-03-03,backfill,O:CVX260320C00185000,185.0,2026-03-20,2026-02-17,5.0,5.0,3.05,3.6,607,82,5.0,,monthly_30d_25d_otm,weekly_2_strike2,45,2548
CVX,2026-02-03,2026-03-03,backfill,O:CVX260320C00185000,185.0,2026-03-20,2026-02-18,4.4,5.2,4.26,5.1,1199,94,4.4,,monthly_30d_25d_otm,weekly_2_strike2,45,2548
CVX,2026-02-03,2026-03-03,backfill,O:CVX260320C00185000,185.0,2026-03-20,2026-02-19,6.25,7.7,6.0,6.14,1030,118,6.25,,monthly_30d_25d_otm,weekly_2_strike2,45,2548
CVX,2026-02-03,2026-03-03,backfill,O:CVX260320C00185000,185.0,2026-03-20,2026-02-20,5.75,5.9,4.5,5.0,1273,89,5.75,,monthly_30d_25d_otm,weekly_2_strike2,45,2548
CVX,2026-02-03,2026-03-03,backfill,O:CVX260320C00185000,185.0,2026-03-20,2026-02-23,5.3,6.5,5.2,5.65,371,70,5.3,,monthly_30d_25d_otm,weekly_2_strike2,45,2548
CVX,2026-02-03,2026-03-03,backfill,O:CVX260320C00185000,185.0,2026-03-20,2026-02-24,5.56,5.9,4.97,5.65,252,39,5.56,,monthly_30d_25d_otm,weekly_2_strike2,45,2548
CVX,2026-02-03,2026-03-03,backfill,O:CVX260320C00185000,185.0,2026-03-20,2026-02-25,5.25,5.41,4.03,4.87,467,52,5.25,,monthly_30d_25d_otm,weekly_2_strike2,45,2548
CVX,2026-02-03,2026-03-03,backfill,O:CVX260320C00185000,185.0,2026-03-20,2026-02-26,3.95,5.88,3.95,4.9,357,45,3.95,,monthly_30d_25d_otm,weekly_2_strike2,45,2548
CVX,2026-02-03,2026-03-03,backfill,O:CVX260320C00185000,185.0,2026-03-20,2026-02-27,5.68,6.81,4.8,6.24,517,82,5.68,,monthly_30d_25d_otm,weekly_2_strike2,45,2548
CVX,2026-02-03,2026-03-03,backfill,O:CVX260320C00185000,185.0,2026-03-20,2026-03-02,9.15,9.15,6.75,8.2,1461,103,9.15,,monthly_30d_25d_otm,weekly_2_strike2,45,2548
CVX,2026-02-03,2026-03-03,backfill,O:CVX260320C00185000,185.0,2026-03-20,2026-03-03,8.77,9.55,6.69,7.5,284,56,8.77,,monthly_30d_25d_otm,weekly_2_strike2,45,2548
DAL,2024-10-17,2024-11-13,backfill,O:DAL241115C00060000,60.0,2024-11-15,2024-10-17,0.81,0.84,0.63,0.66,607,51,0.81,,monthly_30d_25d_otm,weekly_2_strike0,29,607
DAL,2024-10-17,2024-11-13,backfill,O:DAL241115C00060000,60.0,2024-11-15,2024-10-18,0.66,0.87,0.63,0.78,481,32,0.66,,monthly_30d_25d_otm,weekly_2_strike0,29,607
DAL,2024-10-17,2024-11-13,backfill,O:DAL241115C00060000,60.0,2024-11-15,2024-10-21,0.5,0.58,0.5,0.54,54,16,0.5,,monthly_30d_25d_otm,weekly_2_strike0,29,607
DAL,2024-10-17,2024-11-13,backfill,O:DAL241115C00060000,60.0,2024-11-15,2024-10-22,0.4,0.5,0.38,0.49,145,16,0.4,,monthly_30d_25d_otm,weekly_2_strike0,29,607
DAL,2024-10-17,2024-11-13,backfill,O:DAL241115C00060000,60.0,2024-11-15,2024-10-23,0.48,0.48,0.37,0.37,137,12,0.48,,monthly_30d_25d_otm,weekly_2_strike0,29,607
DAL,2024-10-17,2024-11-13,backfill,O:DAL241115C00060000,60.0,2024-11-15,2024-10-24,0.5,0.5,0.32,0.39,56,17,0.5,,monthly_30d_25d_otm,weekly_2_strike0,29,607
DAL,2024-10-17,2024-11-13,backfill,O:DAL241115C00060000,60.0,2024-11-15,2024-10-25,0.33,0.36,0.25,0.25,87,14,0.33,,monthly_30d_25d_otm,weekly_2_strike0,29,607
DAL,2024-10-17,2024-11-13,backfill,O:DAL241115C00060000,60.0,2024-11-15,2024-10-28,0.5,0.64,0.45,0.5,212,28,0.5,,monthly_30d_25d_otm,weekly_2_strike0,29,607
DAL,2024-10-17,2024-11-13,backfill,O:DAL241115C00060000,60.0,2024-11-15,2024-10-29,0.38,0.85,0.38,0.85,68,18,0.38,,monthly_30d_25d_otm,weekly_2_strike0,29,607
DAL,2024-10-17,2024-11-13,backfill,O:DAL241115C00060000,60.0,2024-11-15,2024-10-30,0.86,1.57,0.77,1.29,2185,67,0.86,,monthly_30d_25d_otm,weekly_2_strike0,29,607
DAL,2024-10-17,2024-11-13,backfill,O:DAL241115C00060000,60.0,2024-11-15,2024-10-31,1.21,1.51,0.84,0.84,378,22,1.21,,monthly_30d_25d_otm,weekly_2_strike0,29,607
DAL,2024-10-17,2024-11-13,backfill,O:DAL241115C00060000,60.0,2024-11-15,2024-11-01,0.9,1.52,0.9,1.2,150,38,0.9,,monthly_30d_25d_otm,weekly_2_strike0,29,607
DAL,2024-10-17,2024-11-13,backfill,O:DAL241115C00060000,60.0,2024-11-15,2024-11-04,0.9,1.13,0.66,0.66,368,22,0.9,,monthly_30d_25d_otm,weekly_2_strike0,29,607
DAL,2024-10-17,2024-11-13,backfill,O:DAL241115C00060000,60.0,2024-11-15,2024-11-05,0.71,1.1,0.71,1.01,295,35,0.71,,monthly_30d_25d_otm,weekly_2_strike0,29,607
DAL,2024-10-17,2024-11-13,backfill,O:DAL241115C00060000,60.0,2024-11-15,2024-11-06,2.36,3.25,1.67,3.19,616,43,2.36,,monthly_30d_25d_otm,weekly_2_strike0,29,607
DAL,2024-10-17,2024-11-13,backfill,O:DAL241115C00060000,60.0,2024-11-15,2024-11-07,2.69,3.0,1.71,1.71,96,26,2.69,,monthly_30d_25d_otm,weekly_2_strike0,29,607
DAL,2024-10-17,2024-11-13,backfill,O:DAL241115C00060000,60.0,2024-11-15,2024-11-08,1.61,2.11,1.6,1.8,746,28,1.61,,monthly_30d_25d_otm,weekly_2_strike0,29,607
DAL,2024-10-17,2024-11-13,backfill,O:DAL241115C00060000,60.0,2024-11-15,2024-11-11,2.3,4.0,2.27,3.76,201,33,2.3,,monthly_30d_25d_otm,weekly_2_strike0,29,607
DAL,2024-10-17,2024-11-13,backfill,O:DAL241115C00060000,60.0,2024-11-15,2024-11-12,3.75,4.15,3.2,4.15,667,15,3.75,,monthly_30d_25d_otm,weekly_2_strike0,29,607
DAL,2024-10-17,2024-11-13,backfill,O:DAL241115C00060000,60.0,2024-11-15,2024-11-13,4.25,5.45,4.2,4.63,56,15,4.25,,monthly_30d_25d_otm,weekly_2_strike0,29,607
DAL,2026-01-12,2026-01-27,backfill,O:DAL260220C00075000,75.0,2026-02-20,2026-01-12,2.14,2.22,1.87,2.17,191,46,2.14,,monthly_30d_25d_otm,weekly_2_strike0,39,191
DAL,2026-01-12,2026-01-27,backfill,O:DAL260220C00075000,75.0,2026-02-20,2026-01-13,1.16,1.67,0.01,1.18,478,89,1.16,,monthly_30d_25d_otm,weekly_2_strike0,39,191
DAL,2026-01-12,2026-01-27,backfill,O:DAL260220C00075000,75.0,2026-02-20,2026-01-14,1.33,1.58,0.82,1.05,232,41,1.33,,monthly_30d_25d_otm,weekly_2_strike0,39,191
DAL,2026-01-12,2026-01-27,backfill,O:DAL260220C00075000,75.0,2026-02-20,2026-01-15,1.19,1.65,1.18,1.65,269,52,1.19,,monthly_30d_25d_otm,weekly_2_strike0,39,191
DAL,2026-01-12,2026-01-27,backfill,O:DAL260220C00075000,75.0,2026-02-20,2026-01-16,1.65,1.65,1.24,1.43,19772,72,1.65,,monthly_30d_25d_otm,weekly_2_strike0,39,191
DAL,2026-01-12,2026-01-27,backfill,O:DAL260220C00075000,75.0,2026-02-20,2026-01-20,1.38,1.38,0.63,0.72,4174,276,1.38,,monthly_30d_25d_otm,weekly_2_strike0,39,191
DAL,2026-01-12,2026-01-27,backfill,O:DAL260220C00075000,75.0,2026-02-20,2026-01-21,0.79,1.09,0.73,0.85,1602,175,0.79,,monthly_30d_25d_otm,weekly_2_strike0,39,191
DAL,2026-01-12,2026-01-27,backfill,O:DAL260220C00075000,75.0,2026-02-20,2026-01-22,1.0,1.48,0.66,0.78,2486,186,1.0,,monthly_30d_25d_otm,weekly_2_strike0,39,191
DAL,2026-01-12,2026-01-27,backfill,O:DAL260220C00075000,75.0,2026-02-20,2026-01-23,0.63,0.73,0.51,0.56,926,93,0.63,,monthly_30d_25d_otm,weekly_2_strike0,39,191
DAL,2026-01-12,2026-01-27,backfill,O:DAL260220C00075000,75.0,2026-02-20,2026-01-26,0.57,0.57,0.41,0.44,469,79,0.57,,monthly_30d_25d_otm,weekly_2_strike0,39,191
DAL,2026-01-12,2026-01-27,backfill,O:DAL260220C00075000,75.0,2026-02-20,2026-01-27,0.48,0.52,0.26,0.28,983,85,0.48,,monthly_30d_25d_otm,weekly_2_strike0,39,191
DASH,2021-09-17,2021-10-14,backfill,O:DASH211015C00230000,230.0,2021-10-15,2021-09-17,8.63,10.15,7.05,8.2,568,68,8.63,,monthly_30d_35d_otm,weekly_1_strike0,28,568
DASH,2021-09-17,2021-10-14,backfill,O:DASH211015C00230000,230.0,2021-10-15,2021-09-20,6.65,10.1,5.8,7.5,239,44,6.65,,monthly_30d_35d_otm,weekly_1_strike0,28,568
DASH,2021-09-17,2021-10-14,backfill,O:DASH211015C00230000,230.0,2021-10-15,2021-09-21,8.1,8.2,6.15,7.15,48,19,8.1,,monthly_30d_35d_otm,weekly_1_strike0,28,568
DASH,2021-09-17,2021-10-14,backfill,O:DASH211015C00230000,230.0,2021-10-15,2021-09-22,6.05,7.1,4.6,4.6,60,26,6.05,,monthly_30d_35d_otm,weekly_1_strike0,28,568
DASH,2021-09-17,2021-10-14,backfill,O:DASH211015C00230000,230.0,2021-10-15,2021-09-23,5.5,5.5,3.8,4.63,87,20,5.5,,monthly_30d_35d_otm,weekly_1_strike0,28,568
DASH,2021-09-17,2021-10-14,backfill,O:DASH211015C00230000,230.0,2021-10-15,2021-09-24,6.2,7.6,4.85,5.5,194,48,6.2,,monthly_30d_35d_otm,weekly_1_strike0,28,568
DASH,2021-09-17,2021-10-14,backfill,O:DASH211015C00230000,230.0,2021-10-15,2021-09-27,4.25,4.7,3.25,3.58,294,30,4.25,,monthly_30d_35d_otm,weekly_1_strike0,28,568
DASH,2021-09-17,2021-10-14,backfill,O:DASH211015C00230000,230.0,2021-10-15,2021-09-28,2.5,2.56,1.62,1.75,261,37,2.5,,monthly_30d_35d_otm,weekly_1_strike0,28,568
DASH,2021-09-17,2021-10-14,backfill,O:DASH211015C00230000,230.0,2021-10-15,2021-09-29,1.91,2.1,1.31,1.31,144,12,1.91,,monthly_30d_35d_otm,weekly_1_strike0,28,568
DASH,2021-09-17,2021-10-14,backfill,O:DASH211015C00230000,230.0,2021-10-15,2021-09-30,1.29,1.5,1.06,1.5,50,13,1.29,,monthly_30d_35d_otm,weekly_1_strike0,28,568
DASH,2021-09-17,2021-10-14,backfill,O:DASH211015C00230000,230.0,2021-10-15,2021-10-01,1.33,1.4,0.78,0.78,24,7,1.33,,monthly_30d_35d_otm,weekly_1_strike0,28,568
DASH,2021-09-17,2021-10-14,backfill,O:DASH211015C00230000,230.0,2021-10-15,2021-10-04,0.68,0.68,0.37,0.4,94,17,0.68,,monthly_30d_35d_otm,weekly_1_strike0,28,568
DASH,2021-09-17,2021-10-14,backfill,O:DASH211015C00230000,230.0,2021-10-15,2021-10-05,0.38,0.4,0.25,0.25,20,8,0.38,,monthly_30d_35d_otm,weekly_1_strike0,28,568
DASH,2021-09-17,2021-10-14,backfill,O:DASH211015C00230000,230.0,2021-10-15,2021-10-06,0.25,0.39,0.25,0.39,13,5,0.25,,monthly_30d_35d_otm,weekly_1_strike0,28,568
DASH,2021-09-17,2021-10-14,backfill,O:DASH211015C00230000,230.0,2021-10-15,2021-10-07,0.71,0.75,0.37,0.37,339,16,0.71,,monthly_30d_35d_otm,weekly_1_strike0,28,568
DASH,2021-09-17,2021-10-14,backfill,O:DASH211015C00230000,230.0,2021-10-15,2021-10-08,0.28,0.3,0.21,0.26,40,18,0.28,,monthly_30d_35d_otm,weekly_1_strike0,28,568
DASH,2021-09-17,2021-10-14,backfill,O:DASH211015C00230000,230.0,2021-10-15,2021-10-11,0.16,0.16,0.1,0.1,40,11,0.16,,monthly_30d_35d_otm,weekly_1_strike0,28,568
DASH,2021-09-17,2021-10-14,backfill,O:DASH211015C00230000,230.0,2021-10-15,2021-10-12,0.08,0.1,0.05,0.07,41,6,0.08,,monthly_30d_35d_otm,weekly_1_strike0,28,568
DASH,2021-09-17,2021-10-14,backfill,O:DASH211015C00230000,230.0,2021-10-15,2021-10-13,0.04,0.05,0.01,0.05,507,6,0.04,,monthly_30d_35d_otm,weekly_1_strike0,28,568
DASH,2021-09-17,2021-10-14,backfill,O:DASH211015C00230000,230.0,2021-10-15,2021-10-14,0.02,0.04,0.02,0.04,18,8,0.02,,monthly_30d_35d_otm,weekly_1_strike0,28,568
DASH,2023-05-09,2023-06-06,backfill,O:DASH230616C00070000,70.0,2023-06-16,2023-05-09,3.05,3.95,2.9,3.14,102,23,3.05,,monthly_30d_35d_otm,weekly_2_strike0,38,102
DASH,2023-05-09,2023-06-06,backfill,O:DASH230616C00070000,70.0,2023-06-16,2023-05-10,3.0,4.0,2.75,3.7,308,32,3.0,,monthly_30d_35d_otm,weekly_2_strike0,38,102
DASH,2023-05-09,2023-06-06,backfill,O:DASH230616C00070000,70.0,2023-06-16,2023-05-11,3.65,3.78,2.98,2.99,104,16,3.65,,monthly_30d_35d_otm,weekly_2_strike0,38,102
DASH,2023-05-09,2023-06-06,backfill,O:DASH230616C00070000,70.0,2023-06-16,2023-05-12,3.0,3.0,2.05,2.15,197,20,3.0,,monthly_30d_35d_otm,weekly_2_strike0,38,102
DASH,2023-05-09,2023-06-06,backfill,O:DASH230616C00070000,70.0,2023-06-16,2023-05-15,2.23,2.43,1.99,2.06,448,29,2.23,,monthly_30d_35d_otm,weekly_2_strike0,38,102
DASH,2023-05-09,2023-06-06,backfill,O:DASH230616C00070000,70.0,2023-06-16,2023-05-16,1.64,1.72,1.3,1.49,174,46,1.64,,monthly_30d_35d_otm,weekly_2_strike0,38,102
DASH,2023-05-09,2023-06-06,backfill,O:DASH230616C00070000,70.0,2023-06-16,2023-05-17,1.4,1.7,1.25,1.44,147,34,1.4,,monthly_30d_35d_otm,weekly_2_strike0,38,102
DASH,2023-05-09,2023-06-06,backfill,O:DASH230616C00070000,70.0,2023-06-16,2023-05-18,1.4,2.31,1.39,2.18,89,30,1.4,,monthly_30d_35d_otm,weekly_2_strike0,38,102
DASH,2023-05-09,2023-06-06,backfill,O:DASH230616C00070000,70.0,2023-06-16,2023-05-19,1.86,2.0,1.66,1.89,405,24,1.86,,monthly_30d_35d_otm,weekly_2_strike0,38,102
DASH,2023-05-09,2023-06-06,backfill,O:DASH230616C00070000,70.0,2023-06-16,2023-05-22,1.8,2.3,1.03,1.47,290,56,1.8,,monthly_30d_35d_otm,weekly_2_strike0,38,102
DASH,2023-05-09,2023-06-06,backfill,O:DASH230616C00070000,70.0,2023-06-16,2023-05-23,1.57,2.13,1.57,1.66,204,29,1.57,,monthly_30d_35d_otm,weekly_2_strike0,38,102
DASH,2023-05-09,2023-06-06,backfill,O:DASH230616C00070000,70.0,2023-06-16,2023-05-24,2.1,2.1,1.66,1.74,58,26,2.1,,monthly_30d_35d_otm,weekly_2_strike0,38,102
DASH,2023-05-09,2023-06-06,backfill,O:DASH230616C00070000,70.0,2023-06-16,2023-05-25,1.92,2.1,1.66,1.88,53,19,1.92,,monthly_30d_35d_otm,weekly_2_strike0,38,102
DASH,2023-05-09,2023-06-06,backfill,O:DASH230616C00070000,70.0,2023-06-16,2023-05-26,1.93,2.45,1.93,2.01,648,51,1.93,,monthly_30d_35d_otm,weekly_2_strike0,38,102
DASH,2023-05-09,2023-06-06,backfill,O:DASH230616C00070000,70.0,2023-06-16,2023-05-30,2.2,2.3,1.07,1.22,490,36,2.2,,monthly_30d_35d_otm,weekly_2_strike0,38,102
DASH,2023-05-09,2023-06-06,backfill,O:DASH230616C00070000,70.0,2023-06-16,2023-05-31,0.91,0.99,0.6,0.99,240,16,0.91,,monthly_30d_35d_otm,weekly_2_strike0,38,102
DASH,2023-05-09,2023-06-06,backfill,O:DASH230616C00070000,70.0,2023-06-16,2023-06-01,1.23,2.31,1.14,1.96,102,31,1.23,,monthly_30d_35d_otm,weekly_2_strike0,38,102
DASH,2023-05-09,2023-06-06,backfill,O:DASH230616C00070000,70.0,2023-06-16,2023-06-02,2.53,2.55,1.62,1.66,54,23,2.53,,monthly_30d_35d_otm,weekly_2_strike0,38,102
DASH,2023-05-09,2023-06-06,backfill,O:DASH230616C00070000,70.0,2023-06-16,2023-06-05,1.26,2.22,1.26,2.03,64,31,1.26,,monthly_30d_35d_otm,weekly_2_strike0,38,102
DASH,2023-05-09,2023-06-06,backfill,O:DASH230616C00070000,70.0,2023-06-16,2023-06-06,1.66,3.1,1.39,2.75,298,86,1.66,,monthly_30d_35d_otm,weekly_2_strike0,38,102
DASH,2023-07-05,2023-08-01,backfill,O:DASH230818C00080000,80.0,2023-08-18,2023-07-05,4.6,4.9,4.3,4.86,33,10,4.6,,monthly_30d_40d_otm,weekly_2_strike0,44,33
DASH,2023-07-05,2023-08-01,backfill,O:DASH230818C00080000,80.0,2023-08-18,2023-07-06,4.39,4.39,3.2,3.9,43,11,4.39,,monthly_30d_40d_otm,weekly_2_strike0,44,33
DASH,2023-07-05,2023-08-01,backfill,O:DASH230818C00080000,80.0,2023-08-18,2023-07-07,4.05,4.55,4.0,4.07,27,17,4.05,,monthly_30d_40d_otm,weekly_2_strike0,44,33
DASH,2023-07-05,2023-08-01,backfill,O:DASH230818C00080000,80.0,2023-08-18,2023-07-10,4.14,4.14,3.8,3.95,28,6,4.14,,monthly_30d_40d_otm,weekly_2_strike0,44,33
DASH,2023-07-05,2023-08-01,backfill,O:DASH230818C00080000,80.0,2023-08-18,2023-07-11,4.3,5.1,4.3,5.07,23,15,4.3,,monthly_30d_40d_otm,weekly_2_strike0,44,33
DASH,2023-07-05,2023-08-01,backfill,O:DASH230818C00080000,80.0,2023-08-18,2023-07-12,5.31,5.75,5.04,5.55,29,9,5.31,,monthly_30d_40d_otm,weekly_2_strike0,44,33
DASH,2023-07-05,2023-08-01,backfill,O:DASH230818C00080000,80.0,2023-08-18,2023-07-13,6.25,7.42,6.2,7.25,24,10,6.25,,monthly_30d_40d_otm,weekly_2_strike0,44,33
DASH,2023-07-05,2023-08-01,backfill,O:DASH230818C00080000,80.0,2023-08-18,2023-07-14,7.0,7.2,6.7,7.2,6,5,7.0,,monthly_30d_40d_otm,weekly_2_strike0,44,33
DASH,2023-07-05,2023-08-01,backfill,O:DASH230818C00080000,80.0,2023-08-18,2023-07-17,7.5,8.4,7.5,8.1,123,10,7.5,,monthly_30d_40d_otm,weekly_2_strike0,44,33
DASH,2023-07-05,2023-08-01,backfill,O:DASH230818C00080000,80.0,2023-08-18,2023-07-18,8.13,8.5,8.12,8.2,9,5,8.13,,monthly_30d_40d_otm,weekly_2_strike0,44,33
DASH,2023-07-05,2023-08-01,backfill,O:DASH230818C00080000,80.0,2023-08-18,2023-07-19,7.36,7.36,7.36,7.36,1,1,7.36,,monthly_30d_40d_otm,weekly_2_strike0,44,33
DASH,2023-07-05,2023-08-01,backfill,O:DASH230818C00080000,80.0,2023-08-18,2023-07-20,7.4,7.45,7.05,7.05,19,4,7.4,,monthly_30d_40d_otm,weekly_2_strike0,44,33
DASH,2023-07-05,2023-08-01,backfill,O:DASH230818C00080000,80.0,2023-08-18,2023-07-21,7.61,7.61,7.4,7.55,31,4,7.61,,monthly_30d_40d_otm,weekly_2_strike0,44,33
DASH,2023-07-05,2023-08-01,backfill,O:DASH230818C00080000,80.0,2023-08-18,2023-07-25,8.5,8.5,7.75,8.2,3,3,8.5,,monthly_30d_40d_otm,weekly_2_strike0,44,33
DASH,2023-07-05,2023-08-01,backfill,O:DASH230818C00080000,80.0,2023-08-18,2023-07-26,7.76,7.97,7.76,7.97,4,2,7.76,,monthly_30d_40d_otm,weekly_2_strike0,44,33
DASH,2023-07-05,2023-08-01,backfill,O:DASH230818C00080000,80.0,2023-08-18,2023-07-27,9.4,9.4,9.37,9.37,4,2,9.4,,monthly_30d_40d_otm,weekly_2_strike0,44,33
DASH,2023-07-05,2023-08-01,backfill,O:DASH230818C00080000,80.0,2023-08-18,2023-07-28,11.4,12.18,11.4,11.5,5,5,11.4,,monthly_30d_40d_otm,weekly_2_strike0,44,33
DASH,2023-07-05,2023-08-01,backfill,O:DASH230818C00080000,80.0,2023-08-18,2023-07-31,11.61,12.75,11.61,12.75,3,3,11.61,,monthly_30d_40d_otm,weekly_2_strike0,44,33
DASH,2023-07-05,2023-08-01,backfill,O:DASH230818C00080000,80.0,2023-08-18,2023-08-01,11.2,11.2,8.55,8.67,35,5,11.2,,monthly_30d_40d_otm,weekly_2_strike0,44,33
DASH,2023-08-07,2023-09-01,backfill,O:DASH230915C00085000,85.0,2023-09-15,2023-08-07,3.11,4.0,2.56,4.0,190,20,3.11,,monthly_30d_40d_otm,weekly_2_strike0,39,190
DASH,2023-08-07,2023-09-01,backfill,O:DASH230915C00085000,85.0,2023-09-15,2023-08-08,3.3,4.1,3.3,4.1,96,24,3.3,,monthly_30d_40d_otm,weekly_2_strike0,39,190
DASH,2023-08-07,2023-09-01,backfill,O:DASH230915C00085000,85.0,2023-09-15,2023-08-09,3.1,3.2,2.61,3.01,121,33,3.1,,monthly_30d_40d_otm,weekly_2_strike0,39,190
DASH,2023-08-07,2023-09-01,backfill,O:DASH230915C00085000,85.0,2023-09-15,2023-08-10,2.9,2.99,2.54,2.75,106,29,2.9,,monthly_30d_40d_otm,weekly_2_strike0,39,190
DASH,2023-08-07,2023-09-01,backfill,O:DASH230915C00085000,85.0,2023-09-15,2023-08-11,1.75,1.94,1.57,1.57,199,36,1.75,,monthly_30d_40d_otm,weekly_2_strike0,39,190
DASH,2023-08-07,2023-09-01,backfill,O:DASH230915C00085000,85.0,2023-09-15,2023-08-14,1.38,1.66,1.37,1.51,1320,39,1.38,,monthly_30d_40d_otm,weekly_2_strike0,39,190
DASH,2023-08-07,2023-09-01,backfill,O:DASH230915C00085000,85.0,2023-09-15,2023-08-15,1.33,1.45,1.14,1.24,182,18,1.33,,monthly_30d_40d_otm,weekly_2_strike0,39,190
DASH,2023-08-07,2023-09-01,backfill,O:DASH230915C00085000,85.0,2023-09-15,2023-08-16,1.41,1.53,1.36,1.53,695,11,1.41,,monthly_30d_40d_otm,weekly_2_strike0,39,190
DASH,2023-08-07,2023-09-01,backfill,O:DASH230915C00085000,85.0,2023-09-15,2023-08-17,1.34,1.34,1.04,1.04,391,28,1.34,,monthly_30d_40d_otm,weekly_2_strike0,39,190
DASH,2023-08-07,2023-09-01,backfill,O:DASH230915C00085000,85.0,2023-09-15,2023-08-18,0.96,1.02,0.82,0.89,271,33,0.96,,monthly_30d_40d_otm,weekly_2_strike0,39,190
DASH,2023-08-07,2023-09-01,backfill,O:DASH230915C00085000,85.0,2023-09-15,2023-08-21,0.93,0.93,0.48,0.62,248,30,0.93,,monthly_30d_40d_otm,weekly_2_strike0,39,190
DASH,2023-08-07,2023-09-01,backfill,O:DASH230915C00085000,85.0,2023-09-15,2023-08-22,0.84,0.84,0.68,0.75,29,8,0.84,,monthly_30d_40d_otm,weekly_2_strike0,39,190
DASH,2023-08-07,2023-09-01,backfill,O:DASH230915C00085000,85.0,2023-09-15,2023-08-23,0.67,0.73,0.6,0.6,3,3,0.67,,monthly_30d_40d_otm,weekly_2_strike0,39,190
DASH,2023-08-07,2023-09-01,backfill,O:DASH230915C00085000,85.0,2023-09-15,2023-08-24,0.5,0.5,0.39,0.42,43,21,0.5,,monthly_30d_40d_otm,weekly_2_strike0,39,190
DASH,2023-08-07,2023-09-01,backfill,O:DASH230915C00085000,85.0,2023-09-15,2023-08-25,0.5,0.63,0.45,0.53,113,22,0.5,,monthly_30d_40d_otm,weekly_2_strike0,39,190
DASH,2023-08-07,2023-09-01,backfill,O:DASH230915C00085000,85.0,2023-09-15,2023-08-28,0.42,0.51,0.36,0.36,48,13,0.42,,monthly_30d_40d_otm,weekly_2_strike0,39,190
DASH,2023-08-07,2023-09-01,backfill,O:DASH230915C00085000,85.0,2023-09-15,2023-08-29,1.0,1.18,0.83,1.08,70,16,1.0,,monthly_30d_40d_otm,weekly_2_strike0,39,190
DASH,2023-08-07,2023-09-01,backfill,O:DASH230915C00085000,85.0,2023-09-15,2023-08-30,1.23,1.53,1.2,1.42,137,17,1.23,,monthly_30d_40d_otm,weekly_2_strike0,39,190
DASH,2023-08-07,2023-09-01,backfill,O:DASH230915C00085000,85.0,2023-09-15,2023-08-31,1.6,1.96,1.6,1.8,22,8,1.6,,monthly_30d_40d_otm,weekly_2_strike0,39,190
DASH,2023-08-07,2023-09-01,backfill,O:DASH230915C00085000,85.0,2023-09-15,2023-09-01,1.8,1.8,1.51,1.51,12,7,1.8,,monthly_30d_40d_otm,weekly_2_strike0,39,190
DASH,2023-11-14,2023-12-12,backfill,O:DASH231215C00105000,105.0,2023-12-15,2023-11-14,0.45,0.64,0.45,0.64,20,9,0.45,,monthly_30d_25d_otm,weekly_2_strike0,31,20
DASH,2023-11-14,2023-12-12,backfill,O:DASH231215C00105000,105.0,2023-12-15,2023-11-15,0.68,0.95,0.68,0.68,33,12,0.68,,monthly_30d_25d_otm,weekly_2_strike0,31,20
DASH,2023-11-14,2023-12-12,backfill,O:DASH231215C00105000,105.0,2023-12-15,2023-11-16,0.7,0.78,0.7,0.78,10,3,0.7,,monthly_30d_25d_otm,weekly_2_strike0,31,20
DASH,2023-11-14,2023-12-12,backfill,O:DASH231215C00105000,105.0,2023-12-15,2023-11-17,0.65,0.67,0.65,0.66,51,3,0.65,,monthly_30d_25d_otm,weekly_2_strike0,31,20
DASH,2023-11-14,2023-12-12,backfill,O:DASH231215C00105000,105.0,2023-12-15,2023-11-20,0.67,0.67,0.67,0.67,1,1,0.67,,monthly_30d_25d_otm,weekly_2_strike0,31,20
DASH,2023-11-14,2023-12-12,backfill,O:DASH231215C00105000,105.0,2023-12-15,2023-11-21,0.49,0.49,0.49,0.49,3,1,0.49,,monthly_30d_25d_otm,weekly_2_strike0,31,20
DASH,2023-11-14,2023-12-12,backfill,O:DASH231215C00105000,105.0,2023-12-15,2023-11-24,0.35,0.35,0.3,0.31,13,3,0.35,,monthly_30d_25d_otm,weekly_2_strike0,31,20
DASH,2023-11-14,2023-12-12,backfill,O:DASH231215C00105000,105.0,2023-12-15,2023-11-27,0.29,0.37,0.29,0.34,731,6,0.29,,monthly_30d_25d_otm,weekly_2_strike0,31,20
DASH,2023-11-14,2023-12-12,backfill,O:DASH231215C00105000,105.0,2023-12-15,2023-11-28,0.3,0.33,0.22,0.33,19,5,0.3,,monthly_30d_25d_otm,weekly_2_strike0,31,20
DASH,2023-11-14,2023-12-12,backfill,O:DASH231215C00105000,105.0,2023-12-15,2023-11-29,0.57,0.57,0.28,0.34,27,8,0.57,,monthly_30d_25d_otm,weekly_2_strike0,31,20
DASH,2023-11-14,2023-12-12,backfill,O:DASH231215C00105000,105.0,2023-12-15,2023-11-30,0.19,0.21,0.17,0.2,46,8,0.19,,monthly_30d_25d_otm,weekly_2_strike0,31,20
DASH,2023-11-14,2023-12-12,backfill,O:DASH231215C00105000,105.0,2023-12-15,2023-12-01,0.18,0.4,0.18,0.4,331,12,0.18,,monthly_30d_25d_otm,weekly_2_strike0,31,20
DASH,2023-11-14,2023-12-12,backfill,O:DASH231215C00105000,105.0,2023-12-15,2023-12-04,0.38,0.85,0.38,0.69,517,40,0.38,,monthly_30d_25d_otm,weekly_2_strike0,31,20
DASH,2023-11-14,2023-12-12,backfill,O:DASH231215C00105000,105.0,2023-12-15,2023-12-05,0.42,0.42,0.25,0.26,413,18,0.42,,monthly_30d_25d_otm,weekly_2_strike0,31,20
DASH,2023-11-14,2023-12-12,backfill,O:DASH231215C00105000,105.0,2023-12-15,2023-12-06,0.4,0.65,0.33,0.34,448,20,0.4,,monthly_30d_25d_otm,weekly_2_strike0,31,20
DASH,2023-11-14,2023-12-12,backfill,O:DASH231215C00105000,105.0,2023-12-15,2023-12-07,0.26,0.64,0.26,0.52,1207,25,0.26,,monthly_30d_25d_otm,weekly_2_strike0,31,20
DASH,2023-11-14,2023-12-12,backfill,O:DASH231215C00105000,105.0,2023-12-15,2023-12-08,0.55,0.78,0.4,0.53,4155,194,0.55,,monthly_30d_25d_otm,weekly_2_strike0,31,20
DASH,2023-11-14,2023-12-12,backfill,O:DASH231215C00105000,105.0,2023-12-15,2023-12-11,0.98,1.6,0.56,0.64,5193,208,0.98,,monthly_30d_25d_otm,weekly_2_strike0,31,20
DASH,2023-11-14,2023-12-12,backfill,O:DASH231215C00105000,105.0,2023-12-15,2023-12-12,0.29,0.6,0.25,0.31,438,64,0.29,,monthly_30d_25d_otm,weekly_2_strike0,31,20
DASH,2024-09-27,2024-10-24,backfill,O:DASH241018C00143000,143.0,2024-10-18,2024-09-27,4.95,4.95,4.19,4.3,155,14,4.95,,monthly_30d_atm,weekly_1_strike0,21,155
DASH,2024-09-27,2024-10-24,backfill,O:DASH241018C00143000,143.0,2024-10-18,2024-09-30,4.05,4.05,3.65,3.65,108,3,4.05,,monthly_30d_atm,weekly_1_strike0,21,155
DASH,2024-09-27,2024-10-24,backfill,O:DASH241018C00143000,143.0,2024-10-18,2024-10-01,4.05,4.4,3.15,3.35,395,7,4.05,,monthly_30d_atm,weekly_1_strike0,21,155
DASH,2024-09-27,2024-10-24,backfill,O:DASH241018C00143000,143.0,2024-10-18,2024-10-02,3.84,4.24,3.82,3.94,52,3,3.84,,monthly_30d_atm,weekly_1_strike0,21,155
DASH,2024-09-27,2024-10-24,backfill,O:DASH241018C00143000,143.0,2024-10-18,2024-10-03,3.55,3.55,3.55,3.55,8,1,3.55,,monthly_30d_atm,weekly_1_strike0,21,155
DASH,2024-09-27,2024-10-24,backfill,O:DASH241018C00143000,143.0,2024-10-18,2024-10-04,4.4,4.5,4.35,4.35,4,4,4.4,,monthly_30d_atm,weekly_1_strike0,21,155
DASH,2024-09-27,2024-10-24,backfill,O:DASH241018C00143000,143.0,2024-10-18,2024-10-07,3.6,3.6,2.87,2.87,196,5,3.6,,monthly_30d_atm,weekly_1_strike0,21,155
DASH,2024-09-27,2024-10-24,backfill,O:DASH241018C00143000,143.0,2024-10-18,2024-10-08,2.91,3.75,2.91,3.25,140,11,2.91,,monthly_30d_atm,weekly_1_strike0,21,155
DASH,2024-09-27,2024-10-24,backfill,O:DASH241018C00143000,143.0,2024-10-18,2024-10-09,2.99,3.1,2.63,2.63,404,14,2.99,,monthly_30d_atm,weekly_1_strike0,21,155
DASH,2024-09-27,2024-10-24,backfill,O:DASH241018C00143000,143.0,2024-10-18,2024-10-10,2.72,5.0,2.37,3.91,249,36,2.72,,monthly_30d_atm,weekly_1_strike0,21,155
DASH,2024-09-27,2024-10-24,backfill,O:DASH241018C00143000,143.0,2024-10-18,2024-10-11,4.8,7.0,4.25,6.6,93,12,4.8,,monthly_30d_atm,weekly_1_strike0,21,155
DASH,2024-09-27,2024-10-24,backfill,O:DASH241018C00143000,143.0,2024-10-18,2024-10-14,7.0,7.45,6.25,7.35,6,4,7.0,,monthly_30d_atm,weekly_1_strike0,21,155
DASH,2024-09-27,2024-10-24,backfill,O:DASH241018C00143000,143.0,2024-10-18,2024-10-15,5.96,6.15,5.96,6.15,3,2,5.96,,monthly_30d_atm,weekly_1_strike0,21,155
DASH,2024-09-27,2024-10-24,backfill,O:DASH241018C00143000,143.0,2024-10-18,2024-10-16,5.9,5.9,5.9,5.9,1,1,5.9,,monthly_30d_atm,weekly_1_strike0,21,155
DASH,2024-09-27,2024-10-24,backfill,O:DASH241018C00143000,143.0,2024-10-18,2024-10-17,7.74,7.74,7.6,7.6,2,2,7.74,,monthly_30d_atm,weekly_1_strike0,21,155
DASH,2024-09-27,2024-10-24,backfill,O:DASH241018C00143000,143.0,2024-10-18,2024-10-18,8.8,9.06,8.8,9.06,6,2,8.8,,monthly_30d_atm,weekly_1_strike0,21,155
DDOG,2021-11-08,2021-12-03,backfill,O:DDOG220121C00210000,210.0,2022-01-21,2021-11-08,6.5,9.47,6.15,9.47,481,35,6.5,,monthly_60d_30d_otm,weekly_2_strike1,74,481
DDOG,2021-11-08,2021-12-03,backfill,O:DDOG220121C00210000,210.0,2022-01-21,2021-11-09,9.7,10.3,7.96,10.3,330,17,9.7,,monthly_60d_30d_otm,weekly_2_strike1,74,481
DDOG,2021-11-08,2021-12-03,backfill,O:DDOG220121C00210000,210.0,2022-01-21,2021-11-10,8.19,9.5,6.17,6.9,324,16,8.19,,monthly_60d_30d_otm,weekly_2_strike1,74,481
DDOG,2021-11-08,2021-12-03,backfill,O:DDOG220121C00210000,210.0,2022-01-21,2021-11-11,8.82,8.95,7.4,7.4,25,9,8.82,,monthly_60d_30d_otm,weekly_2_strike1,74,481
DDOG,2021-11-08,2021-12-03,backfill,O:DDOG220121C00210000,210.0,2022-01-21,2021-11-12,7.6,8.1,7.6,8.1,61,5,7.6,,monthly_60d_30d_otm,weekly_2_strike1,74,481
DDOG,2021-11-08,2021-12-03,backfill,O:DDOG220121C00210000,210.0,2022-01-21,2021-11-15,6.85,7.23,6.2,7.23,8,7,6.85,,monthly_60d_30d_otm,weekly_2_strike1,74,481
DDOG,2021-11-08,2021-12-03,backfill,O:DDOG220121C00210000,210.0,2022-01-21,2021-11-16,6.54,8.25,6.54,8.25,95,7,6.54,,monthly_60d_30d_otm,weekly_2_strike1,74,481
DDOG,2021-11-08,2021-12-03,backfill,O:DDOG220121C00210000,210.0,2022-01-21,2021-11-17,8.86,10.55,7.5,7.6,67,11,8.86,,monthly_60d_30d_otm,weekly_2_strike1,74,481
DDOG,2021-11-08,2021-12-03,backfill,O:DDOG220121C00210000,210.0,2022-01-21,2021-11-18,7.0,9.0,6.9,6.9,25,10,7.0,,monthly_60d_30d_otm,weekly_2_strike1,74,481
DDOG,2021-11-08,2021-12-03,backfill,O:DDOG220121C00210000,210.0,2022-01-21,2021-11-19,9.0,10.0,7.9,7.9,88,27,9.0,,monthly_60d_30d_otm,weekly_2_strike1,74,481
DDOG,2021-11-08,2021-12-03,backfill,O:DDOG220121C00210000,210.0,2022-01-21,2021-11-22,7.9,7.9,4.1,4.1,25,6,7.9,,monthly_60d_30d_otm,weekly_2_strike1,74,481
DDOG,2021-11-08,2021-12-03,backfill,O:DDOG220121C00210000,210.0,2022-01-21,2021-11-23,2.68,4.68,2.2,4.54,58,10,2.68,,monthly_60d_30d_otm,weekly_2_strike1,74,481
DDOG,2021-11-08,2021-12-03,backfill,O:DDOG220121C00210000,210.0,2022-01-21,2021-11-24,3.25,5.35,3.25,5.01,16,6,3.25,,monthly_60d_30d_otm,weekly_2_strike1,74,481
DDOG,2021-11-08,2021-12-03,backfill,O:DDOG220121C00210000,210.0,2022-01-21,2021-11-26,5.35,5.35,5.31,5.35,10,3,5.35,,monthly_60d_30d_otm,weekly_2_strike1,74,481
DDOG,2021-11-08,2021-12-03,backfill,O:DDOG220121C00210000,210.0,2022-01-21,2021-11-29,5.38,5.76,4.2,4.35,37,9,5.38,,monthly_60d_30d_otm,weekly_2_strike1,74,481
DDOG,2021-11-08,2021-12-03,backfill,O:DDOG220121C00210000,210.0,2022-01-21,2021-11-30,4.65,4.65,3.4,4.2,32,11,4.65,,monthly_60d_30d_otm,weekly_2_strike1,74,481
DDOG,2021-11-08,2021-12-03,backfill,O:DDOG220121C00210000,210.0,2022-01-21,2021-12-01,3.55,3.55,1.8,2.12,55,18,3.55,,monthly_60d_30d_otm,weekly_2_strike1,74,481
DDOG,2021-11-08,2021-12-03,backfill,O:DDOG220121C00210000,210.0,2022-01-21,2021-12-02,2.3,2.3,1.81,2.28,15,3,2.3,,monthly_60d_30d_otm,weekly_2_strike1,74,481
DDOG,2021-11-08,2021-12-03,backfill,O:DDOG220121C00210000,210.0,2022-01-21,2021-12-03,1.63,2.62,1.59,2.62,19,6,1.63,,monthly_60d_30d_otm,weekly_2_strike1,74,481
DDOG,2023-05-15,2023-06-12,backfill,O:DDOG230616C00085000,85.0,2023-06-16,2023-05-15,7.12,8.11,7.1,7.15,321,50,7.12,,monthly_30d_slight_itm,weekly_2_strike0,32,321
DDOG,2023-05-15,2023-06-12,backfill,O:DDOG230616C00085000,85.0,2023-06-16,2023-05-16,6.59,7.2,6.5,7.03,357,26,6.59,,monthly_30d_slight_itm,weekly_2_strike0,32,321
DDOG,2023-05-15,2023-06-12,backfill,O:DDOG230616C00085000,85.0,2023-06-16,2023-05-17,7.75,9.23,7.4,9.01,47,23,7.75,,monthly_30d_slight_itm,weekly_2_strike0,32,321
DDOG,2023-05-15,2023-06-12,backfill,O:DDOG230616C00085000,85.0,2023-06-16,2023-05-18,9.8,11.55,9.18,11.55,139,28,9.8,,monthly_30d_slight_itm,weekly_2_strike0,32,321
DDOG,2023-05-15,2023-06-12,backfill,O:DDOG230616C00085000,85.0,2023-06-16,2023-05-19,10.65,11.0,8.9,9.22,64,20,10.65,,monthly_30d_slight_itm,weekly_2_strike0,32,321
DDOG,2023-05-15,2023-06-12,backfill,O:DDOG230616C00085000,85.0,2023-06-16,2023-05-22,9.49,10.65,9.49,10.65,10,8,9.49,,monthly_30d_slight_itm,weekly_2_strike0,32,321
DDOG,2023-05-15,2023-06-12,backfill,O:DDOG230616C00085000,85.0,2023-06-16,2023-05-23,10.83,11.11,10.3,10.32,26,11,10.83,,monthly_30d_slight_itm,weekly_2_strike0,32,321
DDOG,2023-05-15,2023-06-12,backfill,O:DDOG230616C00085000,85.0,2023-06-16,2023-05-24,9.63,11.07,9.63,11.07,21,14,9.63,,monthly_30d_slight_itm,weekly_2_strike0,32,321
DDOG,2023-05-15,2023-06-12,backfill,O:DDOG230616C00085000,85.0,2023-06-16,2023-05-25,11.26,12.76,9.13,9.46,19,16,11.26,,monthly_30d_slight_itm,weekly_2_strike0,32,321
DDOG,2023-05-15,2023-06-12,backfill,O:DDOG230616C00085000,85.0,2023-06-16,2023-05-26,9.75,11.9,9.7,9.9,58,25,9.75,,monthly_30d_slight_itm,weekly_2_strike0,32,321
DDOG,2023-05-15,2023-06-12,backfill,O:DDOG230616C00085000,85.0,2023-06-16,2023-05-30,11.2,11.45,9.6,10.25,41,15,11.2,,monthly_30d_slight_itm,weekly_2_strike0,32,321
DDOG,2023-05-15,2023-06-12,backfill,O:DDOG230616C00085000,85.0,2023-06-16,2023-05-31,9.62,11.46,9.62,11.0,59,13,9.62,,monthly_30d_slight_itm,weekly_2_strike0,32,321
DDOG,2023-05-15,2023-06-12,backfill,O:DDOG230616C00085000,85.0,2023-06-16,2023-06-01,8.75,11.55,8.75,11.25,22,8,8.75,,monthly_30d_slight_itm,weekly_2_strike0,32,321
DDOG,2023-05-15,2023-06-12,backfill,O:DDOG230616C00085000,85.0,2023-06-16,2023-06-02,15.96,17.2,14.3,14.3,81,16,15.96,,monthly_30d_slight_itm,weekly_2_strike0,32,321
DDOG,2023-05-15,2023-06-12,backfill,O:DDOG230616C00085000,85.0,2023-06-16,2023-06-05,13.39,15.65,13.13,15.65,15,11,13.39,,monthly_30d_slight_itm,weekly_2_strike0,32,321
DDOG,2023-05-15,2023-06-12,backfill,O:DDOG230616C00085000,85.0,2023-06-16,2023-06-06,18.05,18.17,17.2,17.2,58,7,18.05,,monthly_30d_slight_itm,weekly_2_strike0,32,321
DDOG,2023-05-15,2023-06-12,backfill,O:DDOG230616C00085000,85.0,2023-06-16,2023-06-07,13.97,13.97,9.15,9.15,29,14,13.97,,monthly_30d_slight_itm,weekly_2_strike0,32,321
DDOG,2023-05-15,2023-06-12,backfill,O:DDOG230616C00085000,85.0,2023-06-16,2023-06-08,9.15,11.1,8.25,11.01,72,36,9.15,,monthly_30d_slight_itm,weekly_2_strike0,32,321
DDOG,2023-05-15,2023-06-12,backfill,O:DDOG230616C00085000,85.0,2023-06-16,2023-06-09,12.12,13.75,10.42,10.42,35,14,12.12,,monthly_30d_slight_itm,weekly_2_strike0,32,321
DDOG,2023-05-15,2023-06-12,backfill,O:DDOG230616C00085000,85.0,2023-06-16,2023-06-12,10.75,12.45,10.75,12.45,24,10,10.75,,monthly_30d_slight_itm,weekly_2_strike0,32,321
DDOG,2023-11-17,2023-12-15,backfill,O:DDOG240119C00135000,135.0,2024-01-19,2023-11-17,0.76,0.76,0.67,0.67,36,4,0.76,,monthly_45d_30d_otm,weekly_1_strike0,63,36
DDOG,2023-11-17,2023-12-15,backfill,O:DDOG240119C00135000,135.0,2024-01-19,2023-11-20,0.72,0.79,0.7,0.79,28,4,0.72,,monthly_45d_30d_otm,weekly_1_strike0,63,36
DDOG,2023-11-17,2023-12-15,backfill,O:DDOG240119C00135000,135.0,2024-01-19,2023-11-21,0.71,0.76,0.71,0.76,2,2,0.71,,monthly_45d_30d_otm,weekly_1_strike0,63,36
DDOG,2023-11-17,2023-12-15,backfill,O:DDOG240119C00135000,135.0,2024-01-19,2023-11-22,0.7,0.79,0.7,0.74,55,5,0.7,,monthly_45d_30d_otm,weekly_1_strike0,63,36
DDOG,2023-11-17,2023-12-15,backfill,O:DDOG240119C00135000,135.0,2024-01-19,2023-11-24,0.74,0.74,0.71,0.71,2,2,0.74,,monthly_45d_30d_otm,weekly_1_strike0,63,36
DDOG,2023-11-17,2023-12-15,backfill,O:DDOG240119C00135000,135.0,2024-01-19,2023-11-27,0.77,0.77,0.64,0.64,9,3,0.77,,monthly_45d_30d_otm,weekly_1_strike0,63,36
DDOG,2023-11-17,2023-12-15,backfill,O:DDOG240119C00135000,135.0,2024-01-19,2023-11-28,0.74,0.86,0.7,0.84,11,6,0.74,,monthly_45d_30d_otm,weekly_1_strike0,63,36
DDOG,2023-11-17,2023-12-15,backfill,O:DDOG240119C00135000,135.0,2024-01-19,2023-11-29,1.13,1.17,0.99,1.01,17,9,1.13,,monthly_45d_30d_otm,weekly_1_strike0,63,36
DDOG,2023-11-17,2023-12-15,backfill,O:DDOG240119C00135000,135.0,2024-01-19,2023-11-30,1.4,1.4,0.86,0.87,13,6,1.4,,monthly_45d_30d_otm,weekly_1_strike0,63,36
DDOG,2023-11-17,2023-12-15,backfill,O:DDOG240119C00135000,135.0,2024-01-19,2023-12-01,0.95,1.25,0.95,1.25,6,4,0.95,,monthly_45d_30d_otm,weekly_1_strike0,63,36
DDOG,2023-11-17,2023-12-15,backfill,O:DDOG240119C00135000,135.0,2024-01-19,2023-12-04,1.09,1.3,0.92,1.28,86,14,1.09,,monthly_45d_30d_otm,weekly_1_strike0,63,36
DDOG,2023-11-17,2023-12-15,backfill,O:DDOG240119C00135000,135.0,2024-01-19,2023-12-05,1.01,1.15,1.01,1.15,2,2,1.01,,monthly_45d_30d_otm,weekly_1_strike0,63,36
DDOG,2023-11-17,2023-12-15,backfill,O:DDOG240119C00135000,135.0,2024-01-19,2023-12-06,1.04,1.06,0.75,0.75,15,5,1.04,,monthly_45d_30d_otm,weekly_1_strike0,63,36
DDOG,2023-11-17,2023-12-15,backfill,O:DDOG240119C00135000,135.0,2024-01-19,2023-12-07,0.89,0.89,0.72,0.75,38,4,0.89,,monthly_45d_30d_otm,weekly_1_strike0,63,36
DDOG,2023-11-17,2023-12-15,backfill,O:DDOG240119C00135000,135.0,2024-01-19,2023-12-08,0.54,0.61,0.5,0.55,35,12,0.54,,monthly_45d_30d_otm,weekly_1_strike0,63,36
DDOG,2023-11-17,2023-12-15,backfill,O:DDOG240119C00135000,135.0,2024-01-19,2023-12-11,0.68,0.68,0.58,0.58,66,6,0.68,,monthly_45d_30d_otm,weekly_1_strike0,63,36
DDOG,2023-11-17,2023-12-15,backfill,O:DDOG240119C00135000,135.0,2024-01-19,2023-12-12,0.56,0.56,0.49,0.49,68,5,0.56,,monthly_45d_30d_otm,weekly_1_strike0,63,36
DDOG,2023-11-17,2023-12-15,backfill,O:DDOG240119C00135000,135.0,2024-01-19,2023-12-13,0.39,0.64,0.37,0.64,146,13,0.39,,monthly_45d_30d_otm,weekly_1_strike0,63,36
DDOG,2023-11-17,2023-12-15,backfill,O:DDOG240119C00135000,135.0,2024-01-19,2023-12-14,0.89,1.06,0.68,1.03,406,14,0.89,,monthly_45d_30d_otm,weekly_1_strike0,63,36
DDOG,2023-11-17,2023-12-15,backfill,O:DDOG240119C00135000,135.0,2024-01-19,2023-12-15,1.08,1.55,1.03,1.4,132,38,1.08,,monthly_45d_30d_otm,weekly_1_strike0,63,36
DDOG,2025-06-04,2025-07-02,backfill,O:DDOG250718C00130000,130.0,2025-07-18,2025-06-04,2.35,3.05,2.26,2.45,526,115,2.35,,monthly_30d_20d_otm,weekly_2_strike0,44,526
DDOG,2025-06-04,2025-07-02,backfill,O:DDOG250718C00130000,130.0,2025-07-18,2025-06-05,2.71,3.7,2.61,2.9,1770,125,2.71,,monthly_30d_20d_otm,weekly_2_strike0,44,526
DDOG,2025-06-04,2025-07-02,backfill,O:DDOG250718C00130000,130.0,2025-07-18,2025-06-06,2.95,3.25,2.83,3.1,266,63,2.95,,monthly_30d_20d_otm,weekly_2_strike0,44,526
DDOG,2025-06-04,2025-07-02,backfill,O:DDOG250718C00130000,130.0,2025-07-18,2025-06-09,2.6,2.66,1.9,2.55,369,49,2.6,,monthly_30d_20d_otm,weekly_2_strike0,44,526
DDOG,2025-06-04,2025-07-02,backfill,O:DDOG250718C00130000,130.0,2025-07-18,2025-06-10,2.7,3.05,1.83,1.89,622,60,2.7,,monthly_30d_20d_otm,weekly_2_strike0,44,526
DDOG,2025-06-04,2025-07-02,backfill,O:DDOG250718C00130000,130.0,2025-07-18,2025-06-11,1.81,2.03,1.4,1.44,505,68,1.81,,monthly_30d_20d_otm,weekly_2_strike0,44,526
DDOG,2025-06-04,2025-07-02,backfill,O:DDOG250718C00130000,130.0,2025-07-18,2025-06-12,2.12,2.95,2.12,2.33,988,68,2.12,,monthly_30d_20d_otm,weekly_2_strike0,44,526
DDOG,2025-06-04,2025-07-02,backfill,O:DDOG250718C00130000,130.0,2025-07-18,2025-06-13,1.94,2.47,1.54,1.67,159,59,1.94,,monthly_30d_20d_otm,weekly_2_strike0,44,526
DDOG,2025-06-04,2025-07-02,backfill,O:DDOG250718C00130000,130.0,2025-07-18,2025-06-16,2.01,2.01,1.69,1.89,171,29,2.01,,monthly_30d_20d_otm,weekly_2_strike0,44,526
DDOG,2025-06-04,2025-07-02,backfill,O:DDOG250718C00130000,130.0,2025-07-18,2025-06-17,1.52,3.54,1.47,3.07,4177,181,1.52,,monthly_30d_20d_otm,weekly_2_strike0,44,526
DDOG,2025-06-04,2025-07-02,backfill,O:DDOG250718C00130000,130.0,2025-07-18,2025-06-18,3.45,5.5,3.2,5.2,2404,229,3.45,,monthly_30d_20d_otm,weekly_2_strike0,44,526
DDOG,2025-06-04,2025-07-02,backfill,O:DDOG250718C00130000,130.0,2025-07-18,2025-06-20,5.37,6.15,3.4,3.8,660,96,5.37,,monthly_30d_20d_otm,weekly_2_strike0,44,526
DDOG,2025-06-04,2025-07-02,backfill,O:DDOG250718C00130000,130.0,2025-07-18,2025-06-23,3.23,4.5,2.71,4.4,1139,73,3.23,,monthly_30d_20d_otm,weekly_2_strike0,44,526
DDOG,2025-06-04,2025-07-02,backfill,O:DDOG250718C00130000,130.0,2025-07-18,2025-06-24,4.6,5.2,4.23,4.8,254,50,4.6,,monthly_30d_20d_otm,weekly_2_strike0,44,526
DDOG,2025-06-04,2025-07-02,backfill,O:DDOG250718C00130000,130.0,2025-07-18,2025-06-25,4.9,5.61,4.0,4.15,287,43,4.9,,monthly_30d_20d_otm,weekly_2_strike0,44,526
DDOG,2025-06-04,2025-07-02,backfill,O:DDOG250718C00130000,130.0,2025-07-18,2025-06-26,4.9,5.45,3.43,4.65,359,33,4.9,,monthly_30d_20d_otm,weekly_2_strike0,44,526
DDOG,2025-06-04,2025-07-02,backfill,O:DDOG250718C00130000,130.0,2025-07-18,2025-06-27,4.95,5.64,4.8,5.1,92,25,4.95,,monthly_30d_20d_otm,weekly_2_strike0,44,526
DDOG,2025-06-04,2025-07-02,backfill,O:DDOG250718C00130000,130.0,2025-07-18,2025-06-30,5.73,7.25,5.65,6.52,121,34,5.73,,monthly_30d_20d_otm,weekly_2_strike0,44,526
DDOG,2025-06-04,2025-07-02,backfill,O:DDOG250718C00130000,130.0,2025-07-18,2025-07-01,6.49,7.0,4.0,5.07,71,28,6.49,,monthly_30d_20d_otm,weekly_2_strike0,44,526
DDOG,2025-06-04,2025-07-02,backfill,O:DDOG250718C00130000,130.0,2025-07-18,2025-07-02,5.05,7.25,5.0,6.55,52,17,5.05,,monthly_30d_20d_otm,weekly_2_strike0,44,526
DE,2021-02-26,2021-03-25,backfill,O:DE210319C00365000,365.0,2021-03-19,2021-02-26,5.34,6.69,5.34,6.1,17,5,5.34,,monthly_30d_30d_otm,weekly_1_strike0,21,17
DE,2021-02-26,2021-03-25,backfill,O:DE210319C00365000,365.0,2021-03-19,2021-03-01,6.95,8.85,6.3,7.5,58,24,6.95,,monthly_30d_30d_otm,weekly_1_strike0,21,17
DE,2021-02-26,2021-03-25,backfill,O:DE210319C00365000,365.0,2021-03-19,2021-03-02,6.07,6.07,3.73,4.35,22,9,6.07,,monthly_30d_30d_otm,weekly_1_strike0,21,17
DE,2021-02-26,2021-03-25,backfill,O:DE210319C00365000,365.0,2021-03-19,2021-03-03,3.35,3.35,2.49,2.77,79,12,3.35,,monthly_30d_30d_otm,weekly_1_strike0,21,17
DE,2021-02-26,2021-03-25,backfill,O:DE210319C00365000,365.0,2021-03-19,2021-03-04,2.0,2.0,1.2,1.33,120,16,2.0,,monthly_30d_30d_otm,weekly_1_strike0,21,17
DE,2021-02-26,2021-03-25,backfill,O:DE210319C00365000,365.0,2021-03-19,2021-03-05,1.55,2.94,1.55,2.94,9,5,1.55,,monthly_30d_30d_otm,weekly_1_strike0,21,17
DE,2021-02-26,2021-03-25,backfill,O:DE210319C00365000,365.0,2021-03-19,2021-03-08,3.85,6.0,3.6,4.55,26,9,3.85,,monthly_30d_30d_otm,weekly_1_strike0,21,17
DE,2021-02-26,2021-03-25,backfill,O:DE210319C00365000,365.0,2021-03-19,2021-03-09,3.9,3.9,2.84,2.84,19,6,3.9,,monthly_30d_30d_otm,weekly_1_strike0,21,17
DE,2021-02-26,2021-03-25,backfill,O:DE210319C00365000,365.0,2021-03-19,2021-03-10,2.67,4.9,2.67,4.65,128,21,2.67,,monthly_30d_30d_otm,weekly_1_strike0,21,17
DE,2021-02-26,2021-03-25,backfill,O:DE210319C00365000,365.0,2021-03-19,2021-03-11,6.15,7.5,4.8,6.04,95,43,6.15,,monthly_30d_30d_otm,weekly_1_strike0,21,17
DE,2021-02-26,2021-03-25,backfill,O:DE210319C00365000,365.0,2021-03-19,2021-03-12,5.85,9.34,5.7,9.04,133,32,5.85,,monthly_30d_30d_otm,weekly_1_strike0,21,17
DE,2021-02-26,2021-03-25,backfill,O:DE210319C00365000,365.0,2021-03-19,2021-03-15,7.2,10.05,6.4,10.05,65,15,7.2,,monthly_30d_30d_otm,weekly_1_strike0,21,17
DE,2021-02-26,2021-03-25,backfill,O:DE210319C00365000,365.0,2021-03-19,2021-03-16,10.13,11.86,8.35,11.69,111,20,10.13,,monthly_30d_30d_otm,weekly_1_strike0,21,17
DE,2021-02-26,2021-03-25,backfill,O:DE210319C00365000,365.0,2021-03-19,2021-03-17,12.17,14.7,11.2,14.6,112,19,12.17,,monthly_30d_30d_otm,weekly_1_strike0,21,17
DE,2021-02-26,2021-03-25,backfill,O:DE210319C00365000,365.0,2021-03-19,2021-03-18,26.0,27.1,20.0,21.1,43,5,26.0,,monthly_30d_30d_otm,weekly_1_strike0,21,17
DE,2021-02-26,2021-03-25,backfill,O:DE210319C00365000,365.0,2021-03-19,2021-03-19,8.0,11.16,8.0,10.76,18,10,8.0,,monthly_30d_30d_otm,weekly_1_strike0,21,17
DE,2022-03-10,2022-04-06,backfill,O:DE220520C00430000,430.0,2022-05-20,2022-03-10,6.35,6.87,6.35,6.87,22,4,6.35,,monthly_60d_20d_otm,weekly_2_strike0,71,22
DE,2022-03-10,2022-04-06,backfill,O:DE220520C00430000,430.0,2022-05-20,2022-03-11,9.77,9.77,9.77,9.77,1,1,9.77,,monthly_60d_20d_otm,weekly_2_strike0,71,22
DE,2022-03-10,2022-04-06,backfill,O:DE220520C00430000,430.0,2022-05-20,2022-03-14,13.1,14.1,12.15,13.1,66,10,13.1,,monthly_60d_20d_otm,weekly_2_strike0,71,22
DE,2022-03-10,2022-04-06,backfill,O:DE220520C00430000,430.0,2022-05-20,2022-03-15,10.2,10.35,9.6,10.35,218,8,10.2,,monthly_60d_20d_otm,weekly_2_strike0,71,22
DE,2022-03-10,2022-04-06,backfill,O:DE220520C00430000,430.0,2022-05-20,2022-03-16,11.9,12.7,7.8,8.53,72,12,11.9,,monthly_60d_20d_otm,weekly_2_strike0,71,22
DE,2022-03-10,2022-04-06,backfill,O:DE220520C00430000,430.0,2022-05-20,2022-03-17,9.45,14.25,9.45,14.25,42,16,9.45,,monthly_60d_20d_otm,weekly_2_strike0,71,22
DE,2022-03-10,2022-04-06,backfill,O:DE220520C00430000,430.0,2022-05-20,2022-03-18,14.5,16.1,13.25,15.6,28,14,14.5,,monthly_60d_20d_otm,weekly_2_strike0,71,22
DE,2022-03-10,2022-04-06,backfill,O:DE220520C00430000,430.0,2022-05-20,2022-03-21,16.05,21.5,16.05,19.8,63,41,16.05,,monthly_60d_20d_otm,weekly_2_strike0,71,22
DE,2022-03-10,2022-04-06,backfill,O:DE220520C00430000,430.0,2022-05-20,2022-03-22,21.11,25.6,19.0,21.54,71,26,21.11,,monthly_60d_20d_otm,weekly_2_strike0,71,22
DE,2022-03-10,2022-04-06,backfill,O:DE220520C00430000,430.0,2022-05-20,2022-03-23,23.0,25.26,23.0,23.7,33,24,23.0,,monthly_60d_20d_otm,weekly_2_strike0,71,22
DE,2022-03-10,2022-04-06,backfill,O:DE220520C00430000,430.0,2022-05-20,2022-03-24,24.05,25.12,20.43,21.91,117,20,24.05,,monthly_60d_20d_otm,weekly_2_strike0,71,22
DE,2022-03-10,2022-04-06,backfill,O:DE220520C00430000,430.0,2022-05-20,2022-03-25,23.5,25.3,21.1,24.08,132,31,23.5,,monthly_60d_20d_otm,weekly_2_strike0,71,22
DE,2022-03-10,2022-04-06,backfill,O:DE220520C00430000,430.0,2022-05-20,2022-03-28,22.1,22.12,20.7,21.57,172,13,22.1,,monthly_60d_20d_otm,weekly_2_strike0,71,22
DE,2022-03-10,2022-04-06,backfill,O:DE220520C00430000,430.0,2022-05-20,2022-03-29,13.6,14.21,10.8,11.68,426,40,13.6,,monthly_60d_20d_otm,weekly_2_strike0,71,22
DE,2022-03-10,2022-04-06,backfill,O:DE220520C00430000,430.0,2022-05-20,2022-03-30,13.3,17.25,12.51,13.15,147,24,13.3,,monthly_60d_20d_otm,weekly_2_strike0,71,22
DE,2022-03-10,2022-04-06,backfill,O:DE220520C00430000,430.0,2022-05-20,2022-03-31,15.3,15.3,13.5,14.1,58,13,15.3,,monthly_60d_20d_otm,weekly_2_strike0,71,22
DE,2022-03-10,2022-04-06,backfill,O:DE220520C00430000,430.0,2022-05-20,2022-04-01,14.85,14.85,13.75,13.8,25,9,14.85,,monthly_60d_20d_otm,weekly_2_strike0,71,22
DE,2022-03-10,2022-04-06,backfill,O:DE220520C00430000,430.0,2022-05-20,2022-04-04,11.39,13.6,11.39,13.6,15,12,11.39,,monthly_60d_20d_otm,weekly_2_strike0,71,22
DE,2022-03-10,2022-04-06,backfill,O:DE220520C00430000,430.0,2022-05-20,2022-04-05,13.0,13.0,10.93,11.76,44,15,13.0,,monthly_60d_20d_otm,weekly_2_strike0,71,22
DE,2022-03-10,2022-04-06,backfill,O:DE220520C00430000,430.0,2022-05-20,2022-04-06,11.7,11.7,9.9,10.39,40,21,11.7,,monthly_60d_20d_otm,weekly_2_strike0,71,22
DE,2022-05-11,2022-05-20,backfill,O:DE220715C00380000,380.0,2022-07-15,2022-05-11,21.36,21.36,17.8,19.5,9,6,21.36,,monthly_60d_40d_otm,weekly_2_strike0,65,9
DE,2022-05-11,2022-05-20,backfill,O:DE220715C00380000,380.0,2022-07-15,2022-05-12,16.9,17.9,15.6,15.75,24,10,16.9,,monthly_60d_40d_otm,weekly_2_strike0,65,9
DE,2022-05-11,2022-05-20,backfill,O:DE220715C00380000,380.0,2022-07-15,2022-05-13,18.55,18.55,17.5,18.15,3,3,18.55,,monthly_60d_40d_otm,weekly_2_strike0,65,9
DE,2022-05-11,2022-05-20,backfill,O:DE220715C00380000,380.0,2022-07-15,2022-05-16,17.55,23.85,17.55,22.55,16,6,17.55,,monthly_60d_40d_otm,weekly_2_strike0,65,9
DE,2022-05-11,2022-05-20,backfill,O:DE220715C00380000,380.0,2022-07-15,2022-05-17,23.25,24.95,22.6,24.95,6,4,23.25,,monthly_60d_40d_otm,weekly_2_strike0,65,9
DE,2022-05-11,2022-05-20,backfill,O:DE220715C00380000,380.0,2022-07-15,2022-05-18,23.55,23.55,18.4,18.42,15,7,23.55,,monthly_60d_40d_otm,weekly_2_strike0,65,9
DE,2022-05-11,2022-05-20,backfill,O:DE220715C00380000,380.0,2022-07-15,2022-05-19,15.79,15.79,14.05,15.38,7,5,15.79,,monthly_60d_40d_otm,weekly_2_strike0,65,9
DE,2022-05-11,2022-05-20,backfill,O:DE220715C00380000,380.0,2022-07-15,2022-05-20,4.65,5.5,1.7,1.7,128,29,4.65,,monthly_60d_40d_otm,weekly_2_strike0,65,9
DE,2022-09-06,2022-09-23,backfill,O:DE221021C00380000,380.0,2022-10-21,2022-09-06,7.75,9.1,7.75,8.62,20,8,7.75,,monthly_30d_30d_otm,weekly_2_strike0,45,20
DE,2022-09-06,2022-09-23,backfill,O:DE221021C00380000,380.0,2022-10-21,2022-09-07,8.81,10.25,8.81,10.1,19,11,8.81,,monthly_30d_30d_otm,weekly_2_strike0,45,20
DE,2022-09-06,2022-09-23,backfill,O:DE221021C00380000,380.0,2022-10-21,2022-09-08,9.39,11.0,9.25,11.0,30,7,9.39,,monthly_30d_30d_otm,weekly_2_strike0,45,20
DE,2022-09-06,2022-09-23,backfill,O:DE221021C00380000,380.0,2022-10-21,2022-09-09,12.85,12.85,11.85,11.87,67,10,12.85,,monthly_30d_30d_otm,weekly_2_strike0,45,20
DE,2022-09-06,2022-09-23,backfill,O:DE221021C00380000,380.0,2022-10-21,2022-09-12,12.25,12.25,10.05,11.4,92,17,12.25,,monthly_30d_30d_otm,weekly_2_strike0,45,20
DE,2022-09-06,2022-09-23,backfill,O:DE221021C00380000,380.0,2022-10-21,2022-09-13,9.55,10.7,8.1,8.1,58,17,9.55,,monthly_30d_30d_otm,weekly_2_strike0,45,20
DE,2022-09-06,2022-09-23,backfill,O:DE221021C00380000,380.0,2022-10-21,2022-09-14,6.33,7.5,6.31,6.31,18,11,6.33,,monthly_30d_30d_otm,weekly_2_strike0,45,20
DE,2022-09-06,2022-09-23,backfill,O:DE221021C00380000,380.0,2022-10-21,2022-09-15,7.3,7.4,6.61,6.74,172,7,7.3,,monthly_30d_30d_otm,weekly_2_strike0,45,20
DE,2022-09-06,2022-09-23,backfill,O:DE221021C00380000,380.0,2022-10-21,2022-09-16,4.48,4.7,3.85,4.61,236,48,4.48,,monthly_30d_30d_otm,weekly_2_strike0,45,20
DE,2022-09-06,2022-09-23,backfill,O:DE221021C00380000,380.0,2022-10-21,2022-09-19,4.5,6.05,4.49,6.05,79,23,4.5,,monthly_30d_30d_otm,weekly_2_strike0,45,20
DE,2022-09-06,2022-09-23,backfill,O:DE221021C00380000,380.0,2022-10-21,2022-09-20,4.76,4.76,3.75,4.5,55,19,4.76,,monthly_30d_30d_otm,weekly_2_strike0,45,20
DE,2022-09-06,2022-09-23,backfill,O:DE221021C00380000,380.0,2022-10-21,2022-09-21,5.15,5.45,3.07,3.07,26,11,5.15,,monthly_30d_30d_otm,weekly_2_strike0,45,20
DE,2022-09-06,2022-09-23,backfill,O:DE221021C00380000,380.0,2022-10-21,2022-09-22,2.53,2.93,2.4,2.4,202,17,2.53,,monthly_30d_30d_otm,weekly_2_strike0,45,20
DE,2022-09-06,2022-09-23,backfill,O:DE221021C00380000,380.0,2022-10-21,2022-09-23,1.69,1.85,1.0,1.26,158,26,1.69,,monthly_30d_30d_otm,weekly_2_strike0,45,20
DE,2024-05-01,2024-05-29,backfill,O:DE240621C00410000,410.0,2024-06-21,2024-05-01,6.94,8.0,6.94,7.85,18,5,6.94,,monthly_45d_25d_otm,weekly_2_strike0,51,18
DE,2024-05-01,2024-05-29,backfill,O:DE240621C00410000,410.0,2024-06-21,2024-05-02,7.7,10.65,7.7,10.65,9,7,7.7,,monthly_45d_25d_otm,weekly_2_strike0,51,18
DE,2024-05-01,2024-05-29,backfill,O:DE240621C00410000,410.0,2024-06-21,2024-05-03,12.47,12.47,10.8,12.05,26,8,12.47,,monthly_45d_25d_otm,weekly_2_strike0,51,18
DE,2024-05-01,2024-05-29,backfill,O:DE240621C00410000,410.0,2024-06-21,2024-05-06,14.71,14.71,11.65,12.45,29,10,14.71,,monthly_45d_25d_otm,weekly_2_strike0,51,18
DE,2024-05-01,2024-05-29,backfill,O:DE240621C00410000,410.0,2024-06-21,2024-05-07,14.35,14.55,13.7,14.55,53,12,14.35,,monthly_45d_25d_otm,weekly_2_strike0,51,18
DE,2024-05-01,2024-05-29,backfill,O:DE240621C00410000,410.0,2024-06-21,2024-05-08,13.25,14.57,13.25,14.2,124,15,13.25,,monthly_45d_25d_otm,weekly_2_strike0,51,18
DE,2024-05-01,2024-05-29,backfill,O:DE240621C00410000,410.0,2024-06-21,2024-05-09,14.1,15.82,14.1,15.2,49,15,14.1,,monthly_45d_25d_otm,weekly_2_strike0,51,18
DE,2024-05-01,2024-05-29,backfill,O:DE240621C00410000,410.0,2024-06-21,2024-05-10,16.05,16.35,13.55,14.83,86,36,16.05,,monthly_45d_25d_otm,weekly_2_strike0,51,18
DE,2024-05-01,2024-05-29,backfill,O:DE240621C00410000,410.0,2024-06-21,2024-05-13,16.65,18.5,13.97,13.97,92,23,16.65,,monthly_45d_25d_otm,weekly_2_strike0,51,18
DE,2024-05-01,2024-05-29,backfill,O:DE240621C00410000,410.0,2024-06-21,2024-05-14,15.36,19.0,15.35,16.34,301,56,15.36,,monthly_45d_25d_otm,weekly_2_strike0,51,18
DE,2024-05-01,2024-05-29,backfill,O:DE240621C00410000,410.0,2024-06-21,2024-05-15,17.63,17.9,15.47,16.73,34,22,17.63,,monthly_45d_25d_otm,weekly_2_strike0,51,18
DE,2024-05-01,2024-05-29,backfill,O:DE240621C00410000,410.0,2024-06-21,2024-05-16,8.5,9.5,4.65,4.7,329,92,8.5,,monthly_45d_25d_otm,weekly_2_strike0,51,18
DE,2024-05-01,2024-05-29,backfill,O:DE240621C00410000,410.0,2024-06-21,2024-05-17,4.6,4.85,3.61,4.85,182,44,4.6,,monthly_45d_25d_otm,weekly_2_strike0,51,18
DE,2024-05-01,2024-05-29,backfill,O:DE240621C00410000,410.0,2024-06-21,2024-05-20,4.5,4.54,3.0,3.0,213,37,4.5,,monthly_45d_25d_otm,weekly_2_strike0,51,18
DE,2024-05-01,2024-05-29,backfill,O:DE240621C00410000,410.0,2024-06-21,2024-05-21,2.5,2.78,1.85,1.85,144,26,2.5,,monthly_45d_25d_otm,weekly_2_strike0,51,18
DE,2024-05-01,2024-05-29,backfill,O:DE240621C00410000,410.0,2024-06-21,2024-05-22,1.66,2.1,0.99,1.75,364,17,1.66,,monthly_45d_25d_otm,weekly_2_strike0,51,18
DE,2024-05-01,2024-05-29,backfill,O:DE240621C00410000,410.0,2024-06-21,2024-05-23,1.76,1.76,0.92,0.95,47,18,1.76,,monthly_45d_25d_otm,weekly_2_strike0,51,18
DE,2024-05-01,2024-05-29,backfill,O:DE240621C00410000,410.0,2024-06-21,2024-05-24,0.96,0.96,0.47,0.47,261,29,0.96,,monthly_45d_25d_otm,weekly_2_strike0,51,18
DE,2024-05-01,2024-05-29,backfill,O:DE240621C00410000,410.0,2024-06-21,2024-05-28,0.42,0.48,0.28,0.28,35,11,0.42,,monthly_45d_25d_otm,weekly_2_strike0,51,18
DE,2024-05-01,2024-05-29,backfill,O:DE240621C00410000,410.0,2024-06-21,2024-05-29,0.37,0.37,0.25,0.25,37,10,0.37,,monthly_45d_25d_otm,weekly_2_strike0,51,18
DE,2024-09-16,2024-10-11,backfill,O:DE241018C00410000,410.0,2024-10-18,2024-09-16,4.3,5.45,3.7,4.1,98,36,4.3,,monthly_30d_25d_otm,weekly_2_strike0,32,98
DE,2024-09-16,2024-10-11,backfill,O:DE241018C00410000,410.0,2024-10-18,2024-09-17,4.2,5.5,4.05,4.9,74,38,4.2,,monthly_30d_25d_otm,weekly_2_strike0,32,98
DE,2024-09-16,2024-10-11,backfill,O:DE241018C00410000,410.0,2024-10-18,2024-09-18,5.75,8.0,4.75,6.4,175,54,5.75,,monthly_30d_25d_otm,weekly_2_strike0,32,98
DE,2024-09-16,2024-10-11,backfill,O:DE241018C00410000,410.0,2024-10-18,2024-09-19,8.2,11.0,7.17,9.45,86,36,8.2,,monthly_30d_25d_otm,weekly_2_strike0,32,98
DE,2024-09-16,2024-10-11,backfill,O:DE241018C00410000,410.0,2024-10-18,2024-09-20,8.65,8.65,6.44,7.1,82,31,8.65,,monthly_30d_25d_otm,weekly_2_strike0,32,98
DE,2024-09-16,2024-10-11,backfill,O:DE241018C00410000,410.0,2024-10-18,2024-09-23,7.1,8.25,6.72,7.7,80,14,7.1,,monthly_30d_25d_otm,weekly_2_strike0,32,98
DE,2024-09-16,2024-10-11,backfill,O:DE241018C00410000,410.0,2024-10-18,2024-09-24,7.9,9.3,7.86,8.47,37,23,7.9,,monthly_30d_25d_otm,weekly_2_strike0,32,98
DE,2024-09-16,2024-10-11,backfill,O:DE241018C00410000,410.0,2024-10-18,2024-09-25,8.22,8.22,6.2,6.2,6,4,8.22,,monthly_30d_25d_otm,weekly_2_strike0,32,98
DE,2024-09-16,2024-10-11,backfill,O:DE241018C00410000,410.0,2024-10-18,2024-09-26,7.93,9.4,7.92,8.6,20,8,7.93,,monthly_30d_25d_otm,weekly_2_strike0,32,98
DE,2024-09-16,2024-10-11,backfill,O:DE241018C00410000,410.0,2024-10-18,2024-09-27,11.5,13.57,10.89,12.85,264,83,11.5,,monthly_30d_25d_otm,weekly_2_strike0,32,98
DE,2024-09-16,2024-10-11,backfill,O:DE241018C00410000,410.0,2024-10-18,2024-09-30,11.85,13.49,10.4,12.99,103,28,11.85,,monthly_30d_25d_otm,weekly_2_strike0,32,98
DE,2024-09-16,2024-10-11,backfill,O:DE241018C00410000,410.0,2024-10-18,2024-10-01,10.85,15.3,9.5,12.5,174,40,10.85,,monthly_30d_25d_otm,weekly_2_strike0,32,98
DE,2024-09-16,2024-10-11,backfill,O:DE241018C00410000,410.0,2024-10-18,2024-10-02,11.55,12.6,10.65,12.1,42,13,11.55,,monthly_30d_25d_otm,weekly_2_strike0,32,98
DE,2024-09-16,2024-10-11,backfill,O:DE241018C00410000,410.0,2024-10-18,2024-10-03,9.55,9.55,6.97,7.2,97,22,9.55,,monthly_30d_25d_otm,weekly_2_strike0,32,98
DE,2024-09-16,2024-10-11,backfill,O:DE241018C00410000,410.0,2024-10-18,2024-10-04,8.0,8.0,5.23,5.6,17,17,8.0,,monthly_30d_25d_otm,weekly_2_strike0,32,98
DE,2024-09-16,2024-10-11,backfill,O:DE241018C00410000,410.0,2024-10-18,2024-10-07,5.85,5.85,4.84,4.84,16,9,5.85,,monthly_30d_25d_otm,weekly_2_strike0,32,98
DE,2024-09-16,2024-10-11,backfill,O:DE241018C00410000,410.0,2024-10-18,2024-10-08,3.75,3.75,2.53,2.79,172,16,3.75,,monthly_30d_25d_otm,weekly_2_strike0,32,98
DE,2024-09-16,2024-10-11,backfill,O:DE241018C00410000,410.0,2024-10-18,2024-10-09,3.0,4.12,3.0,3.75,16,10,3.0,,monthly_30d_25d_otm,weekly_2_strike0,32,98
DE,2024-09-16,2024-10-11,backfill,O:DE241018C00410000,410.0,2024-10-18,2024-10-10,2.89,3.15,2.23,3.15,22,9,2.89,,monthly_30d_25d_otm,weekly_2_strike0,32,98
DE,2024-09-16,2024-10-11,backfill,O:DE241018C00410000,410.0,2024-10-18,2024-10-11,3.6,5.92,3.6,5.2,41,27,3.6,,monthly_30d_25d_otm,weekly_2_strike0,32,98
DE,2026-02-06,2026-03-06,backfill,O:DE260320C00590000,590.0,2026-03-20,2026-02-06,20.59,23.01,20.1,23.01,48,23,20.59,,monthly_30d_35d_otm,weekly_1_strike0,42,48
DE,2026-02-06,2026-03-06,backfill,O:DE260320C00590000,590.0,2026-03-20,2026-02-09,24.5,24.5,22.3,23.34,36,8,24.5,,monthly_30d_35d_otm,weekly_1_strike0,42,48
DE,2026-02-06,2026-03-06,backfill,O:DE260320C00590000,590.0,2026-03-20,2026-02-10,26.5,27.48,25.4,26.92,12,9,26.5,,monthly_30d_35d_otm,weekly_1_strike0,42,48
DE,2026-02-06,2026-03-06,backfill,O:DE260320C00590000,590.0,2026-03-20,2026-02-11,36.02,41.0,35.05,41.0,9,6,36.02,,monthly_30d_35d_otm,weekly_1_strike0,42,48
DE,2026-02-06,2026-03-06,backfill,O:DE260320C00590000,590.0,2026-03-20,2026-02-12,47.5,48.3,36.32,37.4,19,8,47.5,,monthly_30d_35d_otm,weekly_1_strike0,42,48
DE,2026-02-06,2026-03-06,backfill,O:DE260320C00590000,590.0,2026-03-20,2026-02-13,39.68,39.68,39.68,39.68,10,1,39.68,,monthly_30d_35d_otm,weekly_1_strike0,42,48
DE,2026-02-06,2026-03-06,backfill,O:DE260320C00590000,590.0,2026-03-20,2026-02-17,33.0,33.0,33.0,33.0,2,2,33.0,,monthly_30d_35d_otm,weekly_1_strike0,42,48
DE,2026-02-06,2026-03-06,backfill,O:DE260320C00590000,590.0,2026-03-20,2026-02-18,30.2,30.2,26.76,27.87,11,7,30.2,,monthly_30d_35d_otm,weekly_1_strike0,42,48
DE,2026-02-06,2026-03-06,backfill,O:DE260320C00590000,590.0,2026-03-20,2026-02-19,50.8,88.88,50.8,88.88,23,10,50.8,,monthly_30d_35d_otm,weekly_1_strike0,42,48
DE,2026-02-06,2026-03-06,backfill,O:DE260320C00590000,590.0,2026-03-20,2026-02-20,64.85,76.3,64.85,76.3,3,3,64.85,,monthly_30d_35d_otm,weekly_1_strike0,42,48
DE,2026-02-06,2026-03-06,backfill,O:DE260320C00590000,590.0,2026-03-20,2026-02-23,83.83,83.83,66.9,66.9,3,2,83.83,,monthly_30d_35d_otm,weekly_1_strike0,42,48
DE,2026-02-06,2026-03-06,backfill,O:DE260320C00590000,590.0,2026-03-20,2026-03-04,34.7,34.7,34.7,34.7,1,1,34.7,,monthly_30d_35d_otm,weekly_1_strike0,42,48
DE,2026-02-06,2026-03-06,backfill,O:DE260320C00590000,590.0,2026-03-20,2026-03-05,24.0,24.0,13.75,14.85,28,11,24.0,,monthly_30d_35d_otm,weekly_1_strike0,42,48
DE,2026-02-06,2026-03-06,backfill,O:DE260320C00590000,590.0,2026-03-20,2026-03-06,13.33,13.33,10.62,10.62,15,5,13.33,,monthly_30d_35d_otm,weekly_1_strike0,42,48
DIA,2022-08-29,2022-09-16,backfill,O:DIA221021C00335000,335.0,2022-10-21,2022-08-29,3.79,4.1,3.52,3.85,320,44,3.79,,monthly_45d_25d_otm,weekly_2_strike0,53,320
DIA,2022-08-29,2022-09-16,backfill,O:DIA221021C00335000,335.0,2022-10-21,2022-08-30,3.47,3.47,2.63,2.74,82,24,3.47,,monthly_45d_25d_otm,weekly_2_strike0,53,320
DIA,2022-08-29,2022-09-16,backfill,O:DIA221021C00335000,335.0,2022-10-21,2022-08-31,2.78,2.86,2.14,2.17,50,14,2.78,,monthly_45d_25d_otm,weekly_2_strike0,53,320
DIA,2022-08-29,2022-09-16,backfill,O:DIA221021C00335000,335.0,2022-10-21,2022-09-01,1.82,2.08,1.74,2.05,44,23,1.82,,monthly_45d_25d_otm,weekly_2_strike0,53,320
DIA,2022-08-29,2022-09-16,backfill,O:DIA221021C00335000,335.0,2022-10-21,2022-09-02,2.54,2.54,1.51,1.51,23,9,2.54,,monthly_45d_25d_otm,weekly_2_strike0,53,320
DIA,2022-08-29,2022-09-16,backfill,O:DIA221021C00335000,335.0,2022-10-21,2022-09-06,1.58,1.58,1.18,1.21,43,15,1.58,,monthly_45d_25d_otm,weekly_2_strike0,53,320
DIA,2022-08-29,2022-09-16,backfill,O:DIA221021C00335000,335.0,2022-10-21,2022-09-07,1.11,1.65,1.11,1.64,33,14,1.11,,monthly_45d_25d_otm,weekly_2_strike0,53,320
DIA,2022-08-29,2022-09-16,backfill,O:DIA221021C00335000,335.0,2022-10-21,2022-09-08,1.41,1.82,1.36,1.74,36,9,1.41,,monthly_45d_25d_otm,weekly_2_strike0,53,320
DIA,2022-08-29,2022-09-16,backfill,O:DIA221021C00335000,335.0,2022-10-21,2022-09-09,2.05,2.67,2.05,2.6,422,19,2.05,,monthly_45d_25d_otm,weekly_2_strike0,53,320
DIA,2022-08-29,2022-09-16,backfill,O:DIA221021C00335000,335.0,2022-10-21,2022-09-12,2.6,3.45,2.6,3.26,157,20,2.6,,monthly_45d_25d_otm,weekly_2_strike0,53,320
DIA,2022-08-29,2022-09-16,backfill,O:DIA221021C00335000,335.0,2022-10-21,2022-09-13,1.86,1.89,0.86,0.91,152,26,1.86,,monthly_45d_25d_otm,weekly_2_strike0,53,320
DIA,2022-08-29,2022-09-16,backfill,O:DIA221021C00335000,335.0,2022-10-21,2022-09-14,0.91,0.94,0.74,0.86,56,20,0.91,,monthly_45d_25d_otm,weekly_2_strike0,53,320
DIA,2022-08-29,2022-09-16,backfill,O:DIA221021C00335000,335.0,2022-10-21,2022-09-15,0.7,0.91,0.64,0.64,17,9,0.7,,monthly_45d_25d_otm,weekly_2_strike0,53,320
DIA,2022-08-29,2022-09-16,backfill,O:DIA221021C00335000,335.0,2022-10-21,2022-09-16,0.91,1.11,0.43,0.57,44,19,0.91,,monthly_45d_25d_otm,weekly_2_strike0,53,320
DIA,2022-11-15,2022-12-13,backfill,O:DIA221216C00350000,350.0,2022-12-16,2022-11-15,3.4,3.55,2.1,2.43,399,83,3.4,,monthly_30d_30d_otm,weekly_2_strike0,31,399
DIA,2022-11-15,2022-12-13,backfill,O:DIA221216C00350000,350.0,2022-12-16,2022-11-16,2.54,2.59,2.21,2.4,444,70,2.54,,monthly_30d_30d_otm,weekly_2_strike0,31,399
DIA,2022-11-15,2022-12-13,backfill,O:DIA221216C00350000,350.0,2022-12-16,2022-11-17,1.7,2.47,1.7,2.0,318,54,1.7,,monthly_30d_30d_otm,weekly_2_strike0,31,399
DIA,2022-11-15,2022-12-13,backfill,O:DIA221216C00350000,350.0,2022-12-16,2022-11-18,2.76,2.76,2.06,2.33,380,56,2.76,,monthly_30d_30d_otm,weekly_2_strike0,31,399
DIA,2022-11-15,2022-12-13,backfill,O:DIA221216C00350000,350.0,2022-12-16,2022-11-21,2.42,2.48,1.83,1.93,90,37,2.42,,monthly_30d_30d_otm,weekly_2_strike0,31,399
DIA,2022-11-15,2022-12-13,backfill,O:DIA221216C00350000,350.0,2022-12-16,2022-11-22,1.99,2.58,1.99,2.56,232,47,1.99,,monthly_30d_30d_otm,weekly_2_strike0,31,399
DIA,2022-11-15,2022-12-13,backfill,O:DIA221216C00350000,350.0,2022-12-16,2022-11-23,2.5,2.9,2.3,2.33,401,48,2.5,,monthly_30d_30d_otm,weekly_2_strike0,31,399
DIA,2022-11-15,2022-12-13,backfill,O:DIA221216C00350000,350.0,2022-12-16,2022-11-25,2.65,3.06,2.53,2.96,215,53,2.65,,monthly_30d_30d_otm,weekly_2_strike0,31,399
DIA,2022-11-15,2022-12-13,backfill,O:DIA221216C00350000,350.0,2022-12-16,2022-11-28,2.17,2.73,1.42,1.52,623,85,2.17,,monthly_30d_30d_otm,weekly_2_strike0,31,399
DIA,2022-11-15,2022-12-13,backfill,O:DIA221216C00350000,350.0,2022-12-16,2022-11-29,1.33,1.66,1.15,1.37,2820,53,1.33,,monthly_30d_30d_otm,weekly_2_strike0,31,399
DIA,2022-11-15,2022-12-13,backfill,O:DIA221216C00350000,350.0,2022-12-16,2022-11-30,1.57,3.5,1.0,3.5,649,80,1.57,,monthly_30d_30d_otm,weekly_2_strike0,31,399
DIA,2022-11-15,2022-12-13,backfill,O:DIA221216C00350000,350.0,2022-12-16,2022-12-01,3.32,3.32,1.98,2.67,520,61,3.32,,monthly_30d_30d_otm,weekly_2_strike0,31,399
DIA,2022-11-15,2022-12-13,backfill,O:DIA221216C00350000,350.0,2022-12-16,2022-12-02,1.62,2.6,1.55,2.39,359,57,1.62,,monthly_30d_30d_otm,weekly_2_strike0,31,399
DIA,2022-11-15,2022-12-13,backfill,O:DIA221216C00350000,350.0,2022-12-16,2022-12-05,1.55,1.74,1.0,1.04,192,57,1.55,,monthly_30d_30d_otm,weekly_2_strike0,31,399
DIA,2022-11-15,2022-12-13,backfill,O:DIA221216C00350000,350.0,2022-12-16,2022-12-06,0.94,1.03,0.47,0.61,223,76,0.94,,monthly_30d_30d_otm,weekly_2_strike0,31,399
DIA,2022-11-15,2022-12-13,backfill,O:DIA221216C00350000,350.0,2022-12-16,2022-12-07,0.65,0.88,0.52,0.57,116,54,0.65,,monthly_30d_30d_otm,weekly_2_strike0,31,399
DIA,2022-11-15,2022-12-13,backfill,O:DIA221216C00350000,350.0,2022-12-16,2022-12-08,0.72,0.88,0.5,0.53,325,69,0.72,,monthly_30d_30d_otm,weekly_2_strike0,31,399
DIA,2022-11-15,2022-12-13,backfill,O:DIA221216C00350000,350.0,2022-12-16,2022-12-09,0.51,0.67,0.28,0.29,656,69,0.51,,monthly_30d_30d_otm,weekly_2_strike0,31,399
DIA,2022-11-15,2022-12-13,backfill,O:DIA221216C00350000,350.0,2022-12-16,2022-12-12,0.25,1.1,0.25,1.1,1041,103,0.25,,monthly_30d_30d_otm,weekly_2_strike0,31,399
DIA,2022-11-15,2022-12-13,backfill,O:DIA221216C00350000,350.0,2022-12-16,2022-12-13,2.04,2.05,0.53,0.76,787,121,2.04,,monthly_30d_30d_otm,weekly_2_strike0,31,399
DIA,2023-12-13,2024-01-11,backfill,O:DIA240119C00370000,370.0,2024-01-19,2023-12-13,3.4,6.04,3.12,6.04,324,62,3.4,,monthly_30d_35d_otm,weekly_2_strike0,37,324
DIA,2023-12-13,2024-01-11,backfill,O:DIA240119C00370000,370.0,2024-01-19,2023-12-14,7.65,7.65,5.98,7.09,570,56,7.65,,monthly_30d_35d_otm,weekly_2_strike0,37,324
DIA,2023-12-13,2024-01-11,backfill,O:DIA240119C00370000,370.0,2024-01-19,2023-12-15,6.75,7.68,6.45,7.5,536,42,6.75,,monthly_30d_35d_otm,weekly_2_strike0,37,324
DIA,2023-12-13,2024-01-11,backfill,O:DIA240119C00370000,370.0,2024-01-19,2023-12-18,7.76,7.95,7.35,7.41,60,20,7.76,,monthly_30d_35d_otm,weekly_2_strike0,37,324
DIA,2023-12-13,2024-01-11,backfill,O:DIA240119C00370000,370.0,2024-01-19,2023-12-19,7.45,9.07,7.45,8.77,309,17,7.45,,monthly_30d_35d_otm,weekly_2_strike0,37,324
DIA,2023-12-13,2024-01-11,backfill,O:DIA240119C00370000,370.0,2024-01-19,2023-12-20,8.61,9.6,6.3,6.3,252,20,8.61,,monthly_30d_35d_otm,weekly_2_strike0,37,324
DIA,2023-12-13,2024-01-11,backfill,O:DIA240119C00370000,370.0,2024-01-19,2023-12-21,7.5,8.06,6.3,8.06,52,13,7.5,,monthly_30d_35d_otm,weekly_2_strike0,37,324
DIA,2023-12-13,2024-01-11,backfill,O:DIA240119C00370000,370.0,2024-01-19,2023-12-22,7.75,8.55,7.35,7.7,24,9,7.75,,monthly_30d_35d_otm,weekly_2_strike0,37,324
DIA,2023-12-13,2024-01-11,backfill,O:DIA240119C00370000,370.0,2024-01-19,2023-12-26,8.2,8.85,8.2,8.74,20,6,8.2,,monthly_30d_35d_otm,weekly_2_strike0,37,324
DIA,2023-12-13,2024-01-11,backfill,O:DIA240119C00370000,370.0,2024-01-19,2023-12-27,7.7,9.28,7.7,8.92,36,18,7.7,,monthly_30d_35d_otm,weekly_2_strike0,37,324
DIA,2023-12-13,2024-01-11,backfill,O:DIA240119C00370000,370.0,2024-01-19,2023-12-28,9.6,10.0,9.45,9.45,19,10,9.6,,monthly_30d_35d_otm,weekly_2_strike0,37,324
DIA,2023-12-13,2024-01-11,backfill,O:DIA240119C00370000,370.0,2024-01-19,2023-12-29,9.4,9.4,8.15,8.9,117,7,9.4,,monthly_30d_35d_otm,weekly_2_strike0,37,324
DIA,2023-12-13,2024-01-11,backfill,O:DIA240119C00370000,370.0,2024-01-19,2024-01-02,8.12,9.62,8.1,9.15,174,26,8.12,,monthly_30d_35d_otm,weekly_2_strike0,37,324
DIA,2023-12-13,2024-01-11,backfill,O:DIA240119C00370000,370.0,2024-01-19,2024-01-03,8.2,8.25,7.05,7.35,56,14,8.2,,monthly_30d_35d_otm,weekly_2_strike0,37,324
DIA,2023-12-13,2024-01-11,backfill,O:DIA240119C00370000,370.0,2024-01-19,2024-01-04,7.15,9.05,6.75,6.77,229,61,7.15,,monthly_30d_35d_otm,weekly_2_strike0,37,324
DIA,2023-12-13,2024-01-11,backfill,O:DIA240119C00370000,370.0,2024-01-19,2024-01-05,6.45,7.5,5.95,5.95,27,13,6.45,,monthly_30d_35d_otm,weekly_2_strike0,37,324
DIA,2023-12-13,2024-01-11,backfill,O:DIA240119C00370000,370.0,2024-01-19,2024-01-08,5.37,7.9,5.1,7.7,37,13,5.37,,monthly_30d_35d_otm,weekly_2_strike0,37,324
DIA,2023-12-13,2024-01-11,backfill,O:DIA240119C00370000,370.0,2024-01-19,2024-01-09,6.15,6.55,5.65,6.35,470,14,6.15,,monthly_30d_35d_otm,weekly_2_strike0,37,324
DIA,2023-12-13,2024-01-11,backfill,O:DIA240119C00370000,370.0,2024-01-19,2024-01-10,7.1,7.34,6.9,6.92,224,7,7.1,,monthly_30d_35d_otm,weekly_2_strike0,37,324
DIA,2023-12-13,2024-01-11,backfill,O:DIA240119C00370000,370.0,2024-01-19,2024-01-11,7.86,7.86,6.4,7.36,18,8,7.86,,monthly_30d_35d_otm,weekly_2_strike0,37,324
DIS,2021-02-08,2021-03-08,backfill,O:DIS210416C00200000,200.0,2021-04-16,2021-02-08,5.7,8.6,5.65,8.24,1020,184,5.7,,monthly_60d_30d_otm,weekly_2_strike2,67,1020
DIS,2021-02-08,2021-03-08,backfill,O:DIS210416C00200000,200.0,2021-04-16,2021-02-09,7.4,8.3,6.8,8.0,845,114,7.4,,monthly_60d_30d_otm,weekly_2_strike2,67,1020
DIS,2021-02-08,2021-03-08,backfill,O:DIS210416C00200000,200.0,2021-04-16,2021-02-10,8.63,8.84,7.15,8.4,846,116,8.63,,monthly_60d_30d_otm,weekly_2_strike2,67,1020
DIS,2021-02-08,2021-03-08,backfill,O:DIS210416C00200000,200.0,2021-04-16,2021-02-11,8.45,9.3,7.9,9.16,990,138,8.45,,monthly_60d_30d_otm,weekly_2_strike2,67,1020
DIS,2021-02-08,2021-03-08,backfill,O:DIS210416C00200000,200.0,2021-04-16,2021-02-12,9.1,9.43,5.9,6.35,1474,152,9.1,,monthly_60d_30d_otm,weekly_2_strike2,67,1020
DIS,2021-02-08,2021-03-08,backfill,O:DIS210416C00200000,200.0,2021-04-16,2021-02-16,6.15,6.4,5.0,5.37,1631,118,6.15,,monthly_60d_30d_otm,weekly_2_strike2,67,1020
DIS,2021-02-08,2021-03-08,backfill,O:DIS210416C00200000,200.0,2021-04-16,2021-02-17,5.25,5.65,3.99,5.2,1473,146,5.25,,monthly_60d_30d_otm,weekly_2_strike2,67,1020
DIS,2021-02-08,2021-03-08,backfill,O:DIS210416C00200000,200.0,2021-04-16,2021-02-18,5.31,5.31,3.95,4.0,1630,104,5.31,,monthly_60d_30d_otm,weekly_2_strike2,67,1020
DIS,2021-02-08,2021-03-08,backfill,O:DIS210416C00200000,200.0,2021-04-16,2021-02-19,4.0,4.4,3.6,3.7,759,89,4.0,,monthly_60d_30d_otm,weekly_2_strike2,67,1020
DIS,2021-02-08,2021-03-08,backfill,O:DIS210416C00200000,200.0,2021-04-16,2021-02-22,3.5,7.75,3.35,6.6,2796,270,3.5,,monthly_60d_30d_otm,weekly_2_strike2,67,1020
DIS,2021-02-08,2021-03-08,backfill,O:DIS210416C00200000,200.0,2021-04-16,2021-02-23,7.46,10.0,5.7,9.11,2179,236,7.46,,monthly_60d_30d_otm,weekly_2_strike2,67,1020
DIS,2021-02-08,2021-03-08,backfill,O:DIS210416C00200000,200.0,2021-04-16,2021-02-24,9.45,11.2,8.32,9.2,6315,253,9.45,,monthly_60d_30d_otm,weekly_2_strike2,67,1020
DIS,2021-02-08,2021-03-08,backfill,O:DIS210416C00200000,200.0,2021-04-16,2021-02-25,9.4,9.45,6.3,6.82,4840,239,9.4,,monthly_60d_30d_otm,weekly_2_strike2,67,1020
DIS,2021-02-08,2021-03-08,backfill,O:DIS210416C00200000,200.0,2021-04-16,2021-02-26,6.4,6.5,4.9,5.75,1181,160,6.4,,monthly_60d_30d_otm,weekly_2_strike2,67,1020
DIS,2021-02-08,2021-03-08,backfill,O:DIS210416C00200000,200.0,2021-04-16,2021-03-01,6.79,8.24,6.15,7.12,1066,153,6.79,,monthly_60d_30d_otm,weekly_2_strike2,67,1020
DIS,2021-02-08,2021-03-08,backfill,O:DIS210416C00200000,200.0,2021-04-16,2021-03-02,7.38,8.4,6.38,6.38,596,103,7.38,,monthly_60d_30d_otm,weekly_2_strike2,67,1020
DIS,2021-02-08,2021-03-08,backfill,O:DIS210416C00200000,200.0,2021-04-16,2021-03-03,6.36,7.95,5.9,6.0,1583,167,6.36,,monthly_60d_30d_otm,weekly_2_strike2,67,1020
DIS,2021-02-08,2021-03-08,backfill,O:DIS210416C00200000,200.0,2021-04-16,2021-03-04,5.5,5.9,3.55,4.54,3278,239,5.5,,monthly_60d_30d_otm,weekly_2_strike2,67,1020
DIS,2021-02-08,2021-03-08,backfill,O:DIS210416C00200000,200.0,2021-04-16,2021-03-05,4.8,5.05,3.5,4.85,1859,156,4.8,,monthly_60d_30d_otm,weekly_2_strike2,67,1020
DIS,2021-02-08,2021-03-08,backfill,O:DIS210416C00200000,200.0,2021-04-16,2021-03-08,7.11,11.35,6.18,10.8,4847,296,7.11,,monthly_60d_30d_otm,weekly_2_strike2,67,1020
DIS,2022-08-15,2022-09-12,backfill,O:DIS220916C00130000,130.0,2022-09-16,2022-08-15,1.26,2.7,1.25,2.1,3413,250,1.26,,monthly_30d_25d_otm,weekly_2_strike0,32,3413
DIS,2022-08-15,2022-09-12,backfill,O:DIS220916C00130000,130.0,2022-09-16,2022-08-16,2.14,2.69,1.82,2.09,3160,237,2.14,,monthly_30d_25d_otm,weekly_2_strike0,32,3413
DIS,2022-08-15,2022-09-12,backfill,O:DIS220916C00130000,130.0,2022-09-16,2022-08-17,1.68,1.95,1.39,1.44,1675,146,1.68,,monthly_30d_25d_otm,weekly_2_strike0,32,3413
DIS,2022-08-15,2022-09-12,backfill,O:DIS220916C00130000,130.0,2022-09-16,2022-08-18,1.41,1.41,1.09,1.2,1225,127,1.41,,monthly_30d_25d_otm,weekly_2_strike0,32,3413
DIS,2022-08-15,2022-09-12,backfill,O:DIS220916C00130000,130.0,2022-09-16,2022-08-19,0.93,0.99,0.71,0.74,1953,154,0.93,,monthly_30d_25d_otm,weekly_2_strike0,32,3413
DIS,2022-08-15,2022-09-12,backfill,O:DIS220916C00130000,130.0,2022-09-16,2022-08-22,0.5,0.52,0.32,0.34,934,153,0.5,,monthly_30d_25d_otm,weekly_2_strike0,32,3413
DIS,2022-08-15,2022-09-12,backfill,O:DIS220916C00130000,130.0,2022-09-16,2022-08-23,0.33,0.34,0.23,0.24,840,90,0.33,,monthly_30d_25d_otm,weekly_2_strike0,32,3413
DIS,2022-08-15,2022-09-12,backfill,O:DIS220916C00130000,130.0,2022-09-16,2022-08-24,0.22,0.32,0.21,0.29,375,65,0.22,,monthly_30d_25d_otm,weekly_2_strike0,32,3413
DIS,2022-08-15,2022-09-12,backfill,O:DIS220916C00130000,130.0,2022-09-16,2022-08-25,0.32,0.33,0.23,0.26,336,65,0.32,,monthly_30d_25d_otm,weekly_2_strike0,32,3413
DIS,2022-08-15,2022-09-12,backfill,O:DIS220916C00130000,130.0,2022-09-16,2022-08-26,0.27,0.3,0.14,0.15,536,66,0.27,,monthly_30d_25d_otm,weekly_2_strike0,32,3413
DIS,2022-08-15,2022-09-12,backfill,O:DIS220916C00130000,130.0,2022-09-16,2022-08-29,0.12,0.16,0.11,0.14,326,56,0.12,,monthly_30d_25d_otm,weekly_2_strike0,32,3413
DIS,2022-08-15,2022-09-12,backfill,O:DIS220916C00130000,130.0,2022-09-16,2022-08-30,0.12,0.15,0.07,0.09,321,56,0.12,,monthly_30d_25d_otm,weekly_2_strike0,32,3413
DIS,2022-08-15,2022-09-12,backfill,O:DIS220916C00130000,130.0,2022-09-16,2022-08-31,0.08,0.09,0.07,0.09,134,26,0.08,,monthly_30d_25d_otm,weekly_2_strike0,32,3413
DIS,2022-08-15,2022-09-12,backfill,O:DIS220916C00130000,130.0,2022-09-16,2022-09-01,0.07,0.09,0.05,0.08,143,31,0.07,,monthly_30d_25d_otm,weekly_2_strike0,32,3413
DIS,2022-08-15,2022-09-12,backfill,O:DIS220916C00130000,130.0,2022-09-16,2022-09-02,0.08,0.08,0.05,0.06,218,32,0.08,,monthly_30d_25d_otm,weekly_2_strike0,32,3413
DIS,2022-08-15,2022-09-12,backfill,O:DIS220916C00130000,130.0,2022-09-16,2022-09-06,0.05,0.06,0.02,0.04,109,22,0.05,,monthly_30d_25d_otm,weekly_2_strike0,32,3413
DIS,2022-08-15,2022-09-12,backfill,O:DIS220916C00130000,130.0,2022-09-16,2022-09-07,0.03,0.04,0.02,0.03,116,26,0.03,,monthly_30d_25d_otm,weekly_2_strike0,32,3413
DIS,2022-08-15,2022-09-12,backfill,O:DIS220916C00130000,130.0,2022-09-16,2022-09-08,0.04,0.04,0.02,0.03,247,27,0.04,,monthly_30d_25d_otm,weekly_2_strike0,32,3413
DIS,2022-08-15,2022-09-12,backfill,O:DIS220916C00130000,130.0,2022-09-16,2022-09-09,0.04,0.04,0.02,0.03,444,37,0.04,,monthly_30d_25d_otm,weekly_2_strike0,32,3413
DIS,2022-08-15,2022-09-12,backfill,O:DIS220916C00130000,130.0,2022-09-16,2022-09-12,0.08,0.08,0.02,0.02,191,32,0.08,,monthly_30d_25d_otm,weekly_2_strike0,32,3413
DIS,2023-02-01,2023-02-24,backfill,O:DIS230317C00115000,115.0,2023-03-17,2023-02-01,2.45,2.98,2.15,2.82,714,100,2.45,,monthly_30d_25d_otm,weekly_2_strike0,44,714
DIS,2023-02-01,2023-02-24,backfill,O:DIS230317C00115000,115.0,2023-03-17,2023-02-02,3.1,4.88,2.95,4.72,4440,178,3.1,,monthly_30d_25d_otm,weekly_2_strike0,44,714
DIS,2023-02-01,2023-02-24,backfill,O:DIS230317C00115000,115.0,2023-03-17,2023-02-03,3.8,4.55,3.35,3.45,8566,145,3.8,,monthly_30d_25d_otm,weekly_2_strike0,44,714
DIS,2023-02-01,2023-02-24,backfill,O:DIS230317C00115000,115.0,2023-03-17,2023-02-06,3.25,3.35,2.69,3.1,4752,141,3.25,,monthly_30d_25d_otm,weekly_2_strike0,44,714
DIS,2023-02-01,2023-02-24,backfill,O:DIS230317C00115000,115.0,2023-03-17,2023-02-07,2.95,3.98,2.77,3.85,1320,145,2.95,,monthly_30d_25d_otm,weekly_2_strike0,44,714
DIS,2023-02-01,2023-02-24,backfill,O:DIS230317C00115000,115.0,2023-03-17,2023-02-08,3.86,4.5,3.35,4.04,2367,239,3.86,,monthly_30d_25d_otm,weekly_2_strike0,44,714
DIS,2023-02-01,2023-02-24,backfill,O:DIS230317C00115000,115.0,2023-03-17,2023-02-09,6.25,6.3,2.17,2.32,12319,305,6.25,,monthly_30d_25d_otm,weekly_2_strike0,44,714
DIS,2023-02-01,2023-02-24,backfill,O:DIS230317C00115000,115.0,2023-03-17,2023-02-10,2.2,2.2,1.41,1.62,3253,230,2.2,,monthly_30d_25d_otm,weekly_2_strike0,44,714
DIS,2023-02-01,2023-02-24,backfill,O:DIS230317C00115000,115.0,2023-03-17,2023-02-13,1.59,1.62,1.17,1.28,2361,173,1.59,,monthly_30d_25d_otm,weekly_2_strike0,44,714
DIS,2023-02-01,2023-02-24,backfill,O:DIS230317C00115000,115.0,2023-03-17,2023-02-14,0.99,1.25,0.83,1.1,4566,186,0.99,,monthly_30d_25d_otm,weekly_2_strike0,44,714
DIS,2023-02-01,2023-02-24,backfill,O:DIS230317C00115000,115.0,2023-03-17,2023-02-15,0.95,1.4,0.91,1.4,1743,219,0.95,,monthly_30d_25d_otm,weekly_2_strike0,44,714
DIS,2023-02-01,2023-02-24,backfill,O:DIS230317C00115000,115.0,2023-03-17,2023-02-16,1.05,1.1,0.7,0.7,2748,189,1.05,,monthly_30d_25d_otm,weekly_2_strike0,44,714
DIS,2023-02-01,2023-02-24,backfill,O:DIS230317C00115000,115.0,2023-03-17,2023-02-17,0.63,0.69,0.46,0.56,2095,171,0.63,,monthly_30d_25d_otm,weekly_2_strike0,44,714
DIS,2023-02-01,2023-02-24,backfill,O:DIS230317C00115000,115.0,2023-03-17,2023-02-21,0.42,0.42,0.22,0.23,2192,120,0.42,,monthly_30d_25d_otm,weekly_2_strike0,44,714
DIS,2023-02-01,2023-02-24,backfill,O:DIS230317C00115000,115.0,2023-03-17,2023-02-22,0.43,0.43,0.17,0.19,809,63,0.43,,monthly_30d_25d_otm,weekly_2_strike0,44,714
DIS,2023-02-01,2023-02-24,backfill,O:DIS230317C00115000,115.0,2023-03-17,2023-02-23,0.18,0.18,0.11,0.15,1551,68,0.18,,monthly_30d_25d_otm,weekly_2_strike0,44,714
DIS,2023-02-01,2023-02-24,backfill,O:DIS230317C00115000,115.0,2023-03-17,2023-02-24,0.09,0.12,0.08,0.11,748,44,0.09,,monthly_30d_25d_otm,weekly_2_strike0,44,714
DIS,2023-10-09,2023-11-03,backfill,O:DIS231117C00090000,90.0,2023-11-17,2023-10-09,1.8,1.89,1.45,1.82,1623,230,1.8,,monthly_30d_20d_otm,weekly_2_strike0,39,1623
DIS,2023-10-09,2023-11-03,backfill,O:DIS231117C00090000,90.0,2023-11-17,2023-10-10,1.82,1.9,1.56,1.79,3731,152,1.82,,monthly_30d_20d_otm,weekly_2_strike0,39,1623
DIS,2023-10-09,2023-11-03,backfill,O:DIS231117C00090000,90.0,2023-11-17,2023-10-11,1.97,2.0,1.54,1.64,614,103,1.97,,monthly_30d_20d_otm,weekly_2_strike0,39,1623
DIS,2023-10-09,2023-11-03,backfill,O:DIS231117C00090000,90.0,2023-11-17,2023-10-12,1.62,1.64,1.29,1.48,577,85,1.62,,monthly_30d_20d_otm,weekly_2_strike0,39,1623
DIS,2023-10-09,2023-11-03,backfill,O:DIS231117C00090000,90.0,2023-11-17,2023-10-13,1.4,1.56,1.27,1.52,779,125,1.4,,monthly_30d_20d_otm,weekly_2_strike0,39,1623
DIS,2023-10-09,2023-11-03,backfill,O:DIS231117C00090000,90.0,2023-11-17,2023-10-16,1.59,1.87,1.36,1.81,4332,170,1.59,,monthly_30d_20d_otm,weekly_2_strike0,39,1623
DIS,2023-10-09,2023-11-03,backfill,O:DIS231117C00090000,90.0,2023-11-17,2023-10-17,1.9,1.94,1.68,1.94,1350,139,1.9,,monthly_30d_20d_otm,weekly_2_strike0,39,1623
DIS,2023-10-09,2023-11-03,backfill,O:DIS231117C00090000,90.0,2023-11-17,2023-10-18,1.69,1.97,1.48,1.5,1356,128,1.69,,monthly_30d_20d_otm,weekly_2_strike0,39,1623
DIS,2023-10-09,2023-11-03,backfill,O:DIS231117C00090000,90.0,2023-11-17,2023-10-19,1.55,1.55,1.09,1.11,1066,134,1.55,,monthly_30d_20d_otm,weekly_2_strike0,39,1623
DIS,2023-10-09,2023-11-03,backfill,O:DIS231117C00090000,90.0,2023-11-17,2023-10-20,1.0,1.12,0.95,0.95,2578,181,1.0,,monthly_30d_20d_otm,weekly_2_strike0,39,1623
DIS,2023-10-09,2023-11-03,backfill,O:DIS231117C00090000,90.0,2023-11-17,2023-10-23,0.83,1.15,0.64,0.97,1605,200,0.83,,monthly_30d_20d_otm,weekly_2_strike0,39,1623
DIS,2023-10-09,2023-11-03,backfill,O:DIS231117C00090000,90.0,2023-11-17,2023-10-24,1.06,1.19,0.72,0.83,959,177,1.06,,monthly_30d_20d_otm,weekly_2_strike0,39,1623
DIS,2023-10-09,2023-11-03,backfill,O:DIS231117C00090000,90.0,2023-11-17,2023-10-25,0.8,0.8,0.53,0.54,1102,141,0.8,,monthly_30d_20d_otm,weekly_2_strike0,39,1623
DIS,2023-10-09,2023-11-03,backfill,O:DIS231117C00090000,90.0,2023-11-17,2023-10-26,0.5,0.54,0.43,0.45,1166,130,0.5,,monthly_30d_20d_otm,weekly_2_strike0,39,1623
DIS,2023-10-09,2023-11-03,backfill,O:DIS231117C00090000,90.0,2023-11-17,2023-10-27,0.45,0.55,0.39,0.39,716,108,0.45,,monthly_30d_20d_otm,weekly_2_strike0,39,1623
DIS,2023-10-09,2023-11-03,backfill,O:DIS231117C00090000,90.0,2023-11-17,2023-10-30,0.42,0.51,0.37,0.47,1131,119,0.42,,monthly_30d_20d_otm,weekly_2_strike0,39,1623
DIS,2023-10-09,2023-11-03,backfill,O:DIS231117C00090000,90.0,2023-11-17,2023-10-31,0.47,0.63,0.44,0.6,1265,111,0.47,,monthly_30d_20d_otm,weekly_2_strike0,39,1623
DIS,2023-10-09,2023-11-03,backfill,O:DIS231117C00090000,90.0,2023-11-17,2023-11-01,0.59,0.59,0.43,0.51,501,68,0.59,,monthly_30d_20d_otm,weekly_2_strike0,39,1623
DIS,2023-10-09,2023-11-03,backfill,O:DIS231117C00090000,90.0,2023-11-17,2023-11-02,0.65,0.77,0.61,0.76,1047,114,0.65,,monthly_30d_20d_otm,weekly_2_strike0,39,1623
DIS,2023-10-09,2023-11-03,backfill,O:DIS231117C00090000,90.0,2023-11-17,2023-11-03,1.03,1.48,0.98,1.19,2445,229,1.03,,monthly_30d_20d_otm,weekly_2_strike0,39,1623
DIS,2024-02-14,2024-03-13,backfill,O:DIS240315C00120000,120.0,2024-03-15,2024-02-14,1.25,1.25,0.48,0.66,1446,135,1.25,,monthly_30d_25d_otm,weekly_2_strike0,30,1446
DIS,2024-02-14,2024-03-13,backfill,O:DIS240315C00120000,120.0,2024-03-15,2024-02-15,0.65,0.86,0.58,0.75,1226,130,0.65,,monthly_30d_25d_otm,weekly_2_strike0,30,1446
DIS,2024-02-14,2024-03-13,backfill,O:DIS240315C00120000,120.0,2024-03-15,2024-02-16,0.75,0.77,0.55,0.59,1117,101,0.75,,monthly_30d_25d_otm,weekly_2_strike0,30,1446
DIS,2024-02-14,2024-03-13,backfill,O:DIS240315C00120000,120.0,2024-03-15,2024-02-20,0.53,0.53,0.3,0.3,1223,96,0.53,,monthly_30d_25d_otm,weekly_2_strike0,30,1446
DIS,2024-02-14,2024-03-13,backfill,O:DIS240315C00120000,120.0,2024-03-15,2024-02-21,0.2,0.3,0.13,0.17,5082,96,0.2,,monthly_30d_25d_otm,weekly_2_strike0,30,1446
DIS,2024-02-14,2024-03-13,backfill,O:DIS240315C00120000,120.0,2024-03-15,2024-02-22,0.18,0.19,0.14,0.15,440,56,0.18,,monthly_30d_25d_otm,weekly_2_strike0,30,1446
DIS,2024-02-14,2024-03-13,backfill,O:DIS240315C00120000,120.0,2024-03-15,2024-02-23,0.14,0.15,0.08,0.12,1604,54,0.14,,monthly_30d_25d_otm,weekly_2_strike0,30,1446
DIS,2024-02-14,2024-03-13,backfill,O:DIS240315C00120000,120.0,2024-03-15,2024-02-26,0.13,0.16,0.08,0.1,292,40,0.13,,monthly_30d_25d_otm,weekly_2_strike0,30,1446
DIS,2024-02-14,2024-03-13,backfill,O:DIS240315C00120000,120.0,2024-03-15,2024-02-27,0.12,0.15,0.09,0.15,304,38,0.12,,monthly_30d_25d_otm,weekly_2_strike0,30,1446
DIS,2024-02-14,2024-03-13,backfill,O:DIS240315C00120000,120.0,2024-03-15,2024-02-28,0.11,0.18,0.1,0.15,388,41,0.11,,monthly_30d_25d_otm,weekly_2_strike0,30,1446
DIS,2024-02-14,2024-03-13,backfill,O:DIS240315C00120000,120.0,2024-03-15,2024-02-29,0.19,0.27,0.15,0.17,511,35,0.19,,monthly_30d_25d_otm,weekly_2_strike0,30,1446
DIS,2024-02-14,2024-03-13,backfill,O:DIS240315C00120000,120.0,2024-03-15,2024-03-01,0.14,0.19,0.13,0.16,72,27,0.14,,monthly_30d_25d_otm,weekly_2_strike0,30,1446
DIS,2024-02-14,2024-03-13,backfill,O:DIS240315C00120000,120.0,2024-03-15,2024-03-04,0.5,0.5,0.15,0.3,1107,100,0.5,,monthly_30d_25d_otm,weekly_2_strike0,30,1446
DIS,2024-02-14,2024-03-13,backfill,O:DIS240315C00120000,120.0,2024-03-15,2024-03-05,0.32,0.59,0.17,0.22,1189,94,0.32,,monthly_30d_25d_otm,weekly_2_strike0,30,1446
DIS,2024-02-14,2024-03-13,backfill,O:DIS240315C00120000,120.0,2024-03-15,2024-03-06,0.25,0.25,0.06,0.08,374,58,0.25,,monthly_30d_25d_otm,weekly_2_strike0,30,1446
DIS,2024-02-14,2024-03-13,backfill,O:DIS240315C00120000,120.0,2024-03-15,2024-03-07,0.09,0.11,0.04,0.05,246,36,0.09,,monthly_30d_25d_otm,weekly_2_strike0,30,1446
DIS,2024-02-14,2024-03-13,backfill,O:DIS240315C00120000,120.0,2024-03-15,2024-03-08,0.04,0.1,0.03,0.04,492,34,0.04,,monthly_30d_25d_otm,weekly_2_strike0,30,1446
DIS,2024-02-14,2024-03-13,backfill,O:DIS240315C00120000,120.0,2024-03-15,2024-03-11,0.04,0.06,0.03,0.04,791,76,0.04,,monthly_30d_25d_otm,weekly_2_strike0,30,1446
DIS,2024-02-14,2024-03-13,backfill,O:DIS240315C00120000,120.0,2024-03-15,2024-03-12,0.03,0.04,0.01,0.04,598,41,0.03,,monthly_30d_25d_otm,weekly_2_strike0,30,1446
DIS,2024-02-14,2024-03-13,backfill,O:DIS240315C00120000,120.0,2024-03-15,2024-03-13,0.02,0.04,0.01,0.01,455,36,0.02,,monthly_30d_25d_otm,weekly_2_strike0,30,1446
DIS,2024-12-19,2025-01-21,backfill,O:DIS250117C00115000,115.0,2025-01-17,2024-12-19,2.36,2.36,1.85,1.85,1663,84,2.36,,monthly_30d_25d_otm,weekly_2_strike0,29,1663
DIS,2024-12-19,2025-01-21,backfill,O:DIS250117C00115000,115.0,2025-01-17,2024-12-20,1.6,2.07,1.47,1.47,2577,127,1.6,,monthly_30d_25d_otm,weekly_2_strike0,29,1663
DIS,2024-12-19,2025-01-21,backfill,O:DIS250117C00115000,115.0,2025-01-17,2024-12-23,1.46,1.5,1.06,1.25,2716,90,1.46,,monthly_30d_25d_otm,weekly_2_strike0,29,1663
DIS,2024-12-19,2025-01-21,backfill,O:DIS250117C00115000,115.0,2025-01-17,2024-12-24,1.11,1.48,1.11,1.42,540,70,1.11,,monthly_30d_25d_otm,weekly_2_strike0,29,1663
DIS,2024-12-19,2025-01-21,backfill,O:DIS250117C00115000,115.0,2025-01-17,2024-12-26,1.24,1.65,1.2,1.31,896,151,1.24,,monthly_30d_25d_otm,weekly_2_strike0,29,1663
DIS,2024-12-19,2025-01-21,backfill,O:DIS250117C00115000,115.0,2025-01-17,2024-12-27,1.08,1.15,0.87,0.95,1512,107,1.08,,monthly_30d_25d_otm,weekly_2_strike0,29,1663
DIS,2024-12-19,2025-01-21,backfill,O:DIS250117C00115000,115.0,2025-01-17,2024-12-30,0.65,0.86,0.41,0.7,1755,85,0.65,,monthly_30d_25d_otm,weekly_2_strike0,29,1663
DIS,2024-12-19,2025-01-21,backfill,O:DIS250117C00115000,115.0,2025-01-17,2024-12-31,0.7,0.83,0.63,0.8,594,77,0.7,,monthly_30d_25d_otm,weekly_2_strike0,29,1663
DIS,2024-12-19,2025-01-21,backfill,O:DIS250117C00115000,115.0,2025-01-17,2025-01-02,0.76,0.9,0.5,0.62,955,88,0.76,,monthly_30d_25d_otm,weekly_2_strike0,29,1663
DIS,2024-12-19,2025-01-21,backfill,O:DIS250117C00115000,115.0,2025-01-17,2025-01-03,0.66,0.66,0.4,0.47,3121,131,0.66,,monthly_30d_25d_otm,weekly_2_strike0,29,1663
DIS,2024-12-19,2025-01-21,backfill,O:DIS250117C00115000,115.0,2025-01-17,2025-01-06,0.58,0.8,0.42,0.44,2203,148,0.58,,monthly_30d_25d_otm,weekly_2_strike0,29,1663
DIS,2024-12-19,2025-01-21,backfill,O:DIS250117C00115000,115.0,2025-01-17,2025-01-07,0.5,1.15,0.5,0.51,8768,179,0.5,,monthly_30d_25d_otm,weekly_2_strike0,29,1663
DIS,2024-12-19,2025-01-21,backfill,O:DIS250117C00115000,115.0,2025-01-17,2025-01-08,0.45,0.45,0.14,0.19,3126,166,0.45,,monthly_30d_25d_otm,weekly_2_strike0,29,1663
DIS,2024-12-19,2025-01-21,backfill,O:DIS250117C00115000,115.0,2025-01-17,2025-01-10,0.01,0.22,0.01,0.1,3728,115,0.01,,monthly_30d_25d_otm,weekly_2_strike0,29,1663
DIS,2024-12-19,2025-01-21,backfill,O:DIS250117C00115000,115.0,2025-01-17,2025-01-13,0.07,0.1,0.02,0.04,1992,84,0.07,,monthly_30d_25d_otm,weekly_2_strike0,29,1663
DIS,2024-12-19,2025-01-21,backfill,O:DIS250117C00115000,115.0,2025-01-17,2025-01-14,0.02,0.09,0.02,0.03,1231,56,0.02,,monthly_30d_25d_otm,weekly_2_strike0,29,1663
DIS,2024-12-19,2025-01-21,backfill,O:DIS250117C00115000,115.0,2025-01-17,2025-01-15,0.09,0.09,0.01,0.03,621,83,0.09,,monthly_30d_25d_otm,weekly_2_strike0,29,1663
DIS,2024-12-19,2025-01-21,backfill,O:DIS250117C00115000,115.0,2025-01-17,2025-01-16,0.02,0.04,0.01,0.01,897,51,0.02,,monthly_30d_25d_otm,weekly_2_strike0,29,1663
DIS,2024-12-19,2025-01-21,backfill,O:DIS250117C00115000,115.0,2025-01-17,2025-01-17,0.01,0.08,0.01,0.01,151,37,0.01,,monthly_30d_25d_otm,weekly_2_strike0,29,1663
DKNG,2021-09-15,2021-09-22,backfill,O:DKNG211119C00065000,65.0,2021-11-19,2021-09-15,3.0,3.48,2.82,3.17,429,78,3.0,,monthly_60d_30d_otm,weekly_2_strike0,65,429
DKNG,2021-09-15,2021-09-22,backfill,O:DKNG211119C00065000,65.0,2021-11-19,2021-09-16,3.1,3.3,2.86,3.15,619,65,3.1,,monthly_60d_30d_otm,weekly_2_strike0,65,429
DKNG,2021-09-15,2021-09-22,backfill,O:DKNG211119C00065000,65.0,2021-11-19,2021-09-17,3.09,3.4,2.79,3.2,241,70,3.09,,monthly_60d_30d_otm,weekly_2_strike0,65,429
DKNG,2021-09-15,2021-09-22,backfill,O:DKNG211119C00065000,65.0,2021-11-19,2021-09-20,2.31,2.82,1.95,2.2,1653,149,2.31,,monthly_60d_30d_otm,weekly_2_strike0,65,429
DKNG,2021-09-15,2021-09-22,backfill,O:DKNG211119C00065000,65.0,2021-11-19,2021-09-21,1.85,2.45,1.15,1.31,2577,212,1.85,,monthly_60d_30d_otm,weekly_2_strike0,65,429
DKNG,2021-09-15,2021-09-22,backfill,O:DKNG211119C00065000,65.0,2021-11-19,2021-09-22,1.25,1.31,1.05,1.16,723,135,1.25,,monthly_60d_30d_otm,weekly_2_strike0,65,429
DOCU,2020-03-09,2020-03-12,backfill,O:DOCU200417C00080000,80.0,2020-04-17,2020-03-09,8.0,8.7,7.0,7.31,75,19,8.0,,monthly_30d_40d_otm,weekly_2_strike6,39,75
DOCU,2020-03-09,2020-03-12,backfill,O:DOCU200417C00080000,80.0,2020-04-17,2020-03-10,8.1,8.1,5.63,6.8,127,20,8.1,,monthly_30d_40d_otm,weekly_2_strike6,39,75
DOCU,2020-03-09,2020-03-12,backfill,O:DOCU200417C00080000,80.0,2020-04-17,2020-03-11,6.8,7.23,5.0,5.47,65,21,6.8,,monthly_30d_40d_otm,weekly_2_strike6,39,75
DOCU,2020-03-09,2020-03-12,backfill,O:DOCU200417C00080000,80.0,2020-04-17,2020-03-12,3.0,3.9,2.3,3.4,135,26,3.0,,monthly_30d_40d_otm,weekly_2_strike6,39,75
DOCU,2021-06-21,2021-07-19,backfill,O:DOCU210716C00295000,295.0,2021-07-16,2021-06-21,3.0,4.12,2.6,2.6,45,10,3.0,,monthly_30d_30d_otm,weekly_2_strike0,25,45
DOCU,2021-06-21,2021-07-19,backfill,O:DOCU210716C00295000,295.0,2021-07-16,2021-06-22,3.85,4.95,3.7,3.99,49,18,3.85,,monthly_30d_30d_otm,weekly_2_strike0,25,45
DOCU,2021-06-21,2021-07-19,backfill,O:DOCU210716C00295000,295.0,2021-07-16,2021-06-23,4.1,4.75,3.01,3.01,75,15,4.1,,monthly_30d_30d_otm,weekly_2_strike0,25,45
DOCU,2021-06-21,2021-07-19,backfill,O:DOCU210716C00295000,295.0,2021-07-16,2021-06-24,3.44,5.25,3.44,3.59,63,21,3.44,,monthly_30d_30d_otm,weekly_2_strike0,25,45
DOCU,2021-06-21,2021-07-19,backfill,O:DOCU210716C00295000,295.0,2021-07-16,2021-06-25,3.8,3.8,2.98,3.05,96,12,3.8,,monthly_30d_30d_otm,weekly_2_strike0,25,45
DOCU,2021-06-21,2021-07-19,backfill,O:DOCU210716C00295000,295.0,2021-07-16,2021-06-28,4.05,4.85,3.84,4.37,60,23,4.05,,monthly_30d_30d_otm,weekly_2_strike0,25,45
DOCU,2021-06-21,2021-07-19,backfill,O:DOCU210716C00295000,295.0,2021-07-16,2021-06-29,3.85,4.36,3.55,4.15,105,31,3.85,,monthly_30d_30d_otm,weekly_2_strike0,25,45
DOCU,2021-06-21,2021-07-19,backfill,O:DOCU210716C00295000,295.0,2021-07-16,2021-06-30,3.9,5.1,2.68,2.91,70,20,3.9,,monthly_30d_30d_otm,weekly_2_strike0,25,45
DOCU,2021-06-21,2021-07-19,backfill,O:DOCU210716C00295000,295.0,2021-07-16,2021-07-01,2.58,2.78,1.78,2.1,56,23,2.58,,monthly_30d_30d_otm,weekly_2_strike0,25,45
DOCU,2021-06-21,2021-07-19,backfill,O:DOCU210716C00295000,295.0,2021-07-16,2021-07-02,2.67,2.74,1.46,1.7,30,17,2.67,,monthly_30d_30d_otm,weekly_2_strike0,25,45
DOCU,2021-06-21,2021-07-19,backfill,O:DOCU210716C00295000,295.0,2021-07-16,2021-07-06,1.45,6.65,1.42,4.3,649,97,1.45,,monthly_30d_30d_otm,weekly_2_strike0,25,45
DOCU,2021-06-21,2021-07-19,backfill,O:DOCU210716C00295000,295.0,2021-07-16,2021-07-07,5.62,6.4,3.2,4.15,312,81,5.62,,monthly_30d_30d_otm,weekly_2_strike0,25,45
DOCU,2021-06-21,2021-07-19,backfill,O:DOCU210716C00295000,295.0,2021-07-16,2021-07-08,1.98,5.15,1.62,4.1,272,73,1.98,,monthly_30d_30d_otm,weekly_2_strike0,25,45
DOCU,2021-06-21,2021-07-19,backfill,O:DOCU210716C00295000,295.0,2021-07-16,2021-07-09,3.8,3.8,2.24,2.54,315,65,3.8,,monthly_30d_30d_otm,weekly_2_strike0,25,45
DOCU,2021-06-21,2021-07-19,backfill,O:DOCU210716C00295000,295.0,2021-07-16,2021-07-12,3.4,7.5,1.89,1.92,1195,159,3.4,,monthly_30d_30d_otm,weekly_2_strike0,25,45
DOCU,2021-06-21,2021-07-19,backfill,O:DOCU210716C00295000,295.0,2021-07-16,2021-07-13,1.4,1.74,0.46,0.56,639,85,1.4,,monthly_30d_30d_otm,weekly_2_strike0,25,45
DOCU,2021-06-21,2021-07-19,backfill,O:DOCU210716C00295000,295.0,2021-07-16,2021-07-14,0.48,0.5,0.1,0.1,747,66,0.48,,monthly_30d_30d_otm,weekly_2_strike0,25,45
DOCU,2021-06-21,2021-07-19,backfill,O:DOCU210716C00295000,295.0,2021-07-16,2021-07-15,0.04,0.42,0.04,0.07,436,31,0.04,,monthly_30d_30d_otm,weekly_2_strike0,25,45
DOCU,2021-06-21,2021-07-19,backfill,O:DOCU210716C00295000,295.0,2021-07-16,2021-07-16,0.18,0.21,0.01,0.03,115,25,0.18,,monthly_30d_30d_otm,weekly_2_strike0,25,45
DOCU,2022-10-03,2022-10-12,backfill,O:DOCU221118C00060000,60.0,2022-11-18,2022-10-03,2.18,2.75,2.13,2.62,337,48,2.18,,monthly_30d_25d_otm,weekly_2_strike0,46,337
DOCU,2022-10-03,2022-10-12,backfill,O:DOCU221118C00060000,60.0,2022-11-18,2022-10-04,3.09,3.91,3.09,3.45,150,33,3.09,,monthly_30d_25d_otm,weekly_2_strike0,46,337
DOCU,2022-10-03,2022-10-12,backfill,O:DOCU221118C00060000,60.0,2022-11-18,2022-10-05,2.38,2.88,2.11,2.66,313,41,2.38,,monthly_30d_25d_otm,weekly_2_strike0,46,337
DOCU,2022-10-03,2022-10-12,backfill,O:DOCU221118C00060000,60.0,2022-11-18,2022-10-06,2.74,2.75,1.9,1.9,98,23,2.74,,monthly_30d_25d_otm,weekly_2_strike0,46,337
DOCU,2022-10-03,2022-10-12,backfill,O:DOCU221118C00060000,60.0,2022-11-18,2022-10-07,1.48,1.49,0.95,0.95,958,95,1.48,,monthly_30d_25d_otm,weekly_2_strike0,46,337
DOCU,2022-10-03,2022-10-12,backfill,O:DOCU221118C00060000,60.0,2022-11-18,2022-10-10,0.93,0.95,0.63,0.66,229,70,0.93,,monthly_30d_25d_otm,weekly_2_strike0,46,337
DOCU,2022-10-03,2022-10-12,backfill,O:DOCU221118C00060000,60.0,2022-11-18,2022-10-11,0.6,0.6,0.41,0.44,56,29,0.6,,monthly_30d_25d_otm,weekly_2_strike0,46,337
DOCU,2022-10-03,2022-10-12,backfill,O:DOCU221118C00060000,60.0,2022-11-18,2022-10-12,0.49,0.59,0.36,0.56,72,34,0.49,,monthly_30d_25d_otm,weekly_2_strike0,46,337
DOCU,2024-10-18,2024-11-14,backfill,O:DOCU241115C00075000,75.0,2024-11-15,2024-10-18,1.79,2.05,1.57,1.57,84,19,1.79,,monthly_30d_35d_otm,weekly_1_strike0,28,84
DOCU,2024-10-18,2024-11-14,backfill,O:DOCU241115C00075000,75.0,2024-11-15,2024-10-21,1.84,1.84,1.17,1.2,88,18,1.84,,monthly_30d_35d_otm,weekly_1_strike0,28,84
DOCU,2024-10-18,2024-11-14,backfill,O:DOCU241115C00075000,75.0,2024-11-15,2024-10-22,1.0,1.1,0.62,1.1,164,19,1.0,,monthly_30d_35d_otm,weekly_1_strike0,28,84
DOCU,2024-10-18,2024-11-14,backfill,O:DOCU241115C00075000,75.0,2024-11-15,2024-10-23,0.63,0.82,0.63,0.81,35,3,0.63,,monthly_30d_35d_otm,weekly_1_strike0,28,84
DOCU,2024-10-18,2024-11-14,backfill,O:DOCU241115C00075000,75.0,2024-11-15,2024-10-24,0.69,1.2,0.69,0.88,39,15,0.69,,monthly_30d_35d_otm,weekly_1_strike0,28,84
DOCU,2024-10-18,2024-11-14,backfill,O:DOCU241115C00075000,75.0,2024-11-15,2024-10-25,0.82,0.82,0.42,0.42,361,18,0.82,,monthly_30d_35d_otm,weekly_1_strike0,28,84
DOCU,2024-10-18,2024-11-14,backfill,O:DOCU241115C00075000,75.0,2024-11-15,2024-10-28,0.6,0.6,0.49,0.5,9,5,0.6,,monthly_30d_35d_otm,weekly_1_strike0,28,84
DOCU,2024-10-18,2024-11-14,backfill,O:DOCU241115C00075000,75.0,2024-11-15,2024-10-29,1.06,1.06,0.54,0.54,86,12,1.06,,monthly_30d_35d_otm,weekly_1_strike0,28,84
DOCU,2024-10-18,2024-11-14,backfill,O:DOCU241115C00075000,75.0,2024-11-15,2024-10-30,0.56,0.56,0.39,0.4,26,18,0.56,,monthly_30d_35d_otm,weekly_1_strike0,28,84
DOCU,2024-10-18,2024-11-14,backfill,O:DOCU241115C00075000,75.0,2024-11-15,2024-10-31,0.35,0.53,0.35,0.5,73,12,0.35,,monthly_30d_35d_otm,weekly_1_strike0,28,84
DOCU,2024-10-18,2024-11-14,backfill,O:DOCU241115C00075000,75.0,2024-11-15,2024-11-01,0.61,0.73,0.55,0.67,128,24,0.61,,monthly_30d_35d_otm,weekly_1_strike0,28,84
DOCU,2024-10-18,2024-11-14,backfill,O:DOCU241115C00075000,75.0,2024-11-15,2024-11-04,0.53,0.53,0.32,0.39,81,19,0.53,,monthly_30d_35d_otm,weekly_1_strike0,28,84
DOCU,2024-10-18,2024-11-14,backfill,O:DOCU241115C00075000,75.0,2024-11-15,2024-11-05,0.43,0.8,0.43,0.79,183,23,0.43,,monthly_30d_35d_otm,weekly_1_strike0,28,84
DOCU,2024-10-18,2024-11-14,backfill,O:DOCU241115C00075000,75.0,2024-11-15,2024-11-06,1.05,2.01,0.94,1.9,469,92,1.05,,monthly_30d_35d_otm,weekly_1_strike0,28,84
DOCU,2024-10-18,2024-11-14,backfill,O:DOCU241115C00075000,75.0,2024-11-15,2024-11-07,1.88,2.59,1.57,2.59,109,19,1.88,,monthly_30d_35d_otm,weekly_1_strike0,28,84
DOCU,2024-10-18,2024-11-14,backfill,O:DOCU241115C00075000,75.0,2024-11-15,2024-11-08,1.91,4.65,1.91,4.65,70,19,1.91,,monthly_30d_35d_otm,weekly_1_strike0,28,84
DOCU,2024-10-18,2024-11-14,backfill,O:DOCU241115C00075000,75.0,2024-11-15,2024-11-11,4.8,6.47,4.8,6.47,51,15,4.8,,monthly_30d_35d_otm,weekly_1_strike0,28,84
DOCU,2024-10-18,2024-11-14,backfill,O:DOCU241115C00075000,75.0,2024-11-15,2024-11-12,6.4,7.92,6.4,7.65,361,15,6.4,,monthly_30d_35d_otm,weekly_1_strike0,28,84
DOCU,2024-10-18,2024-11-14,backfill,O:DOCU241115C00075000,75.0,2024-11-15,2024-11-13,7.05,8.49,6.95,7.1,75,12,7.05,,monthly_30d_35d_otm,weekly_1_strike0,28,84
DOCU,2024-10-18,2024-11-14,backfill,O:DOCU241115C00075000,75.0,2024-11-15,2024-11-14,6.03,6.03,4.75,5.0,19,9,6.03,,monthly_30d_35d_otm,weekly_1_strike0,28,84
DOCU,2024-11-25,2024-12-23,backfill,O:DOCU241220C00086000,86.0,2024-12-20,2024-11-25,4.72,5.2,4.6,4.6,16,8,4.72,,monthly_30d_40d_otm,weekly_2_strike1,25,16
DOCU,2024-11-25,2024-12-23,backfill,O:DOCU241220C00086000,86.0,2024-12-20,2024-11-26,5.21,5.3,4.3,4.35,266,18,5.21,,monthly_30d_40d_otm,weekly_2_strike1,25,16
DOCU,2024-11-25,2024-12-23,backfill,O:DOCU241220C00086000,86.0,2024-12-20,2024-11-27,2.93,2.93,2.93,2.93,3,1,2.93,,monthly_30d_40d_otm,weekly_2_strike1,25,16
DOCU,2024-11-25,2024-12-23,backfill,O:DOCU241220C00086000,86.0,2024-12-20,2024-11-29,2.22,2.43,2.21,2.43,5,2,2.22,,monthly_30d_40d_otm,weekly_2_strike1,25,16
DOCU,2024-11-25,2024-12-23,backfill,O:DOCU241220C00086000,86.0,2024-12-20,2024-12-02,2.39,2.39,2.3,2.3,12,2,2.39,,monthly_30d_40d_otm,weekly_2_strike1,25,16
DOCU,2024-11-25,2024-12-23,backfill,O:DOCU241220C00086000,86.0,2024-12-20,2024-12-04,3.39,3.65,3.39,3.47,48,5,3.39,,monthly_30d_40d_otm,weekly_2_strike1,25,16
DOCU,2024-11-25,2024-12-23,backfill,O:DOCU241220C00086000,86.0,2024-12-20,2024-12-05,3.54,4.4,3.54,4.4,28,15,3.54,,monthly_30d_40d_otm,weekly_2_strike1,25,16
DOCU,2024-11-25,2024-12-23,backfill,O:DOCU241220C00086000,86.0,2024-12-20,2024-12-06,10.0,21.3,10.0,20.32,56,10,10.0,,monthly_30d_40d_otm,weekly_2_strike1,25,16
DOCU,2024-11-25,2024-12-23,backfill,O:DOCU241220C00086000,86.0,2024-12-20,2024-12-09,17.38,17.38,17.38,17.38,1,1,17.38,,monthly_30d_40d_otm,weekly_2_strike1,25,16
DOCU,2024-11-25,2024-12-23,backfill,O:DOCU241220C00086000,86.0,2024-12-20,2024-12-10,11.27,11.27,11.01,11.01,3,2,11.27,,monthly_30d_40d_otm,weekly_2_strike1,25,16
DOCU,2024-11-25,2024-12-23,backfill,O:DOCU241220C00086000,86.0,2024-12-20,2024-12-11,10.25,10.25,10.25,10.25,1,1,10.25,,monthly_30d_40d_otm,weekly_2_strike1,25,16
DOCU,2024-11-25,2024-12-23,backfill,O:DOCU241220C00086000,86.0,2024-12-20,2024-12-12,9.67,9.67,9.67,9.67,1,1,9.67,,monthly_30d_40d_otm,weekly_2_strike1,25,16
DOCU,2024-11-25,2024-12-23,backfill,O:DOCU241220C00086000,86.0,2024-12-20,2024-12-13,7.79,7.79,7.79,7.79,1,1,7.79,,monthly_30d_40d_otm,weekly_2_strike1,25,16
DOCU,2024-11-25,2024-12-23,backfill,O:DOCU241220C00086000,86.0,2024-12-20,2024-12-16,10.13,10.28,10.13,10.28,2,1,10.13,,monthly_30d_40d_otm,weekly_2_strike1,25,16
DOCU,2024-11-25,2024-12-23,backfill,O:DOCU241220C00086000,86.0,2024-12-20,2024-12-19,8.4,8.4,8.4,8.4,1,1,8.4,,monthly_30d_40d_otm,weekly_2_strike1,25,16
DOCU,2024-11-25,2024-12-23,backfill,O:DOCU241220C00086000,86.0,2024-12-20,2024-12-20,9.4,9.44,9.4,9.44,2,2,9.4,,monthly_30d_40d_otm,weekly_2_strike1,25,16
DVN,2020-11-19,2020-12-17,backfill,O:DVN201218C00015000,15.0,2020-12-18,2020-11-19,0.3,0.4,0.3,0.4,40,6,0.3,,monthly_30d_25d_otm,weekly_2_strike0,29,40
DVN,2020-11-19,2020-12-17,backfill,O:DVN201218C00015000,15.0,2020-12-18,2020-11-20,0.37,0.38,0.3,0.3,8,6,0.37,,monthly_30d_25d_otm,weekly_2_strike0,29,40
DVN,2020-11-19,2020-12-17,backfill,O:DVN201218C00015000,15.0,2020-12-18,2020-11-23,0.4,0.66,0.39,0.66,228,29,0.4,,monthly_30d_25d_otm,weekly_2_strike0,29,40
DVN,2020-11-19,2020-12-17,backfill,O:DVN201218C00015000,15.0,2020-12-18,2020-11-24,0.98,1.22,0.9,1.03,687,23,0.98,,monthly_30d_25d_otm,weekly_2_strike0,29,40
DVN,2020-11-19,2020-12-17,backfill,O:DVN201218C00015000,15.0,2020-12-18,2020-11-25,0.96,1.09,0.93,1.0,356,31,0.96,,monthly_30d_25d_otm,weekly_2_strike0,29,40
DVN,2020-11-19,2020-12-17,backfill,O:DVN201218C00015000,15.0,2020-12-18,2020-11-27,0.96,0.96,0.75,0.75,122,11,0.96,,monthly_30d_25d_otm,weekly_2_strike0,29,40
DVN,2020-11-19,2020-12-17,backfill,O:DVN201218C00015000,15.0,2020-12-18,2020-11-30,0.66,0.66,0.42,0.42,80,12,0.66,,monthly_30d_25d_otm,weekly_2_strike0,29,40
DVN,2020-11-19,2020-12-17,backfill,O:DVN201218C00015000,15.0,2020-12-18,2020-12-01,0.53,0.56,0.32,0.36,82,13,0.53,,monthly_30d_25d_otm,weekly_2_strike0,29,40
DVN,2020-11-19,2020-12-17,backfill,O:DVN201218C00015000,15.0,2020-12-18,2020-12-02,0.5,0.93,0.49,0.65,2010,35,0.5,,monthly_30d_25d_otm,weekly_2_strike0,29,40
DVN,2020-11-19,2020-12-17,backfill,O:DVN201218C00015000,15.0,2020-12-18,2020-12-03,0.67,1.09,0.66,0.86,646,22,0.67,,monthly_30d_25d_otm,weekly_2_strike0,29,40
DVN,2020-11-19,2020-12-17,backfill,O:DVN201218C00015000,15.0,2020-12-18,2020-12-04,1.36,1.91,1.33,1.91,212,28,1.36,,monthly_30d_25d_otm,weekly_2_strike0,29,40
DVN,2020-11-19,2020-12-17,backfill,O:DVN201218C00015000,15.0,2020-12-18,2020-12-07,1.78,1.78,1.28,1.28,1157,7,1.78,,monthly_30d_25d_otm,weekly_2_strike0,29,40
DVN,2020-11-19,2020-12-17,backfill,O:DVN201218C00015000,15.0,2020-12-18,2020-12-08,1.75,1.75,1.09,1.2,49,7,1.75,,monthly_30d_25d_otm,weekly_2_strike0,29,40
DVN,2020-11-19,2020-12-17,backfill,O:DVN201218C00015000,15.0,2020-12-18,2020-12-09,1.43,1.43,0.87,0.96,747,34,1.43,,monthly_30d_25d_otm,weekly_2_strike0,29,40
DVN,2020-11-19,2020-12-17,backfill,O:DVN201218C00015000,15.0,2020-12-18,2020-12-10,1.3,1.8,1.3,1.73,40,7,1.3,,monthly_30d_25d_otm,weekly_2_strike0,29,40
DVN,2020-11-19,2020-12-17,backfill,O:DVN201218C00015000,15.0,2020-12-18,2020-12-11,1.76,1.76,1.23,1.33,39,9,1.76,,monthly_30d_25d_otm,weekly_2_strike0,29,40
DVN,2020-11-19,2020-12-17,backfill,O:DVN201218C00015000,15.0,2020-12-18,2020-12-14,1.0,1.0,0.67,0.7,66,10,1.0,,monthly_30d_25d_otm,weekly_2_strike0,29,40
DVN,2020-11-19,2020-12-17,backfill,O:DVN201218C00015000,15.0,2020-12-18,2020-12-15,0.55,0.84,0.55,0.84,3,3,0.55,,monthly_30d_25d_otm,weekly_2_strike0,29,40
DVN,2020-11-19,2020-12-17,backfill,O:DVN201218C00015000,15.0,2020-12-18,2020-12-16,0.75,1.02,0.72,1.02,24,8,0.75,,monthly_30d_25d_otm,weekly_2_strike0,29,40
DVN,2020-11-19,2020-12-17,backfill,O:DVN201218C00015000,15.0,2020-12-18,2020-12-17,1.37,1.37,0.85,1.09,84,8,1.37,,monthly_30d_25d_otm,weekly_2_strike0,29,40
DVN,2022-02-03,2022-03-03,backfill,O:DVN220318C00060000,60.0,2022-03-18,2022-02-03,1.69,1.82,1.29,1.75,743,48,1.69,,monthly_30d_20d_otm,weekly_2_strike0,43,743
DVN,2022-02-03,2022-03-03,backfill,O:DVN220318C00060000,60.0,2022-03-18,2022-02-04,1.92,2.54,1.34,1.6,672,76,1.92,,monthly_30d_20d_otm,weekly_2_strike0,43,743
DVN,2022-02-03,2022-03-03,backfill,O:DVN220318C00060000,60.0,2022-03-18,2022-02-07,1.5,1.81,1.24,1.47,12739,90,1.5,,monthly_30d_20d_otm,weekly_2_strike0,43,743
DVN,2022-02-03,2022-03-03,backfill,O:DVN220318C00060000,60.0,2022-03-18,2022-02-08,1.37,1.37,0.96,1.09,524,69,1.37,,monthly_30d_20d_otm,weekly_2_strike0,43,743
DVN,2022-02-03,2022-03-03,backfill,O:DVN220318C00060000,60.0,2022-03-18,2022-02-09,1.19,1.32,0.98,1.19,310,45,1.19,,monthly_30d_20d_otm,weekly_2_strike0,43,743
DVN,2022-02-03,2022-03-03,backfill,O:DVN220318C00060000,60.0,2022-03-18,2022-02-10,1.23,1.43,0.96,1.0,9051,88,1.23,,monthly_30d_20d_otm,weekly_2_strike0,43,743
DVN,2022-02-03,2022-03-03,backfill,O:DVN220318C00060000,60.0,2022-03-18,2022-02-11,1.14,1.67,1.03,1.65,14525,164,1.14,,monthly_30d_20d_otm,weekly_2_strike0,43,743
DVN,2022-02-03,2022-03-03,backfill,O:DVN220318C00060000,60.0,2022-03-18,2022-02-14,1.57,1.63,0.93,1.08,1450,102,1.57,,monthly_30d_20d_otm,weekly_2_strike0,43,743
DVN,2022-02-03,2022-03-03,backfill,O:DVN220318C00060000,60.0,2022-03-18,2022-02-15,0.78,0.93,0.49,0.88,1018,95,0.78,,monthly_30d_20d_otm,weekly_2_strike0,43,743
DVN,2022-02-03,2022-03-03,backfill,O:DVN220318C00060000,60.0,2022-03-18,2022-02-16,0.9,1.66,0.7,1.14,10426,283,0.9,,monthly_30d_20d_otm,weekly_2_strike0,43,743
DVN,2022-02-03,2022-03-03,backfill,O:DVN220318C00060000,60.0,2022-03-18,2022-02-17,1.25,1.96,1.17,1.6,12805,267,1.25,,monthly_30d_20d_otm,weekly_2_strike0,43,743
DVN,2022-02-03,2022-03-03,backfill,O:DVN220318C00060000,60.0,2022-03-18,2022-02-18,1.37,1.54,1.16,1.39,1771,142,1.37,,monthly_30d_20d_otm,weekly_2_strike0,43,743
DVN,2022-02-03,2022-03-03,backfill,O:DVN220318C00060000,60.0,2022-03-18,2022-02-22,2.0,2.29,0.65,0.93,4228,176,2.0,,monthly_30d_20d_otm,weekly_2_strike0,43,743
DVN,2022-02-03,2022-03-03,backfill,O:DVN220318C00060000,60.0,2022-03-18,2022-02-23,0.88,1.27,0.84,0.97,1596,133,0.88,,monthly_30d_20d_otm,weekly_2_strike0,43,743
DVN,2022-02-03,2022-03-03,backfill,O:DVN220318C00060000,60.0,2022-03-18,2022-02-24,1.13,1.25,0.62,0.82,2005,108,1.13,,monthly_30d_20d_otm,weekly_2_strike0,43,743
DVN,2022-02-03,2022-03-03,backfill,O:DVN220318C00060000,60.0,2022-03-18,2022-02-25,0.88,1.11,0.7,1.1,2054,135,0.88,,monthly_30d_20d_otm,weekly_2_strike0,43,743
DVN,2022-02-03,2022-03-03,backfill,O:DVN220318C00060000,60.0,2022-03-18,2022-02-28,1.1,2.75,1.05,2.71,5154,270,1.1,,monthly_30d_20d_otm,weekly_2_strike0,43,743
DVN,2022-02-03,2022-03-03,backfill,O:DVN220318C00060000,60.0,2022-03-18,2022-03-01,2.85,3.35,1.89,2.61,2277,201,2.85,,monthly_30d_20d_otm,weekly_2_strike0,43,743
DVN,2022-02-03,2022-03-03,backfill,O:DVN220318C00060000,60.0,2022-03-18,2022-03-02,2.88,2.93,1.93,1.94,2934,153,2.88,,monthly_30d_20d_otm,weekly_2_strike0,43,743
DVN,2022-02-03,2022-03-03,backfill,O:DVN220318C00060000,60.0,2022-03-18,2022-03-03,1.5,2.15,1.3,1.9,1781,174,1.5,,monthly_30d_20d_otm,weekly_2_strike0,43,743
DVN,2023-09-06,2023-09-18,backfill,O:DVN231020C00055000,55.0,2023-10-20,2023-09-06,1.28,1.56,1.2,1.28,798,98,1.28,,monthly_30d_35d_otm,weekly_2_strike0,44,798
DVN,2023-09-06,2023-09-18,backfill,O:DVN231020C00055000,55.0,2023-10-20,2023-09-07,1.23,1.41,0.89,0.91,949,75,1.23,,monthly_30d_35d_otm,weekly_2_strike0,44,798
DVN,2023-09-06,2023-09-18,backfill,O:DVN231020C00055000,55.0,2023-10-20,2023-09-08,1.05,1.1,0.86,0.86,355,68,1.05,,monthly_30d_35d_otm,weekly_2_strike0,44,798
DVN,2023-09-06,2023-09-18,backfill,O:DVN231020C00055000,55.0,2023-10-20,2023-09-11,0.98,0.98,0.35,0.41,2156,123,0.98,,monthly_30d_35d_otm,weekly_2_strike0,44,798
DVN,2023-09-06,2023-09-18,backfill,O:DVN231020C00055000,55.0,2023-10-20,2023-09-12,0.47,0.63,0.47,0.49,1366,75,0.47,,monthly_30d_35d_otm,weekly_2_strike0,44,798
DVN,2023-09-06,2023-09-18,backfill,O:DVN231020C00055000,55.0,2023-10-20,2023-09-13,0.48,0.48,0.33,0.36,1113,81,0.48,,monthly_30d_35d_otm,weekly_2_strike0,44,798
DVN,2023-09-06,2023-09-18,backfill,O:DVN231020C00055000,55.0,2023-10-20,2023-09-14,0.45,0.53,0.34,0.43,2316,72,0.45,,monthly_30d_35d_otm,weekly_2_strike0,44,798
DVN,2023-09-06,2023-09-18,backfill,O:DVN231020C00055000,55.0,2023-10-20,2023-09-15,0.37,0.37,0.26,0.27,830,78,0.37,,monthly_30d_35d_otm,weekly_2_strike0,44,798
DVN,2023-09-06,2023-09-18,backfill,O:DVN231020C00055000,55.0,2023-10-20,2023-09-18,0.26,0.31,0.19,0.21,927,81,0.26,,monthly_30d_35d_otm,weekly_2_strike0,44,798
DVN,2025-05-01,2025-05-29,backfill,O:DVN250620C00035000,35.0,2025-06-20,2025-05-01,0.46,0.79,0.46,0.68,444,29,0.46,,monthly_45d_35d_otm,weekly_2_strike0,50,444
DVN,2025-05-01,2025-05-29,backfill,O:DVN250620C00035000,35.0,2025-06-20,2025-05-02,0.67,0.75,0.56,0.63,377,26,0.67,,monthly_45d_35d_otm,weekly_2_strike0,50,444
DVN,2025-05-01,2025-05-29,backfill,O:DVN250620C00035000,35.0,2025-06-20,2025-05-05,0.4,0.49,0.4,0.4,95,18,0.4,,monthly_45d_35d_otm,weekly_2_strike0,50,444
DVN,2025-05-01,2025-05-29,backfill,O:DVN250620C00035000,35.0,2025-06-20,2025-05-06,0.41,0.49,0.38,0.4,1369,26,0.41,,monthly_45d_35d_otm,weekly_2_strike0,50,444
DVN,2025-05-01,2025-05-29,backfill,O:DVN250620C00035000,35.0,2025-06-20,2025-05-07,0.3,0.35,0.21,0.28,184,31,0.3,,monthly_45d_35d_otm,weekly_2_strike0,50,444
DVN,2025-05-01,2025-05-29,backfill,O:DVN250620C00035000,35.0,2025-06-20,2025-05-08,0.33,0.64,0.33,0.54,522,59,0.33,,monthly_45d_35d_otm,weekly_2_strike0,50,444
DVN,2025-05-01,2025-05-29,backfill,O:DVN250620C00035000,35.0,2025-06-20,2025-05-09,0.6,0.7,0.55,0.68,340,39,0.6,,monthly_45d_35d_otm,weekly_2_strike0,50,444
DVN,2025-05-01,2025-05-29,backfill,O:DVN250620C00035000,35.0,2025-06-20,2025-05-12,1.04,1.35,0.83,0.86,317,51,1.04,,monthly_45d_35d_otm,weekly_2_strike0,50,444
DVN,2025-05-01,2025-05-29,backfill,O:DVN250620C00035000,35.0,2025-06-20,2025-05-13,0.9,1.26,0.9,1.11,300,88,0.9,,monthly_45d_35d_otm,weekly_2_strike0,50,444
DVN,2025-05-01,2025-05-29,backfill,O:DVN250620C00035000,35.0,2025-06-20,2025-05-14,0.92,1.06,0.88,0.97,205,32,0.92,,monthly_45d_35d_otm,weekly_2_strike0,50,444
DVN,2025-05-01,2025-05-29,backfill,O:DVN250620C00035000,35.0,2025-06-20,2025-05-15,0.57,0.75,0.46,0.73,165,35,0.57,,monthly_45d_35d_otm,weekly_2_strike0,50,444
DVN,2025-05-01,2025-05-29,backfill,O:DVN250620C00035000,35.0,2025-06-20,2025-05-16,0.73,0.73,0.55,0.65,1375,44,0.73,,monthly_45d_35d_otm,weekly_2_strike0,50,444
DVN,2025-05-01,2025-05-29,backfill,O:DVN250620C00035000,35.0,2025-06-20,2025-05-19,0.47,0.49,0.43,0.43,177,27,0.47,,monthly_45d_35d_otm,weekly_2_strike0,50,444
DVN,2025-05-01,2025-05-29,backfill,O:DVN250620C00035000,35.0,2025-06-20,2025-05-20,0.38,0.41,0.32,0.34,162,26,0.38,,monthly_45d_35d_otm,weekly_2_strike0,50,444
DVN,2025-05-01,2025-05-29,backfill,O:DVN250620C00035000,35.0,2025-06-20,2025-05-21,0.34,0.34,0.26,0.27,753,33,0.34,,monthly_45d_35d_otm,weekly_2_strike0,50,444
DVN,2025-05-01,2025-05-29,backfill,O:DVN250620C00035000,35.0,2025-06-20,2025-05-22,0.22,0.23,0.18,0.22,1238,22,0.22,,monthly_45d_35d_otm,weekly_2_strike0,50,444
DVN,2025-05-01,2025-05-29,backfill,O:DVN250620C00035000,35.0,2025-06-20,2025-05-23,0.22,0.22,0.18,0.21,1086,22,0.22,,monthly_45d_35d_otm,weekly_2_strike0,50,444
DVN,2025-05-01,2025-05-29,backfill,O:DVN250620C00035000,35.0,2025-06-20,2025-05-27,0.35,0.35,0.14,0.16,208,28,0.35,,monthly_45d_35d_otm,weekly_2_strike0,50,444
DVN,2025-05-01,2025-05-29,backfill,O:DVN250620C00035000,35.0,2025-06-20,2025-05-28,0.18,0.2,0.13,0.13,47,12,0.18,,monthly_45d_35d_otm,weekly_2_strike0,50,444
DVN,2025-05-01,2025-05-29,backfill,O:DVN250620C00035000,35.0,2025-06-20,2025-05-29,0.15,0.15,0.1,0.12,145,23,0.15,,monthly_45d_35d_otm,weekly_2_strike0,50,444
DXCM,2020-01-09,2020-02-06,backfill,O:DXCM200221C00250000,250.0,2020-02-21,2020-01-09,9.7,12.57,9.7,12.57,10,6,9.7,,monthly_30d_30d_otm,weekly_2_strike1,43,10
DXCM,2020-01-09,2020-02-06,backfill,O:DXCM200221C00250000,250.0,2020-02-21,2020-01-10,12.0,12.0,11.4,11.4,7,2,12.0,,monthly_30d_30d_otm,weekly_2_strike1,43,10
DXCM,2020-01-09,2020-02-06,backfill,O:DXCM200221C00250000,250.0,2020-02-21,2020-01-13,8.6,9.5,6.15,9.5,40,9,8.6,,monthly_30d_30d_otm,weekly_2_strike1,43,10
DXCM,2020-01-09,2020-02-06,backfill,O:DXCM200221C00250000,250.0,2020-02-21,2020-01-14,12.4,12.4,8.72,10.0,18,8,12.4,,monthly_30d_30d_otm,weekly_2_strike1,43,10
DXCM,2020-01-09,2020-02-06,backfill,O:DXCM200221C00250000,250.0,2020-02-21,2020-01-15,7.4,8.68,7.4,7.8,33,9,7.4,,monthly_30d_30d_otm,weekly_2_strike1,43,10
DXCM,2020-01-09,2020-02-06,backfill,O:DXCM200221C00250000,250.0,2020-02-21,2020-01-16,8.6,8.83,7.0,7.4,16,11,8.6,,monthly_30d_30d_otm,weekly_2_strike1,43,10
DXCM,2020-01-09,2020-02-06,backfill,O:DXCM200221C00250000,250.0,2020-02-21,2020-01-17,8.1,8.1,5.9,5.9,57,16,8.1,,monthly_30d_30d_otm,weekly_2_strike1,43,10
DXCM,2020-01-09,2020-02-06,backfill,O:DXCM200221C00250000,250.0,2020-02-21,2020-01-21,5.8,6.0,5.4,5.48,28,7,5.8,,monthly_30d_30d_otm,weekly_2_strike1,43,10
DXCM,2020-01-09,2020-02-06,backfill,O:DXCM200221C00250000,250.0,2020-02-21,2020-01-22,6.7,7.9,6.1,6.37,106,21,6.7,,monthly_30d_30d_otm,weekly_2_strike1,43,10
DXCM,2020-01-09,2020-02-06,backfill,O:DXCM200221C00250000,250.0,2020-02-21,2020-01-23,6.0,6.62,6.0,6.4,62,14,6.0,,monthly_30d_30d_otm,weekly_2_strike1,43,10
DXCM,2020-01-09,2020-02-06,backfill,O:DXCM200221C00250000,250.0,2020-02-21,2020-01-24,6.7,7.0,5.9,5.9,15,9,6.7,,monthly_30d_30d_otm,weekly_2_strike1,43,10
DXCM,2020-01-09,2020-02-06,backfill,O:DXCM200221C00250000,250.0,2020-02-21,2020-01-27,4.92,5.9,4.86,5.9,6,5,4.92,,monthly_30d_30d_otm,weekly_2_strike1,43,10
DXCM,2020-01-09,2020-02-06,backfill,O:DXCM200221C00250000,250.0,2020-02-21,2020-01-28,5.5,6.4,5.5,6.2,17,8,5.5,,monthly_30d_30d_otm,weekly_2_strike1,43,10
DXCM,2020-01-09,2020-02-06,backfill,O:DXCM200221C00250000,250.0,2020-02-21,2020-01-29,5.2,7.42,5.2,7.42,110,13,5.2,,monthly_30d_30d_otm,weekly_2_strike1,43,10
DXCM,2020-01-09,2020-02-06,backfill,O:DXCM200221C00250000,250.0,2020-02-21,2020-01-30,6.1,7.01,4.89,7.01,64,19,6.1,,monthly_30d_30d_otm,weekly_2_strike1,43,10
DXCM,2020-01-09,2020-02-06,backfill,O:DXCM200221C00250000,250.0,2020-02-21,2020-01-31,7.9,10.5,7.9,9.8,69,23,7.9,,monthly_30d_30d_otm,weekly_2_strike1,43,10
DXCM,2020-01-09,2020-02-06,backfill,O:DXCM200221C00250000,250.0,2020-02-21,2020-02-03,10.0,10.0,7.6,7.65,26,12,10.0,,monthly_30d_30d_otm,weekly_2_strike1,43,10
DXCM,2020-01-09,2020-02-06,backfill,O:DXCM200221C00250000,250.0,2020-02-21,2020-02-04,7.95,10.37,7.95,10.0,21,12,7.95,,monthly_30d_30d_otm,weekly_2_strike1,43,10
DXCM,2020-01-09,2020-02-06,backfill,O:DXCM200221C00250000,250.0,2020-02-21,2020-02-05,9.5,9.5,6.3,6.3,1912,23,9.5,,monthly_30d_30d_otm,weekly_2_strike1,43,10
DXCM,2020-01-09,2020-02-06,backfill,O:DXCM200221C00250000,250.0,2020-02-21,2020-02-06,6.0,7.2,6.0,6.3,129,10,6.0,,monthly_30d_30d_otm,weekly_2_strike1,43,10
DXCM,2020-02-28,2020-03-12,backfill,O:DXCM200320C00290000,290.0,2020-03-20,2020-02-28,13.4,13.4,7.5,12.6,102,29,13.4,,monthly_30d_35d_otm,weekly_3_strike2,21,102
DXCM,2020-02-28,2020-03-12,backfill,O:DXCM200320C00290000,290.0,2020-03-20,2020-03-02,13.49,15.05,10.9,12.49,86,27,13.49,,monthly_30d_35d_otm,weekly_3_strike2,21,102
DXCM,2020-02-28,2020-03-12,backfill,O:DXCM200320C00290000,290.0,2020-03-20,2020-03-03,13.77,13.77,7.3,7.6,86,33,13.77,,monthly_30d_35d_otm,weekly_3_strike2,21,102
DXCM,2020-02-28,2020-03-12,backfill,O:DXCM200320C00290000,290.0,2020-03-20,2020-03-04,8.3,8.6,6.15,8.5,20,16,8.3,,monthly_30d_35d_otm,weekly_3_strike2,21,102
DXCM,2020-02-28,2020-03-12,backfill,O:DXCM200320C00290000,290.0,2020-03-20,2020-03-05,9.0,13.3,9.0,11.8,72,24,9.0,,monthly_30d_35d_otm,weekly_3_strike2,21,102
DXCM,2020-02-28,2020-03-12,backfill,O:DXCM200320C00290000,290.0,2020-03-20,2020-03-06,11.65,13.81,10.5,12.5,84,19,11.65,,monthly_30d_35d_otm,weekly_3_strike2,21,102
DXCM,2020-02-28,2020-03-12,backfill,O:DXCM200320C00290000,290.0,2020-03-20,2020-03-09,5.9,9.9,5.9,6.45,30,16,5.9,,monthly_30d_35d_otm,weekly_3_strike2,21,102
DXCM,2020-02-28,2020-03-12,backfill,O:DXCM200320C00290000,290.0,2020-03-20,2020-03-10,5.9,8.71,4.59,8.71,31,14,5.9,,monthly_30d_35d_otm,weekly_3_strike2,21,102
DXCM,2020-02-28,2020-03-12,backfill,O:DXCM200320C00290000,290.0,2020-03-20,2020-03-11,5.7,5.7,2.49,2.49,72,18,5.7,,monthly_30d_35d_otm,weekly_3_strike2,21,102
DXCM,2020-02-28,2020-03-12,backfill,O:DXCM200320C00290000,290.0,2020-03-20,2020-03-12,1.9,3.78,1.71,3.6,10,7,1.9,,monthly_30d_35d_otm,weekly_3_strike2,21,102
DXCM,2025-05-09,2025-06-06,backfill,O:DXCM250620C00085000,85.0,2025-06-20,2025-05-09,4.42,4.42,3.6,4.0,51,19,4.42,,monthly_30d_atm,weekly_1_strike0,42,51
DXCM,2025-05-09,2025-06-06,backfill,O:DXCM250620C00085000,85.0,2025-06-20,2025-05-12,4.5,4.6,3.34,3.63,204,19,4.5,,monthly_30d_atm,weekly_1_strike0,42,51
DXCM,2025-05-09,2025-06-06,backfill,O:DXCM250620C00085000,85.0,2025-06-20,2025-05-13,3.46,3.7,3.1,3.3,1156,20,3.46,,monthly_30d_atm,weekly_1_strike0,42,51
DXCM,2025-05-09,2025-06-06,backfill,O:DXCM250620C00085000,85.0,2025-06-20,2025-05-14,3.6,4.75,3.6,4.7,135,18,3.6,,monthly_30d_atm,weekly_1_strike0,42,51
DXCM,2025-05-09,2025-06-06,backfill,O:DXCM250620C00085000,85.0,2025-06-20,2025-05-15,4.4,4.7,3.65,3.8,145,17,4.4,,monthly_30d_atm,weekly_1_strike0,42,51
DXCM,2025-05-09,2025-06-06,backfill,O:DXCM250620C00085000,85.0,2025-06-20,2025-05-16,3.89,3.89,3.5,3.7,147,15,3.89,,monthly_30d_atm,weekly_1_strike0,42,51
DXCM,2025-05-09,2025-06-06,backfill,O:DXCM250620C00085000,85.0,2025-06-20,2025-05-19,4.4,4.6,4.3,4.4,28,7,4.4,,monthly_30d_atm,weekly_1_strike0,42,51
DXCM,2025-05-09,2025-06-06,backfill,O:DXCM250620C00085000,85.0,2025-06-20,2025-05-20,5.0,5.0,4.4,4.4,12,3,5.0,,monthly_30d_atm,weekly_1_strike0,42,51
DXCM,2025-05-09,2025-06-06,backfill,O:DXCM250620C00085000,85.0,2025-06-20,2025-05-21,3.8,3.8,3.3,3.35,48,6,3.8,,monthly_30d_atm,weekly_1_strike0,42,51
DXCM,2025-05-09,2025-06-06,backfill,O:DXCM250620C00085000,85.0,2025-06-20,2025-05-22,3.0,3.36,3.0,3.36,6,3,3.0,,monthly_30d_atm,weekly_1_strike0,42,51
DXCM,2025-05-09,2025-06-06,backfill,O:DXCM250620C00085000,85.0,2025-06-20,2025-05-23,2.93,3.2,2.93,3.2,2,2,2.93,,monthly_30d_atm,weekly_1_strike0,42,51
DXCM,2025-05-09,2025-06-06,backfill,O:DXCM250620C00085000,85.0,2025-06-20,2025-05-27,3.04,3.2,3.0,3.2,37,7,3.04,,monthly_30d_atm,weekly_1_strike0,42,51
DXCM,2025-05-09,2025-06-06,backfill,O:DXCM250620C00085000,85.0,2025-06-20,2025-05-28,4.16,4.56,4.1,4.3,22,12,4.16,,monthly_30d_atm,weekly_1_strike0,42,51
DXCM,2025-05-09,2025-06-06,backfill,O:DXCM250620C00085000,85.0,2025-06-20,2025-05-29,3.9,3.9,2.8,2.8,78,11,3.9,,monthly_30d_atm,weekly_1_strike0,42,51
DXCM,2025-05-09,2025-06-06,backfill,O:DXCM250620C00085000,85.0,2025-06-20,2025-05-30,3.13,3.6,2.95,3.16,27,11,3.13,,monthly_30d_atm,weekly_1_strike0,42,51
DXCM,2025-05-09,2025-06-06,backfill,O:DXCM250620C00085000,85.0,2025-06-20,2025-06-02,2.8,3.11,2.4,3.07,17,15,2.8,,monthly_30d_atm,weekly_1_strike0,42,51
DXCM,2025-05-09,2025-06-06,backfill,O:DXCM250620C00085000,85.0,2025-06-20,2025-06-03,3.3,3.9,3.3,3.6,114,14,3.3,,monthly_30d_atm,weekly_1_strike0,42,51
DXCM,2025-05-09,2025-06-06,backfill,O:DXCM250620C00085000,85.0,2025-06-20,2025-06-04,3.4,3.4,2.98,2.98,48,7,3.4,,monthly_30d_atm,weekly_1_strike0,42,51
DXCM,2025-05-09,2025-06-06,backfill,O:DXCM250620C00085000,85.0,2025-06-20,2025-06-05,2.5,3.2,2.45,3.2,27,11,2.5,,monthly_30d_atm,weekly_1_strike0,42,51
DXCM,2025-05-09,2025-06-06,backfill,O:DXCM250620C00085000,85.0,2025-06-20,2025-06-06,4.0,4.0,2.9,3.01,5,5,4.0,,monthly_30d_atm,weekly_1_strike0,42,51
DXCM,2026-01-26,2026-02-13,backfill,O:DXCM260220C00075000,75.0,2026-02-20,2026-01-26,3.94,4.02,3.8,4.0,426,12,3.94,,monthly_30d_35d_otm,weekly_2_strike0,25,426
DXCM,2026-01-26,2026-02-13,backfill,O:DXCM260220C00075000,75.0,2026-02-20,2026-01-27,3.6,3.77,3.5,3.5,7,5,3.6,,monthly_30d_35d_otm,weekly_2_strike0,25,426
DXCM,2026-01-26,2026-02-13,backfill,O:DXCM260220C00075000,75.0,2026-02-20,2026-01-28,3.8,4.1,3.8,4.1,5,3,3.8,,monthly_30d_35d_otm,weekly_2_strike0,25,426
DXCM,2026-01-26,2026-02-13,backfill,O:DXCM260220C00075000,75.0,2026-02-20,2026-01-29,3.5,3.86,3.5,3.86,16,4,3.5,,monthly_30d_35d_otm,weekly_2_strike0,25,426
DXCM,2026-01-26,2026-02-13,backfill,O:DXCM260220C00075000,75.0,2026-02-20,2026-01-30,4.4,4.4,3.6,3.8,53,5,4.4,,monthly_30d_35d_otm,weekly_2_strike0,25,426
DXCM,2026-01-26,2026-02-13,backfill,O:DXCM260220C00075000,75.0,2026-02-20,2026-02-02,3.5,3.6,3.5,3.6,13,4,3.5,,monthly_30d_35d_otm,weekly_2_strike0,25,426
DXCM,2026-01-26,2026-02-13,backfill,O:DXCM260220C00075000,75.0,2026-02-20,2026-02-03,3.8,4.2,3.03,3.03,28,7,3.8,,monthly_30d_35d_otm,weekly_2_strike0,25,426
DXCM,2026-01-26,2026-02-13,backfill,O:DXCM260220C00075000,75.0,2026-02-20,2026-02-04,3.0,3.02,2.65,2.65,18,9,3.0,,monthly_30d_35d_otm,weekly_2_strike0,25,426
DXCM,2026-01-26,2026-02-13,backfill,O:DXCM260220C00075000,75.0,2026-02-20,2026-02-05,2.57,2.57,2.3,2.3,28,4,2.57,,monthly_30d_35d_otm,weekly_2_strike0,25,426
DXCM,2026-01-26,2026-02-13,backfill,O:DXCM260220C00075000,75.0,2026-02-20,2026-02-06,2.3,2.4,2.0,2.15,60,20,2.3,,monthly_30d_35d_otm,weekly_2_strike0,25,426
DXCM,2026-01-26,2026-02-13,backfill,O:DXCM260220C00075000,75.0,2026-02-20,2026-02-09,2.03,2.05,2.03,2.05,5,2,2.03,,monthly_30d_35d_otm,weekly_2_strike0,25,426
DXCM,2026-01-26,2026-02-13,backfill,O:DXCM260220C00075000,75.0,2026-02-20,2026-02-10,2.1,2.1,1.53,1.53,56,12,2.1,,monthly_30d_35d_otm,weekly_2_strike0,25,426
DXCM,2026-01-26,2026-02-13,backfill,O:DXCM260220C00075000,75.0,2026-02-20,2026-02-11,1.4,1.5,1.4,1.4,58,16,1.4,,monthly_30d_35d_otm,weekly_2_strike0,25,426
DXCM,2026-01-26,2026-02-13,backfill,O:DXCM260220C00075000,75.0,2026-02-20,2026-02-12,1.28,1.28,0.8,0.85,22,12,1.28,,monthly_30d_35d_otm,weekly_2_strike0,25,426
DXCM,2026-01-26,2026-02-13,backfill,O:DXCM260220C00075000,75.0,2026-02-20,2026-02-13,0.2,0.55,0.05,0.24,77,21,0.2,,monthly_30d_35d_otm,weekly_2_strike0,25,426
EEM,2025-03-19,2025-04-03,backfill,O:EEM250516C00047000,47.0,2025-05-16,2025-03-19,0.69,0.69,0.65,0.66,29,6,0.69,,monthly_45d_30d_otm,weekly_2_strike0,58,29
EEM,2025-03-19,2025-04-03,backfill,O:EEM250516C00047000,47.0,2025-05-16,2025-03-20,0.49,0.53,0.49,0.49,39,7,0.49,,monthly_45d_30d_otm,weekly_2_strike0,58,29
EEM,2025-03-19,2025-04-03,backfill,O:EEM250516C00047000,47.0,2025-05-16,2025-03-21,0.38,0.38,0.38,0.38,14,4,0.38,,monthly_45d_30d_otm,weekly_2_strike0,58,29
EEM,2025-03-19,2025-04-03,backfill,O:EEM250516C00047000,47.0,2025-05-16,2025-03-24,0.43,0.48,0.41,0.41,15731,49,0.43,,monthly_45d_30d_otm,weekly_2_strike0,58,29
EEM,2025-03-19,2025-04-03,backfill,O:EEM250516C00047000,47.0,2025-05-16,2025-03-25,0.4,0.4,0.32,0.32,9,4,0.4,,monthly_45d_30d_otm,weekly_2_strike0,58,29
EEM,2025-03-19,2025-04-03,backfill,O:EEM250516C00047000,47.0,2025-05-16,2025-03-26,0.35,0.35,0.25,0.25,20,9,0.35,,monthly_45d_30d_otm,weekly_2_strike0,58,29
EEM,2025-03-19,2025-04-03,backfill,O:EEM250516C00047000,47.0,2025-05-16,2025-03-27,0.28,0.33,0.27,0.3,14,7,0.28,,monthly_45d_30d_otm,weekly_2_strike0,58,29
EEM,2025-03-19,2025-04-03,backfill,O:EEM250516C00047000,47.0,2025-05-16,2025-03-28,0.18,0.2,0.16,0.18,28,5,0.18,,monthly_45d_30d_otm,weekly_2_strike0,58,29
EEM,2025-03-19,2025-04-03,backfill,O:EEM250516C00047000,47.0,2025-05-16,2025-03-31,0.2,0.2,0.1,0.14,22,8,0.2,,monthly_45d_30d_otm,weekly_2_strike0,58,29
EEM,2025-03-19,2025-04-03,backfill,O:EEM250516C00047000,47.0,2025-05-16,2025-04-02,0.19,0.19,0.19,0.19,16,2,0.19,,monthly_45d_30d_otm,weekly_2_strike0,58,29
EEM,2025-03-19,2025-04-03,backfill,O:EEM250516C00047000,47.0,2025-05-16,2025-04-03,0.12,0.18,0.12,0.18,5,5,0.12,,monthly_45d_30d_otm,weekly_2_strike0,58,29
ENPH,2020-02-11,2020-03-10,backfill,O:ENPH200320C00045000,45.0,2020-03-20,2020-02-11,2.2,2.55,2.1,2.28,147,42,2.2,,monthly_30d_25d_otm,weekly_2_strike1,38,147
ENPH,2020-02-11,2020-03-10,backfill,O:ENPH200320C00045000,45.0,2020-03-20,2020-02-12,2.7,3.0,2.35,2.99,177,48,2.7,,monthly_30d_25d_otm,weekly_2_strike1,38,147
ENPH,2020-02-11,2020-03-10,backfill,O:ENPH200320C00045000,45.0,2020-03-20,2020-02-13,2.45,2.9,2.0,2.84,222,44,2.45,,monthly_30d_25d_otm,weekly_2_strike1,38,147
ENPH,2020-02-11,2020-03-10,backfill,O:ENPH200320C00045000,45.0,2020-03-20,2020-02-14,3.0,3.2,2.55,2.55,424,76,3.0,,monthly_30d_25d_otm,weekly_2_strike1,38,147
ENPH,2020-02-11,2020-03-10,backfill,O:ENPH200320C00045000,45.0,2020-03-20,2020-02-18,2.52,2.71,2.18,2.35,870,98,2.52,,monthly_30d_25d_otm,weekly_2_strike1,38,147
ENPH,2020-02-11,2020-03-10,backfill,O:ENPH200320C00045000,45.0,2020-03-20,2020-02-19,5.0,13.0,4.9,12.52,1119,99,5.0,,monthly_30d_25d_otm,weekly_2_strike1,38,147
ENPH,2020-02-11,2020-03-10,backfill,O:ENPH200320C00045000,45.0,2020-03-20,2020-02-20,12.28,14.3,10.4,14.1,365,29,12.28,,monthly_30d_25d_otm,weekly_2_strike1,38,147
ENPH,2020-02-11,2020-03-10,backfill,O:ENPH200320C00045000,45.0,2020-03-20,2020-02-21,13.9,14.36,12.7,14.36,194,19,13.9,,monthly_30d_25d_otm,weekly_2_strike1,38,147
ENPH,2020-02-11,2020-03-10,backfill,O:ENPH200320C00045000,45.0,2020-03-20,2020-02-24,12.0,13.8,11.1,11.1,58,17,12.0,,monthly_30d_25d_otm,weekly_2_strike1,38,147
ENPH,2020-02-11,2020-03-10,backfill,O:ENPH200320C00045000,45.0,2020-03-20,2020-02-25,11.9,11.9,7.7,7.7,187,21,11.9,,monthly_30d_25d_otm,weekly_2_strike1,38,147
ENPH,2020-02-11,2020-03-10,backfill,O:ENPH200320C00045000,45.0,2020-03-20,2020-02-26,6.5,9.79,6.5,8.58,17,8,6.5,,monthly_30d_25d_otm,weekly_2_strike1,38,147
ENPH,2020-02-11,2020-03-10,backfill,O:ENPH200320C00045000,45.0,2020-03-20,2020-02-27,4.5,7.7,4.5,6.8,217,27,4.5,,monthly_30d_25d_otm,weekly_2_strike1,38,147
ENPH,2020-02-11,2020-03-10,backfill,O:ENPH200320C00045000,45.0,2020-03-20,2020-02-28,5.4,7.48,4.9,5.9,424,28,5.4,,monthly_30d_25d_otm,weekly_2_strike1,38,147
ENPH,2020-02-11,2020-03-10,backfill,O:ENPH200320C00045000,45.0,2020-03-20,2020-03-02,6.92,8.2,6.9,7.7,92,10,6.92,,monthly_30d_25d_otm,weekly_2_strike1,38,147
ENPH,2020-02-11,2020-03-10,backfill,O:ENPH200320C00045000,45.0,2020-03-20,2020-03-03,7.9,10.4,7.8,8.3,80,15,7.9,,monthly_30d_25d_otm,weekly_2_strike1,38,147
ENPH,2020-02-11,2020-03-10,backfill,O:ENPH200320C00045000,45.0,2020-03-20,2020-03-04,8.8,8.8,8.8,8.8,10,1,8.8,,monthly_30d_25d_otm,weekly_2_strike1,38,147
ENPH,2020-02-11,2020-03-10,backfill,O:ENPH200320C00045000,45.0,2020-03-20,2020-03-05,12.4,14.82,12.4,13.4,31,5,12.4,,monthly_30d_25d_otm,weekly_2_strike1,38,147
ENPH,2020-02-11,2020-03-10,backfill,O:ENPH200320C00045000,45.0,2020-03-20,2020-03-06,11.6,11.8,9.1,9.1,89,9,11.6,,monthly_30d_25d_otm,weekly_2_strike1,38,147
ENPH,2020-02-11,2020-03-10,backfill,O:ENPH200320C00045000,45.0,2020-03-20,2020-03-09,5.0,5.65,2.65,3.3,175,38,5.0,,monthly_30d_25d_otm,weekly_2_strike1,38,147
ENPH,2020-02-11,2020-03-10,backfill,O:ENPH200320C00045000,45.0,2020-03-20,2020-03-10,4.6,4.6,3.1,4.0,172,31,4.6,,monthly_30d_25d_otm,weekly_2_strike1,38,147
ENPH,2020-11-06,2020-12-04,backfill,O:ENPH201218C00155000,155.0,2020-12-18,2020-11-06,3.7,3.8,3.5,3.8,11,5,3.7,,monthly_30d_20d_otm,weekly_2_strike3,42,11
ENPH,2020-11-06,2020-12-04,backfill,O:ENPH201218C00155000,155.0,2020-12-18,2020-11-09,4.99,4.99,3.7,3.7,3,3,4.99,,monthly_30d_20d_otm,weekly_2_strike3,42,11
ENPH,2020-11-06,2020-12-04,backfill,O:ENPH201218C00155000,155.0,2020-12-18,2020-11-10,2.0,2.0,1.38,1.38,14,5,2.0,,monthly_30d_20d_otm,weekly_2_strike3,42,11
ENPH,2020-11-06,2020-12-04,backfill,O:ENPH201218C00155000,155.0,2020-12-18,2020-11-11,2.17,2.38,2.17,2.38,11,2,2.17,,monthly_30d_20d_otm,weekly_2_strike3,42,11
ENPH,2020-11-06,2020-12-04,backfill,O:ENPH201218C00155000,155.0,2020-12-18,2020-11-13,1.7,1.74,1.7,1.74,2,2,1.7,,monthly_30d_20d_otm,weekly_2_strike3,42,11
ENPH,2020-11-06,2020-12-04,backfill,O:ENPH201218C00155000,155.0,2020-12-18,2020-11-16,2.05,2.25,1.87,2.0,12,7,2.05,,monthly_30d_20d_otm,weekly_2_strike3,42,11
ENPH,2020-11-06,2020-12-04,backfill,O:ENPH201218C00155000,155.0,2020-12-18,2020-11-17,1.69,2.57,1.69,2.57,16,5,1.69,,monthly_30d_20d_otm,weekly_2_strike3,42,11
ENPH,2020-11-06,2020-12-04,backfill,O:ENPH201218C00155000,155.0,2020-12-18,2020-11-18,2.52,2.55,2.3,2.36,41,5,2.52,,monthly_30d_20d_otm,weekly_2_strike3,42,11
ENPH,2020-11-06,2020-12-04,backfill,O:ENPH201218C00155000,155.0,2020-12-18,2020-11-19,2.3,2.93,2.3,2.56,14,7,2.3,,monthly_30d_20d_otm,weekly_2_strike3,42,11
ENPH,2020-11-06,2020-12-04,backfill,O:ENPH201218C00155000,155.0,2020-12-18,2020-11-20,2.75,3.35,2.68,2.71,109,23,2.75,,monthly_30d_20d_otm,weekly_2_strike3,42,11
ENPH,2020-11-06,2020-12-04,backfill,O:ENPH201218C00155000,155.0,2020-12-18,2020-11-23,2.89,3.17,2.31,3.17,160,31,2.89,,monthly_30d_20d_otm,weekly_2_strike3,42,11
ENPH,2020-11-06,2020-12-04,backfill,O:ENPH201218C00155000,155.0,2020-12-18,2020-11-24,3.4,3.97,2.77,3.36,687,45,3.4,,monthly_30d_20d_otm,weekly_2_strike3,42,11
ENPH,2020-11-06,2020-12-04,backfill,O:ENPH201218C00155000,155.0,2020-12-18,2020-11-25,3.3,4.4,3.1,4.0,239,39,3.3,,monthly_30d_20d_otm,weekly_2_strike3,42,11
ENPH,2020-11-06,2020-12-04,backfill,O:ENPH201218C00155000,155.0,2020-12-18,2020-11-27,5.08,7.25,3.55,4.35,254,61,5.08,,monthly_30d_20d_otm,weekly_2_strike3,42,11
ENPH,2020-11-06,2020-12-04,backfill,O:ENPH201218C00155000,155.0,2020-12-18,2020-11-30,4.58,5.7,2.47,3.2,167,52,4.58,,monthly_30d_20d_otm,weekly_2_strike3,42,11
ENPH,2020-11-06,2020-12-04,backfill,O:ENPH201218C00155000,155.0,2020-12-18,2020-12-01,2.86,3.09,1.24,1.5,108,40,2.86,,monthly_30d_20d_otm,weekly_2_strike3,42,11
ENPH,2020-11-06,2020-12-04,backfill,O:ENPH201218C00155000,155.0,2020-12-18,2020-12-02,1.0,1.51,0.77,1.25,176,26,1.0,,monthly_30d_20d_otm,weekly_2_strike3,42,11
ENPH,2020-11-06,2020-12-04,backfill,O:ENPH201218C00155000,155.0,2020-12-18,2020-12-03,1.3,2.0,1.19,1.27,37,10,1.3,,monthly_30d_20d_otm,weekly_2_strike3,42,11
ENPH,2020-11-06,2020-12-04,backfill,O:ENPH201218C00155000,155.0,2020-12-18,2020-12-04,1.5,2.25,1.34,1.4,49,18,1.5,,monthly_30d_20d_otm,weekly_2_strike3,42,11
ENPH,2021-11-10,2021-12-08,backfill,O:ENPH220121C00280000,280.0,2022-01-21,2021-11-10,8.0,8.0,7.5,7.5,6,3,8.0,,monthly_60d_30d_otm,weekly_2_strike0,72,6
ENPH,2021-11-10,2021-12-08,backfill,O:ENPH220121C00280000,280.0,2022-01-21,2021-11-11,8.96,13.92,8.96,13.92,1136,19,8.96,,monthly_60d_30d_otm,weekly_2_strike0,72,6
ENPH,2021-11-10,2021-12-08,backfill,O:ENPH220121C00280000,280.0,2022-01-21,2021-11-12,14.65,15.25,12.85,13.55,227,16,14.65,,monthly_60d_30d_otm,weekly_2_strike0,72,6
ENPH,2021-11-10,2021-12-08,backfill,O:ENPH220121C00280000,280.0,2022-01-21,2021-11-15,11.1,12.15,10.8,11.05,533,14,11.1,,monthly_60d_30d_otm,weekly_2_strike0,72,6
ENPH,2021-11-10,2021-12-08,backfill,O:ENPH220121C00280000,280.0,2022-01-21,2021-11-16,11.27,13.1,9.7,12.95,545,16,11.27,,monthly_60d_30d_otm,weekly_2_strike0,72,6
ENPH,2021-11-10,2021-12-08,backfill,O:ENPH220121C00280000,280.0,2022-01-21,2021-11-17,16.03,16.03,13.8,13.8,11,5,16.03,,monthly_60d_30d_otm,weekly_2_strike0,72,6
ENPH,2021-11-10,2021-12-08,backfill,O:ENPH220121C00280000,280.0,2022-01-21,2021-11-18,13.25,13.25,12.2,12.9,304,3,13.25,,monthly_60d_30d_otm,weekly_2_strike0,72,6
ENPH,2021-11-10,2021-12-08,backfill,O:ENPH220121C00280000,280.0,2022-01-21,2021-11-19,17.05,21.1,17.05,18.15,128,25,17.05,,monthly_60d_30d_otm,weekly_2_strike0,72,6
ENPH,2021-11-10,2021-12-08,backfill,O:ENPH220121C00280000,280.0,2022-01-21,2021-11-22,22.9,26.48,15.9,16.5,105,39,22.9,,monthly_60d_30d_otm,weekly_2_strike0,72,6
ENPH,2021-11-10,2021-12-08,backfill,O:ENPH220121C00280000,280.0,2022-01-21,2021-11-23,14.24,18.05,10.9,11.98,116,34,14.24,,monthly_60d_30d_otm,weekly_2_strike0,72,6
ENPH,2021-11-10,2021-12-08,backfill,O:ENPH220121C00280000,280.0,2022-01-21,2021-11-24,11.2,13.65,10.14,13.5,315,20,11.2,,monthly_60d_30d_otm,weekly_2_strike0,72,6
ENPH,2021-11-10,2021-12-08,backfill,O:ENPH220121C00280000,280.0,2022-01-21,2021-11-26,13.0,13.0,11.95,12.35,26,8,13.0,,monthly_60d_30d_otm,weekly_2_strike0,72,6
ENPH,2021-11-10,2021-12-08,backfill,O:ENPH220121C00280000,280.0,2022-01-21,2021-11-29,14.0,14.1,12.45,13.15,22,12,14.0,,monthly_60d_30d_otm,weekly_2_strike0,72,6
ENPH,2021-11-10,2021-12-08,backfill,O:ENPH220121C00280000,280.0,2022-01-21,2021-11-30,14.01,14.2,10.9,12.0,23,13,14.01,,monthly_60d_30d_otm,weekly_2_strike0,72,6
ENPH,2021-11-10,2021-12-08,backfill,O:ENPH220121C00280000,280.0,2022-01-21,2021-12-01,13.25,13.56,9.0,9.65,44,23,13.25,,monthly_60d_30d_otm,weekly_2_strike0,72,6
ENPH,2021-11-10,2021-12-08,backfill,O:ENPH220121C00280000,280.0,2022-01-21,2021-12-02,8.7,8.7,7.2,8.12,20,12,8.7,,monthly_60d_30d_otm,weekly_2_strike0,72,6
ENPH,2021-11-10,2021-12-08,backfill,O:ENPH220121C00280000,280.0,2022-01-21,2021-12-03,6.35,6.35,5.15,5.3,40,10,6.35,,monthly_60d_30d_otm,weekly_2_strike0,72,6
ENPH,2021-11-10,2021-12-08,backfill,O:ENPH220121C00280000,280.0,2022-01-21,2021-12-06,4.2,4.68,3.7,3.7,30,15,4.2,,monthly_60d_30d_otm,weekly_2_strike0,72,6
ENPH,2021-11-10,2021-12-08,backfill,O:ENPH220121C00280000,280.0,2022-01-21,2021-12-07,5.0,5.61,4.4,4.4,36,11,5.0,,monthly_60d_30d_otm,weekly_2_strike0,72,6
ENPH,2021-11-10,2021-12-08,backfill,O:ENPH220121C00280000,280.0,2022-01-21,2021-12-08,4.45,4.45,4.45,4.45,1,1,4.45,,monthly_60d_30d_otm,weekly_2_strike0,72,6
ENPH,2022-03-22,2022-04-19,backfill,O:ENPH220520C00185000,185.0,2022-05-20,2022-03-22,21.5,27.22,21.5,23.35,128,17,21.5,,monthly_45d_atm,weekly_2_strike0,59,128
ENPH,2022-03-22,2022-04-19,backfill,O:ENPH220520C00185000,185.0,2022-05-20,2022-03-23,21.64,27.55,21.64,26.55,4,4,21.64,,monthly_45d_atm,weekly_2_strike0,59,128
ENPH,2022-03-22,2022-04-19,backfill,O:ENPH220520C00185000,185.0,2022-05-20,2022-03-24,23.5,27.32,23.5,27.0,13,7,23.5,,monthly_45d_atm,weekly_2_strike0,59,128
ENPH,2022-03-22,2022-04-19,backfill,O:ENPH220520C00185000,185.0,2022-05-20,2022-03-25,22.9,25.54,22.9,25.54,4,4,22.9,,monthly_45d_atm,weekly_2_strike0,59,128
ENPH,2022-03-22,2022-04-19,backfill,O:ENPH220520C00185000,185.0,2022-05-20,2022-03-28,27.25,27.25,24.8,26.25,7,4,27.25,,monthly_45d_atm,weekly_2_strike0,59,128
ENPH,2022-03-22,2022-04-19,backfill,O:ENPH220520C00185000,185.0,2022-05-20,2022-03-29,23.58,29.5,23.58,29.5,3,3,23.58,,monthly_45d_atm,weekly_2_strike0,59,128
ENPH,2022-03-22,2022-04-19,backfill,O:ENPH220520C00185000,185.0,2022-05-20,2022-03-30,25.4,25.4,25.4,25.4,2,1,25.4,,monthly_45d_atm,weekly_2_strike0,59,128
ENPH,2022-03-22,2022-04-19,backfill,O:ENPH220520C00185000,185.0,2022-05-20,2022-03-31,29.33,29.33,29.33,29.33,1,1,29.33,,monthly_45d_atm,weekly_2_strike0,59,128
ENPH,2022-03-22,2022-04-19,backfill,O:ENPH220520C00185000,185.0,2022-05-20,2022-04-01,31.5,33.82,31.5,33.82,10,5,31.5,,monthly_45d_atm,weekly_2_strike0,59,128
ENPH,2022-03-22,2022-04-19,backfill,O:ENPH220520C00185000,185.0,2022-05-20,2022-04-04,39.35,39.35,38.5,38.59,5,3,39.35,,monthly_45d_atm,weekly_2_strike0,59,128
ENPH,2022-03-22,2022-04-19,backfill,O:ENPH220520C00185000,185.0,2022-05-20,2022-04-05,41.67,42.03,41.67,42.03,9,2,41.67,,monthly_45d_atm,weekly_2_strike0,59,128
ENPH,2022-03-22,2022-04-19,backfill,O:ENPH220520C00185000,185.0,2022-05-20,2022-04-06,30.7,30.7,28.35,28.35,9,2,30.7,,monthly_45d_atm,weekly_2_strike0,59,128
ENPH,2022-03-22,2022-04-19,backfill,O:ENPH220520C00185000,185.0,2022-05-20,2022-04-07,32.15,32.35,32.0,32.35,3,3,32.15,,monthly_45d_atm,weekly_2_strike0,59,128
ENPH,2022-03-22,2022-04-19,backfill,O:ENPH220520C00185000,185.0,2022-05-20,2022-04-08,25.65,25.65,25.33,25.33,18,2,25.65,,monthly_45d_atm,weekly_2_strike0,59,128
ENPH,2022-03-22,2022-04-19,backfill,O:ENPH220520C00185000,185.0,2022-05-20,2022-04-11,20.53,21.7,18.57,19.3,29,7,20.53,,monthly_45d_atm,weekly_2_strike0,59,128
ENPH,2022-03-22,2022-04-19,backfill,O:ENPH220520C00185000,185.0,2022-05-20,2022-04-12,21.8,22.0,18.24,18.24,19,6,21.8,,monthly_45d_atm,weekly_2_strike0,59,128
ENPH,2022-03-22,2022-04-19,backfill,O:ENPH220520C00185000,185.0,2022-05-20,2022-04-13,19.75,21.4,19.75,20.8,24,4,19.75,,monthly_45d_atm,weekly_2_strike0,59,128
ENPH,2022-03-22,2022-04-19,backfill,O:ENPH220520C00185000,185.0,2022-05-20,2022-04-14,21.65,21.65,21.65,21.65,1,1,21.65,,monthly_45d_atm,weekly_2_strike0,59,128
ENPH,2022-03-22,2022-04-19,backfill,O:ENPH220520C00185000,185.0,2022-05-20,2022-04-18,19.6,19.6,19.6,19.6,1,1,19.6,,monthly_45d_atm,weekly_2_strike0,59,128
ENPH,2022-03-22,2022-04-19,backfill,O:ENPH220520C00185000,185.0,2022-05-20,2022-04-19,17.0,21.5,17.0,21.5,2,2,17.0,,monthly_45d_atm,weekly_2_strike0,59,128
ENPH,2024-05-31,2024-06-21,backfill,O:ENPH240621C00145000,145.0,2024-06-21,2024-05-31,3.0,3.64,1.6,1.82,176,43,3.0,,monthly_30d_25d_otm,weekly_1_strike0,21,176
ENPH,2024-05-31,2024-06-21,backfill,O:ENPH240621C00145000,145.0,2024-06-21,2024-06-03,1.82,2.5,1.6,1.6,81,29,1.82,,monthly_30d_25d_otm,weekly_1_strike0,21,176
ENPH,2024-05-31,2024-06-21,backfill,O:ENPH240621C00145000,145.0,2024-06-21,2024-06-04,1.7,2.56,1.27,2.0,227,41,1.7,,monthly_30d_25d_otm,weekly_1_strike0,21,176
ENPH,2024-05-31,2024-06-21,backfill,O:ENPH240621C00145000,145.0,2024-06-21,2024-06-05,2.35,3.35,2.02,2.49,334,50,2.35,,monthly_30d_25d_otm,weekly_1_strike0,21,176
ENPH,2024-05-31,2024-06-21,backfill,O:ENPH240621C00145000,145.0,2024-06-21,2024-06-06,2.6,2.6,1.79,2.01,56,24,2.6,,monthly_30d_25d_otm,weekly_1_strike0,21,176
ENPH,2024-05-31,2024-06-21,backfill,O:ENPH240621C00145000,145.0,2024-06-21,2024-06-07,1.25,1.47,0.43,0.45,367,74,1.25,,monthly_30d_25d_otm,weekly_1_strike0,21,176
ENPH,2024-05-31,2024-06-21,backfill,O:ENPH240621C00145000,145.0,2024-06-21,2024-06-10,0.45,1.39,0.42,1.28,280,82,0.45,,monthly_30d_25d_otm,weekly_1_strike0,21,176
ENPH,2024-05-31,2024-06-21,backfill,O:ENPH240621C00145000,145.0,2024-06-21,2024-06-11,1.2,1.63,0.6,1.43,446,53,1.2,,monthly_30d_25d_otm,weekly_1_strike0,21,176
ENPH,2024-05-31,2024-06-21,backfill,O:ENPH240621C00145000,145.0,2024-06-21,2024-06-12,2.84,4.18,1.06,1.39,1779,175,2.84,,monthly_30d_25d_otm,weekly_1_strike0,21,176
ENPH,2024-05-31,2024-06-21,backfill,O:ENPH240621C00145000,145.0,2024-06-21,2024-06-13,1.2,1.3,0.4,0.45,891,77,1.2,,monthly_30d_25d_otm,weekly_1_strike0,21,176
ENPH,2024-05-31,2024-06-21,backfill,O:ENPH240621C00145000,145.0,2024-06-21,2024-06-14,0.22,0.53,0.1,0.1,570,78,0.22,,monthly_30d_25d_otm,weekly_1_strike0,21,176
ENPH,2024-05-31,2024-06-21,backfill,O:ENPH240621C00145000,145.0,2024-06-21,2024-06-17,0.11,0.13,0.01,0.04,1029,45,0.11,,monthly_30d_25d_otm,weekly_1_strike0,21,176
ENPH,2024-05-31,2024-06-21,backfill,O:ENPH240621C00145000,145.0,2024-06-21,2024-06-18,0.04,0.04,0.02,0.02,40,8,0.04,,monthly_30d_25d_otm,weekly_1_strike0,21,176
ENPH,2024-05-31,2024-06-21,backfill,O:ENPH240621C00145000,145.0,2024-06-21,2024-06-20,0.74,0.74,0.01,0.02,102,20,0.74,,monthly_30d_25d_otm,weekly_1_strike0,21,176
ENPH,2024-05-31,2024-06-21,backfill,O:ENPH240621C00145000,145.0,2024-06-21,2024-06-21,0.01,0.01,0.01,0.01,5,2,0.01,,monthly_30d_25d_otm,weekly_1_strike0,21,176
ENPH,2025-02-06,2025-03-03,backfill,O:ENPH250321C00070000,70.0,2025-03-21,2025-02-06,4.3,5.1,3.47,4.1,693,58,4.3,,monthly_30d_35d_otm,weekly_2_strike0,43,693
ENPH,2025-02-06,2025-03-03,backfill,O:ENPH250321C00070000,70.0,2025-03-21,2025-02-07,3.3,3.95,2.39,2.86,542,60,3.3,,monthly_30d_35d_otm,weekly_2_strike0,43,693
ENPH,2025-02-06,2025-03-03,backfill,O:ENPH250321C00070000,70.0,2025-03-21,2025-02-10,2.84,3.0,2.05,2.41,408,52,2.84,,monthly_30d_35d_otm,weekly_2_strike0,43,693
ENPH,2025-02-06,2025-03-03,backfill,O:ENPH250321C00070000,70.0,2025-03-21,2025-02-11,2.22,3.15,2.13,2.13,178,50,2.22,,monthly_30d_35d_otm,weekly_2_strike0,43,693
ENPH,2025-02-06,2025-03-03,backfill,O:ENPH250321C00070000,70.0,2025-03-21,2025-02-12,1.85,1.95,1.58,1.64,1372,82,1.85,,monthly_30d_35d_otm,weekly_2_strike0,43,693
ENPH,2025-02-06,2025-03-03,backfill,O:ENPH250321C00070000,70.0,2025-03-21,2025-02-13,1.73,2.2,1.55,2.04,374,100,1.73,,monthly_30d_35d_otm,weekly_2_strike0,43,693
ENPH,2025-02-06,2025-03-03,backfill,O:ENPH250321C00070000,70.0,2025-03-21,2025-02-14,2.17,2.35,1.89,2.27,150,57,2.17,,monthly_30d_35d_otm,weekly_2_strike0,43,693
ENPH,2025-02-06,2025-03-03,backfill,O:ENPH250321C00070000,70.0,2025-03-21,2025-02-18,2.6,3.1,1.67,2.86,482,104,2.6,,monthly_30d_35d_otm,weekly_2_strike0,43,693
ENPH,2025-02-06,2025-03-03,backfill,O:ENPH250321C00070000,70.0,2025-03-21,2025-02-19,3.89,5.37,3.1,3.1,770,88,3.89,,monthly_30d_35d_otm,weekly_2_strike0,43,693
ENPH,2025-02-06,2025-03-03,backfill,O:ENPH250321C00070000,70.0,2025-03-21,2025-02-20,2.9,3.0,2.29,2.85,554,57,2.9,,monthly_30d_35d_otm,weekly_2_strike0,43,693
ENPH,2025-02-06,2025-03-03,backfill,O:ENPH250321C00070000,70.0,2025-03-21,2025-02-21,2.85,2.85,1.8,2.39,814,102,2.85,,monthly_30d_35d_otm,weekly_2_strike0,43,693
ENPH,2025-02-06,2025-03-03,backfill,O:ENPH250321C00070000,70.0,2025-03-21,2025-02-24,2.4,2.95,2.11,2.73,325,82,2.4,,monthly_30d_35d_otm,weekly_2_strike0,43,693
ENPH,2025-02-06,2025-03-03,backfill,O:ENPH250321C00070000,70.0,2025-03-21,2025-02-25,2.5,3.15,2.3,2.48,527,58,2.5,,monthly_30d_35d_otm,weekly_2_strike0,43,693
ENPH,2025-02-06,2025-03-03,backfill,O:ENPH250321C00070000,70.0,2025-03-21,2025-02-26,2.6,3.2,2.04,2.1,583,67,2.6,,monthly_30d_35d_otm,weekly_2_strike0,43,693
ENPH,2025-02-06,2025-03-03,backfill,O:ENPH250321C00070000,70.0,2025-03-21,2025-02-27,1.21,1.62,1.21,1.33,287,58,1.21,,monthly_30d_35d_otm,weekly_2_strike0,43,693
ENPH,2025-02-06,2025-03-03,backfill,O:ENPH250321C00070000,70.0,2025-03-21,2025-02-28,1.15,1.15,0.41,0.42,645,83,1.15,,monthly_30d_35d_otm,weekly_2_strike0,43,693
ENPH,2025-02-06,2025-03-03,backfill,O:ENPH250321C00070000,70.0,2025-03-21,2025-03-03,0.43,0.43,0.2,0.2,658,65,0.43,,monthly_30d_35d_otm,weekly_2_strike0,43,693
ENPH,2025-09-08,2025-10-03,backfill,O:ENPH251017C00045000,45.0,2025-10-17,2025-09-08,1.38,1.38,1.02,1.28,294,57,1.38,,monthly_30d_25d_otm,weekly_2_strike0,39,294
ENPH,2025-09-08,2025-10-03,backfill,O:ENPH251017C00045000,45.0,2025-10-17,2025-09-09,1.26,1.36,0.81,1.0,199,55,1.26,,monthly_30d_25d_otm,weekly_2_strike0,39,294
ENPH,2025-09-08,2025-10-03,backfill,O:ENPH251017C00045000,45.0,2025-10-17,2025-09-10,1.11,1.22,0.77,0.81,203,52,1.11,,monthly_30d_25d_otm,weekly_2_strike0,39,294
ENPH,2025-09-08,2025-10-03,backfill,O:ENPH251017C00045000,45.0,2025-10-17,2025-09-11,0.87,1.2,0.8,0.8,211,62,0.87,,monthly_30d_25d_otm,weekly_2_strike0,39,294
ENPH,2025-09-08,2025-10-03,backfill,O:ENPH251017C00045000,45.0,2025-10-17,2025-09-12,0.9,1.0,0.75,0.81,1272,61,0.9,,monthly_30d_25d_otm,weekly_2_strike0,39,294
ENPH,2025-09-08,2025-10-03,backfill,O:ENPH251017C00045000,45.0,2025-10-17,2025-09-15,0.86,1.07,0.7,0.94,703,76,0.86,,monthly_30d_25d_otm,weekly_2_strike0,39,294
ENPH,2025-09-08,2025-10-03,backfill,O:ENPH251017C00045000,45.0,2025-10-17,2025-09-16,1.01,1.3,0.8,1.18,646,113,1.01,,monthly_30d_25d_otm,weekly_2_strike0,39,294
ENPH,2025-09-08,2025-10-03,backfill,O:ENPH251017C00045000,45.0,2025-10-17,2025-09-17,1.18,1.7,0.97,1.07,1875,181,1.18,,monthly_30d_25d_otm,weekly_2_strike0,39,294
ENPH,2025-09-08,2025-10-03,backfill,O:ENPH251017C00045000,45.0,2025-10-17,2025-09-18,1.25,1.25,0.75,1.01,1923,117,1.25,,monthly_30d_25d_otm,weekly_2_strike0,39,294
ENPH,2025-09-08,2025-10-03,backfill,O:ENPH251017C00045000,45.0,2025-10-17,2025-09-19,1.02,1.06,0.77,0.94,2201,109,1.02,,monthly_30d_25d_otm,weekly_2_strike0,39,294
ENPH,2025-09-08,2025-10-03,backfill,O:ENPH251017C00045000,45.0,2025-10-17,2025-09-22,0.99,1.5,0.94,1.44,2358,172,0.99,,monthly_30d_25d_otm,weekly_2_strike0,39,294
ENPH,2025-09-08,2025-10-03,backfill,O:ENPH251017C00045000,45.0,2025-10-17,2025-09-23,1.56,1.6,0.65,0.66,1647,138,1.56,,monthly_30d_25d_otm,weekly_2_strike0,39,294
ENPH,2025-09-08,2025-10-03,backfill,O:ENPH251017C00045000,45.0,2025-10-17,2025-09-24,0.74,1.0,0.69,0.74,383,62,0.74,,monthly_30d_25d_otm,weekly_2_strike0,39,294
ENPH,2025-09-08,2025-10-03,backfill,O:ENPH251017C00045000,45.0,2025-10-17,2025-09-25,0.89,0.89,0.43,0.53,484,82,0.89,,monthly_30d_25d_otm,weekly_2_strike0,39,294
ENPH,2025-09-08,2025-10-03,backfill,O:ENPH251017C00045000,45.0,2025-10-17,2025-09-26,0.49,0.49,0.3,0.37,322,61,0.49,,monthly_30d_25d_otm,weekly_2_strike0,39,294
ENPH,2025-09-08,2025-10-03,backfill,O:ENPH251017C00045000,45.0,2025-10-17,2025-09-29,0.34,0.36,0.24,0.35,543,46,0.34,,monthly_30d_25d_otm,weekly_2_strike0,39,294
ENPH,2025-09-08,2025-10-03,backfill,O:ENPH251017C00045000,45.0,2025-10-17,2025-09-30,0.28,0.28,0.18,0.21,361,35,0.28,,monthly_30d_25d_otm,weekly_2_strike0,39,294
ENPH,2025-09-08,2025-10-03,backfill,O:ENPH251017C00045000,45.0,2025-10-17,2025-10-01,0.24,0.37,0.24,0.35,246,38,0.24,,monthly_30d_25d_otm,weekly_2_strike0,39,294
ENPH,2025-09-08,2025-10-03,backfill,O:ENPH251017C00045000,45.0,2025-10-17,2025-10-02,0.42,0.49,0.32,0.33,253,31,0.42,,monthly_30d_25d_otm,weekly_2_strike0,39,294
ENPH,2025-09-08,2025-10-03,backfill,O:ENPH251017C00045000,45.0,2025-10-17,2025-10-03,0.34,0.45,0.22,0.22,91,33,0.34,,monthly_30d_25d_otm,weekly_2_strike0,39,294
ENPH,2026-01-13,2026-02-10,backfill,O:ENPH260220C00040000,40.0,2026-02-20,2026-01-13,1.82,2.1,1.67,1.94,398,51,1.82,,monthly_30d_25d_otm,weekly_2_strike0,38,398
ENPH,2026-01-13,2026-02-10,backfill,O:ENPH260220C00040000,40.0,2026-02-20,2026-01-14,2.01,2.51,1.9,1.9,125,40,2.01,,monthly_30d_25d_otm,weekly_2_strike0,38,398
ENPH,2026-01-13,2026-02-10,backfill,O:ENPH260220C00040000,40.0,2026-02-20,2026-01-15,1.94,1.94,1.49,1.65,1421,39,1.94,,monthly_30d_25d_otm,weekly_2_strike0,38,398
ENPH,2026-01-13,2026-02-10,backfill,O:ENPH260220C00040000,40.0,2026-02-20,2026-01-16,1.6,1.7,1.39,1.47,1382,58,1.6,,monthly_30d_25d_otm,weekly_2_strike0,38,398
ENPH,2026-01-13,2026-02-10,backfill,O:ENPH260220C00040000,40.0,2026-02-20,2026-01-20,1.62,1.8,1.12,1.27,1122,55,1.62,,monthly_30d_25d_otm,weekly_2_strike0,38,398
ENPH,2026-01-13,2026-02-10,backfill,O:ENPH260220C00040000,40.0,2026-02-20,2026-01-21,1.39,1.65,1.37,1.59,131,32,1.39,,monthly_30d_25d_otm,weekly_2_strike0,38,398
ENPH,2026-01-13,2026-02-10,backfill,O:ENPH260220C00040000,40.0,2026-02-20,2026-01-22,1.93,4.16,1.87,3.8,1666,146,1.93,,monthly_30d_25d_otm,weekly_2_strike0,38,398
ENPH,2026-01-13,2026-02-10,backfill,O:ENPH260220C00040000,40.0,2026-02-20,2026-01-23,4.15,5.05,3.18,3.18,4642,71,4.15,,monthly_30d_25d_otm,weekly_2_strike0,38,398
ENPH,2026-01-13,2026-02-10,backfill,O:ENPH260220C00040000,40.0,2026-02-20,2026-01-26,3.0,3.6,2.9,2.9,241,29,3.0,,monthly_30d_25d_otm,weekly_2_strike0,38,398
ENPH,2026-01-13,2026-02-10,backfill,O:ENPH260220C00040000,40.0,2026-02-20,2026-01-27,3.05,3.6,2.78,3.28,259,30,3.05,,monthly_30d_25d_otm,weekly_2_strike0,38,398
ENPH,2026-01-13,2026-02-10,backfill,O:ENPH260220C00040000,40.0,2026-02-20,2026-01-28,3.85,4.4,3.2,3.2,837,26,3.85,,monthly_30d_25d_otm,weekly_2_strike0,38,398
ENPH,2026-01-13,2026-02-10,backfill,O:ENPH260220C00040000,40.0,2026-02-20,2026-01-29,3.3,3.3,2.1,2.49,5153,36,3.3,,monthly_30d_25d_otm,weekly_2_strike0,38,398
ENPH,2026-01-13,2026-02-10,backfill,O:ENPH260220C00040000,40.0,2026-02-20,2026-01-30,2.75,2.75,1.79,1.88,2272,37,2.75,,monthly_30d_25d_otm,weekly_2_strike0,38,398
ENPH,2026-01-13,2026-02-10,backfill,O:ENPH260220C00040000,40.0,2026-02-20,2026-02-02,1.73,1.73,1.31,1.45,1911,55,1.73,,monthly_30d_25d_otm,weekly_2_strike0,38,398
ENPH,2026-01-13,2026-02-10,backfill,O:ENPH260220C00040000,40.0,2026-02-20,2026-02-03,1.55,2.23,1.46,1.95,2702,92,1.55,,monthly_30d_25d_otm,weekly_2_strike0,38,398
ENPH,2026-01-13,2026-02-10,backfill,O:ENPH260220C00040000,40.0,2026-02-20,2026-02-04,8.25,13.0,8.08,12.1,7670,113,8.25,,monthly_30d_25d_otm,weekly_2_strike0,38,398
ENPH,2026-01-13,2026-02-10,backfill,O:ENPH260220C00040000,40.0,2026-02-20,2026-02-05,9.13,9.54,7.65,7.71,1136,28,9.13,,monthly_30d_25d_otm,weekly_2_strike0,38,398
ENPH,2026-01-13,2026-02-10,backfill,O:ENPH260220C00040000,40.0,2026-02-20,2026-02-06,9.57,10.7,7.67,10.0,81,25,9.57,,monthly_30d_25d_otm,weekly_2_strike0,38,398
ENPH,2026-01-13,2026-02-10,backfill,O:ENPH260220C00040000,40.0,2026-02-20,2026-02-09,10.45,10.6,8.0,10.6,45,12,10.45,,monthly_30d_25d_otm,weekly_2_strike0,38,398
ENPH,2026-01-13,2026-02-10,backfill,O:ENPH260220C00040000,40.0,2026-02-20,2026-02-10,10.32,12.17,10.19,10.73,20,10,10.32,,monthly_30d_25d_otm,weekly_2_strike0,38,398
EOG,2020-11-27,2020-12-24,backfill,O:EOG201218C00055000,55.0,2020-12-18,2020-11-27,2.0,2.0,1.31,1.5,6,4,2.0,,monthly_30d_40d_otm,weekly_1_strike0,21,6
EOG,2020-11-27,2020-12-24,backfill,O:EOG201218C00055000,55.0,2020-12-18,2020-11-30,1.04,1.13,0.33,0.33,121,7,1.04,,monthly_30d_40d_otm,weekly_1_strike0,21,6
EOG,2020-11-27,2020-12-24,backfill,O:EOG201218C00055000,55.0,2020-12-18,2020-12-01,0.24,0.24,0.24,0.24,1,1,0.24,,monthly_30d_40d_otm,weekly_1_strike0,21,6
EOG,2020-11-27,2020-12-24,backfill,O:EOG201218C00055000,55.0,2020-12-18,2020-12-02,0.34,0.49,0.34,0.41,207,9,0.34,,monthly_30d_40d_otm,weekly_1_strike0,21,6
EOG,2020-11-27,2020-12-24,backfill,O:EOG201218C00055000,55.0,2020-12-18,2020-12-03,0.36,0.36,0.36,0.36,25,1,0.36,,monthly_30d_40d_otm,weekly_1_strike0,21,6
EOG,2020-11-27,2020-12-24,backfill,O:EOG201218C00055000,55.0,2020-12-18,2020-12-04,0.5,1.44,0.5,1.4,1233,25,0.5,,monthly_30d_40d_otm,weekly_1_strike0,21,6
EOG,2020-11-27,2020-12-24,backfill,O:EOG201218C00055000,55.0,2020-12-18,2020-12-07,1.15,1.15,0.78,0.78,61,12,1.15,,monthly_30d_40d_otm,weekly_1_strike0,21,6
EOG,2020-11-27,2020-12-24,backfill,O:EOG201218C00055000,55.0,2020-12-18,2020-12-08,0.67,0.91,0.67,0.88,49,16,0.67,,monthly_30d_40d_otm,weekly_1_strike0,21,6
EOG,2020-11-27,2020-12-24,backfill,O:EOG201218C00055000,55.0,2020-12-18,2020-12-09,1.01,1.64,0.78,0.78,193,22,1.01,,monthly_30d_40d_otm,weekly_1_strike0,21,6
EOG,2020-11-27,2020-12-24,backfill,O:EOG201218C00055000,55.0,2020-12-18,2020-12-10,1.68,2.29,1.58,1.72,266,37,1.68,,monthly_30d_40d_otm,weekly_1_strike0,21,6
EOG,2020-11-27,2020-12-24,backfill,O:EOG201218C00055000,55.0,2020-12-18,2020-12-11,1.41,1.41,0.8,0.8,1256,24,1.41,,monthly_30d_40d_otm,weekly_1_strike0,21,6
EOG,2020-11-27,2020-12-24,backfill,O:EOG201218C00055000,55.0,2020-12-18,2020-12-14,1.12,1.21,0.27,0.31,249,32,1.12,,monthly_30d_40d_otm,weekly_1_strike0,21,6
EOG,2020-11-27,2020-12-24,backfill,O:EOG201218C00055000,55.0,2020-12-18,2020-12-15,0.36,0.39,0.19,0.39,29,11,0.36,,monthly_30d_40d_otm,weekly_1_strike0,21,6
EOG,2020-11-27,2020-12-24,backfill,O:EOG201218C00055000,55.0,2020-12-18,2020-12-16,0.37,0.48,0.18,0.18,138,21,0.37,,monthly_30d_40d_otm,weekly_1_strike0,21,6
EOG,2020-11-27,2020-12-24,backfill,O:EOG201218C00055000,55.0,2020-12-18,2020-12-17,0.15,0.15,0.04,0.06,111,9,0.15,,monthly_30d_40d_otm,weekly_1_strike0,21,6
EOG,2020-11-27,2020-12-24,backfill,O:EOG201218C00055000,55.0,2020-12-18,2020-12-18,0.02,0.04,0.01,0.01,26,6,0.02,,monthly_30d_40d_otm,weekly_1_strike0,21,6
EOG,2021-02-23,2021-03-22,backfill,O:EOG210319C00067000,67.0,2021-03-19,2021-02-23,2.62,4.3,2.62,4.3,8,3,2.62,,monthly_30d_atm,weekly_2_strike0,24,8
EOG,2021-02-23,2021-03-22,backfill,O:EOG210319C00067000,67.0,2021-03-19,2021-02-25,6.65,6.65,6.65,6.65,10,1,6.65,,monthly_30d_atm,weekly_2_strike0,24,8
EOG,2021-02-23,2021-03-22,backfill,O:EOG210319C00067000,67.0,2021-03-19,2021-02-26,2.5,2.81,2.46,2.56,24,4,2.5,,monthly_30d_atm,weekly_2_strike0,24,8
EOG,2021-02-23,2021-03-22,backfill,O:EOG210319C00067000,67.0,2021-03-19,2021-03-01,2.95,2.95,2.5,2.53,10,3,2.95,,monthly_30d_atm,weekly_2_strike0,24,8
EOG,2021-02-23,2021-03-22,backfill,O:EOG210319C00067000,67.0,2021-03-19,2021-03-03,4.35,4.35,3.07,3.49,22,4,4.35,,monthly_30d_atm,weekly_2_strike0,24,8
EOG,2021-02-23,2021-03-22,backfill,O:EOG210319C00067000,67.0,2021-03-19,2021-03-04,4.02,6.15,4.02,5.53,33,6,4.02,,monthly_30d_atm,weekly_2_strike0,24,8
EOG,2021-02-23,2021-03-22,backfill,O:EOG210319C00067000,67.0,2021-03-19,2021-03-05,8.05,8.05,6.6,6.6,3,3,8.05,,monthly_30d_atm,weekly_2_strike0,24,8
EOG,2021-02-23,2021-03-22,backfill,O:EOG210319C00067000,67.0,2021-03-19,2021-03-09,10.15,10.15,7.95,7.95,6,2,10.15,,monthly_30d_atm,weekly_2_strike0,24,8
EOG,2021-02-23,2021-03-22,backfill,O:EOG210319C00067000,67.0,2021-03-19,2021-03-17,4.02,4.11,4.02,4.08,4,1,4.02,,monthly_30d_atm,weekly_2_strike0,24,8
EOG,2021-02-23,2021-03-22,backfill,O:EOG210319C00067000,67.0,2021-03-19,2021-03-18,2.4,2.4,2.4,2.4,20,1,2.4,,monthly_30d_atm,weekly_2_strike0,24,8
EOG,2021-02-23,2021-03-22,backfill,O:EOG210319C00067000,67.0,2021-03-19,2021-03-19,3.66,3.66,2.72,2.9,27,3,3.66,,monthly_30d_atm,weekly_2_strike0,24,8
EOG,2021-05-03,2021-05-28,backfill,O:EOG210618C00080000,80.0,2021-06-18,2021-05-03,2.76,2.92,2.6,2.92,61,15,2.76,,monthly_30d_30d_otm,weekly_2_strike1,46,61
EOG,2021-05-03,2021-05-28,backfill,O:EOG210618C00080000,80.0,2021-06-18,2021-05-04,2.92,2.92,2.61,2.61,2,2,2.92,,monthly_30d_30d_otm,weekly_2_strike1,46,61
EOG,2021-05-03,2021-05-28,backfill,O:EOG210618C00080000,80.0,2021-06-18,2021-05-05,3.3,3.95,3.2,3.35,84,18,3.3,,monthly_30d_30d_otm,weekly_2_strike1,46,61
EOG,2021-05-03,2021-05-28,backfill,O:EOG210618C00080000,80.0,2021-06-18,2021-05-06,2.91,3.3,2.55,3.3,69,11,2.91,,monthly_30d_30d_otm,weekly_2_strike1,46,61
EOG,2021-05-03,2021-05-28,backfill,O:EOG210618C00080000,80.0,2021-06-18,2021-05-07,4.0,6.17,4.0,6.17,141,50,4.0,,monthly_30d_30d_otm,weekly_2_strike1,46,61
EOG,2021-05-03,2021-05-28,backfill,O:EOG210618C00080000,80.0,2021-06-18,2021-05-10,7.29,8.4,6.72,7.7,39,19,7.29,,monthly_30d_30d_otm,weekly_2_strike1,46,61
EOG,2021-05-03,2021-05-28,backfill,O:EOG210618C00080000,80.0,2021-06-18,2021-05-11,6.0,6.0,5.1,5.6,51,9,6.0,,monthly_30d_30d_otm,weekly_2_strike1,46,61
EOG,2021-05-03,2021-05-28,backfill,O:EOG210618C00080000,80.0,2021-06-18,2021-05-12,7.0,7.0,5.65,5.75,19,5,7.0,,monthly_30d_30d_otm,weekly_2_strike1,46,61
EOG,2021-05-03,2021-05-28,backfill,O:EOG210618C00080000,80.0,2021-06-18,2021-05-13,4.93,5.4,4.35,4.38,35,11,4.93,,monthly_30d_30d_otm,weekly_2_strike1,46,61
EOG,2021-05-03,2021-05-28,backfill,O:EOG210618C00080000,80.0,2021-06-18,2021-05-14,5.1,5.75,5.1,5.75,26,10,5.1,,monthly_30d_30d_otm,weekly_2_strike1,46,61
EOG,2021-05-03,2021-05-28,backfill,O:EOG210618C00080000,80.0,2021-06-18,2021-05-17,6.1,7.25,5.65,7.25,24,11,6.1,,monthly_30d_30d_otm,weekly_2_strike1,46,61
EOG,2021-05-03,2021-05-28,backfill,O:EOG210618C00080000,80.0,2021-06-18,2021-05-18,7.3,7.67,6.22,6.45,25,7,7.3,,monthly_30d_30d_otm,weekly_2_strike1,46,61
EOG,2021-05-03,2021-05-28,backfill,O:EOG210618C00080000,80.0,2021-06-18,2021-05-19,4.7,4.7,3.84,4.36,158,26,4.7,,monthly_30d_30d_otm,weekly_2_strike1,46,61
EOG,2021-05-03,2021-05-28,backfill,O:EOG210618C00080000,80.0,2021-06-18,2021-05-20,3.45,4.1,3.3,4.1,151,16,3.45,,monthly_30d_30d_otm,weekly_2_strike1,46,61
EOG,2021-05-03,2021-05-28,backfill,O:EOG210618C00080000,80.0,2021-06-18,2021-05-21,4.95,4.95,3.65,3.65,56,13,4.95,,monthly_30d_30d_otm,weekly_2_strike1,46,61
EOG,2021-05-03,2021-05-28,backfill,O:EOG210618C00080000,80.0,2021-06-18,2021-05-24,3.55,3.8,3.25,3.3,175,15,3.55,,monthly_30d_30d_otm,weekly_2_strike1,46,61
EOG,2021-05-03,2021-05-28,backfill,O:EOG210618C00080000,80.0,2021-06-18,2021-05-25,3.5,3.51,2.58,2.61,141,21,3.5,,monthly_30d_30d_otm,weekly_2_strike1,46,61
EOG,2021-05-03,2021-05-28,backfill,O:EOG210618C00080000,80.0,2021-06-18,2021-05-26,2.61,2.89,2.35,2.89,30,8,2.61,,monthly_30d_30d_otm,weekly_2_strike1,46,61
EOG,2021-05-03,2021-05-28,backfill,O:EOG210618C00080000,80.0,2021-06-18,2021-05-27,3.1,3.65,2.72,3.09,72,13,3.1,,monthly_30d_30d_otm,weekly_2_strike1,46,61
EOG,2021-05-03,2021-05-28,backfill,O:EOG210618C00080000,80.0,2021-06-18,2021-05-28,2.76,3.1,2.76,3.02,32,11,2.76,,monthly_30d_30d_otm,weekly_2_strike1,46,61
EOG,2021-07-08,2021-07-19,backfill,O:EOG210820C00085000,85.0,2021-08-20,2021-07-08,2.91,3.4,2.55,2.76,326,20,2.91,,monthly_30d_35d_otm,weekly_2_strike0,43,326
EOG,2021-07-08,2021-07-19,backfill,O:EOG210820C00085000,85.0,2021-08-20,2021-07-09,2.5,3.5,2.5,3.5,262,22,2.5,,monthly_30d_35d_otm,weekly_2_strike0,43,326
EOG,2021-07-08,2021-07-19,backfill,O:EOG210820C00085000,85.0,2021-08-20,2021-07-12,3.0,3.85,2.8,3.6,59,16,3.0,,monthly_30d_35d_otm,weekly_2_strike0,43,326
EOG,2021-07-08,2021-07-19,backfill,O:EOG210820C00085000,85.0,2021-08-20,2021-07-13,3.23,3.52,3.0,3.33,110,19,3.23,,monthly_30d_35d_otm,weekly_2_strike0,43,326
EOG,2021-07-08,2021-07-19,backfill,O:EOG210820C00085000,85.0,2021-08-20,2021-07-14,3.45,3.85,1.95,2.02,498,34,3.45,,monthly_30d_35d_otm,weekly_2_strike0,43,326
EOG,2021-07-08,2021-07-19,backfill,O:EOG210820C00085000,85.0,2021-08-20,2021-07-19,0.56,0.56,0.41,0.44,8,3,0.56,,monthly_30d_35d_otm,weekly_2_strike0,43,326
EOG,2021-10-08,2021-11-04,backfill,O:EOG211119C00090000,90.0,2021-11-19,2021-10-08,3.7,5.35,3.6,5.25,475,54,3.7,,monthly_30d_40d_otm,weekly_1_strike0,42,475
EOG,2021-10-08,2021-11-04,backfill,O:EOG211119C00090000,90.0,2021-11-19,2021-10-11,5.69,6.58,4.85,4.9,132,30,5.69,,monthly_30d_40d_otm,weekly_1_strike0,42,475
EOG,2021-10-08,2021-11-04,backfill,O:EOG211119C00090000,90.0,2021-11-19,2021-10-12,4.15,5.65,4.15,4.58,320,19,4.15,,monthly_30d_40d_otm,weekly_1_strike0,42,475
EOG,2021-10-08,2021-11-04,backfill,O:EOG211119C00090000,90.0,2021-11-19,2021-10-13,4.2,5.3,3.8,4.75,270,38,4.2,,monthly_30d_40d_otm,weekly_1_strike0,42,475
EOG,2021-10-08,2021-11-04,backfill,O:EOG211119C00090000,90.0,2021-11-19,2021-10-14,5.05,5.05,3.78,4.55,163,35,5.05,,monthly_30d_40d_otm,weekly_1_strike0,42,475
EOG,2021-10-08,2021-11-04,backfill,O:EOG211119C00090000,90.0,2021-11-19,2021-10-15,5.25,5.25,4.0,4.0,38,11,5.25,,monthly_30d_40d_otm,weekly_1_strike0,42,475
EOG,2021-10-08,2021-11-04,backfill,O:EOG211119C00090000,90.0,2021-11-19,2021-10-18,4.35,5.2,3.3,3.7,717,34,4.35,,monthly_30d_40d_otm,weekly_1_strike0,42,475
EOG,2021-10-08,2021-11-04,backfill,O:EOG211119C00090000,90.0,2021-11-19,2021-10-19,3.2,4.25,3.18,4.07,93,22,3.2,,monthly_30d_40d_otm,weekly_1_strike0,42,475
EOG,2021-10-08,2021-11-04,backfill,O:EOG211119C00090000,90.0,2021-11-19,2021-10-20,3.38,5.95,3.38,5.65,151,20,3.38,,monthly_30d_40d_otm,weekly_1_strike0,42,475
EOG,2021-10-08,2021-11-04,backfill,O:EOG211119C00090000,90.0,2021-11-19,2021-10-21,4.95,4.95,3.75,4.23,55,14,4.95,,monthly_30d_40d_otm,weekly_1_strike0,42,475
EOG,2021-10-08,2021-11-04,backfill,O:EOG211119C00090000,90.0,2021-11-19,2021-10-22,4.65,5.05,4.55,5.05,42,8,4.65,,monthly_30d_40d_otm,weekly_1_strike0,42,475
EOG,2021-10-08,2021-11-04,backfill,O:EOG211119C00090000,90.0,2021-11-19,2021-10-25,5.9,6.62,5.78,6.13,84,19,5.9,,monthly_30d_40d_otm,weekly_1_strike0,42,475
EOG,2021-10-08,2021-11-04,backfill,O:EOG211119C00090000,90.0,2021-11-19,2021-10-26,6.9,7.3,6.1,6.92,197,18,6.9,,monthly_30d_40d_otm,weekly_1_strike0,42,475
EOG,2021-10-08,2021-11-04,backfill,O:EOG211119C00090000,90.0,2021-11-19,2021-10-27,5.75,6.35,5.26,5.63,32,10,5.75,,monthly_30d_40d_otm,weekly_1_strike0,42,475
EOG,2021-10-08,2021-11-04,backfill,O:EOG211119C00090000,90.0,2021-11-19,2021-10-28,5.55,5.55,5.55,5.55,6,1,5.55,,monthly_30d_40d_otm,weekly_1_strike0,42,475
EOG,2021-10-08,2021-11-04,backfill,O:EOG211119C00090000,90.0,2021-11-19,2021-10-29,5.2,5.2,4.82,4.95,5,3,5.2,,monthly_30d_40d_otm,weekly_1_strike0,42,475
EOG,2021-10-08,2021-11-04,backfill,O:EOG211119C00090000,90.0,2021-11-19,2021-11-01,5.39,5.54,5.26,5.26,38,4,5.39,,monthly_30d_40d_otm,weekly_1_strike0,42,475
EOG,2021-10-08,2021-11-04,backfill,O:EOG211119C00090000,90.0,2021-11-19,2021-11-02,4.87,5.25,4.76,5.25,10,6,4.87,,monthly_30d_40d_otm,weekly_1_strike0,42,475
EOG,2021-10-08,2021-11-04,backfill,O:EOG211119C00090000,90.0,2021-11-19,2021-11-03,3.81,4.5,3.5,3.68,43,7,3.81,,monthly_30d_40d_otm,weekly_1_strike0,42,475
EOG,2021-10-08,2021-11-04,backfill,O:EOG211119C00090000,90.0,2021-11-19,2021-11-04,5.1,5.1,3.15,3.35,123,20,5.1,,monthly_30d_40d_otm,weekly_1_strike0,42,475
EOG,2024-04-02,2024-04-29,backfill,O:EOG240517C00135000,135.0,2024-05-17,2024-04-02,2.8,3.3,2.46,3.3,351,18,2.8,,monthly_30d_25d_otm,weekly_2_strike0,45,351
EOG,2024-04-02,2024-04-29,backfill,O:EOG240517C00135000,135.0,2024-05-17,2024-04-03,3.5,4.0,3.5,3.9,16,9,3.5,,monthly_30d_25d_otm,weekly_2_strike0,45,351
EOG,2024-04-02,2024-04-29,backfill,O:EOG240517C00135000,135.0,2024-05-17,2024-04-04,3.7,4.2,3.7,4.2,61,14,3.7,,monthly_30d_25d_otm,weekly_2_strike0,45,351
EOG,2024-04-02,2024-04-29,backfill,O:EOG240517C00135000,135.0,2024-05-17,2024-04-05,4.7,5.5,4.55,5.29,52,19,4.7,,monthly_30d_25d_otm,weekly_2_strike0,45,351
EOG,2024-04-02,2024-04-29,backfill,O:EOG240517C00135000,135.0,2024-05-17,2024-04-08,5.14,5.4,4.6,5.4,65,16,5.14,,monthly_30d_25d_otm,weekly_2_strike0,45,351
EOG,2024-04-02,2024-04-29,backfill,O:EOG240517C00135000,135.0,2024-05-17,2024-04-09,5.5,5.6,4.7,5.6,60,15,5.5,,monthly_30d_25d_otm,weekly_2_strike0,45,351
EOG,2024-04-02,2024-04-29,backfill,O:EOG240517C00135000,135.0,2024-05-17,2024-04-10,5.39,6.34,5.05,6.1,42,25,5.39,,monthly_30d_25d_otm,weekly_2_strike0,45,351
EOG,2024-04-02,2024-04-29,backfill,O:EOG240517C00135000,135.0,2024-05-17,2024-04-11,5.58,5.58,4.4,5.06,44,10,5.58,,monthly_30d_25d_otm,weekly_2_strike0,45,351
EOG,2024-04-02,2024-04-29,backfill,O:EOG240517C00135000,135.0,2024-05-17,2024-04-12,6.5,6.8,4.4,4.4,137,25,6.5,,monthly_30d_25d_otm,weekly_2_strike0,45,351
EOG,2024-04-02,2024-04-29,backfill,O:EOG240517C00135000,135.0,2024-05-17,2024-04-15,4.7,4.8,3.45,3.47,219,36,4.7,,monthly_30d_25d_otm,weekly_2_strike0,45,351
EOG,2024-04-02,2024-04-29,backfill,O:EOG240517C00135000,135.0,2024-05-17,2024-04-16,3.3,3.6,2.86,3.6,99,16,3.3,,monthly_30d_25d_otm,weekly_2_strike0,45,351
EOG,2024-04-02,2024-04-29,backfill,O:EOG240517C00135000,135.0,2024-05-17,2024-04-17,3.7,4.2,2.93,3.38,94,23,3.7,,monthly_30d_25d_otm,weekly_2_strike0,45,351
EOG,2024-04-02,2024-04-29,backfill,O:EOG240517C00135000,135.0,2024-05-17,2024-04-18,3.4,3.4,2.7,3.0,66,14,3.4,,monthly_30d_25d_otm,weekly_2_strike0,45,351
EOG,2024-04-02,2024-04-29,backfill,O:EOG240517C00135000,135.0,2024-05-17,2024-04-19,3.4,4.05,3.4,3.4,556,30,3.4,,monthly_30d_25d_otm,weekly_2_strike0,45,351
EOG,2024-04-02,2024-04-29,backfill,O:EOG240517C00135000,135.0,2024-05-17,2024-04-22,3.4,4.2,3.4,4.2,80,16,3.4,,monthly_30d_25d_otm,weekly_2_strike0,45,351
EOG,2024-04-02,2024-04-29,backfill,O:EOG240517C00135000,135.0,2024-05-17,2024-04-23,2.93,4.1,2.93,3.8,33,10,2.93,,monthly_30d_25d_otm,weekly_2_strike0,45,351
EOG,2024-04-02,2024-04-29,backfill,O:EOG240517C00135000,135.0,2024-05-17,2024-04-24,3.6,4.25,3.6,4.25,29,7,3.6,,monthly_30d_25d_otm,weekly_2_strike0,45,351
EOG,2024-04-02,2024-04-29,backfill,O:EOG240517C00135000,135.0,2024-05-17,2024-04-25,3.55,4.55,3.55,4.55,31,10,3.55,,monthly_30d_25d_otm,weekly_2_strike0,45,351
EOG,2024-04-02,2024-04-29,backfill,O:EOG240517C00135000,135.0,2024-05-17,2024-04-26,3.81,4.3,3.6,4.3,35,5,3.81,,monthly_30d_25d_otm,weekly_2_strike0,45,351
EOG,2024-04-02,2024-04-29,backfill,O:EOG240517C00135000,135.0,2024-05-17,2024-04-29,4.03,4.15,3.6,3.96,159,10,4.03,,monthly_30d_25d_otm,weekly_2_strike0,45,351
EOG,2025-01-16,2025-01-31,backfill,O:EOG250221C00140000,140.0,2025-02-21,2025-01-16,2.15,2.56,2.0,2.55,332,18,2.15,,monthly_30d_35d_otm,weekly_2_strike0,36,332
EOG,2025-01-16,2025-01-31,backfill,O:EOG250221C00140000,140.0,2025-02-21,2025-01-17,3.04,3.04,2.0,2.19,227,26,3.04,,monthly_30d_35d_otm,weekly_2_strike0,36,332
EOG,2025-01-16,2025-01-31,backfill,O:EOG250221C00140000,140.0,2025-02-21,2025-01-21,1.5,1.75,1.41,1.6,41,18,1.5,,monthly_30d_35d_otm,weekly_2_strike0,36,332
EOG,2025-01-16,2025-01-31,backfill,O:EOG250221C00140000,140.0,2025-02-21,2025-01-22,1.5,1.5,1.1,1.1,91,11,1.5,,monthly_30d_35d_otm,weekly_2_strike0,36,332
EOG,2025-01-16,2025-01-31,backfill,O:EOG250221C00140000,140.0,2025-02-21,2025-01-23,1.39,1.45,0.96,0.96,54,12,1.39,,monthly_30d_35d_otm,weekly_2_strike0,36,332
EOG,2025-01-16,2025-01-31,backfill,O:EOG250221C00140000,140.0,2025-02-21,2025-01-24,1.1,1.1,0.62,0.62,49,15,1.1,,monthly_30d_35d_otm,weekly_2_strike0,36,332
EOG,2025-01-16,2025-01-31,backfill,O:EOG250221C00140000,140.0,2025-02-21,2025-01-27,0.73,1.25,0.7,0.7,45,11,0.73,,monthly_30d_35d_otm,weekly_2_strike0,36,332
EOG,2025-01-16,2025-01-31,backfill,O:EOG250221C00140000,140.0,2025-02-21,2025-01-28,0.4,0.45,0.4,0.45,3,3,0.4,,monthly_30d_35d_otm,weekly_2_strike0,36,332
EOG,2025-01-16,2025-01-31,backfill,O:EOG250221C00140000,140.0,2025-02-21,2025-01-29,0.4,0.4,0.4,0.4,3,1,0.4,,monthly_30d_35d_otm,weekly_2_strike0,36,332
EOG,2025-01-16,2025-01-31,backfill,O:EOG250221C00140000,140.0,2025-02-21,2025-01-30,0.37,0.37,0.3,0.3,3,3,0.37,,monthly_30d_35d_otm,weekly_2_strike0,36,332
EOG,2025-01-16,2025-01-31,backfill,O:EOG250221C00140000,140.0,2025-02-21,2025-01-31,0.2,0.2,0.1,0.1,43,10,0.2,,monthly_30d_35d_otm,weekly_2_strike0,36,332
EOG,2026-02-17,2026-03-16,backfill,O:EOG260320C00125000,125.0,2026-03-20,2026-02-17,3.92,3.92,2.45,2.82,97,22,3.92,,monthly_30d_40d_otm,weekly_2_strike2,31,97
EOG,2026-02-17,2026-03-16,backfill,O:EOG260320C00125000,125.0,2026-03-20,2026-02-18,3.74,4.11,3.1,3.9,248,33,3.74,,monthly_30d_40d_otm,weekly_2_strike2,31,97
EOG,2026-02-17,2026-03-16,backfill,O:EOG260320C00125000,125.0,2026-03-20,2026-02-19,4.4,6.07,4.4,4.7,81,30,4.4,,monthly_30d_40d_otm,weekly_2_strike2,31,97
EOG,2026-02-17,2026-03-16,backfill,O:EOG260320C00125000,125.0,2026-03-20,2026-02-20,4.76,4.76,3.9,4.4,186,16,4.76,,monthly_30d_40d_otm,weekly_2_strike2,31,97
EOG,2026-02-17,2026-03-16,backfill,O:EOG260320C00125000,125.0,2026-03-20,2026-02-23,5.0,5.0,3.5,3.65,24,12,5.0,,monthly_30d_40d_otm,weekly_2_strike2,31,97
EOG,2026-02-17,2026-03-16,backfill,O:EOG260320C00125000,125.0,2026-03-20,2026-02-24,3.95,4.4,3.3,4.4,34,19,3.95,,monthly_30d_40d_otm,weekly_2_strike2,31,97
EOG,2026-02-17,2026-03-16,backfill,O:EOG260320C00125000,125.0,2026-03-20,2026-02-25,3.63,3.63,2.55,3.25,52,12,3.63,,monthly_30d_40d_otm,weekly_2_strike2,31,97
EOG,2026-02-17,2026-03-16,backfill,O:EOG260320C00125000,125.0,2026-03-20,2026-02-26,2.75,3.7,2.0,3.1,96,12,2.75,,monthly_30d_40d_otm,weekly_2_strike2,31,97
EOG,2026-02-17,2026-03-16,backfill,O:EOG260320C00125000,125.0,2026-03-20,2026-02-27,3.0,4.1,2.5,3.9,131,20,3.0,,monthly_30d_40d_otm,weekly_2_strike2,31,97
EOG,2026-02-17,2026-03-16,backfill,O:EOG260320C00125000,125.0,2026-03-20,2026-03-02,5.34,6.76,4.8,6.74,230,30,5.34,,monthly_30d_40d_otm,weekly_2_strike2,31,97
EOG,2026-02-17,2026-03-16,backfill,O:EOG260320C00125000,125.0,2026-03-20,2026-03-03,7.94,8.5,5.73,6.16,55,14,7.94,,monthly_30d_40d_otm,weekly_2_strike2,31,97
EOG,2026-02-17,2026-03-16,backfill,O:EOG260320C00125000,125.0,2026-03-20,2026-03-04,4.36,5.9,4.36,5.9,72,6,4.36,,monthly_30d_40d_otm,weekly_2_strike2,31,97
EOG,2026-02-17,2026-03-16,backfill,O:EOG260320C00125000,125.0,2026-03-20,2026-03-05,7.5,8.4,7.2,8.06,21,12,7.5,,monthly_30d_40d_otm,weekly_2_strike2,31,97
EOG,2026-02-17,2026-03-16,backfill,O:EOG260320C00125000,125.0,2026-03-20,2026-03-06,8.78,9.9,8.75,9.0,24,5,8.78,,monthly_30d_40d_otm,weekly_2_strike2,31,97
EOG,2026-02-17,2026-03-16,backfill,O:EOG260320C00125000,125.0,2026-03-20,2026-03-09,9.3,10.27,9.3,9.6,17,7,9.3,,monthly_30d_40d_otm,weekly_2_strike2,31,97
EOG,2026-02-17,2026-03-16,backfill,O:EOG260320C00125000,125.0,2026-03-20,2026-03-10,6.2,6.83,4.83,4.95,37,6,6.2,,monthly_30d_40d_otm,weekly_2_strike2,31,97
EOG,2026-02-17,2026-03-16,backfill,O:EOG260320C00125000,125.0,2026-03-20,2026-03-11,5.0,8.37,5.0,8.37,5,4,5.0,,monthly_30d_40d_otm,weekly_2_strike2,31,97
EOG,2026-02-17,2026-03-16,backfill,O:EOG260320C00125000,125.0,2026-03-20,2026-03-12,11.35,11.35,10.42,10.42,39,4,11.35,,monthly_30d_40d_otm,weekly_2_strike2,31,97
EOG,2026-02-17,2026-03-16,backfill,O:EOG260320C00125000,125.0,2026-03-20,2026-03-13,8.59,9.35,8.59,9.35,9,5,8.59,,monthly_30d_40d_otm,weekly_2_strike2,31,97
EOG,2026-02-17,2026-03-16,backfill,O:EOG260320C00125000,125.0,2026-03-20,2026-03-16,8.35,10.4,8.35,10.05,9,5,8.35,,monthly_30d_40d_otm,weekly_2_strike2,31,97
ETSY,2020-08-07,2020-09-03,backfill,O:ETSY200918C00145000,145.0,2020-09-18,2020-08-07,5.32,7.25,5.32,5.8,161,42,5.32,,monthly_30d_30d_otm,weekly_1_strike0,42,161
ETSY,2020-08-07,2020-09-03,backfill,O:ETSY200918C00145000,145.0,2020-09-18,2020-08-10,7.0,8.19,4.7,5.68,66,25,7.0,,monthly_30d_30d_otm,weekly_1_strike0,42,161
ETSY,2020-08-07,2020-09-03,backfill,O:ETSY200918C00145000,145.0,2020-09-18,2020-08-11,4.46,4.55,3.35,3.4,231,58,4.46,,monthly_30d_30d_otm,weekly_1_strike0,42,161
ETSY,2020-08-07,2020-09-03,backfill,O:ETSY200918C00145000,145.0,2020-09-18,2020-08-12,3.27,3.35,2.07,2.09,133,41,3.27,,monthly_30d_30d_otm,weekly_1_strike0,42,161
ETSY,2020-08-07,2020-09-03,backfill,O:ETSY200918C00145000,145.0,2020-09-18,2020-08-13,2.17,4.2,2.17,3.75,228,61,2.17,,monthly_30d_30d_otm,weekly_1_strike0,42,161
ETSY,2020-08-07,2020-09-03,backfill,O:ETSY200918C00145000,145.0,2020-09-18,2020-08-14,4.1,4.1,3.25,3.25,153,26,4.1,,monthly_30d_30d_otm,weekly_1_strike0,42,161
ETSY,2020-08-07,2020-09-03,backfill,O:ETSY200918C00145000,145.0,2020-09-18,2020-08-17,3.7,3.8,3.0,3.0,120,38,3.7,,monthly_30d_30d_otm,weekly_1_strike0,42,161
ETSY,2020-08-07,2020-09-03,backfill,O:ETSY200918C00145000,145.0,2020-09-18,2020-08-18,3.01,4.48,2.66,4.02,334,91,3.01,,monthly_30d_30d_otm,weekly_1_strike0,42,161
ETSY,2020-08-07,2020-09-03,backfill,O:ETSY200918C00145000,145.0,2020-09-18,2020-08-19,3.5,3.85,2.87,3.17,158,54,3.5,,monthly_30d_30d_otm,weekly_1_strike0,42,161
ETSY,2020-08-07,2020-09-03,backfill,O:ETSY200918C00145000,145.0,2020-09-18,2020-08-20,3.17,3.17,2.7,2.87,406,92,3.17,,monthly_30d_30d_otm,weekly_1_strike0,42,161
ETSY,2020-08-07,2020-09-03,backfill,O:ETSY200918C00145000,145.0,2020-09-18,2020-08-21,2.99,3.42,2.53,2.88,1876,135,2.99,,monthly_30d_30d_otm,weekly_1_strike0,42,161
ETSY,2020-08-07,2020-09-03,backfill,O:ETSY200918C00145000,145.0,2020-09-18,2020-08-24,2.77,3.6,2.03,2.03,248,59,2.77,,monthly_30d_30d_otm,weekly_1_strike0,42,161
ETSY,2020-08-07,2020-09-03,backfill,O:ETSY200918C00145000,145.0,2020-09-18,2020-08-25,2.11,2.15,1.27,1.38,266,73,2.11,,monthly_30d_30d_otm,weekly_1_strike0,42,161
ETSY,2020-08-07,2020-09-03,backfill,O:ETSY200918C00145000,145.0,2020-09-18,2020-08-26,1.63,1.72,1.4,1.6,71,31,1.63,,monthly_30d_30d_otm,weekly_1_strike0,42,161
ETSY,2020-08-07,2020-09-03,backfill,O:ETSY200918C00145000,145.0,2020-09-18,2020-08-27,1.95,1.95,0.88,0.88,209,58,1.95,,monthly_30d_30d_otm,weekly_1_strike0,42,161
ETSY,2020-08-07,2020-09-03,backfill,O:ETSY200918C00145000,145.0,2020-09-18,2020-08-28,0.87,0.92,0.49,0.67,229,52,0.87,,monthly_30d_30d_otm,weekly_1_strike0,42,161
ETSY,2020-08-07,2020-09-03,backfill,O:ETSY200918C00145000,145.0,2020-09-18,2020-08-31,0.66,0.73,0.43,0.62,71,34,0.66,,monthly_30d_30d_otm,weekly_1_strike0,42,161
ETSY,2020-08-07,2020-09-03,backfill,O:ETSY200918C00145000,145.0,2020-09-18,2020-09-01,0.79,1.37,0.76,1.3,215,50,0.79,,monthly_30d_30d_otm,weekly_1_strike0,42,161
ETSY,2020-08-07,2020-09-03,backfill,O:ETSY200918C00145000,145.0,2020-09-18,2020-09-02,2.16,2.2,0.86,1.51,523,80,2.16,,monthly_30d_30d_otm,weekly_1_strike0,42,161
ETSY,2020-08-07,2020-09-03,backfill,O:ETSY200918C00145000,145.0,2020-09-18,2020-09-03,0.87,0.94,0.44,0.56,69,30,0.87,,monthly_30d_30d_otm,weekly_1_strike0,42,161
ETSY,2021-02-04,2021-03-04,backfill,O:ETSY210319C00230000,230.0,2021-03-19,2021-02-04,12.0,16.75,12.0,16.33,4448,60,12.0,,monthly_30d_35d_otm,weekly_2_strike0,43,4448
ETSY,2021-02-04,2021-03-04,backfill,O:ETSY210319C00230000,230.0,2021-03-19,2021-02-05,16.89,26.0,16.15,21.2,419,94,16.89,,monthly_30d_35d_otm,weekly_2_strike0,43,4448
ETSY,2021-02-04,2021-03-04,backfill,O:ETSY210319C00230000,230.0,2021-03-19,2021-02-08,22.35,25.0,18.67,21.3,1337,70,22.35,,monthly_30d_35d_otm,weekly_2_strike0,43,4448
ETSY,2021-02-04,2021-03-04,backfill,O:ETSY210319C00230000,230.0,2021-03-19,2021-02-09,20.45,20.6,19.15,20.15,122,44,20.45,,monthly_30d_35d_otm,weekly_2_strike0,43,4448
ETSY,2021-02-04,2021-03-04,backfill,O:ETSY210319C00230000,230.0,2021-03-19,2021-02-10,21.0,21.25,15.05,17.95,114,44,21.0,,monthly_30d_35d_otm,weekly_2_strike0,43,4448
ETSY,2021-02-04,2021-03-04,backfill,O:ETSY210319C00230000,230.0,2021-03-19,2021-02-11,18.15,19.75,16.8,17.5,860,57,18.15,,monthly_30d_35d_otm,weekly_2_strike0,43,4448
ETSY,2021-02-04,2021-03-04,backfill,O:ETSY210319C00230000,230.0,2021-03-19,2021-02-12,16.8,22.25,16.75,21.69,215,58,16.8,,monthly_30d_35d_otm,weekly_2_strike0,43,4448
ETSY,2021-02-04,2021-03-04,backfill,O:ETSY210319C00230000,230.0,2021-03-19,2021-02-16,23.48,23.65,17.65,17.88,118,49,23.48,,monthly_30d_35d_otm,weekly_2_strike0,43,4448
ETSY,2021-02-04,2021-03-04,backfill,O:ETSY210319C00230000,230.0,2021-03-19,2021-02-17,16.8,16.8,11.85,15.3,182,60,16.8,,monthly_30d_35d_otm,weekly_2_strike0,43,4448
ETSY,2021-02-04,2021-03-04,backfill,O:ETSY210319C00230000,230.0,2021-03-19,2021-02-18,12.2,16.0,12.2,14.45,128,47,12.2,,monthly_30d_35d_otm,weekly_2_strike0,43,4448
ETSY,2021-02-04,2021-03-04,backfill,O:ETSY210319C00230000,230.0,2021-03-19,2021-02-19,16.22,18.3,15.5,17.0,247,56,16.22,,monthly_30d_35d_otm,weekly_2_strike0,43,4448
ETSY,2021-02-04,2021-03-04,backfill,O:ETSY210319C00230000,230.0,2021-03-19,2021-02-22,14.59,14.71,9.11,9.69,239,66,14.59,,monthly_30d_35d_otm,weekly_2_strike0,43,4448
ETSY,2021-02-04,2021-03-04,backfill,O:ETSY210319C00230000,230.0,2021-03-19,2021-02-23,6.35,8.92,4.3,8.81,158,65,6.35,,monthly_30d_35d_otm,weekly_2_strike0,43,4448
ETSY,2021-02-04,2021-03-04,backfill,O:ETSY210319C00230000,230.0,2021-03-19,2021-02-24,8.02,8.45,6.15,8.08,64,32,8.02,,monthly_30d_35d_otm,weekly_2_strike0,43,4448
ETSY,2021-02-04,2021-03-04,backfill,O:ETSY210319C00230000,230.0,2021-03-19,2021-02-25,6.93,9.0,4.7,5.21,196,65,6.93,,monthly_30d_35d_otm,weekly_2_strike0,43,4448
ETSY,2021-02-04,2021-03-04,backfill,O:ETSY210319C00230000,230.0,2021-03-19,2021-02-26,11.65,16.3,6.0,9.74,731,110,11.65,,monthly_30d_35d_otm,weekly_2_strike0,43,4448
ETSY,2021-02-04,2021-03-04,backfill,O:ETSY210319C00230000,230.0,2021-03-19,2021-03-01,11.0,24.5,10.75,21.6,434,121,11.0,,monthly_30d_35d_otm,weekly_2_strike0,43,4448
ETSY,2021-02-04,2021-03-04,backfill,O:ETSY210319C00230000,230.0,2021-03-19,2021-03-02,20.52,26.0,16.15,17.0,103,35,20.52,,monthly_30d_35d_otm,weekly_2_strike0,43,4448
ETSY,2021-02-04,2021-03-04,backfill,O:ETSY210319C00230000,230.0,2021-03-19,2021-03-03,13.91,13.91,4.15,4.7,430,97,13.91,,monthly_30d_35d_otm,weekly_2_strike0,43,4448
ETSY,2021-02-04,2021-03-04,backfill,O:ETSY210319C00230000,230.0,2021-03-19,2021-03-04,4.5,5.27,1.73,2.54,439,73,4.5,,monthly_30d_35d_otm,weekly_2_strike0,43,4448
ETSY,2021-10-26,2021-11-22,backfill,O:ETSY211119C00265000,265.0,2021-11-19,2021-10-26,10.86,11.25,8.02,8.5,31,19,10.86,,monthly_30d_35d_otm,weekly_2_strike0,24,31
ETSY,2021-10-26,2021-11-22,backfill,O:ETSY211119C00265000,265.0,2021-11-19,2021-10-27,8.75,8.9,7.25,7.7,11,9,8.75,,monthly_30d_35d_otm,weekly_2_strike0,24,31
ETSY,2021-10-26,2021-11-22,backfill,O:ETSY211119C00265000,265.0,2021-11-19,2021-10-28,4.7,7.2,4.7,6.5,8,7,4.7,,monthly_30d_35d_otm,weekly_2_strike0,24,31
ETSY,2021-10-26,2021-11-22,backfill,O:ETSY211119C00265000,265.0,2021-11-19,2021-10-29,8.35,9.63,8.35,9.5,15,11,8.35,,monthly_30d_35d_otm,weekly_2_strike0,24,31
ETSY,2021-10-26,2021-11-22,backfill,O:ETSY211119C00265000,265.0,2021-11-19,2021-11-01,7.28,7.32,6.35,6.52,13,8,7.28,,monthly_30d_35d_otm,weekly_2_strike0,24,31
ETSY,2021-10-26,2021-11-22,backfill,O:ETSY211119C00265000,265.0,2021-11-19,2021-11-02,5.65,6.05,5.15,5.15,5,4,5.65,,monthly_30d_35d_otm,weekly_2_strike0,24,31
ETSY,2021-10-26,2021-11-22,backfill,O:ETSY211119C00265000,265.0,2021-11-19,2021-11-03,6.66,6.66,4.62,6.2,30,15,6.66,,monthly_30d_35d_otm,weekly_2_strike0,24,31
ETSY,2021-10-26,2021-11-22,backfill,O:ETSY211119C00265000,265.0,2021-11-19,2021-11-04,2.0,17.55,2.0,14.55,158,35,2.0,,monthly_30d_35d_otm,weekly_2_strike0,24,31
ETSY,2021-10-26,2021-11-22,backfill,O:ETSY211119C00265000,265.0,2021-11-19,2021-11-05,8.95,12.0,6.4,7.5,106,20,8.95,,monthly_30d_35d_otm,weekly_2_strike0,24,31
ETSY,2021-10-26,2021-11-22,backfill,O:ETSY211119C00265000,265.0,2021-11-19,2021-11-08,10.6,11.54,7.35,7.5,79,30,10.6,,monthly_30d_35d_otm,weekly_2_strike0,24,31
ETSY,2021-10-26,2021-11-22,backfill,O:ETSY211119C00265000,265.0,2021-11-19,2021-11-09,8.4,8.4,4.8,5.17,23,10,8.4,,monthly_30d_35d_otm,weekly_2_strike0,24,31
ETSY,2021-10-26,2021-11-22,backfill,O:ETSY211119C00265000,265.0,2021-11-19,2021-11-10,4.65,4.67,1.62,2.29,160,24,4.65,,monthly_30d_35d_otm,weekly_2_strike0,24,31
ETSY,2021-10-26,2021-11-22,backfill,O:ETSY211119C00265000,265.0,2021-11-19,2021-11-11,2.78,3.14,2.48,2.48,44,15,2.78,,monthly_30d_35d_otm,weekly_2_strike0,24,31
ETSY,2021-10-26,2021-11-22,backfill,O:ETSY211119C00265000,265.0,2021-11-19,2021-11-12,3.25,11.4,3.02,11.4,464,75,3.25,,monthly_30d_35d_otm,weekly_2_strike0,24,31
ETSY,2021-10-26,2021-11-22,backfill,O:ETSY211119C00265000,265.0,2021-11-19,2021-11-15,9.85,15.85,9.83,11.15,102,28,9.85,,monthly_30d_35d_otm,weekly_2_strike0,24,31
ETSY,2021-10-26,2021-11-22,backfill,O:ETSY211119C00265000,265.0,2021-11-19,2021-11-16,10.25,25.25,10.25,22.2,68,19,10.25,,monthly_30d_35d_otm,weekly_2_strike0,24,31
ETSY,2021-10-26,2021-11-22,backfill,O:ETSY211119C00265000,265.0,2021-11-19,2021-11-17,25.0,28.5,16.95,20.46,39,9,25.0,,monthly_30d_35d_otm,weekly_2_strike0,24,31
ETSY,2021-10-26,2021-11-22,backfill,O:ETSY211119C00265000,265.0,2021-11-19,2021-11-18,20.1,25.15,20.1,25.15,11,6,20.1,,monthly_30d_35d_otm,weekly_2_strike0,24,31
ETSY,2021-10-26,2021-11-22,backfill,O:ETSY211119C00265000,265.0,2021-11-19,2021-11-19,29.4,34.4,28.8,28.9,52,11,29.4,,monthly_30d_35d_otm,weekly_2_strike0,24,31
ETSY,2022-08-09,2022-09-06,backfill,O:ETSY220916C00120000,120.0,2022-09-16,2022-08-09,4.48,4.9,4.15,4.39,99,19,4.48,,monthly_30d_30d_otm,weekly_2_strike0,38,99
ETSY,2022-08-09,2022-09-06,backfill,O:ETSY220916C00120000,120.0,2022-09-16,2022-08-10,7.0,7.1,5.79,7.05,53,21,7.0,,monthly_30d_30d_otm,weekly_2_strike0,38,99
ETSY,2022-08-09,2022-09-06,backfill,O:ETSY220916C00120000,120.0,2022-09-16,2022-08-11,8.39,9.13,6.15,6.3,211,62,8.39,,monthly_30d_30d_otm,weekly_2_strike0,38,99
ETSY,2022-08-09,2022-09-06,backfill,O:ETSY220916C00120000,120.0,2022-09-16,2022-08-12,7.7,8.8,7.45,8.25,42,20,7.7,,monthly_30d_30d_otm,weekly_2_strike0,38,99
ETSY,2022-08-09,2022-09-06,backfill,O:ETSY220916C00120000,120.0,2022-09-16,2022-08-15,7.67,7.67,6.7,7.15,39,19,7.67,,monthly_30d_30d_otm,weekly_2_strike0,38,99
ETSY,2022-08-09,2022-09-06,backfill,O:ETSY220916C00120000,120.0,2022-09-16,2022-08-16,7.25,9.91,6.9,8.73,441,63,7.25,,monthly_30d_30d_otm,weekly_2_strike0,38,99
ETSY,2022-08-09,2022-09-06,backfill,O:ETSY220916C00120000,120.0,2022-09-16,2022-08-17,7.0,7.55,6.05,6.55,74,35,7.0,,monthly_30d_30d_otm,weekly_2_strike0,38,99
ETSY,2022-08-09,2022-09-06,backfill,O:ETSY220916C00120000,120.0,2022-09-16,2022-08-18,5.47,5.85,4.69,5.07,141,58,5.47,,monthly_30d_30d_otm,weekly_2_strike0,38,99
ETSY,2022-08-09,2022-09-06,backfill,O:ETSY220916C00120000,120.0,2022-09-16,2022-08-19,3.67,3.67,2.27,2.61,81,32,3.67,,monthly_30d_30d_otm,weekly_2_strike0,38,99
ETSY,2022-08-09,2022-09-06,backfill,O:ETSY220916C00120000,120.0,2022-09-16,2022-08-22,1.93,2.16,1.64,1.82,108,38,1.93,,monthly_30d_30d_otm,weekly_2_strike0,38,99
ETSY,2022-08-09,2022-09-06,backfill,O:ETSY220916C00120000,120.0,2022-09-16,2022-08-23,1.83,2.0,1.59,1.6,87,34,1.83,,monthly_30d_30d_otm,weekly_2_strike0,38,99
ETSY,2022-08-09,2022-09-06,backfill,O:ETSY220916C00120000,120.0,2022-09-16,2022-08-24,1.7,2.21,1.7,2.05,38,15,1.7,,monthly_30d_30d_otm,weekly_2_strike0,38,99
ETSY,2022-08-09,2022-09-06,backfill,O:ETSY220916C00120000,120.0,2022-09-16,2022-08-25,1.93,2.24,1.87,2.14,473,26,1.93,,monthly_30d_30d_otm,weekly_2_strike0,38,99
ETSY,2022-08-09,2022-09-06,backfill,O:ETSY220916C00120000,120.0,2022-09-16,2022-08-26,2.35,2.72,1.33,1.44,109,41,2.35,,monthly_30d_30d_otm,weekly_2_strike0,38,99
ETSY,2022-08-09,2022-09-06,backfill,O:ETSY220916C00120000,120.0,2022-09-16,2022-08-29,1.13,1.62,0.88,1.38,47,19,1.13,,monthly_30d_30d_otm,weekly_2_strike0,38,99
ETSY,2022-08-09,2022-09-06,backfill,O:ETSY220916C00120000,120.0,2022-09-16,2022-08-30,1.56,1.74,1.08,1.39,812,24,1.56,,monthly_30d_30d_otm,weekly_2_strike0,38,99
ETSY,2022-08-09,2022-09-06,backfill,O:ETSY220916C00120000,120.0,2022-09-16,2022-08-31,1.43,1.81,1.25,1.29,28,13,1.43,,monthly_30d_30d_otm,weekly_2_strike0,38,99
ETSY,2022-08-09,2022-09-06,backfill,O:ETSY220916C00120000,120.0,2022-09-16,2022-09-01,0.95,1.06,0.64,1.06,38,17,0.95,,monthly_30d_30d_otm,weekly_2_strike0,38,99
ETSY,2022-08-09,2022-09-06,backfill,O:ETSY220916C00120000,120.0,2022-09-16,2022-09-02,1.4,1.67,1.05,1.06,140,21,1.4,,monthly_30d_30d_otm,weekly_2_strike0,38,99
ETSY,2022-08-09,2022-09-06,backfill,O:ETSY220916C00120000,120.0,2022-09-16,2022-09-06,0.67,0.83,0.51,0.6,48,13,0.67,,monthly_30d_30d_otm,weekly_2_strike0,38,99
ETSY,2025-07-17,2025-08-13,backfill,O:ETSY250815C00060000,60.0,2025-08-15,2025-07-17,3.05,3.6,2.74,3.2,261,33,3.05,,monthly_30d_40d_otm,weekly_2_strike0,29,261
ETSY,2025-07-17,2025-08-13,backfill,O:ETSY250815C00060000,60.0,2025-08-15,2025-07-18,3.9,3.92,3.58,3.92,102,41,3.9,,monthly_30d_40d_otm,weekly_2_strike0,29,261
ETSY,2025-07-17,2025-08-13,backfill,O:ETSY250815C00060000,60.0,2025-08-15,2025-07-21,4.45,4.64,3.65,4.3,135,36,4.45,,monthly_30d_40d_otm,weekly_2_strike0,29,261
ETSY,2025-07-17,2025-08-13,backfill,O:ETSY250815C00060000,60.0,2025-08-15,2025-07-22,4.6,6.65,4.45,6.65,80,24,4.6,,monthly_30d_40d_otm,weekly_2_strike0,29,261
ETSY,2025-07-17,2025-08-13,backfill,O:ETSY250815C00060000,60.0,2025-08-15,2025-07-23,6.2,6.55,5.85,5.91,16,8,6.2,,monthly_30d_40d_otm,weekly_2_strike0,29,261
ETSY,2025-07-17,2025-08-13,backfill,O:ETSY250815C00060000,60.0,2025-08-15,2025-07-24,7.15,8.0,6.8,6.8,20,7,7.15,,monthly_30d_40d_otm,weekly_2_strike0,29,261
ETSY,2025-07-17,2025-08-13,backfill,O:ETSY250815C00060000,60.0,2025-08-15,2025-07-25,6.25,6.25,5.45,5.45,19,8,6.25,,monthly_30d_40d_otm,weekly_2_strike0,29,261
ETSY,2025-07-17,2025-08-13,backfill,O:ETSY250815C00060000,60.0,2025-08-15,2025-07-28,5.8,5.85,5.7,5.85,23,4,5.8,,monthly_30d_40d_otm,weekly_2_strike0,29,261
ETSY,2025-07-17,2025-08-13,backfill,O:ETSY250815C00060000,60.0,2025-08-15,2025-07-29,5.38,5.38,4.0,4.05,611,26,5.38,,monthly_30d_40d_otm,weekly_2_strike0,29,261
ETSY,2025-07-17,2025-08-13,backfill,O:ETSY250815C00060000,60.0,2025-08-15,2025-07-30,7.9,8.9,3.25,3.35,740,39,7.9,,monthly_30d_40d_otm,weekly_2_strike0,29,261
ETSY,2025-07-17,2025-08-13,backfill,O:ETSY250815C00060000,60.0,2025-08-15,2025-07-31,2.65,2.65,0.85,1.54,1971,60,2.65,,monthly_30d_40d_otm,weekly_2_strike0,29,261
ETSY,2025-07-17,2025-08-13,backfill,O:ETSY250815C00060000,60.0,2025-08-15,2025-08-01,1.41,2.22,1.27,1.71,137,26,1.41,,monthly_30d_40d_otm,weekly_2_strike0,29,261
ETSY,2025-07-17,2025-08-13,backfill,O:ETSY250815C00060000,60.0,2025-08-15,2025-08-04,1.53,1.53,0.87,0.87,79,19,1.53,,monthly_30d_40d_otm,weekly_2_strike0,29,261
ETSY,2025-07-17,2025-08-13,backfill,O:ETSY250815C00060000,60.0,2025-08-15,2025-08-05,0.73,0.85,0.44,0.46,68,13,0.73,,monthly_30d_40d_otm,weekly_2_strike0,29,261
ETSY,2025-07-17,2025-08-13,backfill,O:ETSY250815C00060000,60.0,2025-08-15,2025-08-06,0.52,0.57,0.36,0.38,160,22,0.52,,monthly_30d_40d_otm,weekly_2_strike0,29,261
ETSY,2025-07-17,2025-08-13,backfill,O:ETSY250815C00060000,60.0,2025-08-15,2025-08-07,1.0,1.82,0.92,1.82,615,37,1.0,,monthly_30d_40d_otm,weekly_2_strike0,29,261
ETSY,2025-07-17,2025-08-13,backfill,O:ETSY250815C00060000,60.0,2025-08-15,2025-08-08,1.56,1.9,1.16,1.9,687,46,1.56,,monthly_30d_40d_otm,weekly_2_strike0,29,261
ETSY,2025-07-17,2025-08-13,backfill,O:ETSY250815C00060000,60.0,2025-08-15,2025-08-11,1.81,2.36,1.45,2.36,274,24,1.81,,monthly_30d_40d_otm,weekly_2_strike0,29,261
ETSY,2025-07-17,2025-08-13,backfill,O:ETSY250815C00060000,60.0,2025-08-15,2025-08-12,3.75,6.35,3.75,6.35,825,28,3.75,,monthly_30d_40d_otm,weekly_2_strike0,29,261
ETSY,2025-07-17,2025-08-13,backfill,O:ETSY250815C00060000,60.0,2025-08-15,2025-08-13,7.05,10.3,7.05,10.3,224,15,7.05,,monthly_30d_40d_otm,weekly_2_strike0,29,261
ETSY,2025-10-21,2025-11-03,backfill,O:ETSY251121C00072000,72.0,2025-11-21,2025-10-21,5.55,6.05,5.3,5.72,61,11,5.55,,monthly_30d_atm,weekly_2_strike0,31,61
ETSY,2025-10-21,2025-11-03,backfill,O:ETSY251121C00072000,72.0,2025-11-21,2025-10-22,6.45,6.45,5.8,5.92,35,4,6.45,,monthly_30d_atm,weekly_2_strike0,31,61
ETSY,2025-10-21,2025-11-03,backfill,O:ETSY251121C00072000,72.0,2025-11-21,2025-10-23,5.55,6.2,5.55,6.17,25,3,5.55,,monthly_30d_atm,weekly_2_strike0,31,61
ETSY,2025-10-21,2025-11-03,backfill,O:ETSY251121C00072000,72.0,2025-11-21,2025-10-24,6.8,6.8,6.6,6.75,23,7,6.8,,monthly_30d_atm,weekly_2_strike0,31,61
ETSY,2025-10-21,2025-11-03,backfill,O:ETSY251121C00072000,72.0,2025-11-21,2025-10-28,6.43,6.6,6.43,6.6,3,2,6.43,,monthly_30d_atm,weekly_2_strike0,31,61
ETSY,2025-10-21,2025-11-03,backfill,O:ETSY251121C00072000,72.0,2025-11-21,2025-10-29,2.9,2.9,1.7,1.7,17,4,2.9,,monthly_30d_atm,weekly_2_strike0,31,61
ETSY,2025-10-21,2025-11-03,backfill,O:ETSY251121C00072000,72.0,2025-11-21,2025-10-30,0.8,0.8,0.56,0.56,15,2,0.8,,monthly_30d_atm,weekly_2_strike0,31,61
ETSY,2025-10-21,2025-11-03,backfill,O:ETSY251121C00072000,72.0,2025-11-21,2025-10-31,0.5,0.5,0.5,0.5,1,1,0.5,,monthly_30d_atm,weekly_2_strike0,31,61
EXPE,2020-06-18,2020-07-16,backfill,O:EXPE200717C00095000,95.0,2020-07-17,2020-06-18,3.1,3.1,2.45,2.45,112,7,3.1,,monthly_30d_25d_otm,weekly_2_strike0,29,112
EXPE,2020-06-18,2020-07-16,backfill,O:EXPE200717C00095000,95.0,2020-07-17,2020-06-19,2.62,2.63,1.8,1.9,2891,161,2.62,,monthly_30d_25d_otm,weekly_2_strike0,29,112
EXPE,2020-06-18,2020-07-16,backfill,O:EXPE200717C00095000,95.0,2020-07-17,2020-06-22,1.9,2.0,1.05,1.69,1664,124,1.9,,monthly_30d_25d_otm,weekly_2_strike0,29,112
EXPE,2020-06-18,2020-07-16,backfill,O:EXPE200717C00095000,95.0,2020-07-17,2020-06-23,1.85,2.55,1.7,2.45,1243,128,1.85,,monthly_30d_25d_otm,weekly_2_strike0,29,112
EXPE,2020-06-18,2020-07-16,backfill,O:EXPE200717C00095000,95.0,2020-07-17,2020-06-24,2.1,2.2,0.9,1.24,1572,118,2.1,,monthly_30d_25d_otm,weekly_2_strike0,29,112
EXPE,2020-06-18,2020-07-16,backfill,O:EXPE200717C00095000,95.0,2020-07-17,2020-06-25,1.0,1.25,1.0,1.25,571,29,1.0,,monthly_30d_25d_otm,weekly_2_strike0,29,112
EXPE,2020-06-18,2020-07-16,backfill,O:EXPE200717C00095000,95.0,2020-07-17,2020-06-26,1.27,1.5,0.58,0.66,1294,34,1.27,,monthly_30d_25d_otm,weekly_2_strike0,29,112
EXPE,2020-06-18,2020-07-16,backfill,O:EXPE200717C00095000,95.0,2020-07-17,2020-06-29,0.49,1.11,0.42,1.11,135,22,0.49,,monthly_30d_25d_otm,weekly_2_strike0,29,112
EXPE,2020-06-18,2020-07-16,backfill,O:EXPE200717C00095000,95.0,2020-07-17,2020-06-30,1.05,1.05,0.7,0.75,50,17,1.05,,monthly_30d_25d_otm,weekly_2_strike0,29,112
EXPE,2020-06-18,2020-07-16,backfill,O:EXPE200717C00095000,95.0,2020-07-17,2020-07-01,1.05,1.28,0.72,0.9,137,15,1.05,,monthly_30d_25d_otm,weekly_2_strike0,29,112
EXPE,2020-06-18,2020-07-16,backfill,O:EXPE200717C00095000,95.0,2020-07-17,2020-07-02,1.21,1.27,0.69,0.69,71,16,1.21,,monthly_30d_25d_otm,weekly_2_strike0,29,112
EXPE,2020-06-18,2020-07-16,backfill,O:EXPE200717C00095000,95.0,2020-07-17,2020-07-06,1.47,1.5,0.55,0.81,269,26,1.47,,monthly_30d_25d_otm,weekly_2_strike0,29,112
EXPE,2020-06-18,2020-07-16,backfill,O:EXPE200717C00095000,95.0,2020-07-17,2020-07-07,0.65,0.65,0.38,0.38,59,13,0.65,,monthly_30d_25d_otm,weekly_2_strike0,29,112
EXPE,2020-06-18,2020-07-16,backfill,O:EXPE200717C00095000,95.0,2020-07-17,2020-07-08,0.23,0.45,0.23,0.4,105,14,0.23,,monthly_30d_25d_otm,weekly_2_strike0,29,112
EXPE,2020-06-18,2020-07-16,backfill,O:EXPE200717C00095000,95.0,2020-07-17,2020-07-09,0.22,0.25,0.17,0.24,102,11,0.22,,monthly_30d_25d_otm,weekly_2_strike0,29,112
EXPE,2020-06-18,2020-07-16,backfill,O:EXPE200717C00095000,95.0,2020-07-17,2020-07-10,0.24,0.35,0.21,0.35,131,16,0.24,,monthly_30d_25d_otm,weekly_2_strike0,29,112
EXPE,2020-06-18,2020-07-16,backfill,O:EXPE200717C00095000,95.0,2020-07-17,2020-07-13,0.2,0.49,0.06,0.1,1284,54,0.2,,monthly_30d_25d_otm,weekly_2_strike0,29,112
EXPE,2020-06-18,2020-07-16,backfill,O:EXPE200717C00095000,95.0,2020-07-17,2020-07-14,0.13,0.13,0.04,0.07,49,10,0.13,,monthly_30d_25d_otm,weekly_2_strike0,29,112
EXPE,2020-06-18,2020-07-16,backfill,O:EXPE200717C00095000,95.0,2020-07-17,2020-07-15,0.14,0.98,0.14,0.49,2032,93,0.14,,monthly_30d_25d_otm,weekly_2_strike0,29,112
EXPE,2020-06-18,2020-07-16,backfill,O:EXPE200717C00095000,95.0,2020-07-17,2020-07-16,0.26,0.26,0.01,0.05,217,23,0.26,,monthly_30d_25d_otm,weekly_2_strike0,29,112
EXPE,2021-03-08,2021-04-05,backfill,O:EXPE210416C00180000,180.0,2021-04-16,2021-03-08,5.3,6.87,5.15,6.14,538,33,5.3,,monthly_30d_25d_otm,weekly_2_strike1,39,538
EXPE,2021-03-08,2021-04-05,backfill,O:EXPE210416C00180000,180.0,2021-04-16,2021-03-09,6.15,6.15,4.35,4.75,76,16,6.15,,monthly_30d_25d_otm,weekly_2_strike1,39,538
EXPE,2021-03-08,2021-04-05,backfill,O:EXPE210416C00180000,180.0,2021-04-16,2021-03-10,5.75,7.3,5.0,5.8,1338,19,5.75,,monthly_30d_25d_otm,weekly_2_strike1,39,538
EXPE,2021-03-08,2021-04-05,backfill,O:EXPE210416C00180000,180.0,2021-04-16,2021-03-11,5.86,7.85,5.86,6.2,141,25,5.86,,monthly_30d_25d_otm,weekly_2_strike1,39,538
EXPE,2021-03-08,2021-04-05,backfill,O:EXPE210416C00180000,180.0,2021-04-16,2021-03-12,6.35,8.1,5.22,7.75,191,29,6.35,,monthly_30d_25d_otm,weekly_2_strike1,39,538
EXPE,2021-03-08,2021-04-05,backfill,O:EXPE210416C00180000,180.0,2021-04-16,2021-03-15,7.92,8.57,7.13,7.89,86,14,7.92,,monthly_30d_25d_otm,weekly_2_strike1,39,538
EXPE,2021-03-08,2021-04-05,backfill,O:EXPE210416C00180000,180.0,2021-04-16,2021-03-16,8.57,8.6,7.37,7.37,110,27,8.57,,monthly_30d_25d_otm,weekly_2_strike1,39,538
EXPE,2021-03-08,2021-04-05,backfill,O:EXPE210416C00180000,180.0,2021-04-16,2021-03-17,8.0,12.0,7.8,11.8,328,42,8.0,,monthly_30d_25d_otm,weekly_2_strike1,39,538
EXPE,2021-03-08,2021-04-05,backfill,O:EXPE210416C00180000,180.0,2021-04-16,2021-03-18,10.55,13.65,9.4,9.92,72,22,10.55,,monthly_30d_25d_otm,weekly_2_strike1,39,538
EXPE,2021-03-08,2021-04-05,backfill,O:EXPE210416C00180000,180.0,2021-04-16,2021-03-19,8.25,8.75,6.9,8.6,117,18,8.25,,monthly_30d_25d_otm,weekly_2_strike1,39,538
EXPE,2021-03-08,2021-04-05,backfill,O:EXPE210416C00180000,180.0,2021-04-16,2021-03-22,7.96,8.95,4.58,4.79,369,28,7.96,,monthly_30d_25d_otm,weekly_2_strike1,39,538
EXPE,2021-03-08,2021-04-05,backfill,O:EXPE210416C00180000,180.0,2021-04-16,2021-03-23,3.35,4.0,2.3,2.46,304,25,3.35,,monthly_30d_25d_otm,weekly_2_strike1,39,538
EXPE,2021-03-08,2021-04-05,backfill,O:EXPE210416C00180000,180.0,2021-04-16,2021-03-24,3.0,3.8,2.35,2.46,66,14,3.0,,monthly_30d_25d_otm,weekly_2_strike1,39,538
EXPE,2021-03-08,2021-04-05,backfill,O:EXPE210416C00180000,180.0,2021-04-16,2021-03-25,1.68,5.15,1.68,4.6,76,21,1.68,,monthly_30d_25d_otm,weekly_2_strike1,39,538
EXPE,2021-03-08,2021-04-05,backfill,O:EXPE210416C00180000,180.0,2021-04-16,2021-03-26,6.1,6.1,4.75,4.95,25,11,6.1,,monthly_30d_25d_otm,weekly_2_strike1,39,538
EXPE,2021-03-08,2021-04-05,backfill,O:EXPE210416C00180000,180.0,2021-04-16,2021-03-29,6.1,6.2,4.4,5.46,24,13,6.1,,monthly_30d_25d_otm,weekly_2_strike1,39,538
EXPE,2021-03-08,2021-04-05,backfill,O:EXPE210416C00180000,180.0,2021-04-16,2021-03-30,4.59,4.9,3.6,4.55,33,8,4.59,,monthly_30d_25d_otm,weekly_2_strike1,39,538
EXPE,2021-03-08,2021-04-05,backfill,O:EXPE210416C00180000,180.0,2021-04-16,2021-03-31,4.42,4.75,3.17,3.21,33,8,4.42,,monthly_30d_25d_otm,weekly_2_strike1,39,538
EXPE,2021-03-08,2021-04-05,backfill,O:EXPE210416C00180000,180.0,2021-04-16,2021-04-01,3.0,3.5,1.91,3.5,824,24,3.0,,monthly_30d_25d_otm,weekly_2_strike1,39,538
EXPE,2021-03-08,2021-04-05,backfill,O:EXPE210416C00180000,180.0,2021-04-16,2021-04-05,4.0,4.0,2.79,3.2,42,15,4.0,,monthly_30d_25d_otm,weekly_2_strike1,39,538
EXPE,2022-01-14,2022-01-24,backfill,O:EXPE220218C00200000,200.0,2022-02-18,2022-01-14,5.25,5.25,4.04,4.6,41,7,5.25,,monthly_30d_25d_otm,weekly_1_strike0,35,41
EXPE,2022-01-14,2022-01-24,backfill,O:EXPE220218C00200000,200.0,2022-02-18,2022-01-18,4.8,4.8,3.35,3.35,35,11,4.8,,monthly_30d_25d_otm,weekly_1_strike0,35,41
EXPE,2022-01-14,2022-01-24,backfill,O:EXPE220218C00200000,200.0,2022-02-18,2022-01-19,3.65,3.7,3.18,3.21,38,12,3.65,,monthly_30d_25d_otm,weekly_1_strike0,35,41
EXPE,2022-01-14,2022-01-24,backfill,O:EXPE220218C00200000,200.0,2022-02-18,2022-01-20,2.74,4.35,2.74,3.65,52,14,2.74,,monthly_30d_25d_otm,weekly_1_strike0,35,41
EXPE,2022-01-14,2022-01-24,backfill,O:EXPE220218C00200000,200.0,2022-02-18,2022-01-21,2.5,3.3,2.5,2.99,23,9,2.5,,monthly_30d_25d_otm,weekly_1_strike0,35,41
EXPE,2022-01-14,2022-01-24,backfill,O:EXPE220218C00200000,200.0,2022-02-18,2022-01-24,2.0,2.54,1.39,2.54,14,6,2.0,,monthly_30d_25d_otm,weekly_1_strike0,35,41
EXPE,2022-02-10,2022-03-04,backfill,O:EXPE220318C00210000,210.0,2022-03-18,2022-02-10,7.15,9.0,7.15,8.4,398,39,7.15,,monthly_30d_25d_otm,weekly_2_strike0,36,398
EXPE,2022-02-10,2022-03-04,backfill,O:EXPE220318C00210000,210.0,2022-03-18,2022-02-11,10.38,10.38,3.17,4.39,427,55,10.38,,monthly_30d_25d_otm,weekly_2_strike0,36,398
EXPE,2022-02-10,2022-03-04,backfill,O:EXPE220318C00210000,210.0,2022-03-18,2022-02-14,6.7,8.21,4.95,5.76,176,39,6.7,,monthly_30d_25d_otm,weekly_2_strike0,36,398
EXPE,2022-02-10,2022-03-04,backfill,O:EXPE220318C00210000,210.0,2022-03-18,2022-02-15,6.85,11.55,6.85,11.55,289,59,6.85,,monthly_30d_25d_otm,weekly_2_strike0,36,398
EXPE,2022-02-10,2022-03-04,backfill,O:EXPE220318C00210000,210.0,2022-03-18,2022-02-16,9.8,13.9,9.8,12.42,165,28,9.8,,monthly_30d_25d_otm,weekly_2_strike0,36,398
EXPE,2022-02-10,2022-03-04,backfill,O:EXPE220318C00210000,210.0,2022-03-18,2022-02-17,10.0,11.1,8.45,10.21,198,28,10.0,,monthly_30d_25d_otm,weekly_2_strike0,36,398
EXPE,2022-02-10,2022-03-04,backfill,O:EXPE220318C00210000,210.0,2022-03-18,2022-02-18,9.07,10.46,7.8,9.9,366,40,9.07,,monthly_30d_25d_otm,weekly_2_strike0,36,398
EXPE,2022-02-10,2022-03-04,backfill,O:EXPE220318C00210000,210.0,2022-03-18,2022-02-22,8.6,9.1,6.4,7.35,151,27,8.6,,monthly_30d_25d_otm,weekly_2_strike0,36,398
EXPE,2022-02-10,2022-03-04,backfill,O:EXPE220318C00210000,210.0,2022-03-18,2022-02-23,6.75,6.75,4.56,4.59,248,19,6.75,,monthly_30d_25d_otm,weekly_2_strike0,36,398
EXPE,2022-02-10,2022-03-04,backfill,O:EXPE220318C00210000,210.0,2022-03-18,2022-02-24,2.0,3.25,1.7,3.25,50,16,2.0,,monthly_30d_25d_otm,weekly_2_strike0,36,398
EXPE,2022-02-10,2022-03-04,backfill,O:EXPE220318C00210000,210.0,2022-03-18,2022-02-25,4.1,4.2,2.73,4.15,112,20,4.1,,monthly_30d_25d_otm,weekly_2_strike0,36,398
EXPE,2022-02-10,2022-03-04,backfill,O:EXPE220318C00210000,210.0,2022-03-18,2022-02-28,3.8,4.15,2.1,3.72,4124,96,3.8,,monthly_30d_25d_otm,weekly_2_strike0,36,398
EXPE,2022-02-10,2022-03-04,backfill,O:EXPE220318C00210000,210.0,2022-03-18,2022-03-01,3.4,3.55,1.8,2.2,953,64,3.4,,monthly_30d_25d_otm,weekly_2_strike0,36,398
EXPE,2022-02-10,2022-03-04,backfill,O:EXPE220318C00210000,210.0,2022-03-18,2022-03-02,2.57,3.5,2.16,2.47,704,74,2.57,,monthly_30d_25d_otm,weekly_2_strike0,36,398
EXPE,2022-02-10,2022-03-04,backfill,O:EXPE220318C00210000,210.0,2022-03-18,2022-03-03,2.58,2.78,1.18,1.27,1269,75,2.58,,monthly_30d_25d_otm,weekly_2_strike0,36,398
EXPE,2022-02-10,2022-03-04,backfill,O:EXPE220318C00210000,210.0,2022-03-18,2022-03-04,1.31,1.31,0.55,0.65,162,48,1.31,,monthly_30d_25d_otm,weekly_2_strike0,36,398
EXPE,2023-07-11,2023-08-03,backfill,O:EXPE230818C00120000,120.0,2023-08-18,2023-07-11,4.4,5.45,4.15,5.23,121,45,4.4,,monthly_30d_35d_otm,weekly_2_strike0,38,121
EXPE,2023-07-11,2023-08-03,backfill,O:EXPE230818C00120000,120.0,2023-08-18,2023-07-12,6.15,6.15,4.72,4.72,128,14,6.15,,monthly_30d_35d_otm,weekly_2_strike0,38,121
EXPE,2023-07-11,2023-08-03,backfill,O:EXPE230818C00120000,120.0,2023-08-18,2023-07-13,5.55,6.77,5.55,6.5,244,29,5.55,,monthly_30d_35d_otm,weekly_2_strike0,38,121
EXPE,2023-07-11,2023-08-03,backfill,O:EXPE230818C00120000,120.0,2023-08-18,2023-07-14,6.21,6.35,5.6,5.7,66,16,6.21,,monthly_30d_35d_otm,weekly_2_strike0,38,121
EXPE,2023-07-11,2023-08-03,backfill,O:EXPE230818C00120000,120.0,2023-08-18,2023-07-17,6.38,7.25,6.38,6.98,43,13,6.38,,monthly_30d_35d_otm,weekly_2_strike0,38,121
EXPE,2023-07-11,2023-08-03,backfill,O:EXPE230818C00120000,120.0,2023-08-18,2023-07-18,6.7,7.5,6.7,7.04,52,12,6.7,,monthly_30d_35d_otm,weekly_2_strike0,38,121
EXPE,2023-07-11,2023-08-03,backfill,O:EXPE230818C00120000,120.0,2023-08-18,2023-07-19,5.95,6.28,5.1,5.3,34,17,5.95,,monthly_30d_35d_otm,weekly_2_strike0,38,121
EXPE,2023-07-11,2023-08-03,backfill,O:EXPE230818C00120000,120.0,2023-08-18,2023-07-20,5.75,6.89,5.57,5.57,192,15,5.75,,monthly_30d_35d_otm,weekly_2_strike0,38,121
EXPE,2023-07-11,2023-08-03,backfill,O:EXPE230818C00120000,120.0,2023-08-18,2023-07-21,5.6,5.73,5.4,5.6,27,11,5.6,,monthly_30d_35d_otm,weekly_2_strike0,38,121
EXPE,2023-07-11,2023-08-03,backfill,O:EXPE230818C00120000,120.0,2023-08-18,2023-07-24,5.03,5.03,4.3,4.3,40,13,5.03,,monthly_30d_35d_otm,weekly_2_strike0,38,121
EXPE,2023-07-11,2023-08-03,backfill,O:EXPE230818C00120000,120.0,2023-08-18,2023-07-25,4.3,4.75,4.3,4.6,9,7,4.3,,monthly_30d_35d_otm,weekly_2_strike0,38,121
EXPE,2023-07-11,2023-08-03,backfill,O:EXPE230818C00120000,120.0,2023-08-18,2023-07-26,4.7,5.55,4.7,5.5,659,9,4.7,,monthly_30d_35d_otm,weekly_2_strike0,38,121
EXPE,2023-07-11,2023-08-03,backfill,O:EXPE230818C00120000,120.0,2023-08-18,2023-07-27,5.65,6.34,5.53,5.53,33,5,5.65,,monthly_30d_35d_otm,weekly_2_strike0,38,121
EXPE,2023-07-11,2023-08-03,backfill,O:EXPE230818C00120000,120.0,2023-08-18,2023-07-28,5.95,6.25,5.65,6.25,6,5,5.95,,monthly_30d_35d_otm,weekly_2_strike0,38,121
EXPE,2023-07-11,2023-08-03,backfill,O:EXPE230818C00120000,120.0,2023-08-18,2023-07-31,6.1,6.7,5.95,6.7,32,12,6.1,,monthly_30d_35d_otm,weekly_2_strike0,38,121
EXPE,2023-07-11,2023-08-03,backfill,O:EXPE230818C00120000,120.0,2023-08-18,2023-08-01,6.3,6.3,5.32,5.8,34,8,6.3,,monthly_30d_35d_otm,weekly_2_strike0,38,121
EXPE,2023-07-11,2023-08-03,backfill,O:EXPE230818C00120000,120.0,2023-08-18,2023-08-02,4.91,5.5,3.85,4.32,700,17,4.91,,monthly_30d_35d_otm,weekly_2_strike0,38,121
EXPE,2023-07-11,2023-08-03,backfill,O:EXPE230818C00120000,120.0,2023-08-18,2023-08-03,0.49,0.5,0.07,0.1,58,22,0.49,,monthly_30d_35d_otm,weekly_2_strike0,38,121
EXPE,2023-11-14,2023-12-12,backfill,O:EXPE231215C00140000,140.0,2023-12-15,2023-11-14,0.23,0.37,0.22,0.32,13,8,0.23,,monthly_30d_25d_otm,weekly_2_strike0,31,13
EXPE,2023-11-14,2023-12-12,backfill,O:EXPE231215C00140000,140.0,2023-12-15,2023-11-15,0.94,2.05,0.94,1.61,1066,24,0.94,,monthly_30d_25d_otm,weekly_2_strike0,31,13
EXPE,2023-11-14,2023-12-12,backfill,O:EXPE231215C00140000,140.0,2023-12-15,2023-11-16,1.51,1.51,1.28,1.34,27,5,1.51,,monthly_30d_25d_otm,weekly_2_strike0,31,13
EXPE,2023-11-14,2023-12-12,backfill,O:EXPE231215C00140000,140.0,2023-12-15,2023-11-17,1.92,3.71,1.85,3.5,1443,60,1.92,,monthly_30d_25d_otm,weekly_2_strike0,31,13
EXPE,2023-11-14,2023-12-12,backfill,O:EXPE231215C00140000,140.0,2023-12-15,2023-11-20,3.3,3.3,1.95,2.0,144,24,3.3,,monthly_30d_25d_otm,weekly_2_strike0,31,13
EXPE,2023-11-14,2023-12-12,backfill,O:EXPE231215C00140000,140.0,2023-12-15,2023-11-21,2.3,2.64,2.26,2.37,62,16,2.3,,monthly_30d_25d_otm,weekly_2_strike0,31,13
EXPE,2023-11-14,2023-12-12,backfill,O:EXPE231215C00140000,140.0,2023-12-15,2023-11-22,2.76,3.06,2.5,2.5,28,9,2.76,,monthly_30d_25d_otm,weekly_2_strike0,31,13
EXPE,2023-11-14,2023-12-12,backfill,O:EXPE231215C00140000,140.0,2023-12-15,2023-11-24,2.49,2.49,2.15,2.33,18,5,2.49,,monthly_30d_25d_otm,weekly_2_strike0,31,13
EXPE,2023-11-14,2023-12-12,backfill,O:EXPE231215C00140000,140.0,2023-12-15,2023-11-27,2.2,2.5,1.7,1.78,46,13,2.2,,monthly_30d_25d_otm,weekly_2_strike0,31,13
EXPE,2023-11-14,2023-12-12,backfill,O:EXPE231215C00140000,140.0,2023-12-15,2023-11-28,2.13,2.13,1.58,1.7,21,7,2.13,,monthly_30d_25d_otm,weekly_2_strike0,31,13
EXPE,2023-11-14,2023-12-12,backfill,O:EXPE231215C00140000,140.0,2023-12-15,2023-11-29,1.9,2.8,1.79,2.09,272,25,1.9,,monthly_30d_25d_otm,weekly_2_strike0,31,13
EXPE,2023-11-14,2023-12-12,backfill,O:EXPE231215C00140000,140.0,2023-12-15,2023-11-30,1.59,1.74,1.26,1.65,63,12,1.59,,monthly_30d_25d_otm,weekly_2_strike0,31,13
EXPE,2023-11-14,2023-12-12,backfill,O:EXPE231215C00140000,140.0,2023-12-15,2023-12-01,2.26,3.1,2.26,2.7,227,35,2.26,,monthly_30d_25d_otm,weekly_2_strike0,31,13
EXPE,2023-11-14,2023-12-12,backfill,O:EXPE231215C00140000,140.0,2023-12-15,2023-12-04,2.47,3.65,2.47,2.91,143,21,2.47,,monthly_30d_25d_otm,weekly_2_strike0,31,13
EXPE,2023-11-14,2023-12-12,backfill,O:EXPE231215C00140000,140.0,2023-12-15,2023-12-05,2.21,2.67,1.72,2.02,140,12,2.21,,monthly_30d_25d_otm,weekly_2_strike0,31,13
EXPE,2023-11-14,2023-12-12,backfill,O:EXPE231215C00140000,140.0,2023-12-15,2023-12-06,2.65,2.65,2.12,2.12,76,17,2.65,,monthly_30d_25d_otm,weekly_2_strike0,31,13
EXPE,2023-11-14,2023-12-12,backfill,O:EXPE231215C00140000,140.0,2023-12-15,2023-12-07,2.6,5.14,2.6,4.85,159,31,2.6,,monthly_30d_25d_otm,weekly_2_strike0,31,13
EXPE,2023-11-14,2023-12-12,backfill,O:EXPE231215C00140000,140.0,2023-12-15,2023-12-08,4.35,6.45,4.15,6.25,131,25,4.35,,monthly_30d_25d_otm,weekly_2_strike0,31,13
EXPE,2023-11-14,2023-12-12,backfill,O:EXPE231215C00140000,140.0,2023-12-15,2023-12-11,7.2,10.2,7.2,8.4,198,14,7.2,,monthly_30d_25d_otm,weekly_2_strike0,31,13
EXPE,2023-11-14,2023-12-12,backfill,O:EXPE231215C00140000,140.0,2023-12-15,2023-12-12,5.78,6.0,4.09,4.83,40,9,5.78,,monthly_30d_25d_otm,weekly_2_strike0,31,13
EXPE,2024-07-31,2024-08-02,backfill,O:EXPE240920C00140000,140.0,2024-09-20,2024-07-31,3.75,4.3,3.75,4.3,20,4,3.75,,monthly_45d_25d_otm,weekly_2_strike0,51,20
EXPE,2024-07-31,2024-08-02,backfill,O:EXPE240920C00140000,140.0,2024-09-20,2024-08-01,2.59,2.9,2.59,2.9,7,3,2.59,,monthly_45d_25d_otm,weekly_2_strike0,51,20
EXPE,2024-07-31,2024-08-02,backfill,O:EXPE240920C00140000,140.0,2024-09-20,2024-08-02,1.96,2.04,1.86,1.86,12,6,1.96,,monthly_45d_25d_otm,weekly_2_strike0,51,20
EXPE,2025-08-26,2025-09-23,backfill,O:EXPE250919C00220000,220.0,2025-09-19,2025-08-26,2.94,3.55,2.94,3.55,6,2,2.94,,monthly_30d_35d_otm,weekly_2_strike0,24,6
EXPE,2025-08-26,2025-09-23,backfill,O:EXPE250919C00220000,220.0,2025-09-19,2025-08-27,2.45,2.82,2.45,2.75,3,3,2.45,,monthly_30d_35d_otm,weekly_2_strike0,24,6
EXPE,2025-08-26,2025-09-23,backfill,O:EXPE250919C00220000,220.0,2025-09-19,2025-08-28,2.71,2.88,2.71,2.88,4,2,2.71,,monthly_30d_35d_otm,weekly_2_strike0,24,6
EXPE,2025-08-26,2025-09-23,backfill,O:EXPE250919C00220000,220.0,2025-09-19,2025-08-29,3.5,4.0,3.35,3.55,43,6,3.5,,monthly_30d_35d_otm,weekly_2_strike0,24,6
EXPE,2025-08-26,2025-09-23,backfill,O:EXPE250919C00220000,220.0,2025-09-19,2025-09-02,2.44,2.62,2.06,2.58,21,6,2.44,,monthly_30d_35d_otm,weekly_2_strike0,24,6
EXPE,2025-08-26,2025-09-23,backfill,O:EXPE250919C00220000,220.0,2025-09-19,2025-09-03,3.1,3.1,2.42,2.42,23,2,3.1,,monthly_30d_35d_otm,weekly_2_strike0,24,6
EXPE,2025-08-26,2025-09-23,backfill,O:EXPE250919C00220000,220.0,2025-09-19,2025-09-04,2.38,3.3,2.29,3.3,8,4,2.38,,monthly_30d_35d_otm,weekly_2_strike0,24,6
EXPE,2025-08-26,2025-09-23,backfill,O:EXPE250919C00220000,220.0,2025-09-19,2025-09-05,4.0,4.0,1.98,2.15,55,11,4.0,,monthly_30d_35d_otm,weekly_2_strike0,24,6
EXPE,2025-08-26,2025-09-23,backfill,O:EXPE250919C00220000,220.0,2025-09-19,2025-09-08,2.35,3.27,2.35,2.94,63,10,2.35,,monthly_30d_35d_otm,weekly_2_strike0,24,6
EXPE,2025-08-26,2025-09-23,backfill,O:EXPE250919C00220000,220.0,2025-09-19,2025-09-09,2.9,3.18,2.25,2.77,42,9,2.9,,monthly_30d_35d_otm,weekly_2_strike0,24,6
EXPE,2025-08-26,2025-09-23,backfill,O:EXPE250919C00220000,220.0,2025-09-19,2025-09-10,2.6,2.6,1.46,1.81,54,11,2.6,,monthly_30d_35d_otm,weekly_2_strike0,24,6
EXPE,2025-08-26,2025-09-23,backfill,O:EXPE250919C00220000,220.0,2025-09-19,2025-09-11,2.61,4.81,2.55,4.81,28,12,2.61,,monthly_30d_35d_otm,weekly_2_strike0,24,6
EXPE,2025-08-26,2025-09-23,backfill,O:EXPE250919C00220000,220.0,2025-09-19,2025-09-12,4.13,5.2,3.6,5.02,77,20,4.13,,monthly_30d_35d_otm,weekly_2_strike0,24,6
EXPE,2025-08-26,2025-09-23,backfill,O:EXPE250919C00220000,220.0,2025-09-19,2025-09-15,4.5,8.21,4.4,8.03,31,8,4.5,,monthly_30d_35d_otm,weekly_2_strike0,24,6
EXPE,2025-08-26,2025-09-23,backfill,O:EXPE250919C00220000,220.0,2025-09-19,2025-09-16,6.33,6.33,5.0,5.5,10,5,6.33,,monthly_30d_35d_otm,weekly_2_strike0,24,6
EXPE,2025-08-26,2025-09-23,backfill,O:EXPE250919C00220000,220.0,2025-09-19,2025-09-17,5.95,8.25,5.95,6.2,20,9,5.95,,monthly_30d_35d_otm,weekly_2_strike0,24,6
EXPE,2025-08-26,2025-09-23,backfill,O:EXPE250919C00220000,220.0,2025-09-19,2025-09-18,4.0,4.0,3.0,3.85,16,5,4.0,,monthly_30d_35d_otm,weekly_2_strike0,24,6
EXPE,2025-08-26,2025-09-23,backfill,O:EXPE250919C00220000,220.0,2025-09-19,2025-09-19,3.55,3.55,1.3,2.04,53,11,3.55,,monthly_30d_35d_otm,weekly_2_strike0,24,6
EXPE,2025-11-21,2025-12-19,backfill,O:EXPE251219C00240000,240.0,2025-12-19,2025-11-21,12.4,16.19,12.4,16.19,9,7,12.4,,monthly_30d_atm,weekly_1_strike0,28,9
EXPE,2025-11-21,2025-12-19,backfill,O:EXPE251219C00240000,240.0,2025-12-19,2025-11-24,15.6,15.6,15.6,15.6,1,1,15.6,,monthly_30d_atm,weekly_1_strike0,28,9
EXPE,2025-11-21,2025-12-19,backfill,O:EXPE251219C00240000,240.0,2025-12-19,2025-11-25,20.37,20.37,20.37,20.37,1,1,20.37,,monthly_30d_atm,weekly_1_strike0,28,9
EXPE,2025-11-21,2025-12-19,backfill,O:EXPE251219C00240000,240.0,2025-12-19,2025-11-26,21.34,21.34,21.34,21.34,1,1,21.34,,monthly_30d_atm,weekly_1_strike0,28,9
EXPE,2025-11-21,2025-12-19,backfill,O:EXPE251219C00240000,240.0,2025-12-19,2025-12-02,24.25,24.25,24.25,24.25,3,1,24.25,,monthly_30d_atm,weekly_1_strike0,28,9
EXPE,2025-11-21,2025-12-19,backfill,O:EXPE251219C00240000,240.0,2025-12-19,2025-12-04,21.15,21.33,20.24,20.24,11,2,21.15,,monthly_30d_atm,weekly_1_strike0,28,9
EXPE,2025-11-21,2025-12-19,backfill,O:EXPE251219C00240000,240.0,2025-12-19,2025-12-09,23.95,25.75,23.95,25.75,3,2,23.95,,monthly_30d_atm,weekly_1_strike0,28,9
EXPE,2025-11-21,2025-12-19,backfill,O:EXPE251219C00240000,240.0,2025-12-19,2025-12-10,27.71,30.1,27.71,30.1,6,3,27.71,,monthly_30d_atm,weekly_1_strike0,28,9
EXPE,2025-11-21,2025-12-19,backfill,O:EXPE251219C00240000,240.0,2025-12-19,2025-12-11,41.8,41.8,41.8,41.8,1,1,41.8,,monthly_30d_atm,weekly_1_strike0,28,9
EXPE,2025-11-21,2025-12-19,backfill,O:EXPE251219C00240000,240.0,2025-12-19,2025-12-17,44.24,44.24,44.24,44.24,2,1,44.24,,monthly_30d_atm,weekly_1_strike0,28,9
EXPE,2025-11-21,2025-12-19,backfill,O:EXPE251219C00240000,240.0,2025-12-19,2025-12-18,46.85,46.85,46.85,46.85,1,1,46.85,,monthly_30d_atm,weekly_1_strike0,28,9
EXPE,2025-11-21,2025-12-19,backfill,O:EXPE251219C00240000,240.0,2025-12-19,2025-12-19,47.6,50.35,47.6,49.8,6,4,47.6,,monthly_30d_atm,weekly_1_strike0,28,9
FCX,2020-06-18,2020-07-16,backfill,O:FCX200717C00012000,12.0,2020-07-17,2020-06-18,0.27,0.31,0.23,0.25,266,18,0.27,,monthly_30d_25d_otm,weekly_2_strike0,29,266
FCX,2020-06-18,2020-07-16,backfill,O:FCX200717C00012000,12.0,2020-07-17,2020-06-19,0.29,0.33,0.18,0.19,686,30,0.29,,monthly_30d_25d_otm,weekly_2_strike0,29,266
FCX,2020-06-18,2020-07-16,backfill,O:FCX200717C00012000,12.0,2020-07-17,2020-06-22,0.2,0.26,0.18,0.24,1619,38,0.2,,monthly_30d_25d_otm,weekly_2_strike0,29,266
FCX,2020-06-18,2020-07-16,backfill,O:FCX200717C00012000,12.0,2020-07-17,2020-06-23,0.27,0.36,0.27,0.32,1641,56,0.27,,monthly_30d_25d_otm,weekly_2_strike0,29,266
FCX,2020-06-18,2020-07-16,backfill,O:FCX200717C00012000,12.0,2020-07-17,2020-06-24,0.21,0.26,0.19,0.22,696,26,0.21,,monthly_30d_25d_otm,weekly_2_strike0,29,266
FCX,2020-06-18,2020-07-16,backfill,O:FCX200717C00012000,12.0,2020-07-17,2020-06-25,0.25,0.31,0.23,0.3,178,27,0.25,,monthly_30d_25d_otm,weekly_2_strike0,29,266
FCX,2020-06-18,2020-07-16,backfill,O:FCX200717C00012000,12.0,2020-07-17,2020-06-26,0.25,0.25,0.21,0.24,1109,16,0.25,,monthly_30d_25d_otm,weekly_2_strike0,29,266
FCX,2020-06-18,2020-07-16,backfill,O:FCX200717C00012000,12.0,2020-07-17,2020-06-29,0.24,0.25,0.18,0.24,1612,34,0.24,,monthly_30d_25d_otm,weekly_2_strike0,29,266
FCX,2020-06-18,2020-07-16,backfill,O:FCX200717C00012000,12.0,2020-07-17,2020-06-30,0.25,0.41,0.24,0.38,1537,79,0.25,,monthly_30d_25d_otm,weekly_2_strike0,29,266
FCX,2020-06-18,2020-07-16,backfill,O:FCX200717C00012000,12.0,2020-07-17,2020-07-01,0.4,0.4,0.23,0.26,392,35,0.4,,monthly_30d_25d_otm,weekly_2_strike0,29,266
FCX,2020-06-18,2020-07-16,backfill,O:FCX200717C00012000,12.0,2020-07-17,2020-07-02,0.38,0.46,0.24,0.27,1716,73,0.38,,monthly_30d_25d_otm,weekly_2_strike0,29,266
FCX,2020-06-18,2020-07-16,backfill,O:FCX200717C00012000,12.0,2020-07-17,2020-07-06,0.36,0.93,0.36,0.93,2404,141,0.36,,monthly_30d_25d_otm,weekly_2_strike0,29,266
FCX,2020-06-18,2020-07-16,backfill,O:FCX200717C00012000,12.0,2020-07-17,2020-07-07,0.83,1.1,0.76,0.91,598,74,0.83,,monthly_30d_25d_otm,weekly_2_strike0,29,266
FCX,2020-06-18,2020-07-16,backfill,O:FCX200717C00012000,12.0,2020-07-17,2020-07-08,1.0,1.13,0.76,0.96,464,46,1.0,,monthly_30d_25d_otm,weekly_2_strike0,29,266
FCX,2020-06-18,2020-07-16,backfill,O:FCX200717C00012000,12.0,2020-07-17,2020-07-09,1.1,1.17,0.8,1.02,467,39,1.1,,monthly_30d_25d_otm,weekly_2_strike0,29,266
FCX,2020-06-18,2020-07-16,backfill,O:FCX200717C00012000,12.0,2020-07-17,2020-07-10,0.91,1.14,0.83,1.09,399,34,0.91,,monthly_30d_25d_otm,weekly_2_strike0,29,266
FCX,2020-06-18,2020-07-16,backfill,O:FCX200717C00012000,12.0,2020-07-17,2020-07-13,1.42,1.87,1.1,1.1,605,54,1.42,,monthly_30d_25d_otm,weekly_2_strike0,29,266
FCX,2020-06-18,2020-07-16,backfill,O:FCX200717C00012000,12.0,2020-07-17,2020-07-14,0.94,1.55,0.87,1.55,250,30,0.94,,monthly_30d_25d_otm,weekly_2_strike0,29,266
FCX,2020-06-18,2020-07-16,backfill,O:FCX200717C00012000,12.0,2020-07-17,2020-07-15,1.69,1.7,1.22,1.56,140,23,1.69,,monthly_30d_25d_otm,weekly_2_strike0,29,266
FCX,2020-06-18,2020-07-16,backfill,O:FCX200717C00012000,12.0,2020-07-17,2020-07-16,5.42,5.42,1.23,1.45,174,20,5.42,,monthly_30d_25d_otm,weekly_2_strike0,29,266
FCX,2020-09-14,2020-10-09,backfill,O:FCX201016C00018000,18.0,2020-10-16,2020-09-14,0.43,0.44,0.36,0.38,266,28,0.43,,monthly_30d_25d_otm,weekly_2_strike0,32,266
FCX,2020-09-14,2020-10-09,backfill,O:FCX201016C00018000,18.0,2020-10-16,2020-09-15,0.43,0.44,0.34,0.35,352,35,0.43,,monthly_30d_25d_otm,weekly_2_strike0,32,266
FCX,2020-09-14,2020-10-09,backfill,O:FCX201016C00018000,18.0,2020-10-16,2020-09-16,0.35,0.73,0.32,0.5,5306,103,0.35,,monthly_30d_25d_otm,weekly_2_strike0,32,266
FCX,2020-09-14,2020-10-09,backfill,O:FCX201016C00018000,18.0,2020-10-16,2020-09-17,0.55,0.67,0.38,0.61,1518,95,0.55,,monthly_30d_25d_otm,weekly_2_strike0,32,266
FCX,2020-09-14,2020-10-09,backfill,O:FCX201016C00018000,18.0,2020-10-16,2020-09-18,0.78,0.78,0.56,0.57,2789,158,0.78,,monthly_30d_25d_otm,weekly_2_strike0,32,266
FCX,2020-09-14,2020-10-09,backfill,O:FCX201016C00018000,18.0,2020-10-16,2020-09-21,0.51,0.51,0.18,0.18,1795,80,0.51,,monthly_30d_25d_otm,weekly_2_strike0,32,266
FCX,2020-09-14,2020-10-09,backfill,O:FCX201016C00018000,18.0,2020-10-16,2020-09-22,0.87,0.87,0.16,0.18,323,38,0.87,,monthly_30d_25d_otm,weekly_2_strike0,32,266
FCX,2020-09-14,2020-10-09,backfill,O:FCX201016C00018000,18.0,2020-10-16,2020-09-23,0.17,0.17,0.07,0.09,827,60,0.17,,monthly_30d_25d_otm,weekly_2_strike0,32,266
FCX,2020-09-14,2020-10-09,backfill,O:FCX201016C00018000,18.0,2020-10-16,2020-09-24,0.17,0.17,0.08,0.13,459,26,0.17,,monthly_30d_25d_otm,weekly_2_strike0,32,266
FCX,2020-09-14,2020-10-09,backfill,O:FCX201016C00018000,18.0,2020-10-16,2020-09-25,0.1,0.12,0.08,0.09,2420,22,0.1,,monthly_30d_25d_otm,weekly_2_strike0,32,266
FCX,2020-09-14,2020-10-09,backfill,O:FCX201016C00018000,18.0,2020-10-16,2020-09-28,0.16,0.16,0.1,0.13,220,26,0.16,,monthly_30d_25d_otm,weekly_2_strike0,32,266
FCX,2020-09-14,2020-10-09,backfill,O:FCX201016C00018000,18.0,2020-10-16,2020-09-29,0.12,0.12,0.06,0.06,733,20,0.12,,monthly_30d_25d_otm,weekly_2_strike0,32,266
FCX,2020-09-14,2020-10-09,backfill,O:FCX201016C00018000,18.0,2020-10-16,2020-09-30,0.06,0.08,0.06,0.06,69,6,0.06,,monthly_30d_25d_otm,weekly_2_strike0,32,266
FCX,2020-09-14,2020-10-09,backfill,O:FCX201016C00018000,18.0,2020-10-16,2020-10-01,0.07,0.09,0.05,0.07,104,18,0.07,,monthly_30d_25d_otm,weekly_2_strike0,32,266
FCX,2020-09-14,2020-10-09,backfill,O:FCX201016C00018000,18.0,2020-10-16,2020-10-02,0.05,0.1,0.05,0.1,586,18,0.05,,monthly_30d_25d_otm,weekly_2_strike0,32,266
FCX,2020-09-14,2020-10-09,backfill,O:FCX201016C00018000,18.0,2020-10-16,2020-10-05,0.1,0.13,0.08,0.1,158,27,0.1,,monthly_30d_25d_otm,weekly_2_strike0,32,266
FCX,2020-09-14,2020-10-09,backfill,O:FCX201016C00018000,18.0,2020-10-16,2020-10-06,0.1,0.12,0.04,0.05,882,24,0.1,,monthly_30d_25d_otm,weekly_2_strike0,32,266
FCX,2020-09-14,2020-10-09,backfill,O:FCX201016C00018000,18.0,2020-10-16,2020-10-07,0.07,0.19,0.07,0.13,3855,82,0.07,,monthly_30d_25d_otm,weekly_2_strike0,32,266
FCX,2020-09-14,2020-10-09,backfill,O:FCX201016C00018000,18.0,2020-10-16,2020-10-08,0.15,0.22,0.09,0.1,989,58,0.15,,monthly_30d_25d_otm,weekly_2_strike0,32,266
FCX,2020-09-14,2020-10-09,backfill,O:FCX201016C00018000,18.0,2020-10-16,2020-10-09,0.16,0.19,0.1,0.16,1206,65,0.16,,monthly_30d_25d_otm,weekly_2_strike0,32,266
FCX,2020-11-05,2020-12-03,backfill,O:FCX201218C00020000,20.0,2020-12-18,2020-11-05,0.54,0.86,0.54,0.79,385,45,0.54,,monthly_30d_30d_otm,weekly_2_strike0,43,385
FCX,2020-11-05,2020-12-03,backfill,O:FCX201218C00020000,20.0,2020-12-18,2020-11-06,0.88,1.01,0.86,0.88,1539,53,0.88,,monthly_30d_30d_otm,weekly_2_strike0,43,385
FCX,2020-11-05,2020-12-03,backfill,O:FCX201218C00020000,20.0,2020-12-18,2020-11-09,1.74,2.05,0.99,1.12,5064,96,1.74,,monthly_30d_30d_otm,weekly_2_strike0,43,385
FCX,2020-11-05,2020-12-03,backfill,O:FCX201218C00020000,20.0,2020-12-18,2020-11-10,1.1,1.2,0.99,1.16,311,31,1.1,,monthly_30d_30d_otm,weekly_2_strike0,43,385
FCX,2020-11-05,2020-12-03,backfill,O:FCX201218C00020000,20.0,2020-12-18,2020-11-11,0.98,0.99,0.85,0.94,596,54,0.98,,monthly_30d_30d_otm,weekly_2_strike0,43,385
FCX,2020-11-05,2020-12-03,backfill,O:FCX201218C00020000,20.0,2020-12-18,2020-11-12,0.99,1.27,0.97,1.0,4622,85,0.99,,monthly_30d_30d_otm,weekly_2_strike0,43,385
FCX,2020-11-05,2020-12-03,backfill,O:FCX201218C00020000,20.0,2020-12-18,2020-11-13,1.23,1.27,1.09,1.26,1315,91,1.23,,monthly_30d_30d_otm,weekly_2_strike0,43,385
FCX,2020-11-05,2020-12-03,backfill,O:FCX201218C00020000,20.0,2020-12-18,2020-11-16,1.53,1.72,1.4,1.7,1718,114,1.53,,monthly_30d_30d_otm,weekly_2_strike0,43,385
FCX,2020-11-05,2020-12-03,backfill,O:FCX201218C00020000,20.0,2020-12-18,2020-11-17,1.5,1.76,1.31,1.74,426,71,1.5,,monthly_30d_30d_otm,weekly_2_strike0,43,385
FCX,2020-11-05,2020-12-03,backfill,O:FCX201218C00020000,20.0,2020-12-18,2020-11-18,1.78,1.78,1.46,1.46,486,52,1.78,,monthly_30d_30d_otm,weekly_2_strike0,43,385
FCX,2020-11-05,2020-12-03,backfill,O:FCX201218C00020000,20.0,2020-12-18,2020-11-19,1.2,1.74,1.2,1.74,1654,41,1.2,,monthly_30d_30d_otm,weekly_2_strike0,43,385
FCX,2020-11-05,2020-12-03,backfill,O:FCX201218C00020000,20.0,2020-12-18,2020-11-20,2.06,2.09,1.77,1.78,735,74,2.06,,monthly_30d_30d_otm,weekly_2_strike0,43,385
FCX,2020-11-05,2020-12-03,backfill,O:FCX201218C00020000,20.0,2020-12-18,2020-11-23,2.05,2.24,1.84,2.24,3356,69,2.05,,monthly_30d_30d_otm,weekly_2_strike0,43,385
FCX,2020-11-05,2020-12-03,backfill,O:FCX201218C00020000,20.0,2020-12-18,2020-11-24,2.55,3.4,2.47,3.3,1033,72,2.55,,monthly_30d_30d_otm,weekly_2_strike0,43,385
FCX,2020-11-05,2020-12-03,backfill,O:FCX201218C00020000,20.0,2020-12-18,2020-11-25,3.13,3.79,2.9,3.67,605,33,3.13,,monthly_30d_30d_otm,weekly_2_strike0,43,385
FCX,2020-11-05,2020-12-03,backfill,O:FCX201218C00020000,20.0,2020-12-18,2020-11-27,3.97,4.1,3.5,3.7,106,25,3.97,,monthly_30d_30d_otm,weekly_2_strike0,43,385
FCX,2020-11-05,2020-12-03,backfill,O:FCX201218C00020000,20.0,2020-12-18,2020-11-30,3.77,3.77,3.25,3.52,170,25,3.77,,monthly_30d_30d_otm,weekly_2_strike0,43,385
FCX,2020-11-05,2020-12-03,backfill,O:FCX201218C00020000,20.0,2020-12-18,2020-12-01,4.0,4.0,3.8,3.83,22,7,4.0,,monthly_30d_30d_otm,weekly_2_strike0,43,385
FCX,2020-11-05,2020-12-03,backfill,O:FCX201218C00020000,20.0,2020-12-18,2020-12-02,3.5,4.25,3.35,4.19,121,17,3.5,,monthly_30d_30d_otm,weekly_2_strike0,43,385
FCX,2020-11-05,2020-12-03,backfill,O:FCX201218C00020000,20.0,2020-12-18,2020-12-03,4.6,4.65,4.4,4.55,65,18,4.6,,monthly_30d_30d_otm,weekly_2_strike0,43,385
FCX,2024-04-02,2024-04-29,backfill,O:FCX240517C00050000,50.0,2024-05-17,2024-04-02,1.7,2.15,1.52,1.98,3085,156,1.7,,monthly_30d_35d_otm,weekly_2_strike0,45,3085
FCX,2024-04-02,2024-04-29,backfill,O:FCX240517C00050000,50.0,2024-05-17,2024-04-03,2.24,2.55,2.07,2.46,1652,154,2.24,,monthly_30d_35d_otm,weekly_2_strike0,45,3085
FCX,2024-04-02,2024-04-29,backfill,O:FCX240517C00050000,50.0,2024-05-17,2024-04-04,2.5,2.7,2.09,2.25,6380,123,2.5,,monthly_30d_35d_otm,weekly_2_strike0,45,3085
FCX,2024-04-02,2024-04-29,backfill,O:FCX240517C00050000,50.0,2024-05-17,2024-04-05,1.9,2.35,1.9,2.3,1225,84,1.9,,monthly_30d_35d_otm,weekly_2_strike0,45,3085
FCX,2024-04-02,2024-04-29,backfill,O:FCX240517C00050000,50.0,2024-05-17,2024-04-08,2.52,2.65,2.28,2.47,938,69,2.52,,monthly_30d_35d_otm,weekly_2_strike0,45,3085
FCX,2024-04-02,2024-04-29,backfill,O:FCX240517C00050000,50.0,2024-05-17,2024-04-09,3.35,4.25,2.8,3.14,2736,142,3.35,,monthly_30d_35d_otm,weekly_2_strike0,45,3085
FCX,2024-04-02,2024-04-29,backfill,O:FCX240517C00050000,50.0,2024-05-17,2024-04-10,2.23,3.2,2.0,2.95,1644,78,2.23,,monthly_30d_35d_otm,weekly_2_strike0,45,3085
FCX,2024-04-02,2024-04-29,backfill,O:FCX240517C00050000,50.0,2024-05-17,2024-04-11,3.0,3.1,2.37,2.83,1006,94,3.0,,monthly_30d_35d_otm,weekly_2_strike0,45,3085
FCX,2024-04-02,2024-04-29,backfill,O:FCX240517C00050000,50.0,2024-05-17,2024-04-12,4.2,4.2,2.07,2.18,9656,139,4.2,,monthly_30d_35d_otm,weekly_2_strike0,45,3085
FCX,2024-04-02,2024-04-29,backfill,O:FCX240517C00050000,50.0,2024-05-17,2024-04-15,2.93,3.01,2.28,2.47,1320,80,2.93,,monthly_30d_35d_otm,weekly_2_strike0,45,3085
FCX,2024-04-02,2024-04-29,backfill,O:FCX240517C00050000,50.0,2024-05-17,2024-04-16,1.57,2.15,1.48,2.06,6354,159,1.57,,monthly_30d_35d_otm,weekly_2_strike0,45,3085
FCX,2024-04-02,2024-04-29,backfill,O:FCX240517C00050000,50.0,2024-05-17,2024-04-17,2.43,2.95,2.13,2.28,3490,145,2.43,,monthly_30d_35d_otm,weekly_2_strike0,45,3085
FCX,2024-04-02,2024-04-29,backfill,O:FCX240517C00050000,50.0,2024-05-17,2024-04-18,2.75,2.9,2.09,2.3,1722,85,2.75,,monthly_30d_35d_otm,weekly_2_strike0,45,3085
FCX,2024-04-02,2024-04-29,backfill,O:FCX240517C00050000,50.0,2024-05-17,2024-04-19,2.4,2.94,1.96,2.01,3749,113,2.4,,monthly_30d_35d_otm,weekly_2_strike0,45,3085
FCX,2024-04-02,2024-04-29,backfill,O:FCX240517C00050000,50.0,2024-05-17,2024-04-22,1.43,1.76,1.2,1.52,3231,101,1.43,,monthly_30d_35d_otm,weekly_2_strike0,45,3085
FCX,2024-04-02,2024-04-29,backfill,O:FCX240517C00050000,50.0,2024-05-17,2024-04-23,1.02,1.21,0.67,0.97,5226,228,1.02,,monthly_30d_35d_otm,weekly_2_strike0,45,3085
FCX,2024-04-02,2024-04-29,backfill,O:FCX240517C00050000,50.0,2024-05-17,2024-04-24,0.91,1.09,0.73,0.99,5045,136,0.91,,monthly_30d_35d_otm,weekly_2_strike0,45,3085
FCX,2024-04-02,2024-04-29,backfill,O:FCX240517C00050000,50.0,2024-05-17,2024-04-25,1.16,1.55,0.87,1.46,4721,216,1.16,,monthly_30d_35d_otm,weekly_2_strike0,45,3085
FCX,2024-04-02,2024-04-29,backfill,O:FCX240517C00050000,50.0,2024-05-17,2024-04-26,1.67,2.12,1.44,1.95,4866,156,1.67,,monthly_30d_35d_otm,weekly_2_strike0,45,3085
FCX,2024-04-02,2024-04-29,backfill,O:FCX240517C00050000,50.0,2024-05-17,2024-04-29,2.51,3.3,2.14,3.18,2114,166,2.51,,monthly_30d_35d_otm,weekly_2_strike0,45,3085
FCX,2025-12-11,2026-01-09,backfill,O:FCX260116C00049000,49.0,2026-01-16,2025-12-11,1.31,1.83,1.31,1.67,6498,99,1.31,,monthly_30d_30d_otm,weekly_2_strike0,36,6498
FCX,2025-12-11,2026-01-09,backfill,O:FCX260116C00049000,49.0,2026-01-16,2025-12-12,2.01,2.12,1.1,1.41,393,60,2.01,,monthly_30d_30d_otm,weekly_2_strike0,36,6498
FCX,2025-12-11,2026-01-09,backfill,O:FCX260116C00049000,49.0,2026-01-16,2025-12-15,1.7,1.7,1.38,1.4,825,91,1.7,,monthly_30d_30d_otm,weekly_2_strike0,36,6498
FCX,2025-12-11,2026-01-09,backfill,O:FCX260116C00049000,49.0,2026-01-16,2025-12-16,1.31,1.32,0.99,1.32,114,22,1.31,,monthly_30d_30d_otm,weekly_2_strike0,36,6498
FCX,2025-12-11,2026-01-09,backfill,O:FCX260116C00049000,49.0,2026-01-16,2025-12-17,1.42,1.6,1.22,1.49,200,23,1.42,,monthly_30d_30d_otm,weekly_2_strike0,36,6498
FCX,2025-12-11,2026-01-09,backfill,O:FCX260116C00049000,49.0,2026-01-16,2025-12-18,1.43,1.56,1.25,1.44,236,48,1.43,,monthly_30d_30d_otm,weekly_2_strike0,36,6498
FCX,2025-12-11,2026-01-09,backfill,O:FCX260116C00049000,49.0,2026-01-16,2025-12-19,1.6,2.2,1.51,1.92,1413,108,1.6,,monthly_30d_30d_otm,weekly_2_strike0,36,6498
FCX,2025-12-11,2026-01-09,backfill,O:FCX260116C00049000,49.0,2026-01-16,2025-12-22,2.43,2.97,2.43,2.67,342,74,2.43,,monthly_30d_30d_otm,weekly_2_strike0,36,6498
FCX,2025-12-11,2026-01-09,backfill,O:FCX260116C00049000,49.0,2026-01-16,2025-12-23,3.35,3.95,3.08,3.66,1689,38,3.35,,monthly_30d_30d_otm,weekly_2_strike0,36,6498
FCX,2025-12-11,2026-01-09,backfill,O:FCX260116C00049000,49.0,2026-01-16,2025-12-24,3.3,3.63,3.25,3.63,24,5,3.3,,monthly_30d_30d_otm,weekly_2_strike0,36,6498
FCX,2025-12-11,2026-01-09,backfill,O:FCX260116C00049000,49.0,2026-01-16,2025-12-26,4.4,5.0,4.27,4.27,89,23,4.4,,monthly_30d_30d_otm,weekly_2_strike0,36,6498
FCX,2025-12-11,2026-01-09,backfill,O:FCX260116C00049000,49.0,2026-01-16,2025-12-29,2.91,3.53,2.91,3.5,41,10,2.91,,monthly_30d_30d_otm,weekly_2_strike0,36,6498
FCX,2025-12-11,2026-01-09,backfill,O:FCX260116C00049000,49.0,2026-01-16,2025-12-30,3.76,3.76,3.1,3.1,13,7,3.76,,monthly_30d_30d_otm,weekly_2_strike0,36,6498
FCX,2025-12-11,2026-01-09,backfill,O:FCX260116C00049000,49.0,2026-01-16,2025-12-31,2.73,2.8,2.65,2.65,21,4,2.73,,monthly_30d_30d_otm,weekly_2_strike0,36,6498
FCX,2025-12-11,2026-01-09,backfill,O:FCX260116C00049000,49.0,2026-01-16,2026-01-02,3.25,3.5,2.74,3.35,72,17,3.25,,monthly_30d_30d_otm,weekly_2_strike0,36,6498
FCX,2025-12-11,2026-01-09,backfill,O:FCX260116C00049000,49.0,2026-01-16,2026-01-05,4.5,5.5,4.5,5.25,59,18,4.5,,monthly_30d_30d_otm,weekly_2_strike0,36,6498
FCX,2025-12-11,2026-01-09,backfill,O:FCX260116C00049000,49.0,2026-01-16,2026-01-06,8.55,8.55,7.0,7.06,34,10,8.55,,monthly_30d_30d_otm,weekly_2_strike0,36,6498
FCX,2025-12-11,2026-01-09,backfill,O:FCX260116C00049000,49.0,2026-01-16,2026-01-07,5.45,6.5,5.45,6.5,24,4,5.45,,monthly_30d_30d_otm,weekly_2_strike0,36,6498
FCX,2025-12-11,2026-01-09,backfill,O:FCX260116C00049000,49.0,2026-01-16,2026-01-08,4.89,5.1,4.75,4.9,32,11,4.89,,monthly_30d_30d_otm,weekly_2_strike0,36,6498
FCX,2025-12-11,2026-01-09,backfill,O:FCX260116C00049000,49.0,2026-01-16,2026-01-09,6.36,7.7,6.2,7.59,25,5,6.36,,monthly_30d_30d_otm,weekly_2_strike0,36,6498
FDX,2021-12-14,2022-01-11,backfill,O:FDX220121C00250000,250.0,2022-01-21,2021-12-14,6.72,9.05,6.72,7.33,472,64,6.72,,monthly_30d_35d_otm,weekly_3_strike0,38,472
FDX,2021-12-14,2022-01-11,backfill,O:FDX220121C00250000,250.0,2022-01-21,2021-12-15,7.98,8.1,7.05,7.75,219,70,7.98,,monthly_30d_35d_otm,weekly_3_strike0,38,472
FDX,2021-12-14,2022-01-11,backfill,O:FDX220121C00250000,250.0,2022-01-21,2021-12-16,8.52,9.5,7.7,8.75,1307,150,8.52,,monthly_30d_35d_otm,weekly_3_strike0,38,472
FDX,2021-12-14,2022-01-11,backfill,O:FDX220121C00250000,250.0,2022-01-21,2021-12-17,11.65,16.62,8.25,9.25,2719,179,11.65,,monthly_30d_35d_otm,weekly_3_strike0,38,472
FDX,2021-12-14,2022-01-11,backfill,O:FDX220121C00250000,250.0,2022-01-21,2021-12-20,9.25,10.25,6.3,6.3,1785,105,9.25,,monthly_30d_35d_otm,weekly_3_strike0,38,472
FDX,2021-12-14,2022-01-11,backfill,O:FDX220121C00250000,250.0,2022-01-21,2021-12-21,7.5,8.96,7.17,8.45,666,101,7.5,,monthly_30d_35d_otm,weekly_3_strike0,38,472
FDX,2021-12-14,2022-01-11,backfill,O:FDX220121C00250000,250.0,2022-01-21,2021-12-22,8.45,8.45,6.69,6.79,205,46,8.45,,monthly_30d_35d_otm,weekly_3_strike0,38,472
FDX,2021-12-14,2022-01-11,backfill,O:FDX220121C00250000,250.0,2022-01-21,2021-12-23,9.0,10.62,8.4,8.69,307,62,9.0,,monthly_30d_35d_otm,weekly_3_strike0,38,472
FDX,2021-12-14,2022-01-11,backfill,O:FDX220121C00250000,250.0,2022-01-21,2021-12-27,8.9,10.52,8.9,9.55,225,35,8.9,,monthly_30d_35d_otm,weekly_3_strike0,38,472
FDX,2021-12-14,2022-01-11,backfill,O:FDX220121C00250000,250.0,2022-01-21,2021-12-28,9.5,11.15,9.34,10.15,78,26,9.5,,monthly_30d_35d_otm,weekly_3_strike0,38,472
FDX,2021-12-14,2022-01-11,backfill,O:FDX220121C00250000,250.0,2022-01-21,2021-12-29,10.47,11.0,10.05,10.8,84,31,10.47,,monthly_30d_35d_otm,weekly_3_strike0,38,472
FDX,2021-12-14,2022-01-11,backfill,O:FDX220121C00250000,250.0,2022-01-21,2021-12-30,12.0,12.1,10.73,10.73,76,31,12.0,,monthly_30d_35d_otm,weekly_3_strike0,38,472
FDX,2021-12-14,2022-01-11,backfill,O:FDX220121C00250000,250.0,2022-01-21,2021-12-31,10.0,12.0,9.95,11.56,78,31,10.0,,monthly_30d_35d_otm,weekly_3_strike0,38,472
FDX,2021-12-14,2022-01-11,backfill,O:FDX220121C00250000,250.0,2022-01-21,2022-01-03,11.35,12.6,9.3,10.81,98,38,11.35,,monthly_30d_35d_otm,weekly_3_strike0,38,472
FDX,2021-12-14,2022-01-11,backfill,O:FDX220121C00250000,250.0,2022-01-21,2022-01-04,11.0,16.4,11.0,15.87,310,71,11.0,,monthly_30d_35d_otm,weekly_3_strike0,38,472
FDX,2021-12-14,2022-01-11,backfill,O:FDX220121C00250000,250.0,2022-01-21,2022-01-05,16.02,17.0,13.85,13.85,117,35,16.02,,monthly_30d_35d_otm,weekly_3_strike0,38,472
FDX,2021-12-14,2022-01-11,backfill,O:FDX220121C00250000,250.0,2022-01-21,2022-01-06,13.12,16.0,12.1,14.39,71,24,13.12,,monthly_30d_35d_otm,weekly_3_strike0,38,472
FDX,2021-12-14,2022-01-11,backfill,O:FDX220121C00250000,250.0,2022-01-21,2022-01-07,14.9,16.85,14.66,15.6,224,27,14.9,,monthly_30d_35d_otm,weekly_3_strike0,38,472
FDX,2021-12-14,2022-01-11,backfill,O:FDX220121C00250000,250.0,2022-01-21,2022-01-10,12.3,12.3,6.55,7.88,211,39,12.3,,monthly_30d_35d_otm,weekly_3_strike0,38,472
FDX,2021-12-14,2022-01-11,backfill,O:FDX220121C00250000,250.0,2022-01-21,2022-01-11,8.0,8.25,6.25,7.27,253,23,8.0,,monthly_30d_35d_otm,weekly_3_strike0,38,472
FDX,2022-05-17,2022-06-14,backfill,O:FDX220617C00230000,230.0,2022-06-17,2022-05-17,2.8,5.2,2.6,4.63,1175,105,2.8,,monthly_30d_25d_otm,weekly_2_strike0,31,1175
FDX,2022-05-17,2022-06-14,backfill,O:FDX220617C00230000,230.0,2022-06-17,2022-05-18,3.3,3.84,1.54,1.59,614,68,3.3,,monthly_30d_25d_otm,weekly_2_strike0,31,1175
FDX,2022-05-17,2022-06-14,backfill,O:FDX220617C00230000,230.0,2022-06-17,2022-05-19,1.78,1.78,0.99,0.99,367,45,1.78,,monthly_30d_25d_otm,weekly_2_strike0,31,1175
FDX,2022-05-17,2022-06-14,backfill,O:FDX220617C00230000,230.0,2022-06-17,2022-05-20,1.06,1.06,0.72,0.85,135,33,1.06,,monthly_30d_25d_otm,weekly_2_strike0,31,1175
FDX,2022-05-17,2022-06-14,backfill,O:FDX220617C00230000,230.0,2022-06-17,2022-05-23,1.11,1.15,0.8,0.89,189,49,1.11,,monthly_30d_25d_otm,weekly_2_strike0,31,1175
FDX,2022-05-17,2022-06-14,backfill,O:FDX220617C00230000,230.0,2022-06-17,2022-05-24,0.69,1.03,0.5,1.03,99,21,0.69,,monthly_30d_25d_otm,weekly_2_strike0,31,1175
FDX,2022-05-17,2022-06-14,backfill,O:FDX220617C00230000,230.0,2022-06-17,2022-05-25,0.78,1.12,0.6,0.89,224,30,0.78,,monthly_30d_25d_otm,weekly_2_strike0,31,1175
FDX,2022-05-17,2022-06-14,backfill,O:FDX220617C00230000,230.0,2022-06-17,2022-05-26,1.08,1.69,1.03,1.67,483,77,1.08,,monthly_30d_25d_otm,weekly_2_strike0,31,1175
FDX,2022-05-17,2022-06-14,backfill,O:FDX220617C00230000,230.0,2022-06-17,2022-05-27,1.75,2.75,1.75,2.63,295,57,1.75,,monthly_30d_25d_otm,weekly_2_strike0,31,1175
FDX,2022-05-17,2022-06-14,backfill,O:FDX220617C00230000,230.0,2022-06-17,2022-05-31,2.25,4.9,2.06,4.75,184,61,2.25,,monthly_30d_25d_otm,weekly_2_strike0,31,1175
FDX,2022-05-17,2022-06-14,backfill,O:FDX220617C00230000,230.0,2022-06-17,2022-06-01,4.75,4.9,1.97,2.58,109,34,4.75,,monthly_30d_25d_otm,weekly_2_strike0,31,1175
FDX,2022-05-17,2022-06-14,backfill,O:FDX220617C00230000,230.0,2022-06-17,2022-06-02,2.59,2.9,2.25,2.62,181,29,2.59,,monthly_30d_25d_otm,weekly_2_strike0,31,1175
FDX,2022-05-17,2022-06-14,backfill,O:FDX220617C00230000,230.0,2022-06-17,2022-06-03,2.11,2.45,1.49,1.5,402,53,2.11,,monthly_30d_25d_otm,weekly_2_strike0,31,1175
FDX,2022-05-17,2022-06-14,backfill,O:FDX220617C00230000,230.0,2022-06-17,2022-06-06,1.71,3.15,1.7,2.46,313,63,1.71,,monthly_30d_25d_otm,weekly_2_strike0,31,1175
FDX,2022-05-17,2022-06-14,backfill,O:FDX220617C00230000,230.0,2022-06-17,2022-06-07,1.49,2.08,1.06,1.63,380,53,1.49,,monthly_30d_25d_otm,weekly_2_strike0,31,1175
FDX,2022-05-17,2022-06-14,backfill,O:FDX220617C00230000,230.0,2022-06-17,2022-06-08,1.38,1.38,0.73,0.91,228,56,1.38,,monthly_30d_25d_otm,weekly_2_strike0,31,1175
FDX,2022-05-17,2022-06-14,backfill,O:FDX220617C00230000,230.0,2022-06-17,2022-06-09,0.8,1.6,0.8,1.06,326,66,0.8,,monthly_30d_25d_otm,weekly_2_strike0,31,1175
FDX,2022-05-17,2022-06-14,backfill,O:FDX220617C00230000,230.0,2022-06-17,2022-06-10,0.52,0.63,0.2,0.24,206,49,0.52,,monthly_30d_25d_otm,weekly_2_strike0,31,1175
FDX,2022-05-17,2022-06-14,backfill,O:FDX220617C00230000,230.0,2022-06-17,2022-06-13,0.15,0.16,0.08,0.11,241,32,0.15,,monthly_30d_25d_otm,weekly_2_strike0,31,1175
FDX,2022-05-17,2022-06-14,backfill,O:FDX220617C00230000,230.0,2022-06-17,2022-06-14,2.5,6.55,1.71,5.12,4856,248,2.5,,monthly_30d_25d_otm,weekly_2_strike0,31,1175
FDX,2024-04-08,2024-05-03,backfill,O:FDX240517C00290000,290.0,2024-05-17,2024-04-08,2.5,2.91,2.47,2.66,127,24,2.5,,monthly_30d_30d_otm,weekly_2_strike0,39,127
FDX,2024-04-08,2024-05-03,backfill,O:FDX240517C00290000,290.0,2024-05-17,2024-04-09,2.47,2.47,1.99,2.24,31,10,2.47,,monthly_30d_30d_otm,weekly_2_strike0,39,127
FDX,2024-04-08,2024-05-03,backfill,O:FDX240517C00290000,290.0,2024-05-17,2024-04-10,1.57,1.57,1.03,1.18,52,25,1.57,,monthly_30d_30d_otm,weekly_2_strike0,39,127
FDX,2024-04-08,2024-05-03,backfill,O:FDX240517C00290000,290.0,2024-05-17,2024-04-11,1.33,1.55,1.33,1.54,29,11,1.33,,monthly_30d_30d_otm,weekly_2_strike0,39,127
FDX,2024-04-08,2024-05-03,backfill,O:FDX240517C00290000,290.0,2024-05-17,2024-04-12,1.4,1.4,0.9,0.98,138,25,1.4,,monthly_30d_30d_otm,weekly_2_strike0,39,127
FDX,2024-04-08,2024-05-03,backfill,O:FDX240517C00290000,290.0,2024-05-17,2024-04-15,1.3,1.3,0.79,0.79,37,17,1.3,,monthly_30d_30d_otm,weekly_2_strike0,39,127
FDX,2024-04-08,2024-05-03,backfill,O:FDX240517C00290000,290.0,2024-05-17,2024-04-16,0.79,0.79,0.58,0.65,15,10,0.79,,monthly_30d_30d_otm,weekly_2_strike0,39,127
FDX,2024-04-08,2024-05-03,backfill,O:FDX240517C00290000,290.0,2024-05-17,2024-04-17,0.62,0.62,0.53,0.53,6,4,0.62,,monthly_30d_30d_otm,weekly_2_strike0,39,127
FDX,2024-04-08,2024-05-03,backfill,O:FDX240517C00290000,290.0,2024-05-17,2024-04-18,0.55,0.65,0.45,0.47,16,6,0.55,,monthly_30d_30d_otm,weekly_2_strike0,39,127
FDX,2024-04-08,2024-05-03,backfill,O:FDX240517C00290000,290.0,2024-05-17,2024-04-19,1.13,1.13,0.58,0.68,37,17,1.13,,monthly_30d_30d_otm,weekly_2_strike0,39,127
FDX,2024-04-08,2024-05-03,backfill,O:FDX240517C00290000,290.0,2024-05-17,2024-04-22,0.61,0.97,0.61,0.88,60,19,0.61,,monthly_30d_30d_otm,weekly_2_strike0,39,127
FDX,2024-04-08,2024-05-03,backfill,O:FDX240517C00290000,290.0,2024-05-17,2024-04-23,0.84,1.04,0.56,0.76,77,17,0.84,,monthly_30d_30d_otm,weekly_2_strike0,39,127
FDX,2024-04-08,2024-05-03,backfill,O:FDX240517C00290000,290.0,2024-05-17,2024-04-24,0.34,0.44,0.25,0.3,49,11,0.34,,monthly_30d_30d_otm,weekly_2_strike0,39,127
FDX,2024-04-08,2024-05-03,backfill,O:FDX240517C00290000,290.0,2024-05-17,2024-04-25,0.28,0.33,0.23,0.23,11,4,0.28,,monthly_30d_30d_otm,weekly_2_strike0,39,127
FDX,2024-04-08,2024-05-03,backfill,O:FDX240517C00290000,290.0,2024-05-17,2024-04-26,0.25,0.27,0.18,0.21,24,9,0.25,,monthly_30d_30d_otm,weekly_2_strike0,39,127
FDX,2024-04-08,2024-05-03,backfill,O:FDX240517C00290000,290.0,2024-05-17,2024-04-29,0.3,0.3,0.15,0.15,57,8,0.3,,monthly_30d_30d_otm,weekly_2_strike0,39,127
FDX,2024-04-08,2024-05-03,backfill,O:FDX240517C00290000,290.0,2024-05-17,2024-04-30,0.18,0.18,0.17,0.17,6,2,0.18,,monthly_30d_30d_otm,weekly_2_strike0,39,127
FDX,2024-04-08,2024-05-03,backfill,O:FDX240517C00290000,290.0,2024-05-17,2024-05-01,0.12,0.12,0.11,0.11,5,2,0.12,,monthly_30d_30d_otm,weekly_2_strike0,39,127
FDX,2024-04-08,2024-05-03,backfill,O:FDX240517C00290000,290.0,2024-05-17,2024-05-02,0.15,0.15,0.05,0.05,8,3,0.15,,monthly_30d_30d_otm,weekly_2_strike0,39,127
FDX,2024-04-08,2024-05-03,backfill,O:FDX240517C00290000,290.0,2024-05-17,2024-05-03,0.1,0.11,0.02,0.08,14,5,0.1,,monthly_30d_30d_otm,weekly_2_strike0,39,127
FDX,2024-07-11,2024-08-07,backfill,O:FDX240816C00330000,330.0,2024-08-16,2024-07-11,0.5,0.51,0.49,0.49,16,4,0.5,,monthly_30d_25d_otm,weekly_2_strike0,36,16
FDX,2024-07-11,2024-08-07,backfill,O:FDX240816C00330000,330.0,2024-08-16,2024-07-12,0.5,0.5,0.44,0.44,16,3,0.5,,monthly_30d_25d_otm,weekly_2_strike0,36,16
FDX,2024-07-11,2024-08-07,backfill,O:FDX240816C00330000,330.0,2024-08-16,2024-07-15,0.43,0.77,0.43,0.75,39,13,0.43,,monthly_30d_25d_otm,weekly_2_strike0,36,16
FDX,2024-07-11,2024-08-07,backfill,O:FDX240816C00330000,330.0,2024-08-16,2024-07-16,1.0,1.98,1.0,1.98,453,40,1.0,,monthly_30d_25d_otm,weekly_2_strike0,36,16
FDX,2024-07-11,2024-08-07,backfill,O:FDX240816C00330000,330.0,2024-08-16,2024-07-17,1.61,1.82,1.14,1.47,77,20,1.61,,monthly_30d_25d_otm,weekly_2_strike0,36,16
FDX,2024-07-11,2024-08-07,backfill,O:FDX240816C00330000,330.0,2024-08-16,2024-07-18,1.6,1.77,0.92,0.94,44,14,1.6,,monthly_30d_25d_otm,weekly_2_strike0,36,16
FDX,2024-07-11,2024-08-07,backfill,O:FDX240816C00330000,330.0,2024-08-16,2024-07-19,0.9,1.22,0.8,1.18,12,8,0.9,,monthly_30d_25d_otm,weekly_2_strike0,36,16
FDX,2024-07-11,2024-08-07,backfill,O:FDX240816C00330000,330.0,2024-08-16,2024-07-22,0.77,0.8,0.5,0.8,337,12,0.77,,monthly_30d_25d_otm,weekly_2_strike0,36,16
FDX,2024-07-11,2024-08-07,backfill,O:FDX240816C00330000,330.0,2024-08-16,2024-07-23,0.7,0.7,0.19,0.31,54,16,0.7,,monthly_30d_25d_otm,weekly_2_strike0,36,16
FDX,2024-07-11,2024-08-07,backfill,O:FDX240816C00330000,330.0,2024-08-16,2024-07-24,0.29,0.3,0.27,0.29,17,8,0.29,,monthly_30d_25d_otm,weekly_2_strike0,36,16
FDX,2024-07-11,2024-08-07,backfill,O:FDX240816C00330000,330.0,2024-08-16,2024-07-25,0.31,0.37,0.19,0.29,28,7,0.31,,monthly_30d_25d_otm,weekly_2_strike0,36,16
FDX,2024-07-11,2024-08-07,backfill,O:FDX240816C00330000,330.0,2024-08-16,2024-07-26,0.35,0.35,0.19,0.19,14,5,0.35,,monthly_30d_25d_otm,weekly_2_strike0,36,16
FDX,2024-07-11,2024-08-07,backfill,O:FDX240816C00330000,330.0,2024-08-16,2024-07-29,0.16,0.16,0.14,0.14,19,2,0.16,,monthly_30d_25d_otm,weekly_2_strike0,36,16
FDX,2024-07-11,2024-08-07,backfill,O:FDX240816C00330000,330.0,2024-08-16,2024-07-30,0.14,0.21,0.14,0.21,2,2,0.14,,monthly_30d_25d_otm,weekly_2_strike0,36,16
FDX,2024-07-11,2024-08-07,backfill,O:FDX240816C00330000,330.0,2024-08-16,2024-07-31,0.25,0.25,0.15,0.15,4,4,0.25,,monthly_30d_25d_otm,weekly_2_strike0,36,16
FDX,2024-07-11,2024-08-07,backfill,O:FDX240816C00330000,330.0,2024-08-16,2024-08-01,0.11,0.11,0.08,0.08,10,4,0.11,,monthly_30d_25d_otm,weekly_2_strike0,36,16
FDX,2024-07-11,2024-08-07,backfill,O:FDX240816C00330000,330.0,2024-08-16,2024-08-02,0.05,0.05,0.05,0.05,6,1,0.05,,monthly_30d_25d_otm,weekly_2_strike0,36,16
FDX,2024-07-11,2024-08-07,backfill,O:FDX240816C00330000,330.0,2024-08-16,2024-08-05,0.36,0.54,0.05,0.07,16,4,0.36,,monthly_30d_25d_otm,weekly_2_strike0,36,16
FDX,2024-07-11,2024-08-07,backfill,O:FDX240816C00330000,330.0,2024-08-16,2024-08-06,0.08,0.12,0.01,0.02,85,7,0.08,,monthly_30d_25d_otm,weekly_2_strike0,36,16
FDX,2024-07-11,2024-08-07,backfill,O:FDX240816C00330000,330.0,2024-08-16,2024-08-07,0.49,0.49,0.02,0.03,27,4,0.49,,monthly_30d_25d_otm,weekly_2_strike0,36,16
FDX,2025-11-04,2025-12-02,backfill,O:FDX251219C00260000,260.0,2025-12-19,2025-11-04,9.85,10.85,9.85,10.25,138,10,9.85,,monthly_30d_35d_otm,weekly_2_strike0,45,138
FDX,2025-11-04,2025-12-02,backfill,O:FDX251219C00260000,260.0,2025-12-19,2025-11-05,9.1,12.43,9.0,11.36,62,19,9.1,,monthly_30d_35d_otm,weekly_2_strike0,45,138
FDX,2025-11-04,2025-12-02,backfill,O:FDX251219C00260000,260.0,2025-12-19,2025-11-06,13.11,13.55,12.4,13.0,53,22,13.11,,monthly_30d_35d_otm,weekly_2_strike0,45,138
FDX,2025-11-04,2025-12-02,backfill,O:FDX251219C00260000,260.0,2025-12-19,2025-11-07,13.08,14.91,13.08,13.53,9,6,13.08,,monthly_30d_35d_otm,weekly_2_strike0,45,138
FDX,2025-11-04,2025-12-02,backfill,O:FDX251219C00260000,260.0,2025-12-19,2025-11-10,14.1,14.1,9.6,9.7,80,29,14.1,,monthly_30d_35d_otm,weekly_2_strike0,45,138
FDX,2025-11-04,2025-12-02,backfill,O:FDX251219C00260000,260.0,2025-12-19,2025-11-11,10.08,18.5,9.77,17.56,66,26,10.08,,monthly_30d_35d_otm,weekly_2_strike0,45,138
FDX,2025-11-04,2025-12-02,backfill,O:FDX251219C00260000,260.0,2025-12-19,2025-11-12,17.29,18.91,17.1,18.54,20,12,17.29,,monthly_30d_35d_otm,weekly_2_strike0,45,138
FDX,2025-11-04,2025-12-02,backfill,O:FDX251219C00260000,260.0,2025-12-19,2025-11-13,19.25,19.25,16.53,16.53,34,15,19.25,,monthly_30d_35d_otm,weekly_2_strike0,45,138
FDX,2025-11-04,2025-12-02,backfill,O:FDX251219C00260000,260.0,2025-12-19,2025-11-14,15.98,18.0,15.98,17.0,16,6,15.98,,monthly_30d_35d_otm,weekly_2_strike0,45,138
FDX,2025-11-04,2025-12-02,backfill,O:FDX251219C00260000,260.0,2025-12-19,2025-11-17,16.48,16.8,14.87,15.01,45,19,16.48,,monthly_30d_35d_otm,weekly_2_strike0,45,138
FDX,2025-11-04,2025-12-02,backfill,O:FDX251219C00260000,260.0,2025-12-19,2025-11-18,15.26,15.26,13.05,14.17,29,9,15.26,,monthly_30d_35d_otm,weekly_2_strike0,45,138
FDX,2025-11-04,2025-12-02,backfill,O:FDX251219C00260000,260.0,2025-12-19,2025-11-19,12.95,14.99,12.95,13.7,48,13,12.95,,monthly_30d_35d_otm,weekly_2_strike0,45,138
FDX,2025-11-04,2025-12-02,backfill,O:FDX251219C00260000,260.0,2025-12-19,2025-11-20,15.86,17.7,14.4,14.73,103,22,15.86,,monthly_30d_35d_otm,weekly_2_strike0,45,138
FDX,2025-11-04,2025-12-02,backfill,O:FDX251219C00260000,260.0,2025-12-19,2025-11-21,14.74,18.95,14.74,18.57,36,11,14.74,,monthly_30d_35d_otm,weekly_2_strike0,45,138
FDX,2025-11-04,2025-12-02,backfill,O:FDX251219C00260000,260.0,2025-12-19,2025-11-24,16.95,16.95,15.9,16.65,12,9,16.95,,monthly_30d_35d_otm,weekly_2_strike0,45,138
FDX,2025-11-04,2025-12-02,backfill,O:FDX251219C00260000,260.0,2025-12-19,2025-11-25,18.0,19.65,18.0,19.11,48,13,18.0,,monthly_30d_35d_otm,weekly_2_strike0,45,138
FDX,2025-11-04,2025-12-02,backfill,O:FDX251219C00260000,260.0,2025-12-19,2025-11-26,19.25,20.9,19.25,20.6,27,5,19.25,,monthly_30d_35d_otm,weekly_2_strike0,45,138
FDX,2025-11-04,2025-12-02,backfill,O:FDX251219C00260000,260.0,2025-12-19,2025-11-28,20.07,20.82,20.07,20.33,26,11,20.07,,monthly_30d_35d_otm,weekly_2_strike0,45,138
FDX,2025-11-04,2025-12-02,backfill,O:FDX251219C00260000,260.0,2025-12-19,2025-12-01,19.07,19.55,18.34,18.34,40,9,19.07,,monthly_30d_35d_otm,weekly_2_strike0,45,138
FDX,2025-11-04,2025-12-02,backfill,O:FDX251219C00260000,260.0,2025-12-19,2025-12-02,17.0,17.0,14.1,14.84,24,6,17.0,,monthly_30d_35d_otm,weekly_2_strike0,45,138
FSLR,2020-10-15,2020-11-11,backfill,O:FSLR201120C00085000,85.0,2020-11-20,2020-10-15,4.75,5.8,4.36,5.69,155,29,4.75,,monthly_30d_35d_otm,weekly_2_strike0,36,155
FSLR,2020-10-15,2020-11-11,backfill,O:FSLR201120C00085000,85.0,2020-11-20,2020-10-16,5.6,7.2,5.45,6.51,189,52,5.6,,monthly_30d_35d_otm,weekly_2_strike0,36,155
FSLR,2020-10-15,2020-11-11,backfill,O:FSLR201120C00085000,85.0,2020-11-20,2020-10-19,6.47,8.25,5.85,6.15,500,63,6.47,,monthly_30d_35d_otm,weekly_2_strike0,36,155
FSLR,2020-10-15,2020-11-11,backfill,O:FSLR201120C00085000,85.0,2020-11-20,2020-10-20,6.9,7.75,6.2,6.5,192,32,6.9,,monthly_30d_35d_otm,weekly_2_strike0,36,155
FSLR,2020-10-15,2020-11-11,backfill,O:FSLR201120C00085000,85.0,2020-11-20,2020-10-21,7.8,8.1,5.15,5.25,316,56,7.8,,monthly_30d_35d_otm,weekly_2_strike0,36,155
FSLR,2020-10-15,2020-11-11,backfill,O:FSLR201120C00085000,85.0,2020-11-20,2020-10-22,5.4,5.6,4.7,5.6,38,13,5.4,,monthly_30d_35d_otm,weekly_2_strike0,36,155
FSLR,2020-10-15,2020-11-11,backfill,O:FSLR201120C00085000,85.0,2020-11-20,2020-10-23,6.4,7.37,5.85,6.75,218,29,6.4,,monthly_30d_35d_otm,weekly_2_strike0,36,155
FSLR,2020-10-15,2020-11-11,backfill,O:FSLR201120C00085000,85.0,2020-11-20,2020-10-26,5.75,6.15,4.62,5.38,105,18,5.75,,monthly_30d_35d_otm,weekly_2_strike0,36,155
FSLR,2020-10-15,2020-11-11,backfill,O:FSLR201120C00085000,85.0,2020-11-20,2020-10-27,4.93,5.65,4.3,4.65,73,28,4.93,,monthly_30d_35d_otm,weekly_2_strike0,36,155
FSLR,2020-10-15,2020-11-11,backfill,O:FSLR201120C00085000,85.0,2020-11-20,2020-10-28,9.63,14.75,9.25,11.15,349,65,9.63,,monthly_30d_35d_otm,weekly_2_strike0,36,155
FSLR,2020-10-15,2020-11-11,backfill,O:FSLR201120C00085000,85.0,2020-11-20,2020-10-29,9.53,9.53,6.54,6.95,112,27,9.53,,monthly_30d_35d_otm,weekly_2_strike0,36,155
FSLR,2020-10-15,2020-11-11,backfill,O:FSLR201120C00085000,85.0,2020-11-20,2020-10-30,5.31,6.8,4.0,6.8,147,32,5.31,,monthly_30d_35d_otm,weekly_2_strike0,36,155
FSLR,2020-10-15,2020-11-11,backfill,O:FSLR201120C00085000,85.0,2020-11-20,2020-11-02,8.12,8.8,6.75,7.5,114,20,8.12,,monthly_30d_35d_otm,weekly_2_strike0,36,155
FSLR,2020-10-15,2020-11-11,backfill,O:FSLR201120C00085000,85.0,2020-11-20,2020-11-03,7.5,8.27,5.5,6.1,121,19,7.5,,monthly_30d_35d_otm,weekly_2_strike0,36,155
FSLR,2020-10-15,2020-11-11,backfill,O:FSLR201120C00085000,85.0,2020-11-20,2020-11-04,3.96,3.96,1.89,2.3,673,73,3.96,,monthly_30d_35d_otm,weekly_2_strike0,36,155
FSLR,2020-10-15,2020-11-11,backfill,O:FSLR201120C00085000,85.0,2020-11-20,2020-11-05,2.76,6.35,2.76,5.29,328,72,2.76,,monthly_30d_35d_otm,weekly_2_strike0,36,155
FSLR,2020-10-15,2020-11-11,backfill,O:FSLR201120C00085000,85.0,2020-11-20,2020-11-06,6.12,7.35,4.8,5.65,76,25,6.12,,monthly_30d_35d_otm,weekly_2_strike0,36,155
FSLR,2020-10-15,2020-11-11,backfill,O:FSLR201120C00085000,85.0,2020-11-20,2020-11-09,10.35,10.35,4.86,5.2,88,26,10.35,,monthly_30d_35d_otm,weekly_2_strike0,36,155
FSLR,2020-10-15,2020-11-11,backfill,O:FSLR201120C00085000,85.0,2020-11-20,2020-11-10,2.56,3.7,1.38,1.5,3586,151,2.56,,monthly_30d_35d_otm,weekly_2_strike0,36,155
FSLR,2020-10-15,2020-11-11,backfill,O:FSLR201120C00085000,85.0,2020-11-20,2020-11-11,1.92,3.25,1.87,2.55,558,118,1.92,,monthly_30d_35d_otm,weekly_2_strike0,36,155
FSLR,2021-08-17,2021-09-14,backfill,O:FSLR210917C00100000,100.0,2021-09-17,2021-08-17,2.46,2.53,1.39,1.77,461,46,2.46,,monthly_30d_30d_otm,weekly_2_strike0,31,461
FSLR,2021-08-17,2021-09-14,backfill,O:FSLR210917C00100000,100.0,2021-09-17,2021-08-18,1.8,2.16,1.65,1.65,125,42,1.8,,monthly_30d_30d_otm,weekly_2_strike0,31,461
FSLR,2021-08-17,2021-09-14,backfill,O:FSLR210917C00100000,100.0,2021-09-17,2021-08-19,1.22,1.65,1.22,1.55,126,36,1.22,,monthly_30d_30d_otm,weekly_2_strike0,31,461
FSLR,2021-08-17,2021-09-14,backfill,O:FSLR210917C00100000,100.0,2021-09-17,2021-08-20,1.58,1.9,1.52,1.75,50,13,1.58,,monthly_30d_30d_otm,weekly_2_strike0,31,461
FSLR,2021-08-17,2021-09-14,backfill,O:FSLR210917C00100000,100.0,2021-09-17,2021-08-23,1.99,2.05,1.55,2.0,96,30,1.99,,monthly_30d_30d_otm,weekly_2_strike0,31,461
FSLR,2021-08-17,2021-09-14,backfill,O:FSLR210917C00100000,100.0,2021-09-17,2021-08-24,1.96,2.47,1.38,1.38,456,55,1.96,,monthly_30d_30d_otm,weekly_2_strike0,31,461
FSLR,2021-08-17,2021-09-14,backfill,O:FSLR210917C00100000,100.0,2021-09-17,2021-08-25,1.5,1.6,1.03,1.09,109,27,1.5,,monthly_30d_30d_otm,weekly_2_strike0,31,461
FSLR,2021-08-17,2021-09-14,backfill,O:FSLR210917C00100000,100.0,2021-09-17,2021-08-26,0.89,1.3,0.83,1.05,58,20,0.89,,monthly_30d_30d_otm,weekly_2_strike0,31,461
FSLR,2021-08-17,2021-09-14,backfill,O:FSLR210917C00100000,100.0,2021-09-17,2021-08-27,0.98,1.21,0.98,1.07,57,19,0.98,,monthly_30d_30d_otm,weekly_2_strike0,31,461
FSLR,2021-08-17,2021-09-14,backfill,O:FSLR210917C00100000,100.0,2021-09-17,2021-08-30,1.06,1.22,1.05,1.16,36,22,1.06,,monthly_30d_30d_otm,weekly_2_strike0,31,461
FSLR,2021-08-17,2021-09-14,backfill,O:FSLR210917C00100000,100.0,2021-09-17,2021-08-31,1.14,1.2,0.63,0.65,114,23,1.14,,monthly_30d_30d_otm,weekly_2_strike0,31,461
FSLR,2021-08-17,2021-09-14,backfill,O:FSLR210917C00100000,100.0,2021-09-17,2021-09-01,0.68,0.85,0.63,0.67,93,24,0.68,,monthly_30d_30d_otm,weekly_2_strike0,31,461
FSLR,2021-08-17,2021-09-14,backfill,O:FSLR210917C00100000,100.0,2021-09-17,2021-09-02,0.7,1.02,0.67,0.71,91,26,0.7,,monthly_30d_30d_otm,weekly_2_strike0,31,461
FSLR,2021-08-17,2021-09-14,backfill,O:FSLR210917C00100000,100.0,2021-09-17,2021-09-03,0.5,0.55,0.41,0.45,190,37,0.5,,monthly_30d_30d_otm,weekly_2_strike0,31,461
FSLR,2021-08-17,2021-09-14,backfill,O:FSLR210917C00100000,100.0,2021-09-17,2021-09-07,0.36,0.46,0.34,0.4,118,29,0.36,,monthly_30d_30d_otm,weekly_2_strike0,31,461
FSLR,2021-08-17,2021-09-14,backfill,O:FSLR210917C00100000,100.0,2021-09-17,2021-09-08,1.3,3.6,0.57,0.63,4732,150,1.3,,monthly_30d_30d_otm,weekly_2_strike0,31,461
FSLR,2021-08-17,2021-09-14,backfill,O:FSLR210917C00100000,100.0,2021-09-17,2021-09-09,0.67,1.88,0.63,1.63,1607,162,0.67,,monthly_30d_30d_otm,weekly_2_strike0,31,461
FSLR,2021-08-17,2021-09-14,backfill,O:FSLR210917C00100000,100.0,2021-09-17,2021-09-10,2.32,3.95,1.7,1.7,1061,131,2.32,,monthly_30d_30d_otm,weekly_2_strike0,31,461
FSLR,2021-08-17,2021-09-14,backfill,O:FSLR210917C00100000,100.0,2021-09-17,2021-09-13,2.0,6.9,1.29,6.53,660,126,2.0,,monthly_30d_30d_otm,weekly_2_strike0,31,461
FSLR,2021-08-17,2021-09-14,backfill,O:FSLR210917C00100000,100.0,2021-09-17,2021-09-14,6.55,7.25,4.7,4.88,73,27,6.55,,monthly_30d_30d_otm,weekly_2_strike0,31,461
FSLR,2021-10-05,2021-11-01,backfill,O:FSLR211119C00110000,110.0,2021-11-19,2021-10-05,1.88,1.88,1.55,1.65,14,9,1.88,,monthly_30d_20d_otm,weekly_2_strike0,45,14
FSLR,2021-10-05,2021-11-01,backfill,O:FSLR211119C00110000,110.0,2021-11-19,2021-10-06,1.38,1.64,1.2,1.64,76,10,1.38,,monthly_30d_20d_otm,weekly_2_strike0,45,14
FSLR,2021-10-05,2021-11-01,backfill,O:FSLR211119C00110000,110.0,2021-11-19,2021-10-07,1.64,2.36,1.64,2.15,28,12,1.64,,monthly_30d_20d_otm,weekly_2_strike0,45,14
FSLR,2021-10-05,2021-11-01,backfill,O:FSLR211119C00110000,110.0,2021-11-19,2021-10-08,2.05,2.1,1.9,2.08,19,12,2.05,,monthly_30d_20d_otm,weekly_2_strike0,45,14
FSLR,2021-10-05,2021-11-01,backfill,O:FSLR211119C00110000,110.0,2021-11-19,2021-10-11,3.0,4.5,3.0,3.34,223,36,3.0,,monthly_30d_20d_otm,weekly_2_strike0,45,14
FSLR,2021-10-05,2021-11-01,backfill,O:FSLR211119C00110000,110.0,2021-11-19,2021-10-12,3.59,5.5,3.59,4.35,139,45,3.59,,monthly_30d_20d_otm,weekly_2_strike0,45,14
FSLR,2021-10-05,2021-11-01,backfill,O:FSLR211119C00110000,110.0,2021-11-19,2021-10-13,4.4,5.65,4.09,4.4,234,35,4.4,,monthly_30d_20d_otm,weekly_2_strike0,45,14
FSLR,2021-10-05,2021-11-01,backfill,O:FSLR211119C00110000,110.0,2021-11-19,2021-10-14,4.8,5.25,4.04,4.04,354,41,4.8,,monthly_30d_20d_otm,weekly_2_strike0,45,14
FSLR,2021-10-05,2021-11-01,backfill,O:FSLR211119C00110000,110.0,2021-11-19,2021-10-15,4.3,4.81,3.65,3.7,333,42,4.3,,monthly_30d_20d_otm,weekly_2_strike0,45,14
FSLR,2021-10-05,2021-11-01,backfill,O:FSLR211119C00110000,110.0,2021-11-19,2021-10-18,2.82,3.65,2.24,3.1,151,18,2.82,,monthly_30d_20d_otm,weekly_2_strike0,45,14
FSLR,2021-10-05,2021-11-01,backfill,O:FSLR211119C00110000,110.0,2021-11-19,2021-10-19,3.3,5.5,3.3,4.75,207,41,3.3,,monthly_30d_20d_otm,weekly_2_strike0,45,14
FSLR,2021-10-05,2021-11-01,backfill,O:FSLR211119C00110000,110.0,2021-11-19,2021-10-20,3.05,3.3,2.35,2.54,62,18,3.05,,monthly_30d_20d_otm,weekly_2_strike0,45,14
FSLR,2021-10-05,2021-11-01,backfill,O:FSLR211119C00110000,110.0,2021-11-19,2021-10-21,2.98,4.12,2.9,3.79,44,19,2.98,,monthly_30d_20d_otm,weekly_2_strike0,45,14
FSLR,2021-10-05,2021-11-01,backfill,O:FSLR211119C00110000,110.0,2021-11-19,2021-10-22,3.4,3.65,2.93,3.65,106,10,3.4,,monthly_30d_20d_otm,weekly_2_strike0,45,14
FSLR,2021-10-05,2021-11-01,backfill,O:FSLR211119C00110000,110.0,2021-11-19,2021-10-25,4.4,5.15,3.9,4.93,178,30,4.4,,monthly_30d_20d_otm,weekly_2_strike0,45,14
FSLR,2021-10-05,2021-11-01,backfill,O:FSLR211119C00110000,110.0,2021-11-19,2021-10-26,5.5,5.66,3.9,4.57,147,23,5.5,,monthly_30d_20d_otm,weekly_2_strike0,45,14
FSLR,2021-10-05,2021-11-01,backfill,O:FSLR211119C00110000,110.0,2021-11-19,2021-10-27,6.78,9.15,5.6,5.6,206,36,6.78,,monthly_30d_20d_otm,weekly_2_strike0,45,14
FSLR,2021-10-05,2021-11-01,backfill,O:FSLR211119C00110000,110.0,2021-11-19,2021-10-28,6.05,10.3,6.05,10.3,87,24,6.05,,monthly_30d_20d_otm,weekly_2_strike0,45,14
FSLR,2021-10-05,2021-11-01,backfill,O:FSLR211119C00110000,110.0,2021-11-19,2021-10-29,10.45,12.44,10.45,11.69,67,18,10.45,,monthly_30d_20d_otm,weekly_2_strike0,45,14
FSLR,2021-10-05,2021-11-01,backfill,O:FSLR211119C00110000,110.0,2021-11-19,2021-11-01,12.85,13.19,10.4,11.8,46,8,12.85,,monthly_30d_20d_otm,weekly_2_strike0,45,14
FSLR,2021-11-02,2021-11-16,backfill,O:FSLR211217C00130000,130.0,2021-12-17,2021-11-02,3.65,4.4,3.65,3.85,149,15,3.65,,monthly_30d_30d_otm,weekly_2_strike0,45,149
FSLR,2021-11-02,2021-11-16,backfill,O:FSLR211217C00130000,130.0,2021-12-17,2021-11-03,3.0,3.19,2.73,3.15,43,19,3.0,,monthly_30d_30d_otm,weekly_2_strike0,45,149
FSLR,2021-11-02,2021-11-16,backfill,O:FSLR211217C00130000,130.0,2021-12-17,2021-11-04,2.83,3.24,2.53,3.24,215,11,2.83,,monthly_30d_30d_otm,weekly_2_strike0,45,149
FSLR,2021-11-02,2021-11-16,backfill,O:FSLR211217C00130000,130.0,2021-12-17,2021-11-05,2.04,2.45,1.83,2.44,110,20,2.04,,monthly_30d_30d_otm,weekly_2_strike0,45,149
FSLR,2021-11-02,2021-11-16,backfill,O:FSLR211217C00130000,130.0,2021-12-17,2021-11-08,3.0,3.0,2.11,2.25,13,9,3.0,,monthly_30d_30d_otm,weekly_2_strike0,45,149
FSLR,2021-11-02,2021-11-16,backfill,O:FSLR211217C00130000,130.0,2021-12-17,2021-11-09,2.27,2.27,1.5,1.86,48,16,2.27,,monthly_30d_30d_otm,weekly_2_strike0,45,149
FSLR,2021-11-02,2021-11-16,backfill,O:FSLR211217C00130000,130.0,2021-12-17,2021-11-10,1.65,1.76,1.45,1.5,39,13,1.65,,monthly_30d_30d_otm,weekly_2_strike0,45,149
FSLR,2021-11-02,2021-11-16,backfill,O:FSLR211217C00130000,130.0,2021-12-17,2021-11-11,1.12,1.57,0.89,1.48,27,14,1.12,,monthly_30d_30d_otm,weekly_2_strike0,45,149
FSLR,2021-11-02,2021-11-16,backfill,O:FSLR211217C00130000,130.0,2021-12-17,2021-11-12,1.37,1.37,1.1,1.1,12,5,1.37,,monthly_30d_30d_otm,weekly_2_strike0,45,149
FSLR,2021-11-02,2021-11-16,backfill,O:FSLR211217C00130000,130.0,2021-12-17,2021-11-15,0.96,1.05,0.87,0.91,30,11,0.96,,monthly_30d_30d_otm,weekly_2_strike0,45,149
FSLR,2021-11-02,2021-11-16,backfill,O:FSLR211217C00130000,130.0,2021-12-17,2021-11-16,0.9,1.05,0.36,0.43,196,31,0.9,,monthly_30d_30d_otm,weekly_2_strike0,45,149
GE,2022-11-02,2022-11-30,backfill,O:GE221216C00080000,80.0,2022-12-16,2022-11-02,2.75,3.65,2.69,2.69,70,17,2.75,,monthly_30d_40d_otm,weekly_2_strike0,44,70
GE,2022-11-02,2022-11-30,backfill,O:GE221216C00080000,80.0,2022-12-16,2022-11-03,2.49,3.2,2.49,2.93,144,27,2.49,,monthly_30d_40d_otm,weekly_2_strike0,44,70
GE,2022-11-02,2022-11-30,backfill,O:GE221216C00080000,80.0,2022-12-16,2022-11-04,3.43,4.44,3.43,4.44,243,52,3.43,,monthly_30d_40d_otm,weekly_2_strike0,44,70
GE,2022-11-02,2022-11-30,backfill,O:GE221216C00080000,80.0,2022-12-16,2022-11-07,4.53,6.25,4.45,6.25,160,37,4.53,,monthly_30d_40d_otm,weekly_2_strike0,44,70
GE,2022-11-02,2022-11-30,backfill,O:GE221216C00080000,80.0,2022-12-16,2022-11-08,6.19,6.9,5.6,6.61,82,22,6.19,,monthly_30d_40d_otm,weekly_2_strike0,44,70
GE,2022-11-02,2022-11-30,backfill,O:GE221216C00080000,80.0,2022-12-16,2022-11-09,5.92,6.4,5.82,5.82,21,11,5.92,,monthly_30d_40d_otm,weekly_2_strike0,44,70
GE,2022-11-02,2022-11-30,backfill,O:GE221216C00080000,80.0,2022-12-16,2022-11-10,6.98,7.2,6.45,7.2,88,16,6.98,,monthly_30d_40d_otm,weekly_2_strike0,44,70
GE,2022-11-02,2022-11-30,backfill,O:GE221216C00080000,80.0,2022-12-16,2022-11-11,7.31,7.95,6.9,7.95,128,15,7.31,,monthly_30d_40d_otm,weekly_2_strike0,44,70
GE,2022-11-02,2022-11-30,backfill,O:GE221216C00080000,80.0,2022-12-16,2022-11-14,7.43,8.2,7.37,7.37,50,14,7.43,,monthly_30d_40d_otm,weekly_2_strike0,44,70
GE,2022-11-02,2022-11-30,backfill,O:GE221216C00080000,80.0,2022-12-16,2022-11-15,8.0,8.67,7.85,8.45,48,14,8.0,,monthly_30d_40d_otm,weekly_2_strike0,44,70
GE,2022-11-02,2022-11-30,backfill,O:GE221216C00080000,80.0,2022-12-16,2022-11-16,7.4,7.47,6.41,6.41,57,17,7.4,,monthly_30d_40d_otm,weekly_2_strike0,44,70
GE,2022-11-02,2022-11-30,backfill,O:GE221216C00080000,80.0,2022-12-16,2022-11-17,5.48,7.01,5.48,7.0,19,8,5.48,,monthly_30d_40d_otm,weekly_2_strike0,44,70
GE,2022-11-02,2022-11-30,backfill,O:GE221216C00080000,80.0,2022-12-16,2022-11-18,7.74,7.74,6.4,6.71,76,14,7.74,,monthly_30d_40d_otm,weekly_2_strike0,44,70
GE,2022-11-02,2022-11-30,backfill,O:GE221216C00080000,80.0,2022-12-16,2022-11-21,6.79,6.79,6.25,6.75,28,6,6.79,,monthly_30d_40d_otm,weekly_2_strike0,44,70
GE,2022-11-02,2022-11-30,backfill,O:GE221216C00080000,80.0,2022-12-16,2022-11-22,7.7,8.25,7.2,8.25,72,12,7.7,,monthly_30d_40d_otm,weekly_2_strike0,44,70
GE,2022-11-02,2022-11-30,backfill,O:GE221216C00080000,80.0,2022-12-16,2022-11-23,7.87,8.5,7.85,8.5,23,7,7.87,,monthly_30d_40d_otm,weekly_2_strike0,44,70
GE,2022-11-02,2022-11-30,backfill,O:GE221216C00080000,80.0,2022-12-16,2022-11-25,8.42,8.6,8.25,8.6,6,2,8.42,,monthly_30d_40d_otm,weekly_2_strike0,44,70
GE,2022-11-02,2022-11-30,backfill,O:GE221216C00080000,80.0,2022-12-16,2022-11-28,7.9,8.2,6.35,6.35,41,7,7.9,,monthly_30d_40d_otm,weekly_2_strike0,44,70
GE,2022-11-02,2022-11-30,backfill,O:GE221216C00080000,80.0,2022-12-16,2022-11-29,6.3,6.35,6.07,6.33,83,9,6.3,,monthly_30d_40d_otm,weekly_2_strike0,44,70
GE,2022-11-02,2022-11-30,backfill,O:GE221216C00080000,80.0,2022-12-16,2022-11-30,5.5,6.78,4.72,6.7,16,11,5.5,,monthly_30d_40d_otm,weekly_2_strike0,44,70
GE,2023-01-09,2023-02-06,backfill,O:GE230217C00075000,75.0,2023-02-17,2023-01-09,2.25,2.97,2.25,2.48,1724,27,2.25,,monthly_30d_35d_otm,weekly_2_strike0,39,1724
GE,2023-01-09,2023-02-06,backfill,O:GE230217C00075000,75.0,2023-02-17,2023-01-10,2.73,3.65,2.62,3.65,247,30,2.73,,monthly_30d_35d_otm,weekly_2_strike0,39,1724
GE,2023-01-09,2023-02-06,backfill,O:GE230217C00075000,75.0,2023-02-17,2023-01-11,3.8,5.0,3.8,5.0,36,16,3.8,,monthly_30d_35d_otm,weekly_2_strike0,39,1724
GE,2023-01-09,2023-02-06,backfill,O:GE230217C00075000,75.0,2023-02-17,2023-01-12,4.93,6.1,4.85,5.88,75,13,4.93,,monthly_30d_35d_otm,weekly_2_strike0,39,1724
GE,2023-01-09,2023-02-06,backfill,O:GE230217C00075000,75.0,2023-02-17,2023-01-13,5.75,7.04,5.75,6.91,16,6,5.75,,monthly_30d_35d_otm,weekly_2_strike0,39,1724
GE,2023-01-09,2023-02-06,backfill,O:GE230217C00075000,75.0,2023-02-17,2023-01-17,7.0,7.03,6.59,6.95,60,6,7.0,,monthly_30d_35d_otm,weekly_2_strike0,39,1724
GE,2023-01-09,2023-02-06,backfill,O:GE230217C00075000,75.0,2023-02-17,2023-01-18,7.35,7.35,6.4,6.75,35,9,7.35,,monthly_30d_35d_otm,weekly_2_strike0,39,1724
GE,2023-01-09,2023-02-06,backfill,O:GE230217C00075000,75.0,2023-02-17,2023-01-19,4.95,4.95,4.2,4.2,297,16,4.95,,monthly_30d_35d_otm,weekly_2_strike0,39,1724
GE,2023-01-09,2023-02-06,backfill,O:GE230217C00075000,75.0,2023-02-17,2023-01-20,4.0,4.55,3.9,4.55,1865,17,4.0,,monthly_30d_35d_otm,weekly_2_strike0,39,1724
GE,2023-01-09,2023-02-06,backfill,O:GE230217C00075000,75.0,2023-02-17,2023-01-23,5.0,6.25,5.0,5.91,523,23,5.0,,monthly_30d_35d_otm,weekly_2_strike0,39,1724
GE,2023-01-09,2023-02-06,backfill,O:GE230217C00075000,75.0,2023-02-17,2023-01-24,4.62,6.27,4.45,6.27,72,8,4.62,,monthly_30d_35d_otm,weekly_2_strike0,39,1724
GE,2023-01-09,2023-02-06,backfill,O:GE230217C00075000,75.0,2023-02-17,2023-01-25,6.2,6.2,6.0,6.0,6,3,6.2,,monthly_30d_35d_otm,weekly_2_strike0,39,1724
GE,2023-01-09,2023-02-06,backfill,O:GE230217C00075000,75.0,2023-02-17,2023-01-26,7.1,7.1,6.0,6.0,4,2,7.1,,monthly_30d_35d_otm,weekly_2_strike0,39,1724
GE,2023-01-09,2023-02-06,backfill,O:GE230217C00075000,75.0,2023-02-17,2023-01-27,7.5,9.35,7.5,8.6,785,10,7.5,,monthly_30d_35d_otm,weekly_2_strike0,39,1724
GE,2023-01-09,2023-02-06,backfill,O:GE230217C00075000,75.0,2023-02-17,2023-01-30,6.85,6.85,6.56,6.56,3,2,6.85,,monthly_30d_35d_otm,weekly_2_strike0,39,1724
GE,2023-01-09,2023-02-06,backfill,O:GE230217C00075000,75.0,2023-02-17,2023-01-31,5.6,6.0,5.48,6.0,6,2,5.6,,monthly_30d_35d_otm,weekly_2_strike0,39,1724
GE,2023-01-09,2023-02-06,backfill,O:GE230217C00075000,75.0,2023-02-17,2023-02-01,6.8,6.85,6.8,6.85,22,3,6.8,,monthly_30d_35d_otm,weekly_2_strike0,39,1724
GE,2023-01-09,2023-02-06,backfill,O:GE230217C00075000,75.0,2023-02-17,2023-02-02,8.35,8.85,8.35,8.79,4,3,8.35,,monthly_30d_35d_otm,weekly_2_strike0,39,1724
GE,2023-01-09,2023-02-06,backfill,O:GE230217C00075000,75.0,2023-02-17,2023-02-03,8.25,8.25,8.19,8.19,2,2,8.25,,monthly_30d_35d_otm,weekly_2_strike0,39,1724
GE,2023-01-09,2023-02-06,backfill,O:GE230217C00075000,75.0,2023-02-17,2023-02-06,7.5,7.67,7.5,7.67,2,2,7.5,,monthly_30d_35d_otm,weekly_2_strike0,39,1724
GE,2024-02-27,2024-03-25,backfill,O:GE240419C00160000,160.0,2024-04-19,2024-02-27,4.3,4.4,3.7,4.05,119,29,4.3,,monthly_45d_30d_otm,weekly_2_strike0,52,119
GE,2024-02-27,2024-03-25,backfill,O:GE240419C00160000,160.0,2024-04-19,2024-02-28,4.65,5.25,4.5,4.9,3175,36,4.65,,monthly_45d_30d_otm,weekly_2_strike0,52,119
GE,2024-02-27,2024-03-25,backfill,O:GE240419C00160000,160.0,2024-04-19,2024-02-29,5.05,5.42,4.75,5.42,3170,36,5.05,,monthly_45d_30d_otm,weekly_2_strike0,52,119
GE,2024-02-27,2024-03-25,backfill,O:GE240419C00160000,160.0,2024-04-19,2024-03-01,5.5,6.8,5.3,6.6,204,60,5.5,,monthly_45d_30d_otm,weekly_2_strike0,52,119
GE,2024-02-27,2024-03-25,backfill,O:GE240419C00160000,160.0,2024-04-19,2024-03-04,6.87,8.2,6.8,7.97,461,70,6.87,,monthly_45d_30d_otm,weekly_2_strike0,52,119
GE,2024-02-27,2024-03-25,backfill,O:GE240419C00160000,160.0,2024-04-19,2024-03-05,8.27,8.85,5.6,6.2,8286,80,8.27,,monthly_45d_30d_otm,weekly_2_strike0,52,119
GE,2024-02-27,2024-03-25,backfill,O:GE240419C00160000,160.0,2024-04-19,2024-03-06,6.5,7.55,6.35,6.55,230,78,6.5,,monthly_45d_30d_otm,weekly_2_strike0,52,119
GE,2024-02-27,2024-03-25,backfill,O:GE240419C00160000,160.0,2024-04-19,2024-03-07,7.84,10.38,7.65,10.38,324,76,7.84,,monthly_45d_30d_otm,weekly_2_strike0,52,119
GE,2024-02-27,2024-03-25,backfill,O:GE240419C00160000,160.0,2024-04-19,2024-03-08,11.15,18.2,11.15,11.48,427,71,11.15,,monthly_45d_30d_otm,weekly_2_strike0,52,119
GE,2024-02-27,2024-03-25,backfill,O:GE240419C00160000,160.0,2024-04-19,2024-03-11,11.6,11.6,8.2,9.75,85,24,11.6,,monthly_45d_30d_otm,weekly_2_strike0,52,119
GE,2024-02-27,2024-03-25,backfill,O:GE240419C00160000,160.0,2024-04-19,2024-03-12,9.98,11.1,9.18,11.1,30,9,9.98,,monthly_45d_30d_otm,weekly_2_strike0,52,119
GE,2024-02-27,2024-03-25,backfill,O:GE240419C00160000,160.0,2024-04-19,2024-03-13,10.15,13.0,10.15,12.13,57,23,10.15,,monthly_45d_30d_otm,weekly_2_strike0,52,119
GE,2024-02-27,2024-03-25,backfill,O:GE240419C00160000,160.0,2024-04-19,2024-03-14,13.0,13.0,9.9,9.9,51,15,13.0,,monthly_45d_30d_otm,weekly_2_strike0,52,119
GE,2024-02-27,2024-03-25,backfill,O:GE240419C00160000,160.0,2024-04-19,2024-03-15,10.12,13.05,10.11,12.15,86,25,10.12,,monthly_45d_30d_otm,weekly_2_strike0,52,119
GE,2024-02-27,2024-03-25,backfill,O:GE240419C00160000,160.0,2024-04-19,2024-03-18,11.71,12.8,11.71,12.4,27,6,11.71,,monthly_45d_30d_otm,weekly_2_strike0,52,119
GE,2024-02-27,2024-03-25,backfill,O:GE240419C00160000,160.0,2024-04-19,2024-03-19,12.31,15.06,11.53,15.06,74,15,12.31,,monthly_45d_30d_otm,weekly_2_strike0,52,119
GE,2024-02-27,2024-03-25,backfill,O:GE240419C00160000,160.0,2024-04-19,2024-03-20,15.98,16.2,15.45,16.0,9,6,15.98,,monthly_45d_30d_otm,weekly_2_strike0,52,119
GE,2024-02-27,2024-03-25,backfill,O:GE240419C00160000,160.0,2024-04-19,2024-03-21,15.74,18.4,15.74,18.2,29,8,15.74,,monthly_45d_30d_otm,weekly_2_strike0,52,119
GE,2024-02-27,2024-03-25,backfill,O:GE240419C00160000,160.0,2024-04-19,2024-03-22,17.5,18.8,16.6,16.71,24,13,17.5,,monthly_45d_30d_otm,weekly_2_strike0,52,119
GE,2024-02-27,2024-03-25,backfill,O:GE240419C00160000,160.0,2024-04-19,2024-03-25,16.4,16.4,14.83,15.4,21,6,16.4,,monthly_45d_30d_otm,weekly_2_strike0,52,119
GEHC,2024-02-16,2024-03-15,backfill,O:GEHC240419C00095000,95.0,2024-04-19,2024-02-16,0.35,0.75,0.35,0.6,17,4,0.35,,monthly_45d_25d_otm,weekly_1_strike0,63,17
GEHC,2024-02-16,2024-03-15,backfill,O:GEHC240419C00095000,95.0,2024-04-19,2024-02-20,0.7,0.7,0.6,0.65,5,3,0.7,,monthly_45d_25d_otm,weekly_1_strike0,63,17
GEHC,2024-02-16,2024-03-15,backfill,O:GEHC240419C00095000,95.0,2024-04-19,2024-02-21,0.34,0.34,0.3,0.3,5,2,0.34,,monthly_45d_25d_otm,weekly_1_strike0,63,17
GEHC,2024-02-16,2024-03-15,backfill,O:GEHC240419C00095000,95.0,2024-04-19,2024-02-22,0.65,0.85,0.65,0.8,24,10,0.65,,monthly_45d_25d_otm,weekly_1_strike0,63,17
GEHC,2024-02-16,2024-03-15,backfill,O:GEHC240419C00095000,95.0,2024-04-19,2024-02-23,0.69,1.31,0.62,1.22,90,18,0.69,,monthly_45d_25d_otm,weekly_1_strike0,63,17
GEHC,2024-02-16,2024-03-15,backfill,O:GEHC240419C00095000,95.0,2024-04-19,2024-02-26,1.1,1.6,1.1,1.59,139,28,1.1,,monthly_45d_25d_otm,weekly_1_strike0,63,17
GEHC,2024-02-16,2024-03-15,backfill,O:GEHC240419C00095000,95.0,2024-04-19,2024-02-27,1.4,2.5,1.4,2.5,1704,59,1.4,,monthly_45d_25d_otm,weekly_1_strike0,63,17
GEHC,2024-02-16,2024-03-15,backfill,O:GEHC240419C00095000,95.0,2024-04-19,2024-02-28,2.35,3.3,2.35,2.8,860,64,2.35,,monthly_45d_25d_otm,weekly_1_strike0,63,17
GEHC,2024-02-16,2024-03-15,backfill,O:GEHC240419C00095000,95.0,2024-04-19,2024-02-29,2.75,2.75,1.2,1.95,2441,73,2.75,,monthly_45d_25d_otm,weekly_1_strike0,63,17
GEHC,2024-02-16,2024-03-15,backfill,O:GEHC240419C00095000,95.0,2024-04-19,2024-03-01,1.7,2.6,1.6,2.5,176,40,1.7,,monthly_45d_25d_otm,weekly_1_strike0,63,17
GEHC,2024-02-16,2024-03-15,backfill,O:GEHC240419C00095000,95.0,2024-04-19,2024-03-04,2.4,2.58,2.35,2.35,27,11,2.4,,monthly_45d_25d_otm,weekly_1_strike0,63,17
GEHC,2024-02-16,2024-03-15,backfill,O:GEHC240419C00095000,95.0,2024-04-19,2024-03-05,2.45,2.75,1.97,1.97,89,22,2.45,,monthly_45d_25d_otm,weekly_1_strike0,63,17
GEHC,2024-02-16,2024-03-15,backfill,O:GEHC240419C00095000,95.0,2024-04-19,2024-03-06,2.0,3.0,2.0,2.62,93,27,2.0,,monthly_45d_25d_otm,weekly_1_strike0,63,17
GEHC,2024-02-16,2024-03-15,backfill,O:GEHC240419C00095000,95.0,2024-04-19,2024-03-07,2.55,2.7,2.18,2.25,120,24,2.55,,monthly_45d_25d_otm,weekly_1_strike0,63,17
GEHC,2024-02-16,2024-03-15,backfill,O:GEHC240419C00095000,95.0,2024-04-19,2024-03-08,2.2,3.2,2.2,2.95,1357,42,2.2,,monthly_45d_25d_otm,weekly_1_strike0,63,17
GEHC,2024-02-16,2024-03-15,backfill,O:GEHC240419C00095000,95.0,2024-04-19,2024-03-11,2.7,2.88,2.05,2.33,94,23,2.7,,monthly_45d_25d_otm,weekly_1_strike0,63,17
GEHC,2024-02-16,2024-03-15,backfill,O:GEHC240419C00095000,95.0,2024-04-19,2024-03-12,2.0,2.0,1.35,1.73,115,22,2.0,,monthly_45d_25d_otm,weekly_1_strike0,63,17
GEHC,2024-02-16,2024-03-15,backfill,O:GEHC240419C00095000,95.0,2024-04-19,2024-03-13,0.6,1.08,0.45,0.73,463,38,0.6,,monthly_45d_25d_otm,weekly_1_strike0,63,17
GEHC,2024-02-16,2024-03-15,backfill,O:GEHC240419C00095000,95.0,2024-04-19,2024-03-14,0.7,0.75,0.55,0.55,103,17,0.7,,monthly_45d_25d_otm,weekly_1_strike0,63,17
GEHC,2024-02-16,2024-03-15,backfill,O:GEHC240419C00095000,95.0,2024-04-19,2024-03-15,0.6,0.75,0.55,0.75,128,19,0.6,,monthly_45d_25d_otm,weekly_1_strike0,63,17
GEHC,2024-04-05,2024-04-30,backfill,O:GEHC240517C00090000,90.0,2024-05-17,2024-04-05,3.1,3.6,3.1,3.21,14,4,3.1,,monthly_30d_40d_otm,weekly_1_strike0,42,14
GEHC,2024-04-05,2024-04-30,backfill,O:GEHC240517C00090000,90.0,2024-05-17,2024-04-08,2.91,2.93,2.91,2.93,2,1,2.91,,monthly_30d_40d_otm,weekly_1_strike0,42,14
GEHC,2024-04-05,2024-04-30,backfill,O:GEHC240517C00090000,90.0,2024-05-17,2024-04-09,2.29,2.29,2.06,2.16,20,10,2.29,,monthly_30d_40d_otm,weekly_1_strike0,42,14
GEHC,2024-04-05,2024-04-30,backfill,O:GEHC240517C00090000,90.0,2024-05-17,2024-04-10,2.0,2.0,1.72,1.8,53,5,2.0,,monthly_30d_40d_otm,weekly_1_strike0,42,14
GEHC,2024-04-05,2024-04-30,backfill,O:GEHC240517C00090000,90.0,2024-05-17,2024-04-11,2.2,2.85,2.1,2.75,34,8,2.2,,monthly_30d_40d_otm,weekly_1_strike0,42,14
GEHC,2024-04-05,2024-04-30,backfill,O:GEHC240517C00090000,90.0,2024-05-17,2024-04-12,2.29,2.3,2.04,2.1,52,12,2.29,,monthly_30d_40d_otm,weekly_1_strike0,42,14
GEHC,2024-04-05,2024-04-30,backfill,O:GEHC240517C00090000,90.0,2024-05-17,2024-04-15,2.53,2.53,1.74,1.74,11,6,2.53,,monthly_30d_40d_otm,weekly_1_strike0,42,14
GEHC,2024-04-05,2024-04-30,backfill,O:GEHC240517C00090000,90.0,2024-05-17,2024-04-16,1.8,1.95,1.8,1.85,20,9,1.8,,monthly_30d_40d_otm,weekly_1_strike0,42,14
GEHC,2024-04-05,2024-04-30,backfill,O:GEHC240517C00090000,90.0,2024-05-17,2024-04-17,1.75,1.75,1.55,1.7,71,10,1.75,,monthly_30d_40d_otm,weekly_1_strike0,42,14
GEHC,2024-04-05,2024-04-30,backfill,O:GEHC240517C00090000,90.0,2024-05-17,2024-04-18,1.5,1.59,1.39,1.39,47,7,1.5,,monthly_30d_40d_otm,weekly_1_strike0,42,14
GEHC,2024-04-05,2024-04-30,backfill,O:GEHC240517C00090000,90.0,2024-05-17,2024-04-19,1.4,1.4,1.16,1.16,132,11,1.4,,monthly_30d_40d_otm,weekly_1_strike0,42,14
GEHC,2024-04-05,2024-04-30,backfill,O:GEHC240517C00090000,90.0,2024-05-17,2024-04-22,1.2,1.3,1.1,1.25,94,17,1.2,,monthly_30d_40d_otm,weekly_1_strike0,42,14
GEHC,2024-04-05,2024-04-30,backfill,O:GEHC240517C00090000,90.0,2024-05-17,2024-04-23,1.25,1.67,1.25,1.55,653,19,1.25,,monthly_30d_40d_otm,weekly_1_strike0,42,14
GEHC,2024-04-05,2024-04-30,backfill,O:GEHC240517C00090000,90.0,2024-05-17,2024-04-24,1.68,1.68,1.63,1.63,4,2,1.68,,monthly_30d_40d_otm,weekly_1_strike0,42,14
GEHC,2024-04-05,2024-04-30,backfill,O:GEHC240517C00090000,90.0,2024-05-17,2024-04-25,1.35,1.35,1.06,1.3,22,7,1.35,,monthly_30d_40d_otm,weekly_1_strike0,42,14
GEHC,2024-04-05,2024-04-30,backfill,O:GEHC240517C00090000,90.0,2024-05-17,2024-04-26,1.35,1.5,1.27,1.5,13,9,1.35,,monthly_30d_40d_otm,weekly_1_strike0,42,14
GEHC,2024-04-05,2024-04-30,backfill,O:GEHC240517C00090000,90.0,2024-05-17,2024-04-29,1.67,2.55,1.66,2.55,387,23,1.67,,monthly_30d_40d_otm,weekly_1_strike0,42,14
GEHC,2024-04-05,2024-04-30,backfill,O:GEHC240517C00090000,90.0,2024-05-17,2024-04-30,0.2,0.25,0.02,0.08,76,23,0.2,,monthly_30d_40d_otm,weekly_1_strike0,42,14
GEHC,2025-02-21,2025-03-04,backfill,O:GEHC250321C00095000,95.0,2025-03-21,2025-02-21,0.95,0.95,0.8,0.95,16,5,0.95,,monthly_30d_35d_otm,weekly_1_strike0,28,16
GEHC,2025-02-21,2025-03-04,backfill,O:GEHC250321C00095000,95.0,2025-03-21,2025-02-24,0.89,1.01,0.73,0.73,13,8,0.89,,monthly_30d_35d_otm,weekly_1_strike0,28,16
GEHC,2025-02-21,2025-03-04,backfill,O:GEHC250321C00095000,95.0,2025-03-21,2025-02-25,0.7,0.96,0.7,0.8,14,11,0.7,,monthly_30d_35d_otm,weekly_1_strike0,28,16
GEHC,2025-02-21,2025-03-04,backfill,O:GEHC250321C00095000,95.0,2025-03-21,2025-02-26,0.7,0.75,0.7,0.75,3,2,0.7,,monthly_30d_35d_otm,weekly_1_strike0,28,16
GEHC,2025-02-21,2025-03-04,backfill,O:GEHC250321C00095000,95.0,2025-03-21,2025-02-27,0.85,1.0,0.55,0.55,19,8,0.85,,monthly_30d_35d_otm,weekly_1_strike0,28,16
GEHC,2025-02-21,2025-03-04,backfill,O:GEHC250321C00095000,95.0,2025-03-21,2025-02-28,0.22,0.22,0.12,0.12,11,5,0.22,,monthly_30d_35d_otm,weekly_1_strike0,28,16
GEHC,2025-02-21,2025-03-04,backfill,O:GEHC250321C00095000,95.0,2025-03-21,2025-03-03,0.17,0.22,0.17,0.21,33,6,0.17,,monthly_30d_35d_otm,weekly_1_strike0,28,16
GEHC,2025-02-21,2025-03-04,backfill,O:GEHC250321C00095000,95.0,2025-03-21,2025-03-04,0.1,0.1,0.08,0.09,29,8,0.1,,monthly_30d_35d_otm,weekly_1_strike0,28,16
GILD,2021-03-09,2021-04-06,backfill,O:GILD210521C00070000,70.0,2021-05-21,2021-03-09,1.45,1.79,1.3,1.31,255,36,1.45,,monthly_60d_25d_otm,weekly_2_strike0,73,255
GILD,2021-03-09,2021-04-06,backfill,O:GILD210521C00070000,70.0,2021-05-21,2021-03-10,1.34,1.35,1.08,1.2,213,21,1.34,,monthly_60d_25d_otm,weekly_2_strike0,73,255
GILD,2021-03-09,2021-04-06,backfill,O:GILD210521C00070000,70.0,2021-05-21,2021-03-11,1.02,1.15,1.02,1.05,68,20,1.02,,monthly_60d_25d_otm,weekly_2_strike0,73,255
GILD,2021-03-09,2021-04-06,backfill,O:GILD210521C00070000,70.0,2021-05-21,2021-03-12,1.0,1.03,0.85,0.85,154,17,1.0,,monthly_60d_25d_otm,weekly_2_strike0,73,255
GILD,2021-03-09,2021-04-06,backfill,O:GILD210521C00070000,70.0,2021-05-21,2021-03-15,0.95,1.06,0.9,1.05,288,31,0.95,,monthly_60d_25d_otm,weekly_2_strike0,73,255
GILD,2021-03-09,2021-04-06,backfill,O:GILD210521C00070000,70.0,2021-05-21,2021-03-16,1.02,1.21,1.02,1.21,294,20,1.02,,monthly_60d_25d_otm,weekly_2_strike0,73,255
GILD,2021-03-09,2021-04-06,backfill,O:GILD210521C00070000,70.0,2021-05-21,2021-03-17,1.05,1.27,1.05,1.19,220,22,1.05,,monthly_60d_25d_otm,weekly_2_strike0,73,255
GILD,2021-03-09,2021-04-06,backfill,O:GILD210521C00070000,70.0,2021-05-21,2021-03-18,1.05,1.42,1.05,1.11,67,15,1.05,,monthly_60d_25d_otm,weekly_2_strike0,73,255
GILD,2021-03-09,2021-04-06,backfill,O:GILD210521C00070000,70.0,2021-05-21,2021-03-19,1.11,1.21,1.02,1.19,723,28,1.11,,monthly_60d_25d_otm,weekly_2_strike0,73,255
GILD,2021-03-09,2021-04-06,backfill,O:GILD210521C00070000,70.0,2021-05-21,2021-03-22,1.14,1.41,0.96,1.28,1147,63,1.14,,monthly_60d_25d_otm,weekly_2_strike0,73,255
GILD,2021-03-09,2021-04-06,backfill,O:GILD210521C00070000,70.0,2021-05-21,2021-03-23,1.2,1.22,1.01,1.03,1608,78,1.2,,monthly_60d_25d_otm,weekly_2_strike0,73,255
GILD,2021-03-09,2021-04-06,backfill,O:GILD210521C00070000,70.0,2021-05-21,2021-03-24,0.93,1.07,0.9,0.94,3840,40,0.93,,monthly_60d_25d_otm,weekly_2_strike0,73,255
GILD,2021-03-09,2021-04-06,backfill,O:GILD210521C00070000,70.0,2021-05-21,2021-03-25,1.0,1.0,0.78,0.82,159,25,1.0,,monthly_60d_25d_otm,weekly_2_strike0,73,255
GILD,2021-03-09,2021-04-06,backfill,O:GILD210521C00070000,70.0,2021-05-21,2021-03-26,0.94,1.1,0.92,1.09,12147,183,0.94,,monthly_60d_25d_otm,weekly_2_strike0,73,255
GILD,2021-03-09,2021-04-06,backfill,O:GILD210521C00070000,70.0,2021-05-21,2021-03-29,1.0,1.37,0.92,1.25,1690,186,1.0,,monthly_60d_25d_otm,weekly_2_strike0,73,255
GILD,2021-03-09,2021-04-06,backfill,O:GILD210521C00070000,70.0,2021-05-21,2021-03-30,1.26,1.32,0.98,1.04,1455,165,1.26,,monthly_60d_25d_otm,weekly_2_strike0,73,255
GILD,2021-03-09,2021-04-06,backfill,O:GILD210521C00070000,70.0,2021-05-21,2021-03-31,1.01,1.01,0.8,0.81,942,115,1.01,,monthly_60d_25d_otm,weekly_2_strike0,73,255
GILD,2021-03-09,2021-04-06,backfill,O:GILD210521C00070000,70.0,2021-05-21,2021-04-01,0.95,1.34,0.95,1.15,5012,187,0.95,,monthly_60d_25d_otm,weekly_2_strike0,73,255
GILD,2021-03-09,2021-04-06,backfill,O:GILD210521C00070000,70.0,2021-05-21,2021-04-05,1.11,1.13,0.89,1.1,1259,75,1.11,,monthly_60d_25d_otm,weekly_2_strike0,73,255
GILD,2021-03-09,2021-04-06,backfill,O:GILD210521C00070000,70.0,2021-05-21,2021-04-06,0.99,1.14,0.99,1.06,358,45,0.99,,monthly_60d_25d_otm,weekly_2_strike0,73,255
GILD,2021-05-07,2021-06-04,backfill,O:GILD210618C00070000,70.0,2021-06-18,2021-05-07,0.96,1.12,0.71,0.76,686,47,0.96,,monthly_30d_25d_otm,weekly_1_strike0,42,686
GILD,2021-05-07,2021-06-04,backfill,O:GILD210618C00070000,70.0,2021-06-18,2021-05-10,0.79,1.27,0.79,1.01,2989,88,0.79,,monthly_30d_25d_otm,weekly_1_strike0,42,686
GILD,2021-05-07,2021-06-04,backfill,O:GILD210618C00070000,70.0,2021-06-18,2021-05-11,0.83,1.24,0.83,0.93,1769,61,0.83,,monthly_30d_25d_otm,weekly_1_strike0,42,686
GILD,2021-05-07,2021-06-04,backfill,O:GILD210618C00070000,70.0,2021-06-18,2021-05-12,0.85,1.25,0.83,1.14,924,65,0.85,,monthly_30d_25d_otm,weekly_1_strike0,42,686
GILD,2021-05-07,2021-06-04,backfill,O:GILD210618C00070000,70.0,2021-06-18,2021-05-13,1.14,1.54,1.06,1.54,1315,86,1.14,,monthly_30d_25d_otm,weekly_1_strike0,42,686
GILD,2021-05-07,2021-06-04,backfill,O:GILD210618C00070000,70.0,2021-06-18,2021-05-14,1.49,1.49,1.18,1.19,3405,68,1.49,,monthly_30d_25d_otm,weekly_1_strike0,42,686
GILD,2021-05-07,2021-06-04,backfill,O:GILD210618C00070000,70.0,2021-06-18,2021-05-17,1.2,1.6,1.2,1.3,755,74,1.2,,monthly_30d_25d_otm,weekly_1_strike0,42,686
GILD,2021-05-07,2021-06-04,backfill,O:GILD210618C00070000,70.0,2021-06-18,2021-05-18,1.41,1.6,1.13,1.14,674,76,1.41,,monthly_30d_25d_otm,weekly_1_strike0,42,686
GILD,2021-05-07,2021-06-04,backfill,O:GILD210618C00070000,70.0,2021-06-18,2021-05-19,0.9,1.06,0.81,1.06,325,65,0.9,,monthly_30d_25d_otm,weekly_1_strike0,42,686
GILD,2021-05-07,2021-06-04,backfill,O:GILD210618C00070000,70.0,2021-06-18,2021-05-20,1.06,1.6,1.0,1.29,2201,140,1.06,,monthly_30d_25d_otm,weekly_1_strike0,42,686
GILD,2021-05-07,2021-06-04,backfill,O:GILD210618C00070000,70.0,2021-06-18,2021-05-21,1.54,1.56,0.91,0.95,4562,92,1.54,,monthly_30d_25d_otm,weekly_1_strike0,42,686
GILD,2021-05-07,2021-06-04,backfill,O:GILD210618C00070000,70.0,2021-06-18,2021-05-24,0.92,1.18,0.43,0.43,2028,204,0.92,,monthly_30d_25d_otm,weekly_1_strike0,42,686
GILD,2021-05-07,2021-06-04,backfill,O:GILD210618C00070000,70.0,2021-06-18,2021-05-25,0.38,0.41,0.24,0.28,2058,101,0.38,,monthly_30d_25d_otm,weekly_1_strike0,42,686
GILD,2021-05-07,2021-06-04,backfill,O:GILD210618C00070000,70.0,2021-06-18,2021-05-26,0.25,0.29,0.21,0.28,1211,70,0.25,,monthly_30d_25d_otm,weekly_1_strike0,42,686
GILD,2021-05-07,2021-06-04,backfill,O:GILD210618C00070000,70.0,2021-06-18,2021-05-27,0.3,0.38,0.23,0.25,430,49,0.3,,monthly_30d_25d_otm,weekly_1_strike0,42,686
GILD,2021-05-07,2021-06-04,backfill,O:GILD210618C00070000,70.0,2021-06-18,2021-05-28,0.25,0.37,0.22,0.24,512,51,0.25,,monthly_30d_25d_otm,weekly_1_strike0,42,686
GILD,2021-05-07,2021-06-04,backfill,O:GILD210618C00070000,70.0,2021-06-18,2021-06-01,0.24,0.28,0.13,0.17,2403,50,0.24,,monthly_30d_25d_otm,weekly_1_strike0,42,686
GILD,2021-05-07,2021-06-04,backfill,O:GILD210618C00070000,70.0,2021-06-18,2021-06-02,0.21,0.22,0.17,0.18,127,23,0.21,,monthly_30d_25d_otm,weekly_1_strike0,42,686
GILD,2021-05-07,2021-06-04,backfill,O:GILD210618C00070000,70.0,2021-06-18,2021-06-03,0.16,0.24,0.16,0.21,636,33,0.16,,monthly_30d_25d_otm,weekly_1_strike0,42,686
GILD,2021-05-07,2021-06-04,backfill,O:GILD210618C00070000,70.0,2021-06-18,2021-06-04,0.2,0.32,0.17,0.28,1128,72,0.2,,monthly_30d_25d_otm,weekly_1_strike0,42,686
GILD,2023-11-02,2023-11-13,backfill,O:GILD231215C00080000,80.0,2023-12-15,2023-11-02,2.37,3.45,2.37,3.4,79,20,2.37,,monthly_30d_atm,weekly_2_strike0,43,79
GILD,2023-11-02,2023-11-13,backfill,O:GILD231215C00080000,80.0,2023-12-15,2023-11-03,4.0,4.34,3.77,3.78,98,25,4.0,,monthly_30d_atm,weekly_2_strike0,43,79
GILD,2023-11-02,2023-11-13,backfill,O:GILD231215C00080000,80.0,2023-12-15,2023-11-06,3.65,3.65,3.1,3.16,57,11,3.65,,monthly_30d_atm,weekly_2_strike0,43,79
GILD,2023-11-02,2023-11-13,backfill,O:GILD231215C00080000,80.0,2023-12-15,2023-11-07,3.25,3.3,2.77,2.87,108,38,3.25,,monthly_30d_atm,weekly_2_strike0,43,79
GILD,2023-11-02,2023-11-13,backfill,O:GILD231215C00080000,80.0,2023-12-15,2023-11-08,1.12,1.38,0.47,1.1,691,93,1.12,,monthly_30d_atm,weekly_2_strike0,43,79
GILD,2023-11-02,2023-11-13,backfill,O:GILD231215C00080000,80.0,2023-12-15,2023-11-09,0.74,0.77,0.34,0.35,1240,49,0.74,,monthly_30d_atm,weekly_2_strike0,43,79
GILD,2023-11-02,2023-11-13,backfill,O:GILD231215C00080000,80.0,2023-12-15,2023-11-10,0.41,0.46,0.3,0.43,100,24,0.41,,monthly_30d_atm,weekly_2_strike0,43,79
GILD,2023-11-02,2023-11-13,backfill,O:GILD231215C00080000,80.0,2023-12-15,2023-11-13,0.44,0.44,0.24,0.26,234,24,0.44,,monthly_30d_atm,weekly_2_strike0,43,79
GILD,2024-01-17,2024-01-22,backfill,O:GILD240216C00090000,90.0,2024-02-16,2024-01-17,0.89,1.08,0.89,0.97,190,24,0.89,,monthly_30d_20d_otm,weekly_2_strike0,30,190
GILD,2024-01-17,2024-01-22,backfill,O:GILD240216C00090000,90.0,2024-02-16,2024-01-18,0.85,1.0,0.81,0.98,1006,20,0.85,,monthly_30d_20d_otm,weekly_2_strike0,30,190
GILD,2024-01-17,2024-01-22,backfill,O:GILD240216C00090000,90.0,2024-02-16,2024-01-19,0.92,1.4,0.9,1.25,690,43,0.92,,monthly_30d_20d_otm,weekly_2_strike0,30,190
GILD,2024-01-17,2024-01-22,backfill,O:GILD240216C00090000,90.0,2024-02-16,2024-01-22,1.53,1.53,0.06,0.07,711,56,1.53,,monthly_30d_20d_otm,weekly_2_strike0,30,190
GILD,2024-07-05,2024-08-01,backfill,O:GILD240816C00070000,70.0,2024-08-16,2024-07-05,1.22,1.22,0.98,0.98,146,31,1.22,,monthly_30d_35d_otm,weekly_1_strike0,42,146
GILD,2024-07-05,2024-08-01,backfill,O:GILD240816C00070000,70.0,2024-08-16,2024-07-08,1.5,1.6,1.21,1.35,293,42,1.5,,monthly_30d_35d_otm,weekly_1_strike0,42,146
GILD,2024-07-05,2024-08-01,backfill,O:GILD240816C00070000,70.0,2024-08-16,2024-07-09,1.08,1.51,1.0,1.45,1200,30,1.08,,monthly_30d_35d_otm,weekly_1_strike0,42,146
GILD,2024-07-05,2024-08-01,backfill,O:GILD240816C00070000,70.0,2024-08-16,2024-07-10,1.4,1.91,1.4,1.86,541,54,1.4,,monthly_30d_35d_otm,weekly_1_strike0,42,146
GILD,2024-07-05,2024-08-01,backfill,O:GILD240816C00070000,70.0,2024-08-16,2024-07-11,1.81,2.6,1.79,2.45,486,78,1.81,,monthly_30d_35d_otm,weekly_1_strike0,42,146
GILD,2024-07-05,2024-08-01,backfill,O:GILD240816C00070000,70.0,2024-08-16,2024-07-12,2.63,2.76,2.49,2.55,399,52,2.63,,monthly_30d_35d_otm,weekly_1_strike0,42,146
GILD,2024-07-05,2024-08-01,backfill,O:GILD240816C00070000,70.0,2024-08-16,2024-07-15,2.72,3.15,2.63,2.94,154,42,2.72,,monthly_30d_35d_otm,weekly_1_strike0,42,146
GILD,2024-07-05,2024-08-01,backfill,O:GILD240816C00070000,70.0,2024-08-16,2024-07-16,2.71,3.56,2.71,3.25,89,28,2.71,,monthly_30d_35d_otm,weekly_1_strike0,42,146
GILD,2024-07-05,2024-08-01,backfill,O:GILD240816C00070000,70.0,2024-08-16,2024-07-17,3.3,5.0,3.3,4.5,195,36,3.3,,monthly_30d_35d_otm,weekly_1_strike0,42,146
GILD,2024-07-05,2024-08-01,backfill,O:GILD240816C00070000,70.0,2024-08-16,2024-07-18,4.4,5.66,4.4,4.5,203,37,4.4,,monthly_30d_35d_otm,weekly_1_strike0,42,146
GILD,2024-07-05,2024-08-01,backfill,O:GILD240816C00070000,70.0,2024-08-16,2024-07-19,4.24,4.24,3.6,3.98,126,25,4.24,,monthly_30d_35d_otm,weekly_1_strike0,42,146
GILD,2024-07-05,2024-08-01,backfill,O:GILD240816C00070000,70.0,2024-08-16,2024-07-22,4.35,4.35,3.65,3.72,18,7,4.35,,monthly_30d_35d_otm,weekly_1_strike0,42,146
GILD,2024-07-05,2024-08-01,backfill,O:GILD240816C00070000,70.0,2024-08-16,2024-07-23,3.46,3.46,2.62,2.79,59,14,3.46,,monthly_30d_35d_otm,weekly_1_strike0,42,146
GILD,2024-07-05,2024-08-01,backfill,O:GILD240816C00070000,70.0,2024-08-16,2024-07-24,3.35,4.5,3.2,4.5,127,22,3.35,,monthly_30d_35d_otm,weekly_1_strike0,42,146
GILD,2024-07-05,2024-08-01,backfill,O:GILD240816C00070000,70.0,2024-08-16,2024-07-25,5.7,7.81,5.45,7.25,351,55,5.7,,monthly_30d_35d_otm,weekly_1_strike0,42,146
GILD,2024-07-05,2024-08-01,backfill,O:GILD240816C00070000,70.0,2024-08-16,2024-07-26,6.4,8.7,6.4,7.59,135,21,6.4,,monthly_30d_35d_otm,weekly_1_strike0,42,146
GILD,2024-07-05,2024-08-01,backfill,O:GILD240816C00070000,70.0,2024-08-16,2024-07-29,7.52,8.16,7.47,8.16,210,15,7.52,,monthly_30d_35d_otm,weekly_1_strike0,42,146
GILD,2024-07-05,2024-08-01,backfill,O:GILD240816C00070000,70.0,2024-08-16,2024-07-30,7.65,8.85,7.1,8.85,129,14,7.65,,monthly_30d_35d_otm,weekly_1_strike0,42,146
GILD,2024-07-05,2024-08-01,backfill,O:GILD240816C00070000,70.0,2024-08-16,2024-07-31,7.52,7.86,6.92,6.92,6,5,7.52,,monthly_30d_35d_otm,weekly_1_strike0,42,146
GILD,2024-07-05,2024-08-01,backfill,O:GILD240816C00070000,70.0,2024-08-16,2024-08-01,6.53,7.26,6.53,6.9,110,11,6.53,,monthly_30d_35d_otm,weekly_1_strike0,42,146
GILD,2024-10-29,2024-11-25,backfill,O:GILD241220C00090000,90.0,2024-12-20,2024-10-29,3.07,3.07,2.66,2.78,9,4,3.07,,monthly_45d_35d_otm,weekly_2_strike0,52,9
GILD,2024-10-29,2024-11-25,backfill,O:GILD241220C00090000,90.0,2024-12-20,2024-10-30,2.5,2.91,2.5,2.75,35,12,2.5,,monthly_45d_35d_otm,weekly_2_strike0,52,9
GILD,2024-10-29,2024-11-25,backfill,O:GILD241220C00090000,90.0,2024-12-20,2024-10-31,3.07,3.55,3.07,3.25,28,9,3.07,,monthly_45d_35d_otm,weekly_2_strike0,52,9
GILD,2024-10-29,2024-11-25,backfill,O:GILD241220C00090000,90.0,2024-12-20,2024-11-01,3.11,3.35,3.11,3.3,14,5,3.11,,monthly_45d_35d_otm,weekly_2_strike0,52,9
GILD,2024-10-29,2024-11-25,backfill,O:GILD241220C00090000,90.0,2024-12-20,2024-11-04,3.65,4.02,3.49,3.49,58,17,3.65,,monthly_45d_35d_otm,weekly_2_strike0,52,9
GILD,2024-10-29,2024-11-25,backfill,O:GILD241220C00090000,90.0,2024-12-20,2024-11-05,3.3,3.62,3.3,3.55,28,11,3.3,,monthly_45d_35d_otm,weekly_2_strike0,52,9
GILD,2024-10-29,2024-11-25,backfill,O:GILD241220C00090000,90.0,2024-12-20,2024-11-06,3.85,4.3,3.85,4.2,575,18,3.85,,monthly_45d_35d_otm,weekly_2_strike0,52,9
GILD,2024-10-29,2024-11-25,backfill,O:GILD241220C00090000,90.0,2024-12-20,2024-11-07,5.25,9.0,5.25,8.75,278,29,5.25,,monthly_45d_35d_otm,weekly_2_strike0,52,9
GILD,2024-10-29,2024-11-25,backfill,O:GILD241220C00090000,90.0,2024-12-20,2024-11-08,7.26,7.74,7.1,7.58,32,11,7.26,,monthly_45d_35d_otm,weekly_2_strike0,52,9
GILD,2024-10-29,2024-11-25,backfill,O:GILD241220C00090000,90.0,2024-12-20,2024-11-11,6.85,9.4,6.85,8.4,51,10,6.85,,monthly_45d_35d_otm,weekly_2_strike0,52,9
GILD,2024-10-29,2024-11-25,backfill,O:GILD241220C00090000,90.0,2024-12-20,2024-11-12,7.35,7.35,5.52,5.59,28,7,7.35,,monthly_45d_35d_otm,weekly_2_strike0,52,9
GILD,2024-10-29,2024-11-25,backfill,O:GILD241220C00090000,90.0,2024-12-20,2024-11-13,4.55,4.55,3.95,4.2,65,17,4.55,,monthly_45d_35d_otm,weekly_2_strike0,52,9
GILD,2024-10-29,2024-11-25,backfill,O:GILD241220C00090000,90.0,2024-12-20,2024-11-14,3.42,3.95,3.42,3.95,176,26,3.42,,monthly_45d_35d_otm,weekly_2_strike0,52,9
GILD,2024-10-29,2024-11-25,backfill,O:GILD241220C00090000,90.0,2024-12-20,2024-11-15,3.55,3.55,1.85,1.85,538,50,3.55,,monthly_45d_35d_otm,weekly_2_strike0,52,9
GILD,2024-10-29,2024-11-25,backfill,O:GILD241220C00090000,90.0,2024-12-20,2024-11-18,1.65,1.9,1.6,1.83,80,18,1.65,,monthly_45d_35d_otm,weekly_2_strike0,52,9
GILD,2024-10-29,2024-11-25,backfill,O:GILD241220C00090000,90.0,2024-12-20,2024-11-19,1.2,1.73,0.95,1.44,224,14,1.2,,monthly_45d_35d_otm,weekly_2_strike0,52,9
GILD,2024-10-29,2024-11-25,backfill,O:GILD241220C00090000,90.0,2024-12-20,2024-11-20,1.55,1.87,1.55,1.7,122,13,1.55,,monthly_45d_35d_otm,weekly_2_strike0,52,9
GILD,2024-10-29,2024-11-25,backfill,O:GILD241220C00090000,90.0,2024-12-20,2024-11-21,1.5,2.26,1.5,2.25,199,20,1.5,,monthly_45d_35d_otm,weekly_2_strike0,52,9
GILD,2024-10-29,2024-11-25,backfill,O:GILD241220C00090000,90.0,2024-12-20,2024-11-22,2.25,2.49,2.12,2.4,82,10,2.25,,monthly_45d_35d_otm,weekly_2_strike0,52,9
GILD,2024-10-29,2024-11-25,backfill,O:GILD241220C00090000,90.0,2024-12-20,2024-11-25,2.41,2.93,1.92,2.09,248,31,2.41,,monthly_45d_35d_otm,weekly_2_strike0,52,9
GILD,2026-02-12,2026-03-12,backfill,O:GILD260320C00160000,160.0,2026-03-20,2026-02-12,3.3,3.8,1.97,2.37,89,17,3.3,,monthly_30d_35d_otm,weekly_2_strike2,36,89
GILD,2026-02-12,2026-03-12,backfill,O:GILD260320C00160000,160.0,2026-03-20,2026-02-13,3.35,4.0,3.25,3.25,63,21,3.35,,monthly_30d_35d_otm,weekly_2_strike2,36,89
GILD,2026-02-12,2026-03-12,backfill,O:GILD260320C00160000,160.0,2026-03-20,2026-02-17,3.05,3.2,2.43,3.07,31,19,3.05,,monthly_30d_35d_otm,weekly_2_strike2,36,89
GILD,2026-02-12,2026-03-12,backfill,O:GILD260320C00160000,160.0,2026-03-20,2026-02-18,2.11,2.23,1.72,1.92,25,14,2.11,,monthly_30d_35d_otm,weekly_2_strike2,36,89
GILD,2026-02-12,2026-03-12,backfill,O:GILD260320C00160000,160.0,2026-03-20,2026-02-19,1.74,1.74,1.59,1.59,37,7,1.74,,monthly_30d_35d_otm,weekly_2_strike2,36,89
GILD,2026-02-12,2026-03-12,backfill,O:GILD260320C00160000,160.0,2026-03-20,2026-02-20,1.72,1.72,1.44,1.45,351,24,1.72,,monthly_30d_35d_otm,weekly_2_strike2,36,89
GILD,2026-02-12,2026-03-12,backfill,O:GILD260320C00160000,160.0,2026-03-20,2026-02-23,1.34,1.35,1.05,1.14,70,18,1.34,,monthly_30d_35d_otm,weekly_2_strike2,36,89
GILD,2026-02-12,2026-03-12,backfill,O:GILD260320C00160000,160.0,2026-03-20,2026-02-24,1.05,1.05,0.6,0.6,84,19,1.05,,monthly_30d_35d_otm,weekly_2_strike2,36,89
GILD,2026-02-12,2026-03-12,backfill,O:GILD260320C00160000,160.0,2026-03-20,2026-02-25,0.52,0.7,0.49,0.49,806,7,0.52,,monthly_30d_35d_otm,weekly_2_strike2,36,89
GILD,2026-02-12,2026-03-12,backfill,O:GILD260320C00160000,160.0,2026-03-20,2026-02-26,0.45,0.45,0.2,0.2,35,10,0.45,,monthly_30d_35d_otm,weekly_2_strike2,36,89
GILD,2026-02-12,2026-03-12,backfill,O:GILD260320C00160000,160.0,2026-03-20,2026-02-27,0.28,0.77,0.28,0.65,32,15,0.28,,monthly_30d_35d_otm,weekly_2_strike2,36,89
GILD,2026-02-12,2026-03-12,backfill,O:GILD260320C00160000,160.0,2026-03-20,2026-03-02,0.7,0.75,0.6,0.75,11,5,0.7,,monthly_30d_35d_otm,weekly_2_strike2,36,89
GILD,2026-02-12,2026-03-12,backfill,O:GILD260320C00160000,160.0,2026-03-20,2026-03-03,0.38,0.49,0.38,0.41,131,5,0.38,,monthly_30d_35d_otm,weekly_2_strike2,36,89
GILD,2026-02-12,2026-03-12,backfill,O:GILD260320C00160000,160.0,2026-03-20,2026-03-04,0.28,0.36,0.26,0.3,106,7,0.28,,monthly_30d_35d_otm,weekly_2_strike2,36,89
GILD,2026-02-12,2026-03-12,backfill,O:GILD260320C00160000,160.0,2026-03-20,2026-03-05,0.15,0.17,0.12,0.13,27,10,0.15,,monthly_30d_35d_otm,weekly_2_strike2,36,89
GILD,2026-02-12,2026-03-12,backfill,O:GILD260320C00160000,160.0,2026-03-20,2026-03-06,0.16,0.16,0.05,0.08,44,5,0.16,,monthly_30d_35d_otm,weekly_2_strike2,36,89
GILD,2026-02-12,2026-03-12,backfill,O:GILD260320C00160000,160.0,2026-03-20,2026-03-09,0.08,0.08,0.07,0.08,30,4,0.08,,monthly_30d_35d_otm,weekly_2_strike2,36,89
GILD,2026-02-12,2026-03-12,backfill,O:GILD260320C00160000,160.0,2026-03-20,2026-03-10,0.05,0.17,0.05,0.14,6,5,0.05,,monthly_30d_35d_otm,weekly_2_strike2,36,89
GILD,2026-02-12,2026-03-12,backfill,O:GILD260320C00160000,160.0,2026-03-20,2026-03-11,0.12,0.13,0.12,0.12,13,4,0.12,,monthly_30d_35d_otm,weekly_2_strike2,36,89
GILD,2026-02-12,2026-03-12,backfill,O:GILD260320C00160000,160.0,2026-03-20,2026-03-12,0.1,0.1,0.05,0.05,11,2,0.1,,monthly_30d_35d_otm,weekly_2_strike2,36,89
GLD,2025-02-12,2025-03-12,backfill,O:GLD250321C00275000,275.0,2025-03-21,2025-02-12,2.67,3.08,2.55,2.77,1625,78,2.67,,monthly_30d_25d_otm,weekly_2_strike3,37,1625
GLD,2025-02-12,2025-03-12,backfill,O:GLD250321C00275000,275.0,2025-03-21,2025-02-13,2.96,3.63,2.88,3.6,11283,129,2.96,,monthly_30d_25d_otm,weekly_2_strike3,37,1625
GLD,2025-02-12,2025-03-12,backfill,O:GLD250321C00275000,275.0,2025-03-21,2025-02-14,3.45,3.45,1.94,2.02,843,138,3.45,,monthly_30d_25d_otm,weekly_2_strike3,37,1625
GLD,2025-02-12,2025-03-12,backfill,O:GLD250321C00275000,275.0,2025-03-21,2025-02-18,3.0,3.7,2.76,3.7,2053,178,3.0,,monthly_30d_25d_otm,weekly_2_strike3,37,1625
GLD,2025-02-12,2025-03-12,backfill,O:GLD250321C00275000,275.0,2025-03-21,2025-02-19,3.49,3.65,2.67,3.35,3368,128,3.49,,monthly_30d_25d_otm,weekly_2_strike3,37,1625
GLD,2025-02-12,2025-03-12,backfill,O:GLD250321C00275000,275.0,2025-03-21,2025-02-20,2.93,3.55,2.93,3.2,587,82,2.93,,monthly_30d_25d_otm,weekly_2_strike3,37,1625
GLD,2025-02-12,2025-03-12,backfill,O:GLD250321C00275000,275.0,2025-03-21,2025-02-21,3.1,3.35,2.65,3.05,664,78,3.1,,monthly_30d_25d_otm,weekly_2_strike3,37,1625
GLD,2025-02-12,2025-03-12,backfill,O:GLD250321C00275000,275.0,2025-03-21,2025-02-24,3.31,3.55,2.92,3.5,912,135,3.31,,monthly_30d_25d_otm,weekly_2_strike3,37,1625
GLD,2025-02-12,2025-03-12,backfill,O:GLD250321C00275000,275.0,2025-03-21,2025-02-25,3.05,3.15,1.69,2.18,1802,152,3.05,,monthly_30d_25d_otm,weekly_2_strike3,37,1625
GLD,2025-02-12,2025-03-12,backfill,O:GLD250321C00275000,275.0,2025-03-21,2025-02-26,1.64,2.1,1.51,2.01,2199,86,1.64,,monthly_30d_25d_otm,weekly_2_strike3,37,1625
GLD,2025-02-12,2025-03-12,backfill,O:GLD250321C00275000,275.0,2025-03-21,2025-02-27,1.33,1.37,0.89,0.98,1778,141,1.33,,monthly_30d_25d_otm,weekly_2_strike3,37,1625
GLD,2025-02-12,2025-03-12,backfill,O:GLD250321C00275000,275.0,2025-03-21,2025-02-28,0.74,0.74,0.48,0.62,1437,125,0.74,,monthly_30d_25d_otm,weekly_2_strike3,37,1625
GLD,2025-02-12,2025-03-12,backfill,O:GLD250321C00275000,275.0,2025-03-21,2025-03-03,1.03,1.16,0.79,1.16,1233,102,1.03,,monthly_30d_25d_otm,weekly_2_strike3,37,1625
GLD,2025-02-12,2025-03-12,backfill,O:GLD250321C00275000,275.0,2025-03-21,2025-03-04,1.7,1.78,1.41,1.75,2846,85,1.7,,monthly_30d_25d_otm,weekly_2_strike3,37,1625
GLD,2025-02-12,2025-03-12,backfill,O:GLD250321C00275000,275.0,2025-03-21,2025-03-05,1.3,2.03,1.3,1.77,251,46,1.3,,monthly_30d_25d_otm,weekly_2_strike3,37,1625
GLD,2025-02-12,2025-03-12,backfill,O:GLD250321C00275000,275.0,2025-03-21,2025-03-06,1.27,1.67,1.24,1.25,237,39,1.27,,monthly_30d_25d_otm,weekly_2_strike3,37,1625
GLD,2025-02-12,2025-03-12,backfill,O:GLD250321C00275000,275.0,2025-03-21,2025-03-07,1.33,1.66,0.87,0.87,2356,94,1.33,,monthly_30d_25d_otm,weekly_2_strike3,37,1625
GLD,2025-02-12,2025-03-12,backfill,O:GLD250321C00275000,275.0,2025-03-21,2025-03-10,0.75,0.85,0.44,0.5,1018,69,0.75,,monthly_30d_25d_otm,weekly_2_strike3,37,1625
GLD,2025-02-12,2025-03-12,backfill,O:GLD250321C00275000,275.0,2025-03-21,2025-03-11,0.81,1.06,0.76,0.95,3554,86,0.81,,monthly_30d_25d_otm,weekly_2_strike3,37,1625
GLD,2025-02-12,2025-03-12,backfill,O:GLD250321C00275000,275.0,2025-03-21,2025-03-12,0.67,1.31,0.67,0.97,2910,117,0.67,,monthly_30d_25d_otm,weekly_2_strike3,37,1625
GLD,2026-02-23,2026-03-20,backfill,O:GLD260320C00515000,515.0,2026-03-20,2026-02-23,4.95,7.3,4.95,7.2,1499,119,4.95,,monthly_30d_30d_otm,weekly_2_strike0,25,1499
GLD,2026-02-23,2026-03-20,backfill,O:GLD260320C00515000,515.0,2026-03-20,2026-02-24,2.41,5.3,2.41,5.0,1002,69,2.41,,monthly_30d_30d_otm,weekly_2_strike0,25,1499
GLD,2026-02-23,2026-03-20,backfill,O:GLD260320C00515000,515.0,2026-03-20,2026-02-25,4.41,4.7,3.7,3.7,750,29,4.41,,monthly_30d_30d_otm,weekly_2_strike0,25,1499
GLD,2026-02-23,2026-03-20,backfill,O:GLD260320C00515000,515.0,2026-03-20,2026-02-26,3.41,3.75,2.84,3.5,212,54,3.41,,monthly_30d_30d_otm,weekly_2_strike0,25,1499
GLD,2026-02-23,2026-03-20,backfill,O:GLD260320C00515000,515.0,2026-03-20,2026-02-27,4.55,5.16,4.09,4.82,344,64,4.55,,monthly_30d_30d_otm,weekly_2_strike0,25,1499
GLD,2026-02-23,2026-03-20,backfill,O:GLD260320C00515000,515.0,2026-03-20,2026-03-02,6.5,7.1,4.8,6.17,3546,110,6.5,,monthly_30d_30d_otm,weekly_2_strike0,25,1499
GLD,2026-02-23,2026-03-20,backfill,O:GLD260320C00515000,515.0,2026-03-20,2026-03-03,2.79,3.49,2.27,3.2,448,70,2.79,,monthly_30d_30d_otm,weekly_2_strike0,25,1499
GLD,2026-02-23,2026-03-20,backfill,O:GLD260320C00515000,515.0,2026-03-20,2026-03-04,3.53,3.54,2.66,2.66,98,39,3.53,,monthly_30d_30d_otm,weekly_2_strike0,25,1499
GLD,2026-02-23,2026-03-20,backfill,O:GLD260320C00515000,515.0,2026-03-20,2026-03-05,2.24,2.24,1.5,1.6,328,42,2.24,,monthly_30d_30d_otm,weekly_2_strike0,25,1499
GLD,2026-02-23,2026-03-20,backfill,O:GLD260320C00515000,515.0,2026-03-20,2026-03-06,1.77,2.47,1.42,1.79,145,36,1.77,,monthly_30d_30d_otm,weekly_2_strike0,25,1499
GLD,2026-02-23,2026-03-20,backfill,O:GLD260320C00515000,515.0,2026-03-20,2026-03-09,1.29,1.4,0.96,1.3,192,44,1.29,,monthly_30d_30d_otm,weekly_2_strike0,25,1499
GLD,2026-02-23,2026-03-20,backfill,O:GLD260320C00515000,515.0,2026-03-20,2026-03-10,1.56,1.6,1.09,1.15,228,49,1.56,,monthly_30d_30d_otm,weekly_2_strike0,25,1499
GLD,2026-02-23,2026-03-20,backfill,O:GLD260320C00515000,515.0,2026-03-20,2026-03-11,0.68,0.75,0.55,0.55,496,38,0.68,,monthly_30d_30d_otm,weekly_2_strike0,25,1499
GLD,2026-02-23,2026-03-20,backfill,O:GLD260320C00515000,515.0,2026-03-20,2026-03-12,0.39,0.47,0.12,0.19,694,54,0.39,,monthly_30d_30d_otm,weekly_2_strike0,25,1499
GLD,2026-02-23,2026-03-20,backfill,O:GLD260320C00515000,515.0,2026-03-20,2026-03-13,0.38,0.38,0.05,0.05,480,42,0.38,,monthly_30d_30d_otm,weekly_2_strike0,25,1499
GLD,2026-02-23,2026-03-20,backfill,O:GLD260320C00515000,515.0,2026-03-20,2026-03-16,0.1,0.17,0.01,0.01,124,31,0.1,,monthly_30d_30d_otm,weekly_2_strike0,25,1499
GLD,2026-02-23,2026-03-20,backfill,O:GLD260320C00515000,515.0,2026-03-20,2026-03-17,0.05,0.07,0.02,0.05,7,5,0.05,,monthly_30d_30d_otm,weekly_2_strike0,25,1499
GLD,2026-02-23,2026-03-20,backfill,O:GLD260320C00515000,515.0,2026-03-20,2026-03-18,0.06,0.12,0.02,0.07,227,12,0.06,,monthly_30d_30d_otm,weekly_2_strike0,25,1499
GLD,2026-02-23,2026-03-20,backfill,O:GLD260320C00515000,515.0,2026-03-20,2026-03-19,1.78,1.78,0.01,0.02,434,19,1.78,,monthly_30d_30d_otm,weekly_2_strike0,25,1499
GLD,2026-02-23,2026-03-20,backfill,O:GLD260320C00515000,515.0,2026-03-20,2026-03-20,0.02,0.06,0.01,0.01,50,12,0.02,,monthly_30d_30d_otm,weekly_2_strike0,25,1499
GME,2021-01-21,2021-02-18,backfill,O:GME210219C00049000,49.0,2021-02-19,2021-01-21,4.15,5.7,4.0,5.65,34,12,4.15,,monthly_30d_35d_otm,weekly_2_strike0,29,34
GME,2021-01-21,2021-02-18,backfill,O:GME210219C00049000,49.0,2021-02-19,2021-01-22,5.7,31.79,5.7,24.35,352,86,5.7,,monthly_30d_35d_otm,weekly_2_strike0,29,34
GME,2021-01-21,2021-02-18,backfill,O:GME210219C00049000,49.0,2021-02-19,2021-01-25,45.58,83.45,34.89,38.77,40,15,45.58,,monthly_30d_35d_otm,weekly_2_strike0,29,34
GME,2021-01-21,2021-02-18,backfill,O:GME210219C00049000,49.0,2021-02-19,2021-01-26,46.25,100.7,45.25,100.7,155,14,46.25,,monthly_30d_35d_otm,weekly_2_strike0,29,34
GME,2021-01-21,2021-02-18,backfill,O:GME210219C00049000,49.0,2021-02-19,2021-01-27,245.5,306.32,245.5,291.62,57,12,245.5,,monthly_30d_35d_otm,weekly_2_strike0,29,34
GME,2021-01-21,2021-02-18,backfill,O:GME210219C00049000,49.0,2021-02-19,2021-01-28,231.45,231.45,178.65,190.3,18,7,231.45,,monthly_30d_35d_otm,weekly_2_strike0,29,34
GME,2021-01-21,2021-02-18,backfill,O:GME210219C00049000,49.0,2021-02-19,2021-01-29,289.7,289.7,220.4,220.4,5,4,289.7,,monthly_30d_35d_otm,weekly_2_strike0,29,34
GME,2021-01-21,2021-02-18,backfill,O:GME210219C00049000,49.0,2021-02-19,2021-02-01,242.85,242.85,190.35,190.35,9,2,242.85,,monthly_30d_35d_otm,weekly_2_strike0,29,34
GME,2021-01-21,2021-02-18,backfill,O:GME210219C00049000,49.0,2021-02-19,2021-02-02,99.3,105.0,53.07,54.5,20,8,99.3,,monthly_30d_35d_otm,weekly_2_strike0,29,34
GME,2021-01-21,2021-02-18,backfill,O:GME210219C00049000,49.0,2021-02-19,2021-02-03,60.03,62.0,60.03,62.0,3,2,60.03,,monthly_30d_35d_otm,weekly_2_strike0,29,34
GME,2021-01-21,2021-02-18,backfill,O:GME210219C00049000,49.0,2021-02-19,2021-02-04,35.0,35.0,18.6,18.8,15,11,35.0,,monthly_30d_35d_otm,weekly_2_strike0,29,34
GME,2021-01-21,2021-02-18,backfill,O:GME210219C00049000,49.0,2021-02-19,2021-02-05,33.05,33.05,20.4,23.0,42,7,33.05,,monthly_30d_35d_otm,weekly_2_strike0,29,34
GME,2021-01-21,2021-02-18,backfill,O:GME210219C00049000,49.0,2021-02-19,2021-02-08,30.58,30.58,16.6,16.81,14,6,30.58,,monthly_30d_35d_otm,weekly_2_strike0,29,34
GME,2021-01-21,2021-02-18,backfill,O:GME210219C00049000,49.0,2021-02-19,2021-02-09,13.2,13.2,8.31,9.13,333,63,13.2,,monthly_30d_35d_otm,weekly_2_strike0,29,34
GME,2021-01-21,2021-02-18,backfill,O:GME210219C00049000,49.0,2021-02-19,2021-02-10,8.35,17.0,6.7,9.2,257,48,8.35,,monthly_30d_35d_otm,weekly_2_strike0,29,34
GME,2021-01-21,2021-02-18,backfill,O:GME210219C00049000,49.0,2021-02-19,2021-02-11,8.17,11.25,5.6,7.2,278,61,8.17,,monthly_30d_35d_otm,weekly_2_strike0,29,34
GME,2021-01-21,2021-02-18,backfill,O:GME210219C00049000,49.0,2021-02-19,2021-02-12,6.8,9.23,5.41,6.55,329,57,6.8,,monthly_30d_35d_otm,weekly_2_strike0,29,34
GME,2021-01-21,2021-02-18,backfill,O:GME210219C00049000,49.0,2021-02-19,2021-02-16,5.53,6.6,3.0,3.49,650,96,5.53,,monthly_30d_35d_otm,weekly_2_strike0,29,34
GME,2021-01-21,2021-02-18,backfill,O:GME210219C00049000,49.0,2021-02-19,2021-02-17,3.2,3.75,1.28,1.79,1199,143,3.2,,monthly_30d_35d_otm,weekly_2_strike0,29,34
GME,2021-01-21,2021-02-18,backfill,O:GME210219C00049000,49.0,2021-02-19,2021-02-18,2.55,3.5,0.39,0.47,3175,221,2.55,,monthly_30d_35d_otm,weekly_2_strike0,29,34
GME,2021-03-09,2021-04-06,backfill,O:GME210416C00320000,320.0,2021-04-16,2021-03-09,70.91,78.82,68.6,74.68,138,20,70.91,,monthly_30d_35d_otm,weekly_2_strike5,38,138
GME,2021-03-09,2021-04-06,backfill,O:GME210416C00320000,320.0,2021-04-16,2021-03-10,92.73,152.9,53.25,103.0,210,53,92.73,,monthly_30d_35d_otm,weekly_2_strike5,38,138
GME,2021-03-09,2021-04-06,backfill,O:GME210416C00320000,320.0,2021-04-16,2021-03-11,88.25,100.35,81.48,92.0,20,9,88.25,,monthly_30d_35d_otm,weekly_2_strike5,38,138
GME,2021-03-09,2021-04-06,backfill,O:GME210416C00320000,320.0,2021-04-16,2021-03-12,106.0,112.5,85.75,85.75,129,15,106.0,,monthly_30d_35d_otm,weekly_2_strike5,38,138
GME,2021-03-09,2021-04-06,backfill,O:GME210416C00320000,320.0,2021-04-16,2021-03-15,92.4,92.4,54.7,54.7,96,27,92.4,,monthly_30d_35d_otm,weekly_2_strike5,38,138
GME,2021-03-09,2021-04-06,backfill,O:GME210416C00320000,320.0,2021-04-16,2021-03-16,49.0,56.8,35.4,50.5,68,24,49.0,,monthly_30d_35d_otm,weekly_2_strike5,38,138
GME,2021-03-09,2021-04-06,backfill,O:GME210416C00320000,320.0,2021-04-16,2021-03-17,55.17,56.95,43.0,44.25,40,17,55.17,,monthly_30d_35d_otm,weekly_2_strike5,38,138
GME,2021-03-09,2021-04-06,backfill,O:GME210416C00320000,320.0,2021-04-16,2021-03-18,40.0,42.4,33.91,34.85,20,11,40.0,,monthly_30d_35d_otm,weekly_2_strike5,38,138
GME,2021-03-09,2021-04-06,backfill,O:GME210416C00320000,320.0,2021-04-16,2021-03-19,30.0,41.4,28.05,35.25,35,12,30.0,,monthly_30d_35d_otm,weekly_2_strike5,38,138
GME,2021-03-09,2021-04-06,backfill,O:GME210416C00320000,320.0,2021-04-16,2021-03-22,30.0,30.5,25.5,25.79,16,12,30.0,,monthly_30d_35d_otm,weekly_2_strike5,38,138
GME,2021-03-09,2021-04-06,backfill,O:GME210416C00320000,320.0,2021-04-16,2021-03-23,23.5,25.0,22.85,24.15,54,15,23.5,,monthly_30d_35d_otm,weekly_2_strike5,38,138
GME,2021-03-09,2021-04-06,backfill,O:GME210416C00320000,320.0,2021-04-16,2021-03-24,14.75,14.75,5.2,5.51,86,30,14.75,,monthly_30d_35d_otm,weekly_2_strike5,38,138
GME,2021-03-09,2021-04-06,backfill,O:GME210416C00320000,320.0,2021-04-16,2021-03-25,5.7,20.3,5.3,20.3,80,27,5.7,,monthly_30d_35d_otm,weekly_2_strike5,38,138
GME,2021-03-09,2021-04-06,backfill,O:GME210416C00320000,320.0,2021-04-16,2021-03-26,21.9,32.8,13.3,14.95,36,18,21.9,,monthly_30d_35d_otm,weekly_2_strike5,38,138
GME,2021-03-09,2021-04-06,backfill,O:GME210416C00320000,320.0,2021-04-16,2021-03-29,16.11,17.61,12.2,12.9,58,15,16.11,,monthly_30d_35d_otm,weekly_2_strike5,38,138
GME,2021-03-09,2021-04-06,backfill,O:GME210416C00320000,320.0,2021-04-16,2021-03-30,13.45,16.07,11.8,11.9,88,26,13.45,,monthly_30d_35d_otm,weekly_2_strike5,38,138
GME,2021-03-09,2021-04-06,backfill,O:GME210416C00320000,320.0,2021-04-16,2021-03-31,12.0,12.18,8.0,8.19,58,27,12.0,,monthly_30d_35d_otm,weekly_2_strike5,38,138
GME,2021-03-09,2021-04-06,backfill,O:GME210416C00320000,320.0,2021-04-16,2021-04-01,7.65,7.65,4.65,5.49,66,21,7.65,,monthly_30d_35d_otm,weekly_2_strike5,38,138
GME,2021-03-09,2021-04-06,backfill,O:GME210416C00320000,320.0,2021-04-16,2021-04-05,3.68,4.85,3.4,3.85,50,21,3.68,,monthly_30d_35d_otm,weekly_2_strike5,38,138
GME,2021-03-09,2021-04-06,backfill,O:GME210416C00320000,320.0,2021-04-16,2021-04-06,3.65,3.65,2.4,2.43,102,26,3.65,,monthly_30d_35d_otm,weekly_2_strike5,38,138
GME,2022-04-04,2022-05-02,backfill,O:GME220617C00200000,200.0,2022-06-17,2022-04-04,26.45,26.45,20.15,24.82,229,47,26.45,,monthly_60d_40d_otm,weekly_3_strike1,74,229
GME,2022-04-04,2022-05-02,backfill,O:GME220617C00200000,200.0,2022-06-17,2022-04-05,23.13,23.13,16.0,16.5,288,59,23.13,,monthly_60d_40d_otm,weekly_3_strike1,74,229
GME,2022-04-04,2022-05-02,backfill,O:GME220617C00200000,200.0,2022-06-17,2022-04-06,14.8,19.0,14.8,17.5,523,28,14.8,,monthly_60d_40d_otm,weekly_3_strike1,74,229
GME,2022-04-04,2022-05-02,backfill,O:GME220617C00200000,200.0,2022-06-17,2022-04-07,17.25,17.25,12.0,14.82,218,45,17.25,,monthly_60d_40d_otm,weekly_3_strike1,74,229
GME,2022-04-04,2022-05-02,backfill,O:GME220617C00200000,200.0,2022-06-17,2022-04-08,12.5,14.15,12.35,12.95,63,31,12.5,,monthly_60d_40d_otm,weekly_3_strike1,74,229
GME,2022-04-04,2022-05-02,backfill,O:GME220617C00200000,200.0,2022-06-17,2022-04-11,11.55,13.2,11.26,12.6,136,36,11.55,,monthly_60d_40d_otm,weekly_3_strike1,74,229
GME,2022-04-04,2022-05-02,backfill,O:GME220617C00200000,200.0,2022-06-17,2022-04-12,13.0,13.9,10.83,11.5,89,28,13.0,,monthly_60d_40d_otm,weekly_3_strike1,74,229
GME,2022-04-04,2022-05-02,backfill,O:GME220617C00200000,200.0,2022-06-17,2022-04-13,11.35,12.1,11.0,11.76,113,40,11.35,,monthly_60d_40d_otm,weekly_3_strike1,74,229
GME,2022-04-04,2022-05-02,backfill,O:GME220617C00200000,200.0,2022-06-17,2022-04-14,11.0,13.01,10.75,11.4,134,39,11.0,,monthly_60d_40d_otm,weekly_3_strike1,74,229
GME,2022-04-04,2022-05-02,backfill,O:GME220617C00200000,200.0,2022-06-17,2022-04-18,10.72,10.72,7.8,8.62,159,39,10.72,,monthly_60d_40d_otm,weekly_3_strike1,74,229
GME,2022-04-04,2022-05-02,backfill,O:GME220617C00200000,200.0,2022-06-17,2022-04-19,9.0,11.1,8.4,11.1,179,55,9.0,,monthly_60d_40d_otm,weekly_3_strike1,74,229
GME,2022-04-04,2022-05-02,backfill,O:GME220617C00200000,200.0,2022-06-17,2022-04-20,9.7,10.41,9.45,9.45,224,34,9.7,,monthly_60d_40d_otm,weekly_3_strike1,74,229
GME,2022-04-04,2022-05-02,backfill,O:GME220617C00200000,200.0,2022-06-17,2022-04-21,10.2,10.2,7.2,7.49,447,45,10.2,,monthly_60d_40d_otm,weekly_3_strike1,74,229
GME,2022-04-04,2022-05-02,backfill,O:GME220617C00200000,200.0,2022-06-17,2022-04-22,7.8,7.8,6.5,6.92,130,37,7.8,,monthly_60d_40d_otm,weekly_3_strike1,74,229
GME,2022-04-04,2022-05-02,backfill,O:GME220617C00200000,200.0,2022-06-17,2022-04-25,6.6,6.86,5.99,6.0,83,40,6.6,,monthly_60d_40d_otm,weekly_3_strike1,74,229
GME,2022-04-04,2022-05-02,backfill,O:GME220617C00200000,200.0,2022-06-17,2022-04-26,5.95,5.96,4.82,5.0,107,33,5.95,,monthly_60d_40d_otm,weekly_3_strike1,74,229
GME,2022-04-04,2022-05-02,backfill,O:GME220617C00200000,200.0,2022-06-17,2022-04-27,5.25,5.55,4.6,4.75,144,38,5.25,,monthly_60d_40d_otm,weekly_3_strike1,74,229
GME,2022-04-04,2022-05-02,backfill,O:GME220617C00200000,200.0,2022-06-17,2022-04-28,5.1,5.1,3.86,4.6,166,54,5.1,,monthly_60d_40d_otm,weekly_3_strike1,74,229
GME,2022-04-04,2022-05-02,backfill,O:GME220617C00200000,200.0,2022-06-17,2022-04-29,4.4,4.8,3.9,4.15,176,43,4.4,,monthly_60d_40d_otm,weekly_3_strike1,74,229
GME,2022-04-04,2022-05-02,backfill,O:GME220617C00200000,200.0,2022-06-17,2022-05-02,4.05,4.1,3.13,3.7,192,53,4.05,,monthly_60d_40d_otm,weekly_3_strike1,74,229
GME,2022-05-27,2022-06-27,backfill,O:GME220617C00155000,155.0,2022-06-17,2022-05-27,13.7,15.0,8.75,11.75,130,38,13.7,,monthly_30d_40d_otm,weekly_1_strike0,21,130
GME,2022-05-27,2022-06-27,backfill,O:GME220617C00155000,155.0,2022-06-17,2022-05-31,12.68,12.68,6.2,6.95,77,28,12.68,,monthly_30d_40d_otm,weekly_1_strike0,21,130
GME,2022-05-27,2022-06-27,backfill,O:GME220617C00155000,155.0,2022-06-17,2022-06-01,5.97,7.55,4.15,4.33,62,30,5.97,,monthly_30d_40d_otm,weekly_1_strike0,21,130
GME,2022-05-27,2022-06-27,backfill,O:GME220617C00155000,155.0,2022-06-17,2022-06-02,3.25,6.55,2.54,5.35,354,70,3.25,,monthly_30d_40d_otm,weekly_1_strike0,21,130
GME,2022-05-27,2022-06-27,backfill,O:GME220617C00155000,155.0,2022-06-17,2022-06-03,4.0,6.0,2.64,4.3,271,55,4.0,,monthly_30d_40d_otm,weekly_1_strike0,21,130
GME,2022-05-27,2022-06-27,backfill,O:GME220617C00155000,155.0,2022-06-17,2022-06-06,4.25,4.65,2.4,2.64,194,39,4.25,,monthly_30d_40d_otm,weekly_1_strike0,21,130
GME,2022-05-27,2022-06-27,backfill,O:GME220617C00155000,155.0,2022-06-17,2022-06-07,2.5,9.4,2.46,7.5,900,105,2.5,,monthly_30d_40d_otm,weekly_1_strike0,21,130
GME,2022-05-27,2022-06-27,backfill,O:GME220617C00155000,155.0,2022-06-17,2022-06-08,7.65,10.75,3.8,4.7,402,120,7.65,,monthly_30d_40d_otm,weekly_1_strike0,21,130
GME,2022-05-27,2022-06-27,backfill,O:GME220617C00155000,155.0,2022-06-17,2022-06-09,4.55,4.8,2.15,2.41,193,79,4.55,,monthly_30d_40d_otm,weekly_1_strike0,21,130
GME,2022-05-27,2022-06-27,backfill,O:GME220617C00155000,155.0,2022-06-17,2022-06-10,2.1,3.15,1.56,1.73,327,88,2.1,,monthly_30d_40d_otm,weekly_1_strike0,21,130
GME,2022-05-27,2022-06-27,backfill,O:GME220617C00155000,155.0,2022-06-17,2022-06-13,1.07,1.55,0.85,0.95,545,85,1.07,,monthly_30d_40d_otm,weekly_1_strike0,21,130
GME,2022-05-27,2022-06-27,backfill,O:GME220617C00155000,155.0,2022-06-17,2022-06-14,0.42,1.43,0.42,1.08,944,102,0.42,,monthly_30d_40d_otm,weekly_1_strike0,21,130
GME,2022-05-27,2022-06-27,backfill,O:GME220617C00155000,155.0,2022-06-17,2022-06-15,1.0,1.49,0.44,0.45,285,104,1.0,,monthly_30d_40d_otm,weekly_1_strike0,21,130
GME,2022-05-27,2022-06-27,backfill,O:GME220617C00155000,155.0,2022-06-17,2022-06-16,0.39,0.5,0.11,0.15,196,60,0.39,,monthly_30d_40d_otm,weekly_1_strike0,21,130
GME,2022-05-27,2022-06-27,backfill,O:GME220617C00155000,155.0,2022-06-17,2022-06-17,0.18,0.22,0.01,0.04,608,67,0.18,,monthly_30d_40d_otm,weekly_1_strike0,21,130
GME,2022-07-14,2022-08-10,backfill,O:GME220819C00170000,170.0,2022-08-19,2022-07-14,8.05,12.52,7.42,7.5,186,59,8.05,,monthly_30d_20d_otm,weekly_2_strike0,36,186
GME,2022-07-14,2022-08-10,backfill,O:GME220819C00170000,170.0,2022-08-19,2022-07-15,7.73,9.4,6.69,8.84,154,54,7.73,,monthly_30d_20d_otm,weekly_2_strike0,36,186
GME,2022-07-14,2022-08-10,backfill,O:GME220819C00170000,170.0,2022-08-19,2022-07-18,10.88,12.19,10.0,11.25,195,53,10.88,,monthly_30d_20d_otm,weekly_2_strike0,36,186
GME,2022-07-14,2022-08-10,backfill,O:GME220819C00170000,170.0,2022-08-19,2022-07-19,12.78,14.8,8.6,10.72,470,61,12.78,,monthly_30d_20d_otm,weekly_2_strike0,36,186
GME,2022-07-14,2022-08-10,backfill,O:GME220819C00170000,170.0,2022-08-19,2022-07-20,12.45,14.75,11.45,12.7,161,52,12.45,,monthly_30d_20d_otm,weekly_2_strike0,36,186
GME,2022-07-14,2022-08-10,backfill,O:GME220819C00170000,170.0,2022-08-19,2022-07-21,11.8,12.2,7.9,9.67,273,51,11.8,,monthly_30d_20d_otm,weekly_2_strike0,36,186
GME,2023-05-17,2023-06-14,backfill,O:GME230616C00024000,24.0,2023-06-16,2023-05-17,1.14,1.7,1.1,1.53,997,53,1.14,,monthly_30d_25d_otm,weekly_2_strike0,30,997
GME,2023-05-17,2023-06-14,backfill,O:GME230616C00024000,24.0,2023-06-16,2023-05-18,1.57,1.78,1.49,1.51,241,36,1.57,,monthly_30d_25d_otm,weekly_2_strike0,30,997
GME,2023-05-17,2023-06-14,backfill,O:GME230616C00024000,24.0,2023-06-16,2023-05-19,1.46,1.58,1.04,1.11,231,32,1.46,,monthly_30d_25d_otm,weekly_2_strike0,30,997
GME,2023-05-17,2023-06-14,backfill,O:GME230616C00024000,24.0,2023-06-16,2023-05-22,1.04,2.22,1.04,2.16,1162,91,1.04,,monthly_30d_25d_otm,weekly_2_strike0,30,997
GME,2023-05-17,2023-06-14,backfill,O:GME230616C00024000,24.0,2023-06-16,2023-05-23,2.08,2.08,1.44,1.61,780,42,2.08,,monthly_30d_25d_otm,weekly_2_strike0,30,997
GME,2023-05-17,2023-06-14,backfill,O:GME230616C00024000,24.0,2023-06-16,2023-05-24,1.6,1.78,1.42,1.55,3406,49,1.6,,monthly_30d_25d_otm,weekly_2_strike0,30,997
GME,2023-05-17,2023-06-14,backfill,O:GME230616C00024000,24.0,2023-06-16,2023-05-25,1.67,1.77,1.35,1.58,1077,38,1.67,,monthly_30d_25d_otm,weekly_2_strike0,30,997
GME,2023-05-17,2023-06-14,backfill,O:GME230616C00024000,24.0,2023-06-16,2023-05-26,1.55,1.75,1.48,1.56,1341,47,1.55,,monthly_30d_25d_otm,weekly_2_strike0,30,997
GME,2023-05-17,2023-06-14,backfill,O:GME230616C00024000,24.0,2023-06-16,2023-05-30,1.85,2.28,1.6,2.16,907,98,1.85,,monthly_30d_25d_otm,weekly_2_strike0,30,997
GME,2023-05-17,2023-06-14,backfill,O:GME230616C00024000,24.0,2023-06-16,2023-05-31,1.79,2.32,1.79,1.95,422,68,1.79,,monthly_30d_25d_otm,weekly_2_strike0,30,997
GME,2023-05-17,2023-06-14,backfill,O:GME230616C00024000,24.0,2023-06-16,2023-06-01,1.95,2.26,1.87,1.99,598,68,1.95,,monthly_30d_25d_otm,weekly_2_strike0,30,997
GME,2023-05-17,2023-06-14,backfill,O:GME230616C00024000,24.0,2023-06-16,2023-06-02,2.4,2.4,2.04,2.27,398,56,2.4,,monthly_30d_25d_otm,weekly_2_strike0,30,997
GME,2023-05-17,2023-06-14,backfill,O:GME230616C00024000,24.0,2023-06-16,2023-06-05,2.43,3.15,2.14,2.28,354,78,2.43,,monthly_30d_25d_otm,weekly_2_strike0,30,997
GME,2023-05-17,2023-06-14,backfill,O:GME230616C00024000,24.0,2023-06-16,2023-06-06,2.2,2.76,2.2,2.57,319,52,2.2,,monthly_30d_25d_otm,weekly_2_strike0,30,997
GME,2023-05-17,2023-06-14,backfill,O:GME230616C00024000,24.0,2023-06-16,2023-06-07,3.35,3.65,2.68,3.59,484,102,3.35,,monthly_30d_25d_otm,weekly_2_strike0,30,997
GME,2023-05-17,2023-06-14,backfill,O:GME230616C00024000,24.0,2023-06-16,2023-06-08,0.34,0.7,0.27,0.47,5054,176,0.34,,monthly_30d_25d_otm,weekly_2_strike0,30,997
GME,2023-05-17,2023-06-14,backfill,O:GME230616C00024000,24.0,2023-06-16,2023-06-09,0.47,1.04,0.42,0.58,5896,216,0.47,,monthly_30d_25d_otm,weekly_2_strike0,30,997
GME,2023-05-17,2023-06-14,backfill,O:GME230616C00024000,24.0,2023-06-16,2023-06-12,0.53,0.96,0.5,0.86,7485,300,0.53,,monthly_30d_25d_otm,weekly_2_strike0,30,997
GME,2023-05-17,2023-06-14,backfill,O:GME230616C00024000,24.0,2023-06-16,2023-06-13,2.45,3.61,1.26,2.99,3478,207,2.45,,monthly_30d_25d_otm,weekly_2_strike0,30,997
GME,2023-05-17,2023-06-14,backfill,O:GME230616C00024000,24.0,2023-06-16,2023-06-14,2.74,3.0,1.25,1.92,709,75,2.74,,monthly_30d_25d_otm,weekly_2_strike0,30,997
GME,2026-02-04,2026-03-04,backfill,O:GME260320C00027000,27.0,2026-03-20,2026-02-04,1.2,1.47,1.1,1.38,653,36,1.2,,monthly_30d_30d_otm,weekly_2_strike0,44,653
GME,2026-02-04,2026-03-04,backfill,O:GME260320C00027000,27.0,2026-03-20,2026-02-05,1.32,1.61,1.17,1.22,204,40,1.32,,monthly_30d_30d_otm,weekly_2_strike0,44,653
GME,2026-02-04,2026-03-04,backfill,O:GME260320C00027000,27.0,2026-03-20,2026-02-06,1.33,1.5,1.0,1.19,218,40,1.33,,monthly_30d_30d_otm,weekly_2_strike0,44,653
GME,2026-02-04,2026-03-04,backfill,O:GME260320C00027000,27.0,2026-03-20,2026-02-09,1.15,1.15,0.9,0.98,165,30,1.15,,monthly_30d_30d_otm,weekly_2_strike0,44,653
GME,2026-02-04,2026-03-04,backfill,O:GME260320C00027000,27.0,2026-03-20,2026-02-10,0.99,1.2,0.82,1.06,380,46,0.99,,monthly_30d_30d_otm,weekly_2_strike0,44,653
GME,2026-02-04,2026-03-04,backfill,O:GME260320C00027000,27.0,2026-03-20,2026-02-11,0.92,0.96,0.77,0.78,166,40,0.92,,monthly_30d_30d_otm,weekly_2_strike0,44,653
GME,2026-02-04,2026-03-04,backfill,O:GME260320C00027000,27.0,2026-03-20,2026-02-12,0.77,0.79,0.64,0.72,254,39,0.77,,monthly_30d_30d_otm,weekly_2_strike0,44,653
GME,2026-02-04,2026-03-04,backfill,O:GME260320C00027000,27.0,2026-03-20,2026-02-13,0.75,0.8,0.62,0.68,239,31,0.75,,monthly_30d_30d_otm,weekly_2_strike0,44,653
GME,2026-02-04,2026-03-04,backfill,O:GME260320C00027000,27.0,2026-03-20,2026-02-17,0.65,0.65,0.4,0.4,292,45,0.65,,monthly_30d_30d_otm,weekly_2_strike0,44,653
GME,2026-02-04,2026-03-04,backfill,O:GME260320C00027000,27.0,2026-03-20,2026-02-18,0.39,0.59,0.37,0.55,787,71,0.39,,monthly_30d_30d_otm,weekly_2_strike0,44,653
GME,2026-02-04,2026-03-04,backfill,O:GME260320C00027000,27.0,2026-03-20,2026-02-19,0.5,0.56,0.45,0.48,1583,40,0.5,,monthly_30d_30d_otm,weekly_2_strike0,44,653
GME,2026-02-04,2026-03-04,backfill,O:GME260320C00027000,27.0,2026-03-20,2026-02-20,0.44,0.51,0.38,0.39,264,42,0.44,,monthly_30d_30d_otm,weekly_2_strike0,44,653
GME,2026-02-04,2026-03-04,backfill,O:GME260320C00027000,27.0,2026-03-20,2026-02-23,0.35,0.47,0.26,0.44,387,65,0.35,,monthly_30d_30d_otm,weekly_2_strike0,44,653
GME,2026-02-04,2026-03-04,backfill,O:GME260320C00027000,27.0,2026-03-20,2026-02-24,0.38,0.51,0.37,0.38,433,64,0.38,,monthly_30d_30d_otm,weekly_2_strike0,44,653
GME,2026-02-04,2026-03-04,backfill,O:GME260320C00027000,27.0,2026-03-20,2026-02-25,0.4,0.42,0.33,0.41,172,46,0.4,,monthly_30d_30d_otm,weekly_2_strike0,44,653
GME,2026-02-04,2026-03-04,backfill,O:GME260320C00027000,27.0,2026-03-20,2026-02-26,0.43,0.43,0.32,0.38,215,38,0.43,,monthly_30d_30d_otm,weekly_2_strike0,44,653
GME,2026-02-04,2026-03-04,backfill,O:GME260320C00027000,27.0,2026-03-20,2026-02-27,0.35,0.38,0.31,0.32,924,45,0.35,,monthly_30d_30d_otm,weekly_2_strike0,44,653
GME,2026-02-04,2026-03-04,backfill,O:GME260320C00027000,27.0,2026-03-20,2026-03-02,0.29,0.32,0.25,0.29,672,66,0.29,,monthly_30d_30d_otm,weekly_2_strike0,44,653
GME,2026-02-04,2026-03-04,backfill,O:GME260320C00027000,27.0,2026-03-20,2026-03-03,0.28,0.28,0.22,0.24,1421,48,0.28,,monthly_30d_30d_otm,weekly_2_strike0,44,653
GME,2026-02-04,2026-03-04,backfill,O:GME260320C00027000,27.0,2026-03-20,2026-03-04,0.24,0.29,0.2,0.2,355,36,0.24,,monthly_30d_30d_otm,weekly_2_strike0,44,653
GME,2026-03-12,2026-04-02,backfill,O:GME260417C00025000,25.0,2026-04-17,2026-03-12,1.28,1.5,1.25,1.41,2347,161,1.28,,monthly_30d_35d_otm,weekly_2_strike0,36,2347
GME,2026-03-12,2026-04-02,backfill,O:GME260417C00025000,25.0,2026-04-17,2026-03-13,1.33,1.5,0.97,0.97,3432,227,1.33,,monthly_30d_35d_otm,weekly_2_strike0,36,2347
GME,2026-03-12,2026-04-02,backfill,O:GME260417C00025000,25.0,2026-04-17,2026-03-16,0.98,1.04,0.77,0.79,4032,168,0.98,,monthly_30d_35d_otm,weekly_2_strike0,36,2347
GME,2026-03-12,2026-04-02,backfill,O:GME260417C00025000,25.0,2026-04-17,2026-03-17,0.78,0.95,0.76,0.82,2248,130,0.78,,monthly_30d_35d_otm,weekly_2_strike0,36,2347
GME,2026-03-12,2026-04-02,backfill,O:GME260417C00025000,25.0,2026-04-17,2026-03-18,0.86,0.86,0.71,0.75,3081,135,0.86,,monthly_30d_35d_otm,weekly_2_strike0,36,2347
GME,2026-03-12,2026-04-02,backfill,O:GME260417C00025000,25.0,2026-04-17,2026-03-19,0.64,0.77,0.56,0.74,5071,151,0.64,,monthly_30d_35d_otm,weekly_2_strike0,36,2347
GME,2026-03-12,2026-04-02,backfill,O:GME260417C00025000,25.0,2026-04-17,2026-03-20,0.71,0.71,0.55,0.57,3241,165,0.71,,monthly_30d_35d_otm,weekly_2_strike0,36,2347
GME,2026-03-12,2026-04-02,backfill,O:GME260417C00025000,25.0,2026-04-17,2026-03-23,0.57,0.68,0.54,0.64,7615,182,0.57,,monthly_30d_35d_otm,weekly_2_strike0,36,2347
GME,2026-03-12,2026-04-02,backfill,O:GME260417C00025000,25.0,2026-04-17,2026-03-24,0.6,0.69,0.5,0.57,17025,212,0.6,,monthly_30d_35d_otm,weekly_2_strike0,36,2347
GME,2026-03-12,2026-04-02,backfill,O:GME260417C00025000,25.0,2026-04-17,2026-03-25,0.48,0.5,0.3,0.36,8703,224,0.48,,monthly_30d_35d_otm,weekly_2_strike0,36,2347
GME,2026-03-12,2026-04-02,backfill,O:GME260417C00025000,25.0,2026-04-17,2026-03-26,0.35,0.38,0.26,0.3,3429,154,0.35,,monthly_30d_35d_otm,weekly_2_strike0,36,2347
GME,2026-03-12,2026-04-02,backfill,O:GME260417C00025000,25.0,2026-04-17,2026-03-27,0.28,0.31,0.2,0.21,2720,166,0.28,,monthly_30d_35d_otm,weekly_2_strike0,36,2347
GME,2026-03-12,2026-04-02,backfill,O:GME260417C00025000,25.0,2026-04-17,2026-03-30,0.24,0.26,0.17,0.2,4641,130,0.24,,monthly_30d_35d_otm,weekly_2_strike0,36,2347
GME,2026-03-12,2026-04-02,backfill,O:GME260417C00025000,25.0,2026-04-17,2026-03-31,0.2,0.24,0.14,0.21,2757,168,0.2,,monthly_30d_35d_otm,weekly_2_strike0,36,2347
GME,2026-03-12,2026-04-02,backfill,O:GME260417C00025000,25.0,2026-04-17,2026-04-01,0.22,0.24,0.15,0.16,1330,142,0.22,,monthly_30d_35d_otm,weekly_2_strike0,36,2347
GME,2026-03-12,2026-04-02,backfill,O:GME260417C00025000,25.0,2026-04-17,2026-04-02,0.13,0.23,0.13,0.19,4561,176,0.13,,monthly_30d_35d_otm,weekly_2_strike0,36,2347
GOOGL,2021-02-12,2021-03-12,backfill,O:GOOGL210319C02080000,2080.0,2021-03-19,2021-02-12,72.4,75.0,69.0,75.0,49,7,72.4,,monthly_30d_atm,weekly_1_strike0,35,49
GOOGL,2021-02-12,2021-03-12,backfill,O:GOOGL210319C02080000,2080.0,2021-03-19,2021-02-16,73.0,101.1,73.0,80.9,17,10,73.0,,monthly_30d_atm,weekly_1_strike0,35,49
GOOGL,2021-02-12,2021-03-12,backfill,O:GOOGL210319C02080000,2080.0,2021-03-19,2021-02-17,76.45,86.01,73.85,86.01,17,3,76.45,,monthly_30d_atm,weekly_1_strike0,35,49
GOOGL,2021-02-12,2021-03-12,backfill,O:GOOGL210319C02080000,2080.0,2021-03-19,2021-02-18,73.4,83.0,73.0,80.95,13,8,73.4,,monthly_30d_atm,weekly_1_strike0,35,49
GOOGL,2021-02-12,2021-03-12,backfill,O:GOOGL210319C02080000,2080.0,2021-03-19,2021-02-19,73.0,73.0,60.3,60.3,11,4,73.0,,monthly_30d_atm,weekly_1_strike0,35,49
GOOGL,2021-02-12,2021-03-12,backfill,O:GOOGL210319C02080000,2080.0,2021-03-19,2021-02-22,50.0,54.7,45.99,45.99,5,5,50.0,,monthly_30d_atm,weekly_1_strike0,35,49
GOOGL,2021-02-12,2021-03-12,backfill,O:GOOGL210319C02080000,2080.0,2021-03-19,2021-02-23,33.35,43.1,31.4,32.6,15,8,33.35,,monthly_30d_atm,weekly_1_strike0,35,49
GOOGL,2021-02-12,2021-03-12,backfill,O:GOOGL210319C02080000,2080.0,2021-03-19,2021-02-24,40.0,60.0,40.0,60.0,21,9,40.0,,monthly_30d_atm,weekly_1_strike0,35,49
GOOGL,2021-02-12,2021-03-12,backfill,O:GOOGL210319C02080000,2080.0,2021-03-19,2021-02-25,50.2,55.0,36.4,41.86,26,15,50.2,,monthly_30d_atm,weekly_1_strike0,35,49
GOOGL,2021-02-12,2021-03-12,backfill,O:GOOGL210319C02080000,2080.0,2021-03-19,2021-02-26,46.21,46.4,33.0,34.8,48,18,46.21,,monthly_30d_atm,weekly_1_strike0,35,49
GOOGL,2021-02-12,2021-03-12,backfill,O:GOOGL210319C02080000,2080.0,2021-03-19,2021-03-01,37.0,45.0,33.48,42.81,73,18,37.0,,monthly_30d_atm,weekly_1_strike0,35,49
GOOGL,2021-02-12,2021-03-12,backfill,O:GOOGL210319C02080000,2080.0,2021-03-19,2021-03-02,45.0,52.1,38.9,41.0,29,22,45.0,,monthly_30d_atm,weekly_1_strike0,35,49
GOOGL,2021-02-12,2021-03-12,backfill,O:GOOGL210319C02080000,2080.0,2021-03-19,2021-03-03,31.8,32.8,21.29,22.2,42,14,31.8,,monthly_30d_atm,weekly_1_strike0,35,49
GOOGL,2021-02-12,2021-03-12,backfill,O:GOOGL210319C02080000,2080.0,2021-03-19,2021-03-04,25.49,42.82,25.49,42.82,32,13,25.49,,monthly_30d_atm,weekly_1_strike0,35,49
GOOGL,2021-02-12,2021-03-12,backfill,O:GOOGL210319C02080000,2080.0,2021-03-19,2021-03-05,41.7,59.2,35.99,59.2,60,21,41.7,,monthly_30d_atm,weekly_1_strike0,35,49
GOOGL,2021-02-12,2021-03-12,backfill,O:GOOGL210319C02080000,2080.0,2021-03-19,2021-03-08,48.0,64.8,24.5,25.0,43,24,48.0,,monthly_30d_atm,weekly_1_strike0,35,49
GOOGL,2021-02-12,2021-03-12,backfill,O:GOOGL210319C02080000,2080.0,2021-03-19,2021-03-09,33.6,33.6,23.0,23.0,47,19,33.6,,monthly_30d_atm,weekly_1_strike0,35,49
GOOGL,2021-02-12,2021-03-12,backfill,O:GOOGL210319C02080000,2080.0,2021-03-19,2021-03-10,26.8,26.8,14.86,25.3,58,17,26.8,,monthly_30d_atm,weekly_1_strike0,35,49
GOOGL,2021-02-12,2021-03-12,backfill,O:GOOGL210319C02080000,2080.0,2021-03-19,2021-03-11,29.28,52.5,29.28,50.44,89,37,29.28,,monthly_30d_atm,weekly_1_strike0,35,49
GOOGL,2021-02-12,2021-03-12,backfill,O:GOOGL210319C02080000,2080.0,2021-03-19,2021-03-12,31.36,31.8,16.0,18.8,92,38,31.36,,monthly_30d_atm,weekly_1_strike0,35,49
GOOGL,2025-07-30,2025-08-26,backfill,O:GOOGL250919C00200000,200.0,2025-09-19,2025-07-30,6.57,7.36,6.06,6.75,3404,252,6.57,,monthly_45d_35d_otm,weekly_2_strike1,51,3404
GOOGL,2025-07-30,2025-08-26,backfill,O:GOOGL250919C00200000,200.0,2025-09-19,2025-07-31,6.3,6.4,4.7,5.05,4271,249,6.3,,monthly_45d_35d_otm,weekly_2_strike1,51,3404
GOOGL,2025-07-30,2025-08-26,backfill,O:GOOGL250919C00200000,200.0,2025-09-19,2025-08-01,4.07,4.58,3.59,3.82,3207,218,4.07,,monthly_45d_35d_otm,weekly_2_strike1,51,3404
GOOGL,2025-07-30,2025-08-26,backfill,O:GOOGL250919C00200000,200.0,2025-09-19,2025-08-04,4.11,6.2,4.07,6.1,3267,259,4.11,,monthly_45d_35d_otm,weekly_2_strike1,51,3404
GOOGL,2025-07-30,2025-08-26,backfill,O:GOOGL250919C00200000,200.0,2025-09-19,2025-08-05,5.89,7.5,5.6,6.0,6609,233,5.89,,monthly_45d_35d_otm,weekly_2_strike1,51,3404
GOOGL,2025-07-30,2025-08-26,backfill,O:GOOGL250919C00200000,200.0,2025-09-19,2025-08-06,5.9,6.7,5.45,6.4,2273,199,5.9,,monthly_45d_35d_otm,weekly_2_strike1,51,3404
GOOGL,2025-07-30,2025-08-26,backfill,O:GOOGL250919C00200000,200.0,2025-09-19,2025-08-07,6.7,7.0,5.86,6.75,5204,203,6.7,,monthly_45d_35d_otm,weekly_2_strike1,51,3404
GOOGL,2025-07-30,2025-08-26,backfill,O:GOOGL250919C00200000,200.0,2025-09-19,2025-08-08,7.0,9.75,7.0,9.3,7046,258,7.0,,monthly_45d_35d_otm,weekly_2_strike1,51,3404
GOOGL,2025-07-30,2025-08-26,backfill,O:GOOGL250919C00200000,200.0,2025-09-19,2025-08-11,9.1,9.1,7.7,8.8,2131,197,9.1,,monthly_45d_35d_otm,weekly_2_strike1,51,3404
GOOGL,2025-07-30,2025-08-26,backfill,O:GOOGL250919C00200000,200.0,2025-09-19,2025-08-12,8.87,10.7,8.52,10.06,4865,217,8.87,,monthly_45d_35d_otm,weekly_2_strike1,51,3404
GOOGL,2025-07-30,2025-08-26,backfill,O:GOOGL250919C00200000,200.0,2025-09-19,2025-08-13,10.5,10.6,6.95,9.14,2889,161,10.5,,monthly_45d_35d_otm,weekly_2_strike1,51,3404
GOOGL,2025-07-30,2025-08-26,backfill,O:GOOGL250919C00200000,200.0,2025-09-19,2025-08-14,9.05,10.51,8.52,9.5,1162,156,9.05,,monthly_45d_35d_otm,weekly_2_strike1,51,3404
GOOGL,2025-07-30,2025-08-26,backfill,O:GOOGL250919C00200000,200.0,2025-09-19,2025-08-15,9.53,11.65,8.5,10.0,2183,185,9.53,,monthly_45d_35d_otm,weekly_2_strike1,51,3404
GOOGL,2025-07-30,2025-08-26,backfill,O:GOOGL250919C00200000,200.0,2025-09-19,2025-08-18,9.86,10.55,8.9,9.43,530,96,9.86,,monthly_45d_35d_otm,weekly_2_strike1,51,3404
GOOGL,2025-07-30,2025-08-26,backfill,O:GOOGL250919C00200000,200.0,2025-09-19,2025-08-19,9.24,9.24,7.25,8.15,1366,158,9.24,,monthly_45d_35d_otm,weekly_2_strike1,51,3404
GOOGL,2025-07-30,2025-08-26,backfill,O:GOOGL250919C00200000,200.0,2025-09-19,2025-08-20,7.8,7.8,5.55,6.75,2886,203,7.8,,monthly_45d_35d_otm,weekly_2_strike1,51,3404
GOOGL,2025-07-30,2025-08-26,backfill,O:GOOGL250919C00200000,200.0,2025-09-19,2025-08-21,7.13,8.2,6.8,6.85,1947,142,7.13,,monthly_45d_35d_otm,weekly_2_strike1,51,3404
GOOGL,2025-07-30,2025-08-26,backfill,O:GOOGL250919C00200000,200.0,2025-09-19,2025-08-22,8.7,12.52,7.85,10.62,3829,243,8.7,,monthly_45d_35d_otm,weekly_2_strike1,51,3404
GOOGL,2025-07-30,2025-08-26,backfill,O:GOOGL250919C00200000,200.0,2025-09-19,2025-08-25,10.75,13.85,10.15,12.55,2030,173,10.75,,monthly_45d_35d_otm,weekly_2_strike1,51,3404
GOOGL,2025-07-30,2025-08-26,backfill,O:GOOGL250919C00200000,200.0,2025-09-19,2025-08-26,11.75,11.75,10.4,11.2,1019,95,11.75,,monthly_45d_35d_otm,weekly_2_strike1,51,3404
GOOGL,2025-10-31,2025-11-28,backfill,O:GOOGL251121C00297500,297.5,2025-11-21,2025-10-31,4.35,4.35,2.52,3.33,300,42,4.35,,monthly_30d_25d_otm,weekly_1_strike0,21,300
GOOGL,2025-10-31,2025-11-28,backfill,O:GOOGL251121C00297500,297.5,2025-11-21,2025-11-03,2.8,3.7,2.69,3.1,196,37,2.8,,monthly_30d_25d_otm,weekly_1_strike0,21,300
GOOGL,2025-10-31,2025-11-28,backfill,O:GOOGL251121C00297500,297.5,2025-11-21,2025-11-04,1.8,2.24,1.53,1.53,235,30,1.8,,monthly_30d_25d_otm,weekly_1_strike0,21,300
GOOGL,2025-10-31,2025-11-28,backfill,O:GOOGL251121C00297500,297.5,2025-11-21,2025-11-05,1.73,3.18,1.66,3.07,53,30,1.73,,monthly_30d_25d_otm,weekly_1_strike0,21,300
GOOGL,2025-10-31,2025-11-28,backfill,O:GOOGL251121C00297500,297.5,2025-11-21,2025-11-06,3.45,4.11,2.49,3.45,286,49,3.45,,monthly_30d_25d_otm,weekly_1_strike0,21,300
GOOGL,2025-10-31,2025-11-28,backfill,O:GOOGL251121C00297500,297.5,2025-11-21,2025-11-07,2.49,2.5,1.33,1.56,262,41,2.49,,monthly_30d_25d_otm,weekly_1_strike0,21,300
GOOGL,2025-10-31,2025-11-28,backfill,O:GOOGL251121C00297500,297.5,2025-11-21,2025-11-10,2.18,4.1,1.92,3.7,875,80,2.18,,monthly_30d_25d_otm,weekly_1_strike0,21,300
GOOGL,2025-10-31,2025-11-28,backfill,O:GOOGL251121C00297500,297.5,2025-11-21,2025-11-11,3.05,3.75,2.77,3.42,1189,62,3.05,,monthly_30d_25d_otm,weekly_1_strike0,21,300
GOOGL,2025-10-31,2025-11-28,backfill,O:GOOGL251121C00297500,297.5,2025-11-21,2025-11-12,3.6,3.6,1.58,1.86,1868,122,3.6,,monthly_30d_25d_otm,weekly_1_strike0,21,300
GOOGL,2025-10-31,2025-11-28,backfill,O:GOOGL251121C00297500,297.5,2025-11-21,2025-11-13,1.28,1.28,0.68,0.76,2384,84,1.28,,monthly_30d_25d_otm,weekly_1_strike0,21,300
GOOGL,2025-10-31,2025-11-28,backfill,O:GOOGL251121C00297500,297.5,2025-11-21,2025-11-14,0.45,0.58,0.38,0.39,370,82,0.45,,monthly_30d_25d_otm,weekly_1_strike0,21,300
GOOGL,2025-10-31,2025-11-28,backfill,O:GOOGL251121C00297500,297.5,2025-11-21,2025-11-17,1.41,3.98,1.12,1.21,4516,281,1.41,,monthly_30d_25d_otm,weekly_1_strike0,21,300
GOOGL,2025-10-31,2025-11-28,backfill,O:GOOGL251121C00297500,297.5,2025-11-21,2025-11-18,1.73,1.87,0.49,0.96,2402,243,1.73,,monthly_30d_25d_otm,weekly_1_strike0,21,300
GOOGL,2025-10-31,2025-11-28,backfill,O:GOOGL251121C00297500,297.5,2025-11-21,2025-11-19,1.53,8.7,1.53,2.41,14294,346,1.53,,monthly_30d_25d_otm,weekly_1_strike0,21,300
GOOGL,2025-10-31,2025-11-28,backfill,O:GOOGL251121C00297500,297.5,2025-11-21,2025-11-20,7.95,9.5,0.54,0.6,8993,338,7.95,,monthly_30d_25d_otm,weekly_1_strike0,21,300
GOOGL,2025-10-31,2025-11-28,backfill,O:GOOGL251121C00297500,297.5,2025-11-21,2025-11-21,2.24,6.4,0.55,2.1,24858,369,2.24,,monthly_30d_25d_otm,weekly_1_strike0,21,300
GS,2022-07-29,2022-08-25,backfill,O:GS220819C00342500,342.5,2022-08-19,2022-07-29,3.25,4.15,3.25,3.65,43,12,3.25,,monthly_30d_30d_otm,weekly_1_strike0,21,43
GS,2022-07-29,2022-08-25,backfill,O:GS220819C00342500,342.5,2022-08-19,2022-08-01,3.03,3.25,3.03,3.25,3,3,3.03,,monthly_30d_30d_otm,weekly_1_strike0,21,43
GS,2022-07-29,2022-08-25,backfill,O:GS220819C00342500,342.5,2022-08-19,2022-08-02,2.38,2.38,2.25,2.25,22,3,2.38,,monthly_30d_30d_otm,weekly_1_strike0,21,43
GS,2022-07-29,2022-08-25,backfill,O:GS220819C00342500,342.5,2022-08-19,2022-08-03,2.66,3.2,2.34,3.17,27,8,2.66,,monthly_30d_30d_otm,weekly_1_strike0,21,43
GS,2022-07-29,2022-08-25,backfill,O:GS220819C00342500,342.5,2022-08-19,2022-08-04,3.15,3.2,2.25,2.32,10,6,3.15,,monthly_30d_30d_otm,weekly_1_strike0,21,43
GS,2022-07-29,2022-08-25,backfill,O:GS220819C00342500,342.5,2022-08-19,2022-08-05,2.15,3.7,2.02,2.7,95,25,2.15,,monthly_30d_30d_otm,weekly_1_strike0,21,43
GS,2022-07-29,2022-08-25,backfill,O:GS220819C00342500,342.5,2022-08-19,2022-08-08,4.02,4.02,2.67,2.85,26,19,4.02,,monthly_30d_30d_otm,weekly_1_strike0,21,43
GS,2022-07-29,2022-08-25,backfill,O:GS220819C00342500,342.5,2022-08-19,2022-08-09,2.81,3.6,2.73,3.05,101,18,2.81,,monthly_30d_30d_otm,weekly_1_strike0,21,43
GS,2022-07-29,2022-08-25,backfill,O:GS220819C00342500,342.5,2022-08-19,2022-08-10,5.4,9.65,5.4,8.75,136,29,5.4,,monthly_30d_30d_otm,weekly_1_strike0,21,43
GS,2022-07-29,2022-08-25,backfill,O:GS220819C00342500,342.5,2022-08-19,2022-08-11,13.5,13.5,11.33,11.91,10,6,13.5,,monthly_30d_30d_otm,weekly_1_strike0,21,43
GS,2022-07-29,2022-08-25,backfill,O:GS220819C00342500,342.5,2022-08-19,2022-08-12,12.39,12.39,10.5,11.3,17,6,12.39,,monthly_30d_30d_otm,weekly_1_strike0,21,43
GS,2022-07-29,2022-08-25,backfill,O:GS220819C00342500,342.5,2022-08-19,2022-08-15,16.45,16.45,15.3,15.3,2,2,16.45,,monthly_30d_30d_otm,weekly_1_strike0,21,43
GS,2022-07-29,2022-08-25,backfill,O:GS220819C00342500,342.5,2022-08-19,2022-08-17,9.3,9.3,9.3,9.3,1,1,9.3,,monthly_30d_30d_otm,weekly_1_strike0,21,43
GS,2022-07-29,2022-08-25,backfill,O:GS220819C00342500,342.5,2022-08-19,2022-08-18,9.05,12.28,9.05,12.28,53,3,9.05,,monthly_30d_30d_otm,weekly_1_strike0,21,43
GS,2022-07-29,2022-08-25,backfill,O:GS220819C00342500,342.5,2022-08-19,2022-08-19,7.13,7.65,5.54,5.55,22,4,7.13,,monthly_30d_30d_otm,weekly_1_strike0,21,43
GS,2023-12-15,2024-01-16,backfill,O:GS240119C00400000,400.0,2024-01-19,2023-12-15,5.5,5.75,4.11,4.5,273,25,5.5,,monthly_30d_25d_otm,weekly_1_strike0,35,273
GS,2023-12-15,2024-01-16,backfill,O:GS240119C00400000,400.0,2024-01-19,2023-12-18,4.3,4.3,2.91,2.91,436,28,4.3,,monthly_30d_25d_otm,weekly_1_strike0,35,273
GS,2023-12-15,2024-01-16,backfill,O:GS240119C00400000,400.0,2024-01-19,2023-12-19,2.94,4.7,2.94,4.44,652,53,2.94,,monthly_30d_25d_otm,weekly_1_strike0,35,273
GS,2023-12-15,2024-01-16,backfill,O:GS240119C00400000,400.0,2024-01-19,2023-12-20,4.01,5.0,3.2,3.2,151,34,4.01,,monthly_30d_25d_otm,weekly_1_strike0,35,273
GS,2023-12-15,2024-01-16,backfill,O:GS240119C00400000,400.0,2024-01-19,2023-12-21,3.85,3.85,3.22,3.7,750,25,3.85,,monthly_30d_25d_otm,weekly_1_strike0,35,273
GS,2023-12-15,2024-01-16,backfill,O:GS240119C00400000,400.0,2024-01-19,2023-12-22,4.4,4.4,3.28,3.65,693,16,4.4,,monthly_30d_25d_otm,weekly_1_strike0,35,273
GS,2023-12-15,2024-01-16,backfill,O:GS240119C00400000,400.0,2024-01-19,2023-12-26,3.3,3.7,3.3,3.55,174,25,3.3,,monthly_30d_25d_otm,weekly_1_strike0,35,273
GS,2023-12-15,2024-01-16,backfill,O:GS240119C00400000,400.0,2024-01-19,2023-12-27,3.25,4.31,3.25,3.61,633,36,3.25,,monthly_30d_25d_otm,weekly_1_strike0,35,273
GS,2023-12-15,2024-01-16,backfill,O:GS240119C00400000,400.0,2024-01-19,2023-12-28,3.9,4.68,3.7,4.2,908,43,3.9,,monthly_30d_25d_otm,weekly_1_strike0,35,273
GS,2023-12-15,2024-01-16,backfill,O:GS240119C00400000,400.0,2024-01-19,2023-12-29,3.95,3.96,3.25,3.62,647,31,3.95,,monthly_30d_25d_otm,weekly_1_strike0,35,273
GS,2023-12-15,2024-01-16,backfill,O:GS240119C00400000,400.0,2024-01-19,2024-01-02,2.87,4.5,2.87,4.18,270,40,2.87,,monthly_30d_25d_otm,weekly_1_strike0,35,273
GS,2023-12-15,2024-01-16,backfill,O:GS240119C00400000,400.0,2024-01-19,2024-01-03,10.15,10.15,1.67,2.5,163,52,10.15,,monthly_30d_25d_otm,weekly_1_strike0,35,273
GS,2023-12-15,2024-01-16,backfill,O:GS240119C00400000,400.0,2024-01-19,2024-01-04,2.6,3.67,2.57,2.68,211,31,2.6,,monthly_30d_25d_otm,weekly_1_strike0,35,273
GS,2023-12-15,2024-01-16,backfill,O:GS240119C00400000,400.0,2024-01-19,2024-01-05,2.74,4.25,2.74,3.37,287,55,2.74,,monthly_30d_25d_otm,weekly_1_strike0,35,273
GS,2023-12-15,2024-01-16,backfill,O:GS240119C00400000,400.0,2024-01-19,2024-01-08,2.85,3.6,2.18,3.55,157,49,2.85,,monthly_30d_25d_otm,weekly_1_strike0,35,273
GS,2023-12-15,2024-01-16,backfill,O:GS240119C00400000,400.0,2024-01-19,2024-01-09,2.7,2.92,1.96,2.35,3930,254,2.7,,monthly_30d_25d_otm,weekly_1_strike0,35,273
GS,2023-12-15,2024-01-16,backfill,O:GS240119C00400000,400.0,2024-01-19,2024-01-10,1.79,2.14,1.41,1.95,1083,171,1.79,,monthly_30d_25d_otm,weekly_1_strike0,35,273
GS,2023-12-15,2024-01-16,backfill,O:GS240119C00400000,400.0,2024-01-19,2024-01-11,1.6,1.6,0.8,1.21,2049,165,1.6,,monthly_30d_25d_otm,weekly_1_strike0,35,273
GS,2023-12-15,2024-01-16,backfill,O:GS240119C00400000,400.0,2024-01-19,2024-01-12,1.48,2.2,0.67,0.67,5390,244,1.48,,monthly_30d_25d_otm,weekly_1_strike0,35,273
GS,2023-12-15,2024-01-16,backfill,O:GS240119C00400000,400.0,2024-01-19,2024-01-16,0.19,0.74,0.02,0.2,3265,204,0.19,,monthly_30d_25d_otm,weekly_1_strike0,35,273
GS,2024-05-02,2024-05-30,backfill,O:GS240621C00445000,445.0,2024-06-21,2024-05-02,7.75,8.05,6.95,7.5,32,6,7.75,,monthly_30d_35d_otm,weekly_2_strike0,50,32
GS,2024-05-02,2024-05-30,backfill,O:GS240621C00445000,445.0,2024-06-21,2024-05-03,9.43,11.23,9.05,9.05,224,29,9.43,,monthly_30d_35d_otm,weekly_2_strike0,50,32
GS,2024-05-02,2024-05-30,backfill,O:GS240621C00445000,445.0,2024-06-21,2024-05-06,11.35,11.85,10.67,11.0,54,24,11.35,,monthly_30d_35d_otm,weekly_2_strike0,50,32
GS,2024-05-02,2024-05-30,backfill,O:GS240621C00445000,445.0,2024-06-21,2024-05-07,12.33,13.3,11.05,11.05,307,21,12.33,,monthly_30d_35d_otm,weekly_2_strike0,50,32
GS,2024-05-02,2024-05-30,backfill,O:GS240621C00445000,445.0,2024-06-21,2024-05-08,11.4,13.32,10.75,13.23,119,20,11.4,,monthly_30d_35d_otm,weekly_2_strike0,50,32
GS,2024-05-02,2024-05-30,backfill,O:GS240621C00445000,445.0,2024-06-21,2024-05-09,12.9,17.86,12.9,17.86,94,19,12.9,,monthly_30d_35d_otm,weekly_2_strike0,50,32
GS,2024-05-02,2024-05-30,backfill,O:GS240621C00445000,445.0,2024-06-21,2024-05-10,19.65,19.77,16.65,16.75,75,12,19.65,,monthly_30d_35d_otm,weekly_2_strike0,50,32
GS,2024-05-02,2024-05-30,backfill,O:GS240621C00445000,445.0,2024-06-21,2024-05-13,15.95,16.85,15.95,16.85,4,2,15.95,,monthly_30d_35d_otm,weekly_2_strike0,50,32
GS,2024-05-02,2024-05-30,backfill,O:GS240621C00445000,445.0,2024-06-21,2024-05-14,19.8,21.77,18.98,19.1,185,13,19.8,,monthly_30d_35d_otm,weekly_2_strike0,50,32
GS,2024-05-02,2024-05-30,backfill,O:GS240621C00445000,445.0,2024-06-21,2024-05-15,22.31,23.23,22.31,23.23,6,2,22.31,,monthly_30d_35d_otm,weekly_2_strike0,50,32
GS,2024-05-02,2024-05-30,backfill,O:GS240621C00445000,445.0,2024-06-21,2024-05-16,23.7,25.18,23.7,23.91,21,4,23.7,,monthly_30d_35d_otm,weekly_2_strike0,50,32
GS,2024-05-02,2024-05-30,backfill,O:GS240621C00445000,445.0,2024-06-21,2024-05-17,25.35,25.9,24.36,25.13,10,7,25.35,,monthly_30d_35d_otm,weekly_2_strike0,50,32
GS,2024-05-02,2024-05-30,backfill,O:GS240621C00445000,445.0,2024-06-21,2024-05-20,25.55,27.3,25.55,26.32,10,4,25.55,,monthly_30d_35d_otm,weekly_2_strike0,50,32
GS,2024-05-02,2024-05-30,backfill,O:GS240621C00445000,445.0,2024-06-21,2024-05-21,27.02,27.9,27.02,27.9,22,2,27.02,,monthly_30d_35d_otm,weekly_2_strike0,50,32
GS,2024-05-02,2024-05-30,backfill,O:GS240621C00445000,445.0,2024-06-21,2024-05-22,23.9,23.92,18.78,18.93,18,4,23.9,,monthly_30d_35d_otm,weekly_2_strike0,50,32
GS,2024-05-02,2024-05-30,backfill,O:GS240621C00445000,445.0,2024-06-21,2024-05-23,17.27,17.27,17.27,17.27,2,1,17.27,,monthly_30d_35d_otm,weekly_2_strike0,50,32
GS,2024-05-02,2024-05-30,backfill,O:GS240621C00445000,445.0,2024-06-21,2024-05-24,21.15,21.15,21.15,21.15,1,1,21.15,,monthly_30d_35d_otm,weekly_2_strike0,50,32
GS,2024-05-02,2024-05-30,backfill,O:GS240621C00445000,445.0,2024-06-21,2024-05-28,19.4,19.4,18.9,18.9,12,3,19.4,,monthly_30d_35d_otm,weekly_2_strike0,50,32
GS,2024-05-02,2024-05-30,backfill,O:GS240621C00445000,445.0,2024-06-21,2024-05-29,13.64,16.02,13.64,16.02,5,3,13.64,,monthly_30d_35d_otm,weekly_2_strike0,50,32
GS,2024-05-02,2024-05-30,backfill,O:GS240621C00445000,445.0,2024-06-21,2024-05-30,11.3,13.2,11.3,13.2,4,2,11.3,,monthly_30d_35d_otm,weekly_2_strike0,50,32
HAL,2021-10-11,2021-11-05,backfill,O:HAL211119C00026000,26.0,2021-11-19,2021-10-11,0.89,1.28,0.82,0.91,585,50,0.89,,monthly_30d_30d_otm,weekly_2_strike0,39,585
HAL,2021-10-11,2021-11-05,backfill,O:HAL211119C00026000,26.0,2021-11-19,2021-10-12,0.84,1.17,0.81,0.86,113,29,0.84,,monthly_30d_30d_otm,weekly_2_strike0,39,585
HAL,2021-10-11,2021-11-05,backfill,O:HAL211119C00026000,26.0,2021-11-19,2021-10-13,0.72,0.81,0.59,0.81,197,13,0.72,,monthly_30d_30d_otm,weekly_2_strike0,39,585
HAL,2021-10-11,2021-11-05,backfill,O:HAL211119C00026000,26.0,2021-11-19,2021-10-14,0.84,0.85,0.76,0.77,173,10,0.84,,monthly_30d_30d_otm,weekly_2_strike0,39,585
HAL,2021-10-11,2021-11-05,backfill,O:HAL211119C00026000,26.0,2021-11-19,2021-10-15,0.98,1.35,0.94,1.31,173,24,0.98,,monthly_30d_30d_otm,weekly_2_strike0,39,585
HAL,2021-10-11,2021-11-05,backfill,O:HAL211119C00026000,26.0,2021-11-19,2021-10-18,1.37,1.69,1.15,1.24,1364,79,1.37,,monthly_30d_30d_otm,weekly_2_strike0,39,585
HAL,2021-10-11,2021-11-05,backfill,O:HAL211119C00026000,26.0,2021-11-19,2021-10-19,1.27,1.5,0.8,1.18,336,35,1.27,,monthly_30d_30d_otm,weekly_2_strike0,39,585
HAL,2021-10-11,2021-11-05,backfill,O:HAL211119C00026000,26.0,2021-11-19,2021-10-20,1.17,1.38,1.09,1.36,461,27,1.17,,monthly_30d_30d_otm,weekly_2_strike0,39,585
HAL,2021-10-11,2021-11-05,backfill,O:HAL211119C00026000,26.0,2021-11-19,2021-10-21,1.24,1.24,0.76,0.79,325,31,1.24,,monthly_30d_30d_otm,weekly_2_strike0,39,585
HAL,2021-10-11,2021-11-05,backfill,O:HAL211119C00026000,26.0,2021-11-19,2021-10-22,0.81,1.06,0.81,1.03,313,30,0.81,,monthly_30d_30d_otm,weekly_2_strike0,39,585
HAL,2021-10-11,2021-11-05,backfill,O:HAL211119C00026000,26.0,2021-11-19,2021-10-25,1.37,1.45,1.12,1.2,178,19,1.37,,monthly_30d_30d_otm,weekly_2_strike0,39,585
HAL,2021-10-11,2021-11-05,backfill,O:HAL211119C00026000,26.0,2021-11-19,2021-10-26,1.27,1.3,1.15,1.15,175,18,1.27,,monthly_30d_30d_otm,weekly_2_strike0,39,585
HAL,2021-10-11,2021-11-05,backfill,O:HAL211119C00026000,26.0,2021-11-19,2021-10-27,0.87,1.15,0.63,0.63,289,27,0.87,,monthly_30d_30d_otm,weekly_2_strike0,39,585
HAL,2021-10-11,2021-11-05,backfill,O:HAL211119C00026000,26.0,2021-11-19,2021-10-28,0.58,0.78,0.56,0.78,123,12,0.58,,monthly_30d_30d_otm,weekly_2_strike0,39,585
HAL,2021-10-11,2021-11-05,backfill,O:HAL211119C00026000,26.0,2021-11-19,2021-10-29,0.75,0.75,0.5,0.52,387,23,0.75,,monthly_30d_30d_otm,weekly_2_strike0,39,585
HAL,2021-10-11,2021-11-05,backfill,O:HAL211119C00026000,26.0,2021-11-19,2021-11-01,0.72,0.77,0.64,0.69,89,21,0.72,,monthly_30d_30d_otm,weekly_2_strike0,39,585
HAL,2021-10-11,2021-11-05,backfill,O:HAL211119C00026000,26.0,2021-11-19,2021-11-02,0.61,0.68,0.57,0.59,31,10,0.61,,monthly_30d_30d_otm,weekly_2_strike0,39,585
HAL,2021-10-11,2021-11-05,backfill,O:HAL211119C00026000,26.0,2021-11-19,2021-11-03,0.42,0.56,0.35,0.35,2090,15,0.42,,monthly_30d_30d_otm,weekly_2_strike0,39,585
HAL,2021-10-11,2021-11-05,backfill,O:HAL211119C00026000,26.0,2021-11-19,2021-11-04,0.64,0.64,0.25,0.26,201,17,0.64,,monthly_30d_30d_otm,weekly_2_strike0,39,585
HAL,2021-10-11,2021-11-05,backfill,O:HAL211119C00026000,26.0,2021-11-19,2021-11-05,0.42,0.49,0.34,0.35,127,19,0.42,,monthly_30d_30d_otm,weekly_2_strike0,39,585
HCA,2024-08-05,2024-08-30,backfill,O:HCA240920C00370000,370.0,2024-09-20,2024-08-05,5.77,6.75,5.0,6.75,7,5,5.77,,monthly_30d_25d_otm,weekly_2_strike0,46,7
HCA,2024-08-05,2024-08-30,backfill,O:HCA240920C00370000,370.0,2024-09-20,2024-08-06,7.3,7.3,7.3,7.3,5,1,7.3,,monthly_30d_25d_otm,weekly_2_strike0,46,7
HCA,2024-08-05,2024-08-30,backfill,O:HCA240920C00370000,370.0,2024-09-20,2024-08-07,7.5,7.5,7.5,7.5,2,2,7.5,,monthly_30d_25d_otm,weekly_2_strike0,46,7
HCA,2024-08-05,2024-08-30,backfill,O:HCA240920C00370000,370.0,2024-09-20,2024-08-08,6.8,7.7,6.8,7.7,2,2,6.8,,monthly_30d_25d_otm,weekly_2_strike0,46,7
HCA,2024-08-05,2024-08-30,backfill,O:HCA240920C00370000,370.0,2024-09-20,2024-08-09,7.35,7.85,6.8,7.0,175,8,7.35,,monthly_30d_25d_otm,weekly_2_strike0,46,7
HCA,2024-08-05,2024-08-30,backfill,O:HCA240920C00370000,370.0,2024-09-20,2024-08-12,7.25,7.7,7.25,7.7,2,2,7.25,,monthly_30d_25d_otm,weekly_2_strike0,46,7
HCA,2024-08-05,2024-08-30,backfill,O:HCA240920C00370000,370.0,2024-09-20,2024-08-13,8.45,10.55,8.45,10.55,22,12,8.45,,monthly_30d_25d_otm,weekly_2_strike0,46,7
HCA,2024-08-05,2024-08-30,backfill,O:HCA240920C00370000,370.0,2024-09-20,2024-08-14,12.35,13.1,11.9,11.9,16,6,12.35,,monthly_30d_25d_otm,weekly_2_strike0,46,7
HCA,2024-08-05,2024-08-30,backfill,O:HCA240920C00370000,370.0,2024-09-20,2024-08-15,10.4,11.93,10.25,11.93,29,9,10.4,,monthly_30d_25d_otm,weekly_2_strike0,46,7
HCA,2024-08-05,2024-08-30,backfill,O:HCA240920C00370000,370.0,2024-09-20,2024-08-16,11.48,12.8,11.34,12.38,41,9,11.48,,monthly_30d_25d_otm,weekly_2_strike0,46,7
HCA,2024-08-05,2024-08-30,backfill,O:HCA240920C00370000,370.0,2024-09-20,2024-08-19,12.6,13.0,11.4,11.9,176,8,12.6,,monthly_30d_25d_otm,weekly_2_strike0,46,7
HCA,2024-08-05,2024-08-30,backfill,O:HCA240920C00370000,370.0,2024-09-20,2024-08-20,13.35,13.9,11.77,12.6,27,10,13.35,,monthly_30d_25d_otm,weekly_2_strike0,46,7
HCA,2024-08-05,2024-08-30,backfill,O:HCA240920C00370000,370.0,2024-09-20,2024-08-21,14.45,14.45,14.45,14.45,1,1,14.45,,monthly_30d_25d_otm,weekly_2_strike0,46,7
HCA,2024-08-05,2024-08-30,backfill,O:HCA240920C00370000,370.0,2024-09-20,2024-08-22,15.5,15.5,15.5,15.5,1,1,15.5,,monthly_30d_25d_otm,weekly_2_strike0,46,7
HCA,2024-08-05,2024-08-30,backfill,O:HCA240920C00370000,370.0,2024-09-20,2024-08-23,20.15,21.95,19.95,21.95,5,4,20.15,,monthly_30d_25d_otm,weekly_2_strike0,46,7
HCA,2024-08-05,2024-08-30,backfill,O:HCA240920C00370000,370.0,2024-09-20,2024-08-26,22.5,22.5,22.5,22.5,1,1,22.5,,monthly_30d_25d_otm,weekly_2_strike0,46,7
HCA,2024-08-05,2024-08-30,backfill,O:HCA240920C00370000,370.0,2024-09-20,2024-08-29,25.87,25.87,25.87,25.87,1,1,25.87,,monthly_30d_25d_otm,weekly_2_strike0,46,7
HCA,2025-10-02,2025-10-29,backfill,O:HCA251121C00450000,450.0,2025-11-21,2025-10-02,9.9,10.2,9.75,9.75,11,4,9.9,,monthly_30d_25d_otm,weekly_3_strike2,50,11
HCA,2025-10-02,2025-10-29,backfill,O:HCA251121C00450000,450.0,2025-11-21,2025-10-03,11.5,11.5,10.55,10.55,5,3,11.5,,monthly_30d_25d_otm,weekly_3_strike2,50,11
HCA,2025-10-02,2025-10-29,backfill,O:HCA251121C00450000,450.0,2025-11-21,2025-10-07,13.5,13.5,13.5,13.5,3,1,13.5,,monthly_30d_25d_otm,weekly_3_strike2,50,11
HCA,2025-10-02,2025-10-29,backfill,O:HCA251121C00450000,450.0,2025-11-21,2025-10-10,6.6,6.72,6.6,6.72,5,3,6.6,,monthly_30d_25d_otm,weekly_3_strike2,50,11
HCA,2025-10-02,2025-10-29,backfill,O:HCA251121C00450000,450.0,2025-11-21,2025-10-16,6.3,6.3,6.3,6.3,1,1,6.3,,monthly_30d_25d_otm,weekly_3_strike2,50,11
HCA,2025-10-02,2025-10-29,backfill,O:HCA251121C00450000,450.0,2025-11-21,2025-10-17,6.5,7.5,6.5,7.5,3,3,6.5,,monthly_30d_25d_otm,weekly_3_strike2,50,11
HCA,2025-10-02,2025-10-29,backfill,O:HCA251121C00450000,450.0,2025-11-21,2025-10-20,8.8,10.76,8.8,10.76,61,3,8.8,,monthly_30d_25d_otm,weekly_3_strike2,50,11
HCA,2025-10-02,2025-10-29,backfill,O:HCA251121C00450000,450.0,2025-11-21,2025-10-21,9.72,9.81,8.9,8.9,4,3,9.72,,monthly_30d_25d_otm,weekly_3_strike2,50,11
HCA,2025-10-02,2025-10-29,backfill,O:HCA251121C00450000,450.0,2025-11-21,2025-10-22,11.0,13.83,11.0,13.68,93,50,11.0,,monthly_30d_25d_otm,weekly_3_strike2,50,11
HCA,2025-10-02,2025-10-29,backfill,O:HCA251121C00450000,450.0,2025-11-21,2025-10-23,12.63,16.7,11.5,11.5,270,79,12.63,,monthly_30d_25d_otm,weekly_3_strike2,50,11
HCA,2025-10-02,2025-10-29,backfill,O:HCA251121C00450000,450.0,2025-11-21,2025-10-24,13.0,20.0,5.0,10.65,139,42,13.0,,monthly_30d_25d_otm,weekly_3_strike2,50,11
HCA,2025-10-02,2025-10-29,backfill,O:HCA251121C00450000,450.0,2025-11-21,2025-10-27,13.21,20.4,13.01,20.4,7,6,13.21,,monthly_30d_25d_otm,weekly_3_strike2,50,11
HCA,2025-10-02,2025-10-29,backfill,O:HCA251121C00450000,450.0,2025-11-21,2025-10-28,21.6,22.0,21.25,21.25,22,3,21.6,,monthly_30d_25d_otm,weekly_3_strike2,50,11
HCA,2025-10-02,2025-10-29,backfill,O:HCA251121C00450000,450.0,2025-11-21,2025-10-29,27.25,29.7,25.68,26.7,13,7,27.25,,monthly_30d_25d_otm,weekly_3_strike2,50,11
HCA,2025-11-07,2025-12-05,backfill,O:HCA251219C00490000,490.0,2025-12-19,2025-11-07,9.7,10.89,9.7,10.7,11,3,9.7,,monthly_30d_30d_otm,weekly_2_strike1,42,11
HCA,2025-11-07,2025-12-05,backfill,O:HCA251219C00490000,490.0,2025-12-19,2025-11-12,10.3,10.55,9.5,9.5,6,3,10.3,,monthly_30d_30d_otm,weekly_2_strike1,42,11
HCA,2025-11-07,2025-12-05,backfill,O:HCA251219C00490000,490.0,2025-12-19,2025-11-13,9.08,9.08,9.08,9.08,1,1,9.08,,monthly_30d_30d_otm,weekly_2_strike1,42,11
HCA,2025-11-07,2025-12-05,backfill,O:HCA251219C00490000,490.0,2025-12-19,2025-11-14,9.3,10.4,9.3,10.3,12,4,9.3,,monthly_30d_30d_otm,weekly_2_strike1,42,11
HCA,2025-11-07,2025-12-05,backfill,O:HCA251219C00490000,490.0,2025-12-19,2025-11-19,8.26,10.9,7.93,10.9,25,5,8.26,,monthly_30d_30d_otm,weekly_2_strike1,42,11
HCA,2025-11-07,2025-12-05,backfill,O:HCA251219C00490000,490.0,2025-12-19,2025-11-20,11.2,11.3,11.2,11.3,2,2,11.2,,monthly_30d_30d_otm,weekly_2_strike1,42,11
HCA,2025-11-07,2025-12-05,backfill,O:HCA251219C00490000,490.0,2025-12-19,2025-11-21,14.0,16.78,14.0,15.86,15,5,14.0,,monthly_30d_30d_otm,weekly_2_strike1,42,11
HCA,2025-11-07,2025-12-05,backfill,O:HCA251219C00490000,490.0,2025-12-19,2025-11-24,19.9,26.0,19.65,25.22,57,15,19.9,,monthly_30d_30d_otm,weekly_2_strike1,42,11
HCA,2025-11-07,2025-12-05,backfill,O:HCA251219C00490000,490.0,2025-12-19,2025-11-25,26.4,32.15,26.4,32.15,11,5,26.4,,monthly_30d_30d_otm,weekly_2_strike1,42,11
HCA,2025-11-07,2025-12-05,backfill,O:HCA251219C00490000,490.0,2025-12-19,2025-11-28,24.6,24.6,24.6,24.6,6,2,24.6,,monthly_30d_30d_otm,weekly_2_strike1,42,11
HCA,2025-11-07,2025-12-05,backfill,O:HCA251219C00490000,490.0,2025-12-19,2025-12-02,18.4,18.4,17.19,17.2,18,3,18.4,,monthly_30d_30d_otm,weekly_2_strike1,42,11
HCA,2025-11-07,2025-12-05,backfill,O:HCA251219C00490000,490.0,2025-12-19,2025-12-03,12.75,12.75,9.8,10.1,6,5,12.75,,monthly_30d_30d_otm,weekly_2_strike1,42,11
HCA,2025-11-07,2025-12-05,backfill,O:HCA251219C00490000,490.0,2025-12-19,2025-12-04,10.2,11.4,8.7,8.7,31,12,10.2,,monthly_30d_30d_otm,weekly_2_strike1,42,11
HCA,2025-11-07,2025-12-05,backfill,O:HCA251219C00490000,490.0,2025-12-19,2025-12-05,8.3,8.62,7.9,8.28,38,4,8.3,,monthly_30d_30d_otm,weekly_2_strike1,42,11
HD,2021-10-25,2021-11-19,backfill,O:HD211119C00380000,380.0,2021-11-19,2021-10-25,6.57,6.57,3.0,4.55,191,48,6.57,,monthly_30d_25d_otm,weekly_2_strike0,25,191
HD,2021-10-25,2021-11-19,backfill,O:HD211119C00380000,380.0,2021-11-19,2021-10-26,5.1,5.2,4.19,4.2,382,57,5.1,,monthly_30d_25d_otm,weekly_2_strike0,25,191
HD,2021-10-25,2021-11-19,backfill,O:HD211119C00380000,380.0,2021-11-19,2021-10-27,4.51,6.03,4.51,5.25,174,63,4.51,,monthly_30d_25d_otm,weekly_2_strike0,25,191
HD,2021-10-25,2021-11-19,backfill,O:HD211119C00380000,380.0,2021-11-19,2021-10-28,5.35,5.65,4.5,4.62,528,39,5.35,,monthly_30d_25d_otm,weekly_2_strike0,25,191
HD,2021-10-25,2021-11-19,backfill,O:HD211119C00380000,380.0,2021-11-19,2021-10-29,4.35,5.85,4.15,4.7,117,39,4.35,,monthly_30d_25d_otm,weekly_2_strike0,25,191
HD,2021-10-25,2021-11-19,backfill,O:HD211119C00380000,380.0,2021-11-19,2021-11-01,4.5,4.85,2.6,2.89,155,57,4.5,,monthly_30d_25d_otm,weekly_2_strike0,25,191
HD,2021-10-25,2021-11-19,backfill,O:HD211119C00380000,380.0,2021-11-19,2021-11-02,2.77,3.26,2.77,3.0,111,28,2.77,,monthly_30d_25d_otm,weekly_2_strike0,25,191
HD,2021-10-25,2021-11-19,backfill,O:HD211119C00380000,380.0,2021-11-19,2021-11-03,2.72,3.4,2.54,3.35,47,28,2.72,,monthly_30d_25d_otm,weekly_2_strike0,25,191
HD,2021-10-25,2021-11-19,backfill,O:HD211119C00380000,380.0,2021-11-19,2021-11-04,3.6,4.53,3.6,4.0,110,33,3.6,,monthly_30d_25d_otm,weekly_2_strike0,25,191
HD,2021-10-25,2021-11-19,backfill,O:HD211119C00380000,380.0,2021-11-19,2021-11-05,4.7,4.85,3.07,3.35,157,37,4.7,,monthly_30d_25d_otm,weekly_2_strike0,25,191
HD,2021-10-25,2021-11-19,backfill,O:HD211119C00380000,380.0,2021-11-19,2021-11-08,4.36,4.36,2.88,2.94,102,35,4.36,,monthly_30d_25d_otm,weekly_2_strike0,25,191
HD,2021-10-25,2021-11-19,backfill,O:HD211119C00380000,380.0,2021-11-19,2021-11-09,3.55,4.5,2.94,3.15,293,71,3.55,,monthly_30d_25d_otm,weekly_2_strike0,25,191
HD,2021-10-25,2021-11-19,backfill,O:HD211119C00380000,380.0,2021-11-19,2021-11-10,3.3,3.42,2.34,2.48,135,37,3.3,,monthly_30d_25d_otm,weekly_2_strike0,25,191
HD,2021-10-25,2021-11-19,backfill,O:HD211119C00380000,380.0,2021-11-19,2021-11-11,3.04,3.04,1.79,2.15,289,80,3.04,,monthly_30d_25d_otm,weekly_2_strike0,25,191
HD,2021-10-25,2021-11-19,backfill,O:HD211119C00380000,380.0,2021-11-19,2021-11-12,2.25,3.55,1.98,3.35,751,144,2.25,,monthly_30d_25d_otm,weekly_2_strike0,25,191
HD,2021-10-25,2021-11-19,backfill,O:HD211119C00380000,380.0,2021-11-19,2021-11-15,3.75,4.0,2.44,2.98,2447,262,3.75,,monthly_30d_25d_otm,weekly_2_strike0,25,191
HD,2021-10-25,2021-11-19,backfill,O:HD211119C00380000,380.0,2021-11-19,2021-11-16,11.0,14.55,4.0,13.15,3633,187,11.0,,monthly_30d_25d_otm,weekly_2_strike0,25,191
HD,2021-10-25,2021-11-19,backfill,O:HD211119C00380000,380.0,2021-11-19,2021-11-17,12.96,18.22,11.5,15.55,199,55,12.96,,monthly_30d_25d_otm,weekly_2_strike0,25,191
HD,2021-10-25,2021-11-19,backfill,O:HD211119C00380000,380.0,2021-11-19,2021-11-18,17.4,26.0,16.51,25.85,228,52,17.4,,monthly_30d_25d_otm,weekly_2_strike0,25,191
HD,2021-10-25,2021-11-19,backfill,O:HD211119C00380000,380.0,2021-11-19,2021-11-19,27.8,29.83,25.18,28.85,583,54,27.8,,monthly_30d_25d_otm,weekly_2_strike0,25,191
HD,2022-11-29,2022-12-27,backfill,O:HD230120C00350000,350.0,2023-01-20,2022-11-29,2.75,2.85,2.37,2.37,85,25,2.75,,monthly_45d_25d_otm,weekly_2_strike0,52,85
HD,2022-11-29,2022-12-27,backfill,O:HD230120C00350000,350.0,2023-01-20,2022-11-30,2.2,3.65,2.07,3.65,117,26,2.2,,monthly_45d_25d_otm,weekly_2_strike0,52,85
HD,2022-11-29,2022-12-27,backfill,O:HD230120C00350000,350.0,2023-01-20,2022-12-01,3.9,5.23,3.9,4.4,109,39,3.9,,monthly_45d_25d_otm,weekly_2_strike0,52,85
HD,2022-11-29,2022-12-27,backfill,O:HD230120C00350000,350.0,2023-01-20,2022-12-02,3.59,4.5,2.9,4.29,36,20,3.59,,monthly_45d_25d_otm,weekly_2_strike0,52,85
HD,2022-11-29,2022-12-27,backfill,O:HD230120C00350000,350.0,2023-01-20,2022-12-05,3.84,3.84,2.7,2.8,175,30,3.84,,monthly_45d_25d_otm,weekly_2_strike0,52,85
HD,2022-11-29,2022-12-27,backfill,O:HD230120C00350000,350.0,2023-01-20,2022-12-06,2.08,2.94,2.02,2.56,51,24,2.08,,monthly_45d_25d_otm,weekly_2_strike0,52,85
HD,2022-11-29,2022-12-27,backfill,O:HD230120C00350000,350.0,2023-01-20,2022-12-07,3.1,3.5,2.7,2.76,42,19,3.1,,monthly_45d_25d_otm,weekly_2_strike0,52,85
HD,2022-11-29,2022-12-27,backfill,O:HD230120C00350000,350.0,2023-01-20,2022-12-08,2.13,3.7,2.13,3.21,45,21,2.13,,monthly_45d_25d_otm,weekly_2_strike0,52,85
HD,2022-11-29,2022-12-27,backfill,O:HD230120C00350000,350.0,2023-01-20,2022-12-09,3.06,3.1,2.46,2.46,246,15,3.06,,monthly_45d_25d_otm,weekly_2_strike0,52,85
HD,2022-11-29,2022-12-27,backfill,O:HD230120C00350000,350.0,2023-01-20,2022-12-12,2.64,4.1,2.64,4.0,53,28,2.64,,monthly_45d_25d_otm,weekly_2_strike0,52,85
HD,2022-11-29,2022-12-27,backfill,O:HD230120C00350000,350.0,2023-01-20,2022-12-13,7.65,10.0,4.6,5.22,348,63,7.65,,monthly_45d_25d_otm,weekly_2_strike0,52,85
HD,2022-11-29,2022-12-27,backfill,O:HD230120C00350000,350.0,2023-01-20,2022-12-14,4.36,6.75,3.9,4.74,214,64,4.36,,monthly_45d_25d_otm,weekly_2_strike0,52,85
HD,2022-11-29,2022-12-27,backfill,O:HD230120C00350000,350.0,2023-01-20,2022-12-15,3.62,3.65,2.8,3.5,103,41,3.62,,monthly_45d_25d_otm,weekly_2_strike0,52,85
HD,2022-11-29,2022-12-27,backfill,O:HD230120C00350000,350.0,2023-01-20,2022-12-16,2.99,2.99,1.99,2.39,216,55,2.99,,monthly_45d_25d_otm,weekly_2_strike0,52,85
HD,2022-11-29,2022-12-27,backfill,O:HD230120C00350000,350.0,2023-01-20,2022-12-19,1.88,1.97,1.23,1.29,157,44,1.88,,monthly_45d_25d_otm,weekly_2_strike0,52,85
HD,2022-11-29,2022-12-27,backfill,O:HD230120C00350000,350.0,2023-01-20,2022-12-20,1.05,1.15,0.8,0.98,5036,35,1.05,,monthly_45d_25d_otm,weekly_2_strike0,52,85
HD,2022-11-29,2022-12-27,backfill,O:HD230120C00350000,350.0,2023-01-20,2022-12-21,1.28,1.28,0.8,0.98,208,36,1.28,,monthly_45d_25d_otm,weekly_2_strike0,52,85
HD,2022-11-29,2022-12-27,backfill,O:HD230120C00350000,350.0,2023-01-20,2022-12-22,0.89,0.92,0.64,0.91,42,25,0.89,,monthly_45d_25d_otm,weekly_2_strike0,52,85
HD,2022-11-29,2022-12-27,backfill,O:HD230120C00350000,350.0,2023-01-20,2022-12-23,0.8,0.98,0.8,0.95,78,11,0.8,,monthly_45d_25d_otm,weekly_2_strike0,52,85
HD,2022-11-29,2022-12-27,backfill,O:HD230120C00350000,350.0,2023-01-20,2022-12-27,0.84,1.1,0.84,0.9,854,19,0.84,,monthly_45d_25d_otm,weekly_2_strike0,52,85
HD,2023-01-10,2023-02-07,backfill,O:HD230217C00330000,330.0,2023-02-17,2023-01-10,6.2,7.37,5.6,7.37,89,29,6.2,,monthly_30d_25d_otm,weekly_2_strike0,38,89
HD,2023-01-10,2023-02-07,backfill,O:HD230217C00330000,330.0,2023-02-17,2023-01-11,8.0,11.5,8.0,11.45,252,69,8.0,,monthly_30d_25d_otm,weekly_2_strike0,38,89
HD,2023-01-10,2023-02-07,backfill,O:HD230217C00330000,330.0,2023-02-17,2023-01-12,12.4,12.4,10.0,11.51,218,55,12.4,,monthly_30d_25d_otm,weekly_2_strike0,38,89
HD,2023-01-10,2023-02-07,backfill,O:HD230217C00330000,330.0,2023-02-17,2023-01-13,12.0,12.3,10.35,11.31,138,32,12.0,,monthly_30d_25d_otm,weekly_2_strike0,38,89
HD,2023-01-10,2023-02-07,backfill,O:HD230217C00330000,330.0,2023-02-17,2023-01-17,11.7,13.44,8.9,8.9,112,32,11.7,,monthly_30d_25d_otm,weekly_2_strike0,38,89
HD,2023-01-10,2023-02-07,backfill,O:HD230217C00330000,330.0,2023-02-17,2023-01-18,11.45,12.5,6.7,6.7,213,42,11.45,,monthly_30d_25d_otm,weekly_2_strike0,38,89
HD,2023-01-10,2023-02-07,backfill,O:HD230217C00330000,330.0,2023-02-17,2023-01-19,5.45,5.45,2.9,2.9,370,75,5.45,,monthly_30d_25d_otm,weekly_2_strike0,38,89
HD,2023-01-10,2023-02-07,backfill,O:HD230217C00330000,330.0,2023-02-17,2023-01-20,2.8,3.29,2.2,3.29,461,58,2.8,,monthly_30d_25d_otm,weekly_2_strike0,38,89
HD,2023-01-10,2023-02-07,backfill,O:HD230217C00330000,330.0,2023-02-17,2023-01-23,2.77,3.8,2.3,3.15,200,47,2.77,,monthly_30d_25d_otm,weekly_2_strike0,38,89
HD,2023-01-10,2023-02-07,backfill,O:HD230217C00330000,330.0,2023-02-17,2023-01-24,3.11,3.65,2.49,3.65,160,29,3.11,,monthly_30d_25d_otm,weekly_2_strike0,38,89
HD,2023-01-10,2023-02-07,backfill,O:HD230217C00330000,330.0,2023-02-17,2023-01-25,3.05,3.55,2.22,3.4,135,35,3.05,,monthly_30d_25d_otm,weekly_2_strike0,38,89
HD,2023-01-10,2023-02-07,backfill,O:HD230217C00330000,330.0,2023-02-17,2023-01-26,3.6,3.75,2.05,2.05,132,52,3.6,,monthly_30d_25d_otm,weekly_2_strike0,38,89
HD,2023-01-10,2023-02-07,backfill,O:HD230217C00330000,330.0,2023-02-17,2023-01-27,1.97,3.15,1.97,2.75,136,46,1.97,,monthly_30d_25d_otm,weekly_2_strike0,38,89
HD,2023-01-10,2023-02-07,backfill,O:HD230217C00330000,330.0,2023-02-17,2023-01-30,2.81,3.1,2.25,2.32,181,46,2.81,,monthly_30d_25d_otm,weekly_2_strike0,38,89
HD,2023-01-10,2023-02-07,backfill,O:HD230217C00330000,330.0,2023-02-17,2023-01-31,2.63,5.0,2.63,5.0,249,56,2.63,,monthly_30d_25d_otm,weekly_2_strike0,38,89
HD,2023-01-10,2023-02-07,backfill,O:HD230217C00330000,330.0,2023-02-17,2023-02-01,4.85,7.6,3.0,6.3,228,51,4.85,,monthly_30d_25d_otm,weekly_2_strike0,38,89
HD,2023-01-10,2023-02-07,backfill,O:HD230217C00330000,330.0,2023-02-17,2023-02-02,8.0,14.9,8.0,13.45,288,90,8.0,,monthly_30d_25d_otm,weekly_2_strike0,38,89
HD,2023-01-10,2023-02-07,backfill,O:HD230217C00330000,330.0,2023-02-17,2023-02-03,8.6,9.31,7.4,7.4,107,39,8.6,,monthly_30d_25d_otm,weekly_2_strike0,38,89
HD,2023-01-10,2023-02-07,backfill,O:HD230217C00330000,330.0,2023-02-17,2023-02-06,6.1,7.12,5.87,6.32,222,50,6.1,,monthly_30d_25d_otm,weekly_2_strike0,38,89
HD,2023-01-10,2023-02-07,backfill,O:HD230217C00330000,330.0,2023-02-17,2023-02-07,4.24,4.75,2.91,4.0,300,63,4.24,,monthly_30d_25d_otm,weekly_2_strike0,38,89
HD,2023-08-03,2023-08-30,backfill,O:HD230915C00335000,335.0,2023-09-15,2023-08-03,7.7,8.81,7.35,8.15,47,18,7.7,,monthly_30d_30d_otm,weekly_2_strike0,43,47
HD,2023-08-03,2023-08-30,backfill,O:HD230915C00335000,335.0,2023-09-15,2023-08-04,7.03,7.3,5.8,6.34,203,27,7.03,,monthly_30d_30d_otm,weekly_2_strike0,43,47
HD,2023-08-03,2023-08-30,backfill,O:HD230915C00335000,335.0,2023-09-15,2023-08-07,6.35,7.25,6.29,6.9,62,23,6.35,,monthly_30d_30d_otm,weekly_2_strike0,43,47
HD,2023-08-03,2023-08-30,backfill,O:HD230915C00335000,335.0,2023-09-15,2023-08-08,6.05,6.84,5.35,6.5,62,20,6.05,,monthly_30d_30d_otm,weekly_2_strike0,43,47
HD,2023-08-03,2023-08-30,backfill,O:HD230915C00335000,335.0,2023-09-15,2023-08-09,6.5,7.89,6.5,6.8,82,27,6.5,,monthly_30d_30d_otm,weekly_2_strike0,43,47
HD,2023-08-03,2023-08-30,backfill,O:HD230915C00335000,335.0,2023-09-15,2023-08-10,8.35,8.6,7.12,7.12,64,17,8.35,,monthly_30d_30d_otm,weekly_2_strike0,43,47
HD,2023-08-03,2023-08-30,backfill,O:HD230915C00335000,335.0,2023-09-15,2023-08-11,6.7,7.68,6.7,7.5,41,15,6.7,,monthly_30d_30d_otm,weekly_2_strike0,43,47
HD,2023-08-03,2023-08-30,backfill,O:HD230915C00335000,335.0,2023-09-15,2023-08-14,7.79,8.75,6.12,6.75,823,169,7.79,,monthly_30d_30d_otm,weekly_2_strike0,43,47
HD,2023-08-03,2023-08-30,backfill,O:HD230915C00335000,335.0,2023-09-15,2023-08-15,6.27,9.41,4.47,6.05,686,126,6.27,,monthly_30d_30d_otm,weekly_2_strike0,43,47
HD,2023-08-03,2023-08-30,backfill,O:HD230915C00335000,335.0,2023-09-15,2023-08-16,6.0,8.5,5.95,6.1,371,77,6.0,,monthly_30d_30d_otm,weekly_2_strike0,43,47
HD,2023-08-03,2023-08-30,backfill,O:HD230915C00335000,335.0,2023-09-15,2023-08-17,7.0,7.3,3.6,3.65,423,84,7.0,,monthly_30d_30d_otm,weekly_2_strike0,43,47
HD,2023-08-03,2023-08-30,backfill,O:HD230915C00335000,335.0,2023-09-15,2023-08-18,3.59,4.05,3.2,3.2,506,46,3.59,,monthly_30d_30d_otm,weekly_2_strike0,43,47
HD,2023-08-03,2023-08-30,backfill,O:HD230915C00335000,335.0,2023-09-15,2023-08-21,3.03,3.1,1.79,1.82,164,56,3.03,,monthly_30d_30d_otm,weekly_2_strike0,43,47
HD,2023-08-03,2023-08-30,backfill,O:HD230915C00335000,335.0,2023-09-15,2023-08-22,2.04,2.35,1.51,1.84,141,39,2.04,,monthly_30d_30d_otm,weekly_2_strike0,43,47
HD,2023-08-03,2023-08-30,backfill,O:HD230915C00335000,335.0,2023-09-15,2023-08-23,1.9,2.09,1.89,2.01,33,11,1.9,,monthly_30d_30d_otm,weekly_2_strike0,43,47
HD,2023-08-03,2023-08-30,backfill,O:HD230915C00335000,335.0,2023-09-15,2023-08-24,1.91,2.6,1.22,1.26,172,35,1.91,,monthly_30d_30d_otm,weekly_2_strike0,43,47
HD,2023-08-03,2023-08-30,backfill,O:HD230915C00335000,335.0,2023-09-15,2023-08-25,1.19,1.7,0.84,0.92,196,41,1.19,,monthly_30d_30d_otm,weekly_2_strike0,43,47
HD,2023-08-03,2023-08-30,backfill,O:HD230915C00335000,335.0,2023-09-15,2023-08-28,0.99,1.61,0.99,1.29,145,44,0.99,,monthly_30d_30d_otm,weekly_2_strike0,43,47
HD,2023-08-03,2023-08-30,backfill,O:HD230915C00335000,335.0,2023-09-15,2023-08-29,1.59,1.87,1.38,1.69,165,42,1.59,,monthly_30d_30d_otm,weekly_2_strike0,43,47
HD,2023-08-03,2023-08-30,backfill,O:HD230915C00335000,335.0,2023-09-15,2023-08-30,1.95,2.89,1.95,2.66,396,101,1.95,,monthly_30d_30d_otm,weekly_2_strike0,43,47
HD,2023-12-22,2024-01-23,backfill,O:HD240119C00360000,360.0,2024-01-19,2023-12-22,2.4,3.45,2.14,2.49,55,26,2.4,,monthly_30d_25d_otm,weekly_1_strike0,28,55
HD,2023-12-22,2024-01-23,backfill,O:HD240119C00360000,360.0,2024-01-19,2023-12-26,2.55,2.63,2.33,2.48,36,17,2.55,,monthly_30d_25d_otm,weekly_1_strike0,28,55
HD,2023-12-22,2024-01-23,backfill,O:HD240119C00360000,360.0,2024-01-19,2023-12-27,2.3,2.35,1.75,1.84,60,27,2.3,,monthly_30d_25d_otm,weekly_1_strike0,28,55
HD,2023-12-22,2024-01-23,backfill,O:HD240119C00360000,360.0,2024-01-19,2023-12-28,1.52,1.6,1.27,1.56,91,29,1.52,,monthly_30d_25d_otm,weekly_1_strike0,28,55
HD,2023-12-22,2024-01-23,backfill,O:HD240119C00360000,360.0,2024-01-19,2023-12-29,1.2,1.38,0.82,1.0,94,29,1.2,,monthly_30d_25d_otm,weekly_1_strike0,28,55
HD,2023-12-22,2024-01-23,backfill,O:HD240119C00360000,360.0,2024-01-19,2024-01-02,1.16,1.23,0.69,0.82,83,25,1.16,,monthly_30d_25d_otm,weekly_1_strike0,28,55
HD,2023-12-22,2024-01-23,backfill,O:HD240119C00360000,360.0,2024-01-19,2024-01-03,0.46,0.46,0.24,0.3,101,26,0.46,,monthly_30d_25d_otm,weekly_1_strike0,28,55
HD,2023-12-22,2024-01-23,backfill,O:HD240119C00360000,360.0,2024-01-19,2024-01-04,0.39,0.65,0.25,0.25,84,16,0.39,,monthly_30d_25d_otm,weekly_1_strike0,28,55
HD,2023-12-22,2024-01-23,backfill,O:HD240119C00360000,360.0,2024-01-19,2024-01-05,0.37,0.44,0.31,0.41,36,11,0.37,,monthly_30d_25d_otm,weekly_1_strike0,28,55
HD,2023-12-22,2024-01-23,backfill,O:HD240119C00360000,360.0,2024-01-19,2024-01-08,2.61,2.61,0.36,0.64,167,37,2.61,,monthly_30d_25d_otm,weekly_1_strike0,28,55
HD,2023-12-22,2024-01-23,backfill,O:HD240119C00360000,360.0,2024-01-19,2024-01-09,0.5,0.6,0.38,0.38,60,25,0.5,,monthly_30d_25d_otm,weekly_1_strike0,28,55
HD,2023-12-22,2024-01-23,backfill,O:HD240119C00360000,360.0,2024-01-19,2024-01-10,0.99,2.5,0.84,2.5,1657,142,0.99,,monthly_30d_25d_otm,weekly_1_strike0,28,55
HD,2023-12-22,2024-01-23,backfill,O:HD240119C00360000,360.0,2024-01-19,2024-01-11,3.19,3.9,1.32,1.87,727,78,3.19,,monthly_30d_25d_otm,weekly_1_strike0,28,55
HD,2023-12-22,2024-01-23,backfill,O:HD240119C00360000,360.0,2024-01-19,2024-01-12,2.16,2.4,0.88,1.41,334,91,2.16,,monthly_30d_25d_otm,weekly_1_strike0,28,55
HD,2023-12-22,2024-01-23,backfill,O:HD240119C00360000,360.0,2024-01-19,2024-01-16,1.45,2.69,1.38,1.89,843,140,1.45,,monthly_30d_25d_otm,weekly_1_strike0,28,55
HD,2023-12-22,2024-01-23,backfill,O:HD240119C00360000,360.0,2024-01-19,2024-01-17,1.49,2.29,0.52,0.7,536,97,1.49,,monthly_30d_25d_otm,weekly_1_strike0,28,55
HD,2023-12-22,2024-01-23,backfill,O:HD240119C00360000,360.0,2024-01-19,2024-01-18,0.68,1.25,0.16,0.8,531,117,0.68,,monthly_30d_25d_otm,weekly_1_strike0,28,55
HD,2023-12-22,2024-01-23,backfill,O:HD240119C00360000,360.0,2024-01-19,2024-01-19,0.71,3.0,0.12,2.17,3682,241,0.71,,monthly_30d_25d_otm,weekly_1_strike0,28,55
HD,2025-08-26,2025-09-23,backfill,O:HD250919C00420000,420.0,2025-09-19,2025-08-26,2.46,2.7,1.79,2.25,63,26,2.46,,monthly_30d_35d_otm,weekly_2_strike0,24,63
HD,2025-08-26,2025-09-23,backfill,O:HD250919C00420000,420.0,2025-09-19,2025-08-27,2.48,3.4,2.3,2.47,286,47,2.48,,monthly_30d_35d_otm,weekly_2_strike0,24,63
HD,2025-08-26,2025-09-23,backfill,O:HD250919C00420000,420.0,2025-09-19,2025-08-28,2.1,2.15,1.5,2.15,106,33,2.1,,monthly_30d_35d_otm,weekly_2_strike0,24,63
HD,2025-08-26,2025-09-23,backfill,O:HD250919C00420000,420.0,2025-09-19,2025-08-29,2.15,2.32,1.66,1.71,119,36,2.15,,monthly_30d_35d_otm,weekly_2_strike0,24,63
HD,2025-08-26,2025-09-23,backfill,O:HD250919C00420000,420.0,2025-09-19,2025-09-02,1.28,2.1,1.25,1.32,63,21,1.28,,monthly_30d_35d_otm,weekly_2_strike0,24,63
HD,2025-08-26,2025-09-23,backfill,O:HD250919C00420000,420.0,2025-09-19,2025-09-03,1.39,1.9,1.0,1.4,124,35,1.39,,monthly_30d_35d_otm,weekly_2_strike0,24,63
HD,2025-08-26,2025-09-23,backfill,O:HD250919C00420000,420.0,2025-09-19,2025-09-04,1.96,3.35,1.96,3.07,309,83,1.96,,monthly_30d_35d_otm,weekly_2_strike0,24,63
HD,2025-08-26,2025-09-23,backfill,O:HD250919C00420000,420.0,2025-09-19,2025-09-05,4.45,6.47,3.9,5.52,514,96,4.45,,monthly_30d_35d_otm,weekly_2_strike0,24,63
HD,2025-08-26,2025-09-23,backfill,O:HD250919C00420000,420.0,2025-09-19,2025-09-08,5.55,6.15,3.85,6.15,386,62,5.55,,monthly_30d_35d_otm,weekly_2_strike0,24,63
HD,2025-08-26,2025-09-23,backfill,O:HD250919C00420000,420.0,2025-09-19,2025-09-09,4.85,5.15,2.85,3.6,272,60,4.85,,monthly_30d_35d_otm,weekly_2_strike0,24,63
HD,2025-08-26,2025-09-23,backfill,O:HD250919C00420000,420.0,2025-09-19,2025-09-10,3.45,4.15,2.4,3.1,220,36,3.45,,monthly_30d_35d_otm,weekly_2_strike0,24,63
HD,2025-08-26,2025-09-23,backfill,O:HD250919C00420000,420.0,2025-09-19,2025-09-11,4.0,8.4,3.4,7.68,711,83,4.0,,monthly_30d_35d_otm,weekly_2_strike0,24,63
HD,2025-08-26,2025-09-23,backfill,O:HD250919C00420000,420.0,2025-09-19,2025-09-12,5.15,6.75,4.5,6.55,362,82,5.15,,monthly_30d_35d_otm,weekly_2_strike0,24,63
HD,2025-08-26,2025-09-23,backfill,O:HD250919C00420000,420.0,2025-09-19,2025-09-15,5.95,6.2,3.75,6.15,268,78,5.95,,monthly_30d_35d_otm,weekly_2_strike0,24,63
HD,2025-08-26,2025-09-23,backfill,O:HD250919C00420000,420.0,2025-09-19,2025-09-16,7.13,7.3,4.9,6.35,118,39,7.13,,monthly_30d_35d_otm,weekly_2_strike0,24,63
HD,2025-08-26,2025-09-23,backfill,O:HD250919C00420000,420.0,2025-09-19,2025-09-17,6.67,8.2,2.18,2.3,574,94,6.67,,monthly_30d_35d_otm,weekly_2_strike0,24,63
HD,2025-08-26,2025-09-23,backfill,O:HD250919C00420000,420.0,2025-09-19,2025-09-18,2.27,3.25,1.05,1.23,370,84,2.27,,monthly_30d_35d_otm,weekly_2_strike0,24,63
HD,2025-08-26,2025-09-23,backfill,O:HD250919C00420000,420.0,2025-09-19,2025-09-19,0.76,1.04,0.01,0.03,854,115,0.76,,monthly_30d_35d_otm,weekly_2_strike0,24,63
HD,2026-02-12,2026-03-06,backfill,O:HD260320C00410000,410.0,2026-03-20,2026-02-12,8.05,8.1,6.14,6.56,53,23,8.05,,monthly_30d_25d_otm,weekly_2_strike0,36,53
HD,2026-02-12,2026-03-06,backfill,O:HD260320C00410000,410.0,2026-03-20,2026-02-13,5.5,7.1,5.5,6.5,39,18,5.5,,monthly_30d_25d_otm,weekly_2_strike0,36,53
HD,2026-02-12,2026-03-06,backfill,O:HD260320C00410000,410.0,2026-03-20,2026-02-17,5.72,5.74,3.96,4.61,130,13,5.72,,monthly_30d_25d_otm,weekly_2_strike0,36,53
HD,2026-02-12,2026-03-06,backfill,O:HD260320C00410000,410.0,2026-03-20,2026-02-18,3.77,3.77,3.35,3.4,5,4,3.77,,monthly_30d_25d_otm,weekly_2_strike0,36,53
HD,2026-02-12,2026-03-06,backfill,O:HD260320C00410000,410.0,2026-03-20,2026-02-19,3.6,3.6,2.69,2.88,137,37,3.6,,monthly_30d_25d_otm,weekly_2_strike0,36,53
HD,2026-02-12,2026-03-06,backfill,O:HD260320C00410000,410.0,2026-03-20,2026-02-20,3.25,3.25,2.3,2.62,49,17,3.25,,monthly_30d_25d_otm,weekly_2_strike0,36,53
HD,2026-02-12,2026-03-06,backfill,O:HD260320C00410000,410.0,2026-03-20,2026-02-23,2.62,3.0,1.26,1.88,112,45,2.62,,monthly_30d_25d_otm,weekly_2_strike0,36,53
HD,2026-02-12,2026-03-06,backfill,O:HD260320C00410000,410.0,2026-03-20,2026-02-24,2.55,3.75,1.46,1.78,105,37,2.55,,monthly_30d_25d_otm,weekly_2_strike0,36,53
HD,2026-02-12,2026-03-06,backfill,O:HD260320C00410000,410.0,2026-03-20,2026-02-25,1.1,1.13,0.47,0.6,191,30,1.1,,monthly_30d_25d_otm,weekly_2_strike0,36,53
HD,2026-02-12,2026-03-06,backfill,O:HD260320C00410000,410.0,2026-03-20,2026-02-26,0.84,0.84,0.5,0.54,30,18,0.84,,monthly_30d_25d_otm,weekly_2_strike0,36,53
HD,2026-02-12,2026-03-06,backfill,O:HD260320C00410000,410.0,2026-03-20,2026-02-27,0.5,0.7,0.45,0.62,45,14,0.5,,monthly_30d_25d_otm,weekly_2_strike0,36,53
HD,2026-02-12,2026-03-06,backfill,O:HD260320C00410000,410.0,2026-03-20,2026-03-02,0.62,0.62,0.2,0.21,77,16,0.62,,monthly_30d_25d_otm,weekly_2_strike0,36,53
HD,2026-02-12,2026-03-06,backfill,O:HD260320C00410000,410.0,2026-03-20,2026-03-03,0.2,0.2,0.13,0.13,15,3,0.2,,monthly_30d_25d_otm,weekly_2_strike0,36,53
HD,2026-02-12,2026-03-06,backfill,O:HD260320C00410000,410.0,2026-03-20,2026-03-04,0.1,0.1,0.1,0.1,2,2,0.1,,monthly_30d_25d_otm,weekly_2_strike0,36,53
HD,2026-02-12,2026-03-06,backfill,O:HD260320C00410000,410.0,2026-03-20,2026-03-05,0.15,0.15,0.02,0.08,16,6,0.15,,monthly_30d_25d_otm,weekly_2_strike0,36,53
HD,2026-02-12,2026-03-06,backfill,O:HD260320C00410000,410.0,2026-03-20,2026-03-06,0.11,0.11,0.06,0.06,13,4,0.11,,monthly_30d_25d_otm,weekly_2_strike0,36,53
HLT,2020-09-10,2020-09-24,backfill,O:HLT201016C00095000,95.0,2020-10-16,2020-09-10,3.5,3.5,2.25,2.3,22,9,3.5,,monthly_30d_25d_otm,weekly_2_strike3,36,22
HLT,2020-09-10,2020-09-24,backfill,O:HLT201016C00095000,95.0,2020-10-16,2020-09-11,1.83,1.85,1.2,1.3,29,12,1.83,,monthly_30d_25d_otm,weekly_2_strike3,36,22
HLT,2020-09-10,2020-09-24,backfill,O:HLT201016C00095000,95.0,2020-10-16,2020-09-14,1.27,3.1,1.27,3.09,100,16,1.27,,monthly_30d_25d_otm,weekly_2_strike3,36,22
HLT,2020-09-10,2020-09-24,backfill,O:HLT201016C00095000,95.0,2020-10-16,2020-09-15,3.3,3.5,2.84,2.85,83,9,3.3,,monthly_30d_25d_otm,weekly_2_strike3,36,22
HLT,2020-09-10,2020-09-24,backfill,O:HLT201016C00095000,95.0,2020-10-16,2020-09-16,2.73,3.76,2.55,3.5,51,12,2.73,,monthly_30d_25d_otm,weekly_2_strike3,36,22
HLT,2020-09-10,2020-09-24,backfill,O:HLT201016C00095000,95.0,2020-10-16,2020-09-17,2.8,3.0,2.15,2.2,64,16,2.8,,monthly_30d_25d_otm,weekly_2_strike3,36,22
HLT,2020-09-10,2020-09-24,backfill,O:HLT201016C00095000,95.0,2020-10-16,2020-09-18,2.03,2.15,1.66,1.9,137,31,2.03,,monthly_30d_25d_otm,weekly_2_strike3,36,22
HLT,2020-09-10,2020-09-24,backfill,O:HLT201016C00095000,95.0,2020-10-16,2020-09-21,1.22,1.22,0.61,0.75,28,14,1.22,,monthly_30d_25d_otm,weekly_2_strike3,36,22
HLT,2020-09-10,2020-09-24,backfill,O:HLT201016C00095000,95.0,2020-10-16,2020-09-22,0.65,0.65,0.55,0.59,71,11,0.65,,monthly_30d_25d_otm,weekly_2_strike3,36,22
HLT,2020-09-10,2020-09-24,backfill,O:HLT201016C00095000,95.0,2020-10-16,2020-09-23,0.74,0.74,0.46,0.5,63,8,0.74,,monthly_30d_25d_otm,weekly_2_strike3,36,22
HLT,2020-09-10,2020-09-24,backfill,O:HLT201016C00095000,95.0,2020-10-16,2020-09-24,0.3,0.57,0.3,0.45,100,6,0.3,,monthly_30d_25d_otm,weekly_2_strike3,36,22
HLT,2020-11-13,2020-12-11,backfill,O:HLT201218C00110000,110.0,2020-12-18,2020-11-13,2.55,3.4,2.5,3.4,212,6,2.55,,monthly_30d_35d_otm,weekly_1_strike1,35,212
HLT,2020-11-13,2020-12-11,backfill,O:HLT201218C00110000,110.0,2020-12-18,2020-11-16,4.27,5.0,3.71,3.9,604,35,4.27,,monthly_30d_35d_otm,weekly_1_strike1,35,212
HLT,2020-11-13,2020-12-11,backfill,O:HLT201218C00110000,110.0,2020-12-18,2020-11-17,2.45,2.84,2.1,2.36,45,12,2.45,,monthly_30d_35d_otm,weekly_1_strike1,35,212
HLT,2020-11-13,2020-12-11,backfill,O:HLT201218C00110000,110.0,2020-12-18,2020-11-18,2.55,2.83,2.15,2.66,567,18,2.55,,monthly_30d_35d_otm,weekly_1_strike1,35,212
HLT,2020-11-13,2020-12-11,backfill,O:HLT201218C00110000,110.0,2020-12-18,2020-11-19,1.73,1.95,1.7,1.8,29,12,1.73,,monthly_30d_35d_otm,weekly_1_strike1,35,212
HLT,2020-11-13,2020-12-11,backfill,O:HLT201218C00110000,110.0,2020-12-18,2020-11-20,1.7,1.75,1.2,1.2,670,65,1.7,,monthly_30d_35d_otm,weekly_1_strike1,35,212
HLT,2020-11-13,2020-12-11,backfill,O:HLT201218C00110000,110.0,2020-12-18,2020-11-23,1.32,2.0,1.25,1.95,184,35,1.32,,monthly_30d_35d_otm,weekly_1_strike1,35,212
HLT,2020-11-13,2020-12-11,backfill,O:HLT201218C00110000,110.0,2020-12-18,2020-11-24,2.9,4.03,2.65,3.8,260,44,2.9,,monthly_30d_35d_otm,weekly_1_strike1,35,212
HLT,2020-11-13,2020-12-11,backfill,O:HLT201218C00110000,110.0,2020-12-18,2020-11-25,2.65,2.85,2.6,2.8,178,20,2.65,,monthly_30d_35d_otm,weekly_1_strike1,35,212
HLT,2020-11-13,2020-12-11,backfill,O:HLT201218C00110000,110.0,2020-12-18,2020-11-27,1.95,2.0,1.55,1.55,164,18,1.95,,monthly_30d_35d_otm,weekly_1_strike1,35,212
HLT,2020-11-13,2020-12-11,backfill,O:HLT201218C00110000,110.0,2020-12-18,2020-11-30,1.25,1.35,1.15,1.35,27,8,1.25,,monthly_30d_35d_otm,weekly_1_strike1,35,212
HLT,2020-11-13,2020-12-11,backfill,O:HLT201218C00110000,110.0,2020-12-18,2020-12-01,1.6,1.65,1.3,1.3,31,11,1.6,,monthly_30d_35d_otm,weekly_1_strike1,35,212
HLT,2020-11-13,2020-12-11,backfill,O:HLT201218C00110000,110.0,2020-12-18,2020-12-02,1.85,2.3,1.65,2.3,282,21,1.85,,monthly_30d_35d_otm,weekly_1_strike1,35,212
HLT,2020-11-13,2020-12-11,backfill,O:HLT201218C00110000,110.0,2020-12-18,2020-12-03,3.0,4.17,2.27,3.0,297,17,3.0,,monthly_30d_35d_otm,weekly_1_strike1,35,212
HLT,2020-11-13,2020-12-11,backfill,O:HLT201218C00110000,110.0,2020-12-18,2020-12-04,3.3,4.0,3.1,3.8,39,11,3.3,,monthly_30d_35d_otm,weekly_1_strike1,35,212
HLT,2020-11-13,2020-12-11,backfill,O:HLT201218C00110000,110.0,2020-12-18,2020-12-07,2.94,3.67,2.4,2.75,42,12,2.94,,monthly_30d_35d_otm,weekly_1_strike1,35,212
HLT,2020-11-13,2020-12-11,backfill,O:HLT201218C00110000,110.0,2020-12-18,2020-12-08,2.45,3.2,2.2,2.2,39,7,2.45,,monthly_30d_35d_otm,weekly_1_strike1,35,212
HLT,2020-11-13,2020-12-11,backfill,O:HLT201218C00110000,110.0,2020-12-18,2020-12-09,2.37,2.37,0.99,1.25,48,15,2.37,,monthly_30d_35d_otm,weekly_1_strike1,35,212
HLT,2020-11-13,2020-12-11,backfill,O:HLT201218C00110000,110.0,2020-12-18,2020-12-10,0.95,1.55,0.79,1.55,328,32,0.95,,monthly_30d_35d_otm,weekly_1_strike1,35,212
HLT,2020-11-13,2020-12-11,backfill,O:HLT201218C00110000,110.0,2020-12-18,2020-12-11,1.25,1.3,0.55,0.6,142,17,1.25,,monthly_30d_35d_otm,weekly_1_strike1,35,212
HLT,2021-10-05,2021-11-01,backfill,O:HLT211119C00135000,135.0,2021-11-19,2021-10-05,9.89,10.1,8.3,8.3,27,8,9.89,,monthly_30d_slight_itm,weekly_2_strike5,45,27
HLT,2021-10-05,2021-11-01,backfill,O:HLT211119C00135000,135.0,2021-11-19,2021-10-06,8.02,8.02,7.2,7.2,7,2,8.02,,monthly_30d_slight_itm,weekly_2_strike5,45,27
HLT,2021-10-05,2021-11-01,backfill,O:HLT211119C00135000,135.0,2021-11-19,2021-10-07,9.92,10.5,9.92,10.5,3,2,9.92,,monthly_30d_slight_itm,weekly_2_strike5,45,27
HLT,2021-10-05,2021-11-01,backfill,O:HLT211119C00135000,135.0,2021-11-19,2021-10-12,12.77,12.77,12.72,12.72,17,2,12.77,,monthly_30d_slight_itm,weekly_2_strike5,45,27
HLT,2021-10-05,2021-11-01,backfill,O:HLT211119C00135000,135.0,2021-11-19,2021-10-13,11.8,11.9,9.55,9.55,13,4,11.8,,monthly_30d_slight_itm,weekly_2_strike5,45,27
HLT,2021-10-05,2021-11-01,backfill,O:HLT211119C00135000,135.0,2021-11-19,2021-10-14,9.98,9.98,9.2,9.48,25,7,9.98,,monthly_30d_slight_itm,weekly_2_strike5,45,27
HLT,2021-10-05,2021-11-01,backfill,O:HLT211119C00135000,135.0,2021-11-19,2021-10-15,12.1,12.1,11.9,11.9,4,3,12.1,,monthly_30d_slight_itm,weekly_2_strike5,45,27
HLT,2021-10-05,2021-11-01,backfill,O:HLT211119C00135000,135.0,2021-11-19,2021-10-19,10.98,10.99,9.9,9.9,18,3,10.98,,monthly_30d_slight_itm,weekly_2_strike5,45,27
HLT,2021-10-05,2021-11-01,backfill,O:HLT211119C00135000,135.0,2021-11-19,2021-10-20,8.0,8.0,7.25,7.41,5,3,8.0,,monthly_30d_slight_itm,weekly_2_strike5,45,27
HLT,2021-10-05,2021-11-01,backfill,O:HLT211119C00135000,135.0,2021-11-19,2021-10-21,7.6,8.3,7.6,8.3,25,3,7.6,,monthly_30d_slight_itm,weekly_2_strike5,45,27
HLT,2021-10-05,2021-11-01,backfill,O:HLT211119C00135000,135.0,2021-11-19,2021-10-22,9.1,9.1,8.75,8.75,20,4,9.1,,monthly_30d_slight_itm,weekly_2_strike5,45,27
HLT,2021-10-05,2021-11-01,backfill,O:HLT211119C00135000,135.0,2021-11-19,2021-10-25,8.44,9.3,8.44,9.3,5,3,8.44,,monthly_30d_slight_itm,weekly_2_strike5,45,27
HLT,2021-10-05,2021-11-01,backfill,O:HLT211119C00135000,135.0,2021-11-19,2021-10-26,11.32,11.32,10.4,10.4,6,4,11.32,,monthly_30d_slight_itm,weekly_2_strike5,45,27
HLT,2021-10-05,2021-11-01,backfill,O:HLT211119C00135000,135.0,2021-11-19,2021-10-27,8.3,14.53,8.3,13.4,9,4,8.3,,monthly_30d_slight_itm,weekly_2_strike5,45,27
HLT,2021-10-05,2021-11-01,backfill,O:HLT211119C00135000,135.0,2021-11-19,2021-10-28,11.9,11.9,11.9,11.9,1,1,11.9,,monthly_30d_slight_itm,weekly_2_strike5,45,27
HLT,2021-10-05,2021-11-01,backfill,O:HLT211119C00135000,135.0,2021-11-19,2021-10-29,11.5,11.5,11.0,11.0,5,3,11.5,,monthly_30d_slight_itm,weekly_2_strike5,45,27
HLT,2021-10-05,2021-11-01,backfill,O:HLT211119C00135000,135.0,2021-11-19,2021-11-01,9.9,10.6,9.65,10.6,8,3,9.9,,monthly_30d_slight_itm,weekly_2_strike5,45,27
HLT,2025-07-10,2025-08-06,backfill,O:HLT250815C00280000,280.0,2025-08-15,2025-07-10,6.5,8.05,5.96,7.8,38,15,6.5,,monthly_30d_35d_otm,weekly_2_strike0,36,38
HLT,2025-07-10,2025-08-06,backfill,O:HLT250815C00280000,280.0,2025-08-15,2025-07-11,7.4,8.3,7.4,8.1,54,18,7.4,,monthly_30d_35d_otm,weekly_2_strike0,36,38
HLT,2025-07-10,2025-08-06,backfill,O:HLT250815C00280000,280.0,2025-08-15,2025-07-14,8.0,8.88,8.0,8.67,38,13,8.0,,monthly_30d_35d_otm,weekly_2_strike0,36,38
HLT,2025-07-10,2025-08-06,backfill,O:HLT250815C00280000,280.0,2025-08-15,2025-07-15,6.3,7.1,6.2,6.6,49,7,6.3,,monthly_30d_35d_otm,weekly_2_strike0,36,38
HLT,2025-07-10,2025-08-06,backfill,O:HLT250815C00280000,280.0,2025-08-15,2025-07-16,6.0,6.0,5.6,5.6,2,2,6.0,,monthly_30d_35d_otm,weekly_2_strike0,36,38
HLT,2025-07-10,2025-08-06,backfill,O:HLT250815C00280000,280.0,2025-08-15,2025-07-17,5.58,5.58,4.4,5.04,23,7,5.58,,monthly_30d_35d_otm,weekly_2_strike0,36,38
HLT,2025-07-10,2025-08-06,backfill,O:HLT250815C00280000,280.0,2025-08-15,2025-07-18,4.1,4.4,3.9,4.0,165,11,4.1,,monthly_30d_35d_otm,weekly_2_strike0,36,38
HLT,2025-07-10,2025-08-06,backfill,O:HLT250815C00280000,280.0,2025-08-15,2025-07-21,4.0,4.1,4.0,4.1,10,2,4.0,,monthly_30d_35d_otm,weekly_2_strike0,36,38
HLT,2025-07-10,2025-08-06,backfill,O:HLT250815C00280000,280.0,2025-08-15,2025-07-22,4.0,5.4,3.9,5.4,50,15,4.0,,monthly_30d_35d_otm,weekly_2_strike0,36,38
HLT,2025-07-10,2025-08-06,backfill,O:HLT250815C00280000,280.0,2025-08-15,2025-07-23,2.32,2.32,0.83,1.15,14,11,2.32,,monthly_30d_35d_otm,weekly_2_strike0,36,38
HLT,2025-07-10,2025-08-06,backfill,O:HLT250815C00280000,280.0,2025-08-15,2025-07-24,1.28,1.55,1.15,1.15,51,17,1.28,,monthly_30d_35d_otm,weekly_2_strike0,36,38
HLT,2025-07-10,2025-08-06,backfill,O:HLT250815C00280000,280.0,2025-08-15,2025-07-25,1.87,2.65,1.3,2.65,8,5,1.87,,monthly_30d_35d_otm,weekly_2_strike0,36,38
HLT,2025-07-10,2025-08-06,backfill,O:HLT250815C00280000,280.0,2025-08-15,2025-07-28,2.4,2.4,1.6,1.6,34,6,2.4,,monthly_30d_35d_otm,weekly_2_strike0,36,38
HLT,2025-07-10,2025-08-06,backfill,O:HLT250815C00280000,280.0,2025-08-15,2025-07-29,3.5,3.5,2.25,2.25,3,3,3.5,,monthly_30d_35d_otm,weekly_2_strike0,36,38
HLT,2025-07-10,2025-08-06,backfill,O:HLT250815C00280000,280.0,2025-08-15,2025-07-30,2.9,2.9,2.13,2.16,15,8,2.9,,monthly_30d_35d_otm,weekly_2_strike0,36,38
HLT,2025-07-10,2025-08-06,backfill,O:HLT250815C00280000,280.0,2025-08-15,2025-07-31,1.5,1.5,1.0,1.0,5,2,1.5,,monthly_30d_35d_otm,weekly_2_strike0,36,38
HLT,2025-07-10,2025-08-06,backfill,O:HLT250815C00280000,280.0,2025-08-15,2025-08-01,0.45,0.45,0.25,0.3,9,5,0.45,,monthly_30d_35d_otm,weekly_2_strike0,36,38
HLT,2025-07-10,2025-08-06,backfill,O:HLT250815C00280000,280.0,2025-08-15,2025-08-04,0.61,0.61,0.16,0.16,6,2,0.61,,monthly_30d_35d_otm,weekly_2_strike0,36,38
HLT,2025-07-10,2025-08-06,backfill,O:HLT250815C00280000,280.0,2025-08-15,2025-08-05,0.41,0.41,0.05,0.05,4,2,0.41,,monthly_30d_35d_otm,weekly_2_strike0,36,38
HLT,2025-07-10,2025-08-06,backfill,O:HLT250815C00280000,280.0,2025-08-15,2025-08-06,0.73,0.73,0.73,0.73,1,1,0.73,,monthly_30d_35d_otm,weekly_2_strike0,36,38
HLT,2025-12-24,2026-01-23,backfill,O:HLT260116C00292500,292.5,2026-01-16,2025-12-24,6.6,6.6,6.5,6.6,19,5,6.6,,monthly_30d_atm,weekly_2_strike2,23,19
HLT,2025-12-24,2026-01-23,backfill,O:HLT260116C00292500,292.5,2026-01-16,2025-12-29,5.05,5.2,5.0,5.2,50,7,5.05,,monthly_30d_atm,weekly_2_strike2,23,19
HLT,2025-12-24,2026-01-23,backfill,O:HLT260116C00292500,292.5,2026-01-16,2025-12-30,4.95,4.95,4.1,4.2,13,3,4.95,,monthly_30d_atm,weekly_2_strike2,23,19
HLT,2025-12-24,2026-01-23,backfill,O:HLT260116C00292500,292.5,2026-01-16,2025-12-31,3.1,3.1,3.1,3.1,1,1,3.1,,monthly_30d_atm,weekly_2_strike2,23,19
HLT,2025-12-24,2026-01-23,backfill,O:HLT260116C00292500,292.5,2026-01-16,2026-01-05,4.21,4.21,2.95,2.95,2,2,4.21,,monthly_30d_atm,weekly_2_strike2,23,19
HLT,2025-12-24,2026-01-23,backfill,O:HLT260116C00292500,292.5,2026-01-16,2026-01-06,4.1,4.1,4.1,4.1,1,1,4.1,,monthly_30d_atm,weekly_2_strike2,23,19
HLT,2025-12-24,2026-01-23,backfill,O:HLT260116C00292500,292.5,2026-01-16,2026-01-07,6.52,6.52,6.52,6.52,1,1,6.52,,monthly_30d_atm,weekly_2_strike2,23,19
HLT,2025-12-24,2026-01-23,backfill,O:HLT260116C00292500,292.5,2026-01-16,2026-01-09,11.0,11.0,11.0,11.0,40,1,11.0,,monthly_30d_atm,weekly_2_strike2,23,19
HLT,2025-12-24,2026-01-23,backfill,O:HLT260116C00292500,292.5,2026-01-16,2026-01-14,5.4,5.4,5.4,5.4,1,1,5.4,,monthly_30d_atm,weekly_2_strike2,23,19
HLT,2025-12-24,2026-01-23,backfill,O:HLT260116C00292500,292.5,2026-01-16,2026-01-16,6.8,7.85,6.8,7.85,41,2,6.8,,monthly_30d_atm,weekly_2_strike2,23,19
HON,2020-07-27,2020-08-21,backfill,O:HON200821C00149000,149.0,2020-08-21,2020-07-27,4.2,4.73,4.2,4.73,24,6,4.2,,monthly_30d_atm,weekly_2_strike0,25,24
HON,2020-07-27,2020-08-21,backfill,O:HON200821C00149000,149.0,2020-08-21,2020-07-28,4.1,4.7,4.1,4.55,43,14,4.1,,monthly_30d_atm,weekly_2_strike0,25,24
HON,2020-07-27,2020-08-21,backfill,O:HON200821C00149000,149.0,2020-08-21,2020-07-29,5.3,5.3,5.3,5.3,1,1,5.3,,monthly_30d_atm,weekly_2_strike0,25,24
HON,2020-07-27,2020-08-21,backfill,O:HON200821C00149000,149.0,2020-08-21,2020-07-30,4.45,4.45,3.9,3.9,18,6,4.45,,monthly_30d_atm,weekly_2_strike0,25,24
HON,2020-07-27,2020-08-21,backfill,O:HON200821C00149000,149.0,2020-08-21,2020-07-31,3.15,3.43,2.9,3.43,35,14,3.15,,monthly_30d_atm,weekly_2_strike0,25,24
HON,2020-07-27,2020-08-21,backfill,O:HON200821C00149000,149.0,2020-08-21,2020-08-03,3.3,3.5,3.15,3.15,42,11,3.3,,monthly_30d_atm,weekly_2_strike0,25,24
HON,2020-07-27,2020-08-21,backfill,O:HON200821C00149000,149.0,2020-08-21,2020-08-04,2.24,2.24,2.06,2.06,3,3,2.24,,monthly_30d_atm,weekly_2_strike0,25,24
HON,2020-07-27,2020-08-21,backfill,O:HON200821C00149000,149.0,2020-08-21,2020-08-05,2.87,3.8,2.87,3.8,26,7,2.87,,monthly_30d_atm,weekly_2_strike0,25,24
HON,2020-07-27,2020-08-21,backfill,O:HON200821C00149000,149.0,2020-08-21,2020-08-06,3.95,4.0,3.75,4.0,4,3,3.95,,monthly_30d_atm,weekly_2_strike0,25,24
HON,2020-07-27,2020-08-21,backfill,O:HON200821C00149000,149.0,2020-08-21,2020-08-07,6.6,6.6,6.6,6.6,1,1,6.6,,monthly_30d_atm,weekly_2_strike0,25,24
HON,2020-07-27,2020-08-21,backfill,O:HON200821C00149000,149.0,2020-08-21,2020-08-10,8.9,9.59,8.9,9.59,8,3,8.9,,monthly_30d_atm,weekly_2_strike0,25,24
HON,2020-07-27,2020-08-21,backfill,O:HON200821C00149000,149.0,2020-08-21,2020-08-11,13.0,13.0,11.5,11.5,2,2,13.0,,monthly_30d_atm,weekly_2_strike0,25,24
HON,2020-07-27,2020-08-21,backfill,O:HON200821C00149000,149.0,2020-08-21,2020-08-12,11.6,11.6,11.6,11.6,75,1,11.6,,monthly_30d_atm,weekly_2_strike0,25,24
HON,2020-07-27,2020-08-21,backfill,O:HON200821C00149000,149.0,2020-08-21,2020-08-17,9.75,9.75,9.75,9.75,1,1,9.75,,monthly_30d_atm,weekly_2_strike0,25,24
HON,2024-01-02,2024-01-08,backfill,O:HON240216C00210000,210.0,2024-02-16,2024-01-02,6.24,6.5,5.4,5.5,46,15,6.24,,monthly_30d_atm,weekly_2_strike0,45,46
HON,2024-01-02,2024-01-08,backfill,O:HON240216C00210000,210.0,2024-02-16,2024-01-03,5.3,5.3,3.34,3.34,119,30,5.3,,monthly_30d_atm,weekly_2_strike0,45,46
HON,2024-01-02,2024-01-08,backfill,O:HON240216C00210000,210.0,2024-02-16,2024-01-04,3.4,3.91,3.4,3.81,62,9,3.4,,monthly_30d_atm,weekly_2_strike0,45,46
HON,2024-01-02,2024-01-08,backfill,O:HON240216C00210000,210.0,2024-02-16,2024-01-05,3.1,3.1,2.4,2.53,116,19,3.1,,monthly_30d_atm,weekly_2_strike0,45,46
HON,2024-01-02,2024-01-08,backfill,O:HON240216C00210000,210.0,2024-02-16,2024-01-08,2.0,2.3,1.97,2.3,79,13,2.0,,monthly_30d_atm,weekly_2_strike0,45,46
HON,2024-06-14,2024-07-15,backfill,O:HON240719C00210000,210.0,2024-07-19,2024-06-14,2.55,3.3,2.4,3.3,207,18,2.55,,monthly_30d_35d_otm,weekly_1_strike0,35,207
HON,2024-06-14,2024-07-15,backfill,O:HON240719C00210000,210.0,2024-07-19,2024-06-17,3.6,5.5,3.45,5.45,192,30,3.6,,monthly_30d_35d_otm,weekly_1_strike0,35,207
HON,2024-06-14,2024-07-15,backfill,O:HON240719C00210000,210.0,2024-07-19,2024-06-18,5.17,6.2,4.71,6.0,64,30,5.17,,monthly_30d_35d_otm,weekly_1_strike0,35,207
HON,2024-06-14,2024-07-15,backfill,O:HON240719C00210000,210.0,2024-07-19,2024-06-20,6.23,7.45,6.23,6.8,280,25,6.23,,monthly_30d_35d_otm,weekly_1_strike0,35,207
HON,2024-06-14,2024-07-15,backfill,O:HON240719C00210000,210.0,2024-07-19,2024-06-21,7.4,7.97,6.2,6.25,79,14,7.4,,monthly_30d_35d_otm,weekly_1_strike0,35,207
HON,2024-06-14,2024-07-15,backfill,O:HON240719C00210000,210.0,2024-07-19,2024-06-24,9.3,9.3,8.4,8.6,9,7,9.3,,monthly_30d_35d_otm,weekly_1_strike0,35,207
HON,2024-06-14,2024-07-15,backfill,O:HON240719C00210000,210.0,2024-07-19,2024-06-25,7.5,7.6,6.1,6.31,18,6,7.5,,monthly_30d_35d_otm,weekly_1_strike0,35,207
HON,2024-06-14,2024-07-15,backfill,O:HON240719C00210000,210.0,2024-07-19,2024-06-26,4.94,5.99,4.58,5.7,13,8,4.94,,monthly_30d_35d_otm,weekly_1_strike0,35,207
HON,2024-06-14,2024-07-15,backfill,O:HON240719C00210000,210.0,2024-07-19,2024-06-27,6.4,7.56,6.4,6.82,16,7,6.4,,monthly_30d_35d_otm,weekly_1_strike0,35,207
HON,2024-06-14,2024-07-15,backfill,O:HON240719C00210000,210.0,2024-07-19,2024-06-28,7.5,7.5,3.95,5.0,22,12,7.5,,monthly_30d_35d_otm,weekly_1_strike0,35,207
HON,2024-06-14,2024-07-15,backfill,O:HON240719C00210000,210.0,2024-07-19,2024-07-01,5.65,6.4,3.68,3.68,78,9,5.65,,monthly_30d_35d_otm,weekly_1_strike0,35,207
HON,2024-06-14,2024-07-15,backfill,O:HON240719C00210000,210.0,2024-07-19,2024-07-02,4.42,4.8,4.12,4.8,6,4,4.42,,monthly_30d_35d_otm,weekly_1_strike0,35,207
HON,2024-06-14,2024-07-15,backfill,O:HON240719C00210000,210.0,2024-07-19,2024-07-03,4.4,4.4,4.05,4.25,11,4,4.4,,monthly_30d_35d_otm,weekly_1_strike0,35,207
HON,2024-06-14,2024-07-15,backfill,O:HON240719C00210000,210.0,2024-07-19,2024-07-05,4.4,4.4,2.95,4.1,24,15,4.4,,monthly_30d_35d_otm,weekly_1_strike0,35,207
HON,2024-06-14,2024-07-15,backfill,O:HON240719C00210000,210.0,2024-07-19,2024-07-08,3.45,3.55,3.0,3.3,173,31,3.45,,monthly_30d_35d_otm,weekly_1_strike0,35,207
HON,2024-06-14,2024-07-15,backfill,O:HON240719C00210000,210.0,2024-07-19,2024-07-09,3.5,3.5,2.68,2.8,283,41,3.5,,monthly_30d_35d_otm,weekly_1_strike0,35,207
HON,2024-06-14,2024-07-15,backfill,O:HON240719C00210000,210.0,2024-07-19,2024-07-10,2.71,5.4,2.71,5.4,400,90,2.71,,monthly_30d_35d_otm,weekly_1_strike0,35,207
HON,2024-06-14,2024-07-15,backfill,O:HON240719C00210000,210.0,2024-07-19,2024-07-11,5.3,6.8,4.4,5.33,26,10,5.3,,monthly_30d_35d_otm,weekly_1_strike0,35,207
HON,2024-06-14,2024-07-15,backfill,O:HON240719C00210000,210.0,2024-07-19,2024-07-12,6.0,6.7,3.5,6.46,26,10,6.0,,monthly_30d_35d_otm,weekly_1_strike0,35,207
HON,2024-06-14,2024-07-15,backfill,O:HON240719C00210000,210.0,2024-07-19,2024-07-15,4.16,6.05,4.16,6.05,14,8,4.16,,monthly_30d_35d_otm,weekly_1_strike0,35,207
HON,2025-06-03,2025-07-01,backfill,O:HON250718C00240000,240.0,2025-07-18,2025-06-03,1.8,1.86,1.45,1.45,38,8,1.8,,monthly_30d_20d_otm,weekly_2_strike0,45,38
HON,2025-06-03,2025-07-01,backfill,O:HON250718C00240000,240.0,2025-07-18,2025-06-04,1.52,1.85,1.5,1.85,514,12,1.52,,monthly_30d_20d_otm,weekly_2_strike0,45,38
HON,2025-06-03,2025-07-01,backfill,O:HON250718C00240000,240.0,2025-07-18,2025-06-05,1.6,1.84,1.5,1.5,75,11,1.6,,monthly_30d_20d_otm,weekly_2_strike0,45,38
HON,2025-06-03,2025-07-01,backfill,O:HON250718C00240000,240.0,2025-07-18,2025-06-06,2.3,2.3,1.7,1.8,48,14,2.3,,monthly_30d_20d_otm,weekly_2_strike0,45,38
HON,2025-06-03,2025-07-01,backfill,O:HON250718C00240000,240.0,2025-07-18,2025-06-09,1.51,1.51,1.22,1.32,26,11,1.51,,monthly_30d_20d_otm,weekly_2_strike0,45,38
HON,2025-06-03,2025-07-01,backfill,O:HON250718C00240000,240.0,2025-07-18,2025-06-10,1.15,1.2,1.12,1.12,5,4,1.15,,monthly_30d_20d_otm,weekly_2_strike0,45,38
HON,2025-06-03,2025-07-01,backfill,O:HON250718C00240000,240.0,2025-07-18,2025-06-11,0.9,1.02,0.9,1.02,4,4,0.9,,monthly_30d_20d_otm,weekly_2_strike0,45,38
HON,2025-06-03,2025-07-01,backfill,O:HON250718C00240000,240.0,2025-07-18,2025-06-12,0.95,1.05,0.95,1.02,14,5,0.95,,monthly_30d_20d_otm,weekly_2_strike0,45,38
HON,2025-06-03,2025-07-01,backfill,O:HON250718C00240000,240.0,2025-07-18,2025-06-13,0.35,0.9,0.35,0.65,72,13,0.35,,monthly_30d_20d_otm,weekly_2_strike0,45,38
HON,2025-06-03,2025-07-01,backfill,O:HON250718C00240000,240.0,2025-07-18,2025-06-16,0.75,0.75,0.5,0.53,32,10,0.75,,monthly_30d_20d_otm,weekly_2_strike0,45,38
HON,2025-06-03,2025-07-01,backfill,O:HON250718C00240000,240.0,2025-07-18,2025-06-17,0.49,0.6,0.4,0.4,55,14,0.49,,monthly_30d_20d_otm,weekly_2_strike0,45,38
HON,2025-06-03,2025-07-01,backfill,O:HON250718C00240000,240.0,2025-07-18,2025-06-18,0.38,0.4,0.3,0.3,18,9,0.38,,monthly_30d_20d_otm,weekly_2_strike0,45,38
HON,2025-06-03,2025-07-01,backfill,O:HON250718C00240000,240.0,2025-07-18,2025-06-20,0.3,0.3,0.22,0.25,343,7,0.3,,monthly_30d_20d_otm,weekly_2_strike0,45,38
HON,2025-06-03,2025-07-01,backfill,O:HON250718C00240000,240.0,2025-07-18,2025-06-23,0.28,0.28,0.2,0.26,48,10,0.28,,monthly_30d_20d_otm,weekly_2_strike0,45,38
HON,2025-06-03,2025-07-01,backfill,O:HON250718C00240000,240.0,2025-07-18,2025-06-24,0.43,0.43,0.15,0.25,27,6,0.43,,monthly_30d_20d_otm,weekly_2_strike0,45,38
HON,2025-06-03,2025-07-01,backfill,O:HON250718C00240000,240.0,2025-07-18,2025-06-25,0.2,0.2,0.15,0.19,10,4,0.2,,monthly_30d_20d_otm,weekly_2_strike0,45,38
HON,2025-06-03,2025-07-01,backfill,O:HON250718C00240000,240.0,2025-07-18,2025-06-26,0.21,0.21,0.18,0.2,7,4,0.21,,monthly_30d_20d_otm,weekly_2_strike0,45,38
HON,2025-06-03,2025-07-01,backfill,O:HON250718C00240000,240.0,2025-07-18,2025-06-27,0.3,0.33,0.2,0.32,41,10,0.3,,monthly_30d_20d_otm,weekly_2_strike0,45,38
HON,2025-06-03,2025-07-01,backfill,O:HON250718C00240000,240.0,2025-07-18,2025-06-30,0.35,1.21,0.35,1.15,913,91,0.35,,monthly_30d_20d_otm,weekly_2_strike0,45,38
HON,2025-06-03,2025-07-01,backfill,O:HON250718C00240000,240.0,2025-07-18,2025-07-01,1.25,3.25,1.17,3.2,455,86,1.25,,monthly_30d_20d_otm,weekly_2_strike0,45,38
HON,2025-07-11,2025-07-24,backfill,O:HON250815C00240000,240.0,2025-08-15,2025-07-11,4.55,4.65,4.2,4.64,126,30,4.55,,monthly_30d_30d_otm,weekly_1_strike0,35,126
HON,2025-07-11,2025-07-24,backfill,O:HON250815C00240000,240.0,2025-08-15,2025-07-14,5.6,6.1,5.45,5.9,2139,32,5.6,,monthly_30d_30d_otm,weekly_1_strike0,35,126
HON,2025-07-11,2025-07-24,backfill,O:HON250815C00240000,240.0,2025-08-15,2025-07-15,5.4,5.4,4.8,5.05,37,16,5.4,,monthly_30d_30d_otm,weekly_1_strike0,35,126
HON,2025-07-11,2025-07-24,backfill,O:HON250815C00240000,240.0,2025-08-15,2025-07-16,4.7,4.8,3.82,4.8,75,21,4.7,,monthly_30d_30d_otm,weekly_1_strike0,35,126
HON,2025-07-11,2025-07-24,backfill,O:HON250815C00240000,240.0,2025-08-15,2025-07-17,5.3,6.0,5.3,5.75,75,27,5.3,,monthly_30d_30d_otm,weekly_1_strike0,35,126
HON,2025-07-11,2025-07-24,backfill,O:HON250815C00240000,240.0,2025-08-15,2025-07-18,5.6,6.0,4.22,4.6,133,32,5.6,,monthly_30d_30d_otm,weekly_1_strike0,35,126
HON,2025-07-11,2025-07-24,backfill,O:HON250815C00240000,240.0,2025-08-15,2025-07-21,5.0,5.26,4.2,4.25,37,13,5.0,,monthly_30d_30d_otm,weekly_1_strike0,35,126
HON,2025-07-11,2025-07-24,backfill,O:HON250815C00240000,240.0,2025-08-15,2025-07-22,4.5,4.75,3.8,4.7,45,16,4.5,,monthly_30d_30d_otm,weekly_1_strike0,35,126
HON,2025-07-11,2025-07-24,backfill,O:HON250815C00240000,240.0,2025-08-15,2025-07-23,5.3,6.6,5.1,6.0,645,72,5.3,,monthly_30d_30d_otm,weekly_1_strike0,35,126
HON,2025-07-11,2025-07-24,backfill,O:HON250815C00240000,240.0,2025-08-15,2025-07-24,0.05,1.05,0.05,0.29,981,66,0.05,,monthly_30d_30d_otm,weekly_1_strike0,35,126
HOOD,2022-03-08,2022-04-04,backfill,O:HOOD220520C00013000,13.0,2022-05-20,2022-03-08,1.39,1.63,1.37,1.59,13,8,1.39,,monthly_60d_30d_otm,weekly_2_strike0,73,13
HOOD,2022-03-08,2022-04-04,backfill,O:HOOD220520C00013000,13.0,2022-05-20,2022-03-09,1.85,1.85,1.63,1.8,148,19,1.85,,monthly_60d_30d_otm,weekly_2_strike0,73,13
HOOD,2022-03-08,2022-04-04,backfill,O:HOOD220520C00013000,13.0,2022-05-20,2022-03-10,1.42,1.42,1.42,1.42,175,1,1.42,,monthly_60d_30d_otm,weekly_2_strike0,73,13
HOOD,2022-03-08,2022-04-04,backfill,O:HOOD220520C00013000,13.0,2022-05-20,2022-03-11,1.69,1.69,1.17,1.17,237,17,1.69,,monthly_60d_30d_otm,weekly_2_strike0,73,13
HOOD,2022-03-08,2022-04-04,backfill,O:HOOD220520C00013000,13.0,2022-05-20,2022-03-14,1.1,1.12,0.9,0.98,123,14,1.1,,monthly_60d_30d_otm,weekly_2_strike0,73,13
HOOD,2022-03-08,2022-04-04,backfill,O:HOOD220520C00013000,13.0,2022-05-20,2022-03-15,0.86,1.12,0.85,1.08,64,12,0.86,,monthly_60d_30d_otm,weekly_2_strike0,73,13
HOOD,2022-03-08,2022-04-04,backfill,O:HOOD220520C00013000,13.0,2022-05-20,2022-03-16,1.26,1.89,1.26,1.84,171,42,1.26,,monthly_60d_30d_otm,weekly_2_strike0,73,13
HOOD,2022-03-08,2022-04-04,backfill,O:HOOD220520C00013000,13.0,2022-05-20,2022-03-17,1.86,2.33,1.83,2.24,101,24,1.86,,monthly_60d_30d_otm,weekly_2_strike0,73,13
HOOD,2022-03-08,2022-04-04,backfill,O:HOOD220520C00013000,13.0,2022-05-20,2022-03-18,2.1,2.44,2.0,2.05,194,11,2.1,,monthly_60d_30d_otm,weekly_2_strike0,73,13
HOOD,2022-03-08,2022-04-04,backfill,O:HOOD220520C00013000,13.0,2022-05-20,2022-03-21,1.8,1.8,1.6,1.7,29,10,1.8,,monthly_60d_30d_otm,weekly_2_strike0,73,13
HOOD,2022-03-08,2022-04-04,backfill,O:HOOD220520C00013000,13.0,2022-05-20,2022-03-22,1.84,2.18,1.81,2.11,70,24,1.84,,monthly_60d_30d_otm,weekly_2_strike0,73,13
HOOD,2022-03-08,2022-04-04,backfill,O:HOOD220520C00013000,13.0,2022-05-20,2022-03-23,2.03,2.03,1.62,1.67,63,24,2.03,,monthly_60d_30d_otm,weekly_2_strike0,73,13
HOOD,2022-03-08,2022-04-04,backfill,O:HOOD220520C00013000,13.0,2022-05-20,2022-03-24,1.82,1.82,1.52,1.65,68,19,1.82,,monthly_60d_30d_otm,weekly_2_strike0,73,13
HOOD,2022-03-08,2022-04-04,backfill,O:HOOD220520C00013000,13.0,2022-05-20,2022-03-25,1.67,1.67,1.27,1.36,190,44,1.67,,monthly_60d_30d_otm,weekly_2_strike0,73,13
HOOD,2022-03-08,2022-04-04,backfill,O:HOOD220520C00013000,13.0,2022-05-20,2022-03-28,1.38,1.61,1.25,1.51,319,52,1.38,,monthly_60d_30d_otm,weekly_2_strike0,73,13
HOOD,2022-03-08,2022-04-04,backfill,O:HOOD220520C00013000,13.0,2022-05-20,2022-03-29,1.72,4.25,1.64,3.75,831,87,1.72,,monthly_60d_30d_otm,weekly_2_strike0,73,13
HOOD,2022-03-08,2022-04-04,backfill,O:HOOD220520C00013000,13.0,2022-05-20,2022-03-30,3.0,3.15,2.69,2.72,205,20,3.0,,monthly_60d_30d_otm,weekly_2_strike0,73,13
HOOD,2022-03-08,2022-04-04,backfill,O:HOOD220520C00013000,13.0,2022-05-20,2022-03-31,2.46,2.46,2.03,2.05,117,38,2.46,,monthly_60d_30d_otm,weekly_2_strike0,73,13
HOOD,2022-03-08,2022-04-04,backfill,O:HOOD220520C00013000,13.0,2022-05-20,2022-04-01,2.0,2.16,1.83,1.92,114,17,2.0,,monthly_60d_30d_otm,weekly_2_strike0,73,13
HOOD,2022-03-08,2022-04-04,backfill,O:HOOD220520C00013000,13.0,2022-05-20,2022-04-04,1.9,2.17,1.9,2.05,194,27,1.9,,monthly_60d_30d_otm,weekly_2_strike0,73,13
HOOD,2023-07-14,2023-08-10,backfill,O:HOOD230818C00013000,13.0,2023-08-18,2023-07-14,0.97,1.0,0.7,0.86,7831,238,0.97,,monthly_30d_35d_otm,weekly_1_strike0,35,7831
HOOD,2023-07-14,2023-08-10,backfill,O:HOOD230818C00013000,13.0,2023-08-18,2023-07-17,0.85,1.08,0.75,0.9,9882,266,0.85,,monthly_30d_35d_otm,weekly_1_strike0,35,7831
HOOD,2023-07-14,2023-08-10,backfill,O:HOOD230818C00013000,13.0,2023-08-18,2023-07-18,0.91,1.04,0.8,0.93,5974,187,0.91,,monthly_30d_35d_otm,weekly_1_strike0,35,7831
HOOD,2023-07-14,2023-08-10,backfill,O:HOOD230818C00013000,13.0,2023-08-18,2023-07-19,0.95,1.27,0.95,1.21,10960,276,0.95,,monthly_30d_35d_otm,weekly_1_strike0,35,7831
HOOD,2023-07-14,2023-08-10,backfill,O:HOOD230818C00013000,13.0,2023-08-18,2023-07-20,0.97,1.2,0.93,1.03,11724,230,0.97,,monthly_30d_35d_otm,weekly_1_strike0,35,7831
HOOD,2023-07-14,2023-08-10,backfill,O:HOOD230818C00013000,13.0,2023-08-18,2023-07-21,1.2,1.2,0.91,0.94,4194,195,1.2,,monthly_30d_35d_otm,weekly_1_strike0,35,7831
HOOD,2023-07-14,2023-08-10,backfill,O:HOOD230818C00013000,13.0,2023-08-18,2023-07-24,0.91,1.04,0.82,0.88,8106,186,0.91,,monthly_30d_35d_otm,weekly_1_strike0,35,7831
HOOD,2023-07-14,2023-08-10,backfill,O:HOOD230818C00013000,13.0,2023-08-18,2023-07-25,0.87,0.95,0.74,0.75,4289,172,0.87,,monthly_30d_35d_otm,weekly_1_strike0,35,7831
HOOD,2023-07-14,2023-08-10,backfill,O:HOOD230818C00013000,13.0,2023-08-18,2023-07-26,0.74,0.83,0.65,0.8,5734,168,0.74,,monthly_30d_35d_otm,weekly_1_strike0,35,7831
HOOD,2023-07-14,2023-08-10,backfill,O:HOOD230818C00013000,13.0,2023-08-18,2023-07-27,0.84,0.91,0.5,0.57,5466,213,0.84,,monthly_30d_35d_otm,weekly_1_strike0,35,7831
HOOD,2023-07-14,2023-08-10,backfill,O:HOOD230818C00013000,13.0,2023-08-18,2023-07-28,0.6,0.75,0.59,0.74,3116,145,0.6,,monthly_30d_35d_otm,weekly_1_strike0,35,7831
HOOD,2023-07-14,2023-08-10,backfill,O:HOOD230818C00013000,13.0,2023-08-18,2023-07-31,0.78,0.87,0.74,0.82,3465,168,0.78,,monthly_30d_35d_otm,weekly_1_strike0,35,7831
HOOD,2023-07-14,2023-08-10,backfill,O:HOOD230818C00013000,13.0,2023-08-18,2023-08-01,0.75,0.83,0.65,0.81,2175,157,0.75,,monthly_30d_35d_otm,weekly_1_strike0,35,7831
HOOD,2023-07-14,2023-08-10,backfill,O:HOOD230818C00013000,13.0,2023-08-18,2023-08-02,0.66,0.7,0.54,0.63,7914,226,0.66,,monthly_30d_35d_otm,weekly_1_strike0,35,7831
HOOD,2023-07-14,2023-08-10,backfill,O:HOOD230818C00013000,13.0,2023-08-18,2023-08-03,0.14,0.2,0.07,0.11,17751,231,0.14,,monthly_30d_35d_otm,weekly_1_strike0,35,7831
HOOD,2023-07-14,2023-08-10,backfill,O:HOOD230818C00013000,13.0,2023-08-18,2023-08-04,0.1,0.12,0.05,0.05,5895,150,0.1,,monthly_30d_35d_otm,weekly_1_strike0,35,7831
HOOD,2023-07-14,2023-08-10,backfill,O:HOOD230818C00013000,13.0,2023-08-18,2023-08-07,0.1,0.1,0.02,0.03,2874,86,0.1,,monthly_30d_35d_otm,weekly_1_strike0,35,7831
HOOD,2023-07-14,2023-08-10,backfill,O:HOOD230818C00013000,13.0,2023-08-18,2023-08-08,0.03,0.04,0.02,0.02,2787,60,0.03,,monthly_30d_35d_otm,weekly_1_strike0,35,7831
HOOD,2023-07-14,2023-08-10,backfill,O:HOOD230818C00013000,13.0,2023-08-18,2023-08-09,0.01,0.02,0.01,0.02,1309,36,0.01,,monthly_30d_35d_otm,weekly_1_strike0,35,7831
HOOD,2023-07-14,2023-08-10,backfill,O:HOOD230818C00013000,13.0,2023-08-18,2023-08-10,0.01,0.02,0.01,0.01,287,23,0.01,,monthly_30d_35d_otm,weekly_1_strike0,35,7831
HOOD,2024-02-14,2024-03-13,backfill,O:HOOD240315C00015000,15.0,2024-03-15,2024-02-14,0.53,0.68,0.2,0.34,21244,240,0.53,,monthly_30d_30d_otm,weekly_2_strike0,30,21244
HOOD,2024-02-14,2024-03-13,backfill,O:HOOD240315C00015000,15.0,2024-03-15,2024-02-15,0.34,0.41,0.21,0.28,3799,139,0.34,,monthly_30d_30d_otm,weekly_2_strike0,30,21244
HOOD,2024-02-14,2024-03-13,backfill,O:HOOD240315C00015000,15.0,2024-03-15,2024-02-16,0.28,0.65,0.28,0.49,25669,340,0.28,,monthly_30d_30d_otm,weekly_2_strike0,30,21244
HOOD,2024-02-14,2024-03-13,backfill,O:HOOD240315C00015000,15.0,2024-03-15,2024-02-20,0.48,0.57,0.34,0.44,7128,167,0.48,,monthly_30d_30d_otm,weekly_2_strike0,30,21244
HOOD,2024-02-14,2024-03-13,backfill,O:HOOD240315C00015000,15.0,2024-03-15,2024-02-21,0.33,0.36,0.04,0.27,10512,188,0.33,,monthly_30d_30d_otm,weekly_2_strike0,30,21244
HOOD,2024-02-14,2024-03-13,backfill,O:HOOD240315C00015000,15.0,2024-03-15,2024-02-22,0.29,0.37,0.25,0.31,7773,156,0.29,,monthly_30d_30d_otm,weekly_2_strike0,30,21244
HOOD,2024-02-14,2024-03-13,backfill,O:HOOD240315C00015000,15.0,2024-03-15,2024-02-23,0.34,0.48,0.33,0.47,7920,211,0.34,,monthly_30d_30d_otm,weekly_2_strike0,30,21244
HOOD,2024-02-14,2024-03-13,backfill,O:HOOD240315C00015000,15.0,2024-03-15,2024-02-26,0.54,1.14,0.54,1.11,19497,311,0.54,,monthly_30d_30d_otm,weekly_2_strike0,30,21244
HOOD,2024-02-14,2024-03-13,backfill,O:HOOD240315C00015000,15.0,2024-03-15,2024-02-27,1.28,1.61,1.05,1.55,9453,296,1.28,,monthly_30d_30d_otm,weekly_2_strike0,30,21244
HOOD,2024-02-14,2024-03-13,backfill,O:HOOD240315C00015000,15.0,2024-03-15,2024-02-28,1.39,1.8,1.21,1.48,1796,149,1.39,,monthly_30d_30d_otm,weekly_2_strike0,30,21244
HOOD,2024-02-14,2024-03-13,backfill,O:HOOD240315C00015000,15.0,2024-03-15,2024-02-29,1.48,1.7,1.07,1.55,2193,111,1.48,,monthly_30d_30d_otm,weekly_2_strike0,30,21244
HOOD,2024-02-14,2024-03-13,backfill,O:HOOD240315C00015000,15.0,2024-03-15,2024-03-01,1.57,1.81,1.38,1.81,793,83,1.57,,monthly_30d_30d_otm,weekly_2_strike0,30,21244
HOOD,2024-02-14,2024-03-13,backfill,O:HOOD240315C00015000,15.0,2024-03-15,2024-03-04,2.16,2.36,1.79,1.79,974,73,2.16,,monthly_30d_30d_otm,weekly_2_strike0,30,21244
HOOD,2024-02-14,2024-03-13,backfill,O:HOOD240315C00015000,15.0,2024-03-15,2024-03-05,1.23,1.51,1.03,1.1,1570,87,1.23,,monthly_30d_30d_otm,weekly_2_strike0,30,21244
HOOD,2024-02-14,2024-03-13,backfill,O:HOOD240315C00015000,15.0,2024-03-15,2024-03-06,1.16,1.68,1.07,1.54,597,45,1.16,,monthly_30d_30d_otm,weekly_2_strike0,30,21244
HOOD,2024-02-14,2024-03-13,backfill,O:HOOD240315C00015000,15.0,2024-03-15,2024-03-07,1.59,1.6,1.26,1.48,240,25,1.59,,monthly_30d_30d_otm,weekly_2_strike0,30,21244
HOOD,2024-02-14,2024-03-13,backfill,O:HOOD240315C00015000,15.0,2024-03-15,2024-03-08,1.49,2.63,1.49,2.04,1925,76,1.49,,monthly_30d_30d_otm,weekly_2_strike0,30,21244
HOOD,2024-02-14,2024-03-13,backfill,O:HOOD240315C00015000,15.0,2024-03-15,2024-03-11,2.09,2.5,1.84,1.86,243,44,2.09,,monthly_30d_30d_otm,weekly_2_strike0,30,21244
HOOD,2024-02-14,2024-03-13,backfill,O:HOOD240315C00015000,15.0,2024-03-15,2024-03-12,1.62,1.69,1.28,1.52,444,32,1.62,,monthly_30d_30d_otm,weekly_2_strike0,30,21244
HOOD,2024-02-14,2024-03-13,backfill,O:HOOD240315C00015000,15.0,2024-03-15,2024-03-13,1.85,2.32,1.69,2.12,259,34,1.85,,monthly_30d_30d_otm,weekly_2_strike0,30,21244
HUBS,2023-01-25,2023-02-22,backfill,O:HUBS230217C00350000,350.0,2023-02-17,2023-01-25,16.87,25.0,15.98,25.0,44,4,16.87,,monthly_30d_35d_otm,weekly_2_strike1,23,44
HUBS,2023-01-25,2023-02-22,backfill,O:HUBS230217C00350000,350.0,2023-02-17,2023-01-26,27.87,27.87,26.75,26.75,4,2,27.87,,monthly_30d_35d_otm,weekly_2_strike1,23,44
HUBS,2023-01-25,2023-02-22,backfill,O:HUBS230217C00350000,350.0,2023-02-17,2023-01-27,24.2,25.8,23.9,25.8,44,2,24.2,,monthly_30d_35d_otm,weekly_2_strike1,23,44
HUBS,2023-01-25,2023-02-22,backfill,O:HUBS230217C00350000,350.0,2023-02-17,2023-01-30,21.9,22.7,21.2,22.7,8,4,21.9,,monthly_30d_35d_otm,weekly_2_strike1,23,44
HUBS,2023-01-25,2023-02-22,backfill,O:HUBS230217C00350000,350.0,2023-02-17,2023-01-31,17.5,17.5,16.5,16.5,3,3,17.5,,monthly_30d_35d_otm,weekly_2_strike1,23,44
HUBS,2023-01-25,2023-02-22,backfill,O:HUBS230217C00350000,350.0,2023-02-17,2023-02-01,21.67,23.2,21.67,23.2,2,2,21.67,,monthly_30d_35d_otm,weekly_2_strike1,23,44
HUBS,2023-01-25,2023-02-22,backfill,O:HUBS230217C00350000,350.0,2023-02-17,2023-02-02,41.0,41.0,41.0,41.0,1,1,41.0,,monthly_30d_35d_otm,weekly_2_strike1,23,44
HUBS,2023-01-25,2023-02-22,backfill,O:HUBS230217C00350000,350.0,2023-02-17,2023-02-06,25.3,25.8,25.3,25.8,3,2,25.3,,monthly_30d_35d_otm,weekly_2_strike1,23,44
HUBS,2023-01-25,2023-02-22,backfill,O:HUBS230217C00350000,350.0,2023-02-17,2023-02-10,20.8,20.8,16.27,16.27,11,5,20.8,,monthly_30d_35d_otm,weekly_2_strike1,23,44
HUBS,2023-01-25,2023-02-22,backfill,O:HUBS230217C00350000,350.0,2023-02-17,2023-02-16,27.48,27.48,21.4,21.4,4,4,27.48,,monthly_30d_35d_otm,weekly_2_strike1,23,44
HUBS,2023-01-25,2023-02-22,backfill,O:HUBS230217C00350000,350.0,2023-02-17,2023-02-17,54.27,54.27,52.83,52.83,7,2,54.27,,monthly_30d_35d_otm,weekly_2_strike1,23,44
HUT,2024-11-05,2024-12-03,backfill,O:HUT241220C00016000,16.0,2024-12-20,2024-11-05,3.85,3.85,2.9,3.4,32,11,3.85,,monthly_30d_atm,weekly_2_strike0,45,32
HUT,2024-11-05,2024-12-03,backfill,O:HUT241220C00016000,16.0,2024-12-20,2024-11-06,4.95,5.7,4.0,4.1,40,7,4.95,,monthly_30d_atm,weekly_2_strike0,45,32
HUT,2024-11-05,2024-12-03,backfill,O:HUT241220C00016000,16.0,2024-12-20,2024-11-07,4.15,4.55,4.15,4.55,68,5,4.15,,monthly_30d_atm,weekly_2_strike0,45,32
HUT,2024-11-05,2024-12-03,backfill,O:HUT241220C00016000,16.0,2024-12-20,2024-11-08,4.75,5.05,4.62,4.62,55,6,4.75,,monthly_30d_atm,weekly_2_strike0,45,32
HUT,2024-11-05,2024-12-03,backfill,O:HUT241220C00016000,16.0,2024-12-20,2024-11-11,6.5,9.4,6.5,8.97,57,11,6.5,,monthly_30d_atm,weekly_2_strike0,45,32
HUT,2024-11-05,2024-12-03,backfill,O:HUT241220C00016000,16.0,2024-12-20,2024-11-12,8.42,8.42,8.42,8.42,1,1,8.42,,monthly_30d_atm,weekly_2_strike0,45,32
HUT,2024-11-05,2024-12-03,backfill,O:HUT241220C00016000,16.0,2024-12-20,2024-11-13,10.45,11.44,9.1,9.1,46,5,10.45,,monthly_30d_atm,weekly_2_strike0,45,32
HUT,2024-11-05,2024-12-03,backfill,O:HUT241220C00016000,16.0,2024-12-20,2024-11-14,9.16,9.18,7.99,7.99,39,4,9.16,,monthly_30d_atm,weekly_2_strike0,45,32
HUT,2024-11-05,2024-12-03,backfill,O:HUT241220C00016000,16.0,2024-12-20,2024-11-15,8.84,9.48,8.84,9.48,7,3,8.84,,monthly_30d_atm,weekly_2_strike0,45,32
HUT,2024-11-05,2024-12-03,backfill,O:HUT241220C00016000,16.0,2024-12-20,2024-11-18,9.1,9.1,9.1,9.1,5,1,9.1,,monthly_30d_atm,weekly_2_strike0,45,32
HUT,2024-11-05,2024-12-03,backfill,O:HUT241220C00016000,16.0,2024-12-20,2024-11-19,8.3,8.3,8.3,8.3,3,1,8.3,,monthly_30d_atm,weekly_2_strike0,45,32
HUT,2024-11-05,2024-12-03,backfill,O:HUT241220C00016000,16.0,2024-12-20,2024-11-22,7.5,10.37,7.5,10.28,19,4,7.5,,monthly_30d_atm,weekly_2_strike0,45,32
HUT,2024-11-05,2024-12-03,backfill,O:HUT241220C00016000,16.0,2024-12-20,2024-11-25,8.3,8.3,8.3,8.3,1,1,8.3,,monthly_30d_atm,weekly_2_strike0,45,32
HUT,2024-11-05,2024-12-03,backfill,O:HUT241220C00016000,16.0,2024-12-20,2024-11-26,9.98,9.98,9.98,9.98,4,1,9.98,,monthly_30d_atm,weekly_2_strike0,45,32
HUT,2024-11-05,2024-12-03,backfill,O:HUT241220C00016000,16.0,2024-12-20,2024-11-27,11.78,11.78,11.78,11.78,9,1,11.78,,monthly_30d_atm,weekly_2_strike0,45,32
HUT,2024-11-05,2024-12-03,backfill,O:HUT241220C00016000,16.0,2024-12-20,2024-11-29,14.0,14.0,12.61,12.61,3,2,14.0,,monthly_30d_atm,weekly_2_strike0,45,32
HUT,2024-11-05,2024-12-03,backfill,O:HUT241220C00016000,16.0,2024-12-20,2024-12-02,11.45,11.45,11.45,11.45,1,1,11.45,,monthly_30d_atm,weekly_2_strike0,45,32
HYG,2023-05-04,2023-06-01,backfill,O:HYG230616C00074000,74.0,2023-06-16,2023-05-04,1.25,1.27,1.25,1.27,15,2,1.25,,monthly_30d_atm,weekly_2_strike0,43,15
HYG,2023-05-04,2023-06-01,backfill,O:HYG230616C00074000,74.0,2023-06-16,2023-05-08,1.25,1.25,1.18,1.25,111,3,1.25,,monthly_30d_atm,weekly_2_strike0,43,15
HYG,2023-05-04,2023-06-01,backfill,O:HYG230616C00074000,74.0,2023-06-16,2023-05-09,1.08,1.14,1.08,1.14,16,4,1.08,,monthly_30d_atm,weekly_2_strike0,43,15
HYG,2023-05-04,2023-06-01,backfill,O:HYG230616C00074000,74.0,2023-06-16,2023-05-10,1.28,1.36,1.28,1.36,5,2,1.28,,monthly_30d_atm,weekly_2_strike0,43,15
HYG,2023-05-04,2023-06-01,backfill,O:HYG230616C00074000,74.0,2023-06-16,2023-05-11,1.27,1.27,1.26,1.26,7524,2,1.27,,monthly_30d_atm,weekly_2_strike0,43,15
HYG,2023-05-04,2023-06-01,backfill,O:HYG230616C00074000,74.0,2023-06-16,2023-05-12,1.15,1.15,1.15,1.15,1,1,1.15,,monthly_30d_atm,weekly_2_strike0,43,15
HYG,2023-05-04,2023-06-01,backfill,O:HYG230616C00074000,74.0,2023-06-16,2023-05-15,1.02,1.05,1.0,1.05,33,3,1.02,,monthly_30d_atm,weekly_2_strike0,43,15
HYG,2023-05-04,2023-06-01,backfill,O:HYG230616C00074000,74.0,2023-06-16,2023-05-16,0.79,0.8,0.75,0.75,133,12,0.79,,monthly_30d_atm,weekly_2_strike0,43,15
HYG,2023-05-04,2023-06-01,backfill,O:HYG230616C00074000,74.0,2023-06-16,2023-05-17,0.79,0.82,0.71,0.78,6127,11,0.79,,monthly_30d_atm,weekly_2_strike0,43,15
HYG,2023-05-04,2023-06-01,backfill,O:HYG230616C00074000,74.0,2023-06-16,2023-05-18,0.6,0.74,0.56,0.72,932,48,0.6,,monthly_30d_atm,weekly_2_strike0,43,15
HYG,2023-05-04,2023-06-01,backfill,O:HYG230616C00074000,74.0,2023-06-16,2023-05-19,0.7,0.79,0.6,0.6,5590,69,0.7,,monthly_30d_atm,weekly_2_strike0,43,15
HYG,2023-05-04,2023-06-01,backfill,O:HYG230616C00074000,74.0,2023-06-16,2023-05-22,0.84,0.96,0.7,0.88,2805,18,0.84,,monthly_30d_atm,weekly_2_strike0,43,15
HYG,2023-05-04,2023-06-01,backfill,O:HYG230616C00074000,74.0,2023-06-16,2023-05-24,0.62,0.63,0.43,0.46,321,10,0.62,,monthly_30d_atm,weekly_2_strike0,43,15
HYG,2023-05-04,2023-06-01,backfill,O:HYG230616C00074000,74.0,2023-06-16,2023-05-25,0.33,0.34,0.33,0.34,2507,3,0.33,,monthly_30d_atm,weekly_2_strike0,43,15
HYG,2023-05-04,2023-06-01,backfill,O:HYG230616C00074000,74.0,2023-06-16,2023-05-26,0.39,0.49,0.39,0.49,85,6,0.39,,monthly_30d_atm,weekly_2_strike0,43,15
HYG,2023-05-04,2023-06-01,backfill,O:HYG230616C00074000,74.0,2023-06-16,2023-05-30,0.52,0.53,0.51,0.53,41,2,0.52,,monthly_30d_atm,weekly_2_strike0,43,15
HYG,2023-05-04,2023-06-01,backfill,O:HYG230616C00074000,74.0,2023-06-16,2023-05-31,0.45,0.5,0.38,0.5,8967,24,0.45,,monthly_30d_atm,weekly_2_strike0,43,15
HYG,2023-05-04,2023-06-01,backfill,O:HYG230616C00074000,74.0,2023-06-16,2023-06-01,0.51,0.72,0.43,0.68,8762,43,0.51,,monthly_30d_atm,weekly_2_strike0,43,15
IBM,2022-01-11,2022-01-24,backfill,O:IBM220218C00135000,135.0,2022-02-18,2022-01-11,2.91,3.55,2.1,3.55,735,99,2.91,,monthly_30d_25d_otm,weekly_2_strike0,38,735
IBM,2022-01-11,2022-01-24,backfill,O:IBM220218C00135000,135.0,2022-02-18,2022-01-12,3.9,4.05,2.88,3.77,985,54,3.9,,monthly_30d_25d_otm,weekly_2_strike0,38,735
IBM,2022-01-11,2022-01-24,backfill,O:IBM220218C00135000,135.0,2022-02-18,2022-01-13,3.8,5.05,3.8,4.65,333,49,3.8,,monthly_30d_25d_otm,weekly_2_strike0,38,735
IBM,2022-01-11,2022-01-24,backfill,O:IBM220218C00135000,135.0,2022-02-18,2022-01-14,4.1,4.74,3.74,4.17,318,42,4.1,,monthly_30d_25d_otm,weekly_2_strike0,38,735
IBM,2022-01-11,2022-01-24,backfill,O:IBM220218C00135000,135.0,2022-02-18,2022-01-18,3.6,4.0,3.29,3.6,488,32,3.6,,monthly_30d_25d_otm,weekly_2_strike0,38,735
IBM,2022-01-11,2022-01-24,backfill,O:IBM220218C00135000,135.0,2022-02-18,2022-01-19,3.3,4.0,3.2,3.25,209,32,3.3,,monthly_30d_25d_otm,weekly_2_strike0,38,735
IBM,2022-01-11,2022-01-24,backfill,O:IBM220218C00135000,135.0,2022-02-18,2022-01-20,2.81,3.31,2.67,2.67,604,49,2.81,,monthly_30d_25d_otm,weekly_2_strike0,38,735
IBM,2022-01-11,2022-01-24,backfill,O:IBM220218C00135000,135.0,2022-02-18,2022-01-21,2.8,3.31,2.65,2.85,940,73,2.8,,monthly_30d_25d_otm,weekly_2_strike0,38,735
IBM,2022-01-11,2022-01-24,backfill,O:IBM220218C00135000,135.0,2022-02-18,2022-01-24,2.4,3.1,2.0,2.94,1238,132,2.4,,monthly_30d_25d_otm,weekly_2_strike0,38,735
IBM,2022-05-04,2022-06-01,backfill,O:IBM220715C00150000,150.0,2022-07-15,2022-05-04,0.58,0.83,0.5,0.82,53,13,0.58,,monthly_60d_20d_otm,weekly_2_strike0,72,53
IBM,2022-05-04,2022-06-01,backfill,O:IBM220715C00150000,150.0,2022-07-15,2022-05-05,0.69,1.04,0.69,0.82,1083,20,0.69,,monthly_60d_20d_otm,weekly_2_strike0,72,53
IBM,2022-05-04,2022-06-01,backfill,O:IBM220715C00150000,150.0,2022-07-15,2022-05-06,1.01,1.2,0.97,1.15,132,25,1.01,,monthly_60d_20d_otm,weekly_2_strike0,72,53
IBM,2022-05-04,2022-06-01,backfill,O:IBM220715C00150000,150.0,2022-07-15,2022-05-09,0.9,1.32,0.85,1.15,477,26,0.9,,monthly_60d_20d_otm,weekly_2_strike0,72,53
IBM,2022-05-04,2022-06-01,backfill,O:IBM220715C00150000,150.0,2022-07-15,2022-05-10,0.86,0.97,0.53,0.61,476,42,0.86,,monthly_60d_20d_otm,weekly_2_strike0,72,53
IBM,2022-05-04,2022-06-01,backfill,O:IBM220715C00150000,150.0,2022-07-15,2022-05-11,0.62,1.0,0.62,0.68,76,28,0.62,,monthly_60d_20d_otm,weekly_2_strike0,72,53
IBM,2022-05-04,2022-06-01,backfill,O:IBM220715C00150000,150.0,2022-07-15,2022-05-12,0.85,0.97,0.75,0.91,57,15,0.85,,monthly_60d_20d_otm,weekly_2_strike0,72,53
IBM,2022-05-04,2022-06-01,backfill,O:IBM220715C00150000,150.0,2022-07-15,2022-05-13,0.7,0.79,0.63,0.75,433,18,0.7,,monthly_60d_20d_otm,weekly_2_strike0,72,53
IBM,2022-05-04,2022-06-01,backfill,O:IBM220715C00150000,150.0,2022-07-15,2022-05-16,0.6,1.0,0.6,0.83,74,15,0.6,,monthly_60d_20d_otm,weekly_2_strike0,72,53
IBM,2022-05-04,2022-06-01,backfill,O:IBM220715C00150000,150.0,2022-07-15,2022-05-17,0.8,1.13,0.8,1.09,174,35,0.8,,monthly_60d_20d_otm,weekly_2_strike0,72,53
IBM,2022-05-04,2022-06-01,backfill,O:IBM220715C00150000,150.0,2022-07-15,2022-05-18,0.93,0.93,0.57,0.63,258,26,0.93,,monthly_60d_20d_otm,weekly_2_strike0,72,53
IBM,2022-05-04,2022-06-01,backfill,O:IBM220715C00150000,150.0,2022-07-15,2022-05-19,0.66,0.66,0.38,0.38,82,25,0.66,,monthly_60d_20d_otm,weekly_2_strike0,72,53
IBM,2022-05-04,2022-06-01,backfill,O:IBM220715C00150000,150.0,2022-07-15,2022-05-20,0.4,0.4,0.22,0.22,332,25,0.4,,monthly_60d_20d_otm,weekly_2_strike0,72,53
IBM,2022-05-04,2022-06-01,backfill,O:IBM220715C00150000,150.0,2022-07-15,2022-05-23,0.35,0.38,0.29,0.33,182,13,0.35,,monthly_60d_20d_otm,weekly_2_strike0,72,53
IBM,2022-05-04,2022-06-01,backfill,O:IBM220715C00150000,150.0,2022-07-15,2022-05-24,0.35,0.52,0.28,0.52,126,24,0.35,,monthly_60d_20d_otm,weekly_2_strike0,72,53
IBM,2022-05-04,2022-06-01,backfill,O:IBM220715C00150000,150.0,2022-07-15,2022-05-25,0.5,0.5,0.43,0.5,136,21,0.5,,monthly_60d_20d_otm,weekly_2_strike0,72,53
IBM,2022-05-04,2022-06-01,backfill,O:IBM220715C00150000,150.0,2022-07-15,2022-05-26,0.51,0.69,0.49,0.64,1040,110,0.51,,monthly_60d_20d_otm,weekly_2_strike0,72,53
IBM,2022-05-04,2022-06-01,backfill,O:IBM220715C00150000,150.0,2022-07-15,2022-05-27,0.66,1.05,0.65,0.8,1062,122,0.66,,monthly_60d_20d_otm,weekly_2_strike0,72,53
IBM,2022-05-04,2022-06-01,backfill,O:IBM220715C00150000,150.0,2022-07-15,2022-05-31,0.65,0.88,0.53,0.73,364,76,0.65,,monthly_60d_20d_otm,weekly_2_strike0,72,53
IBM,2022-05-04,2022-06-01,backfill,O:IBM220715C00150000,150.0,2022-07-15,2022-06-01,0.95,0.95,0.66,0.83,277,68,0.95,,monthly_60d_20d_otm,weekly_2_strike0,72,53
IBM,2023-07-31,2023-08-25,backfill,O:IBM230915C00145000,145.0,2023-09-15,2023-07-31,1.75,2.15,1.75,2.02,344,56,1.75,,monthly_45d_40d_otm,weekly_2_strike0,46,344
IBM,2023-07-31,2023-08-25,backfill,O:IBM230915C00145000,145.0,2023-09-15,2023-08-01,2.09,2.09,1.26,1.65,1005,79,2.09,,monthly_45d_40d_otm,weekly_2_strike0,46,344
IBM,2023-07-31,2023-08-25,backfill,O:IBM230915C00145000,145.0,2023-09-15,2023-08-02,1.46,2.22,1.41,2.14,1468,86,1.46,,monthly_45d_40d_otm,weekly_2_strike0,46,344
IBM,2023-07-31,2023-08-25,backfill,O:IBM230915C00145000,145.0,2023-09-15,2023-08-03,1.92,2.63,1.89,2.41,531,70,1.92,,monthly_45d_40d_otm,weekly_2_strike0,46,344
IBM,2023-07-31,2023-08-25,backfill,O:IBM230915C00145000,145.0,2023-09-15,2023-08-04,2.47,2.9,2.14,2.25,220,66,2.47,,monthly_45d_40d_otm,weekly_2_strike0,46,344
IBM,2023-07-31,2023-08-25,backfill,O:IBM230915C00145000,145.0,2023-09-15,2023-08-07,2.4,3.2,2.4,3.05,4832,78,2.4,,monthly_45d_40d_otm,weekly_2_strike0,46,344
IBM,2023-07-31,2023-08-25,backfill,O:IBM230915C00145000,145.0,2023-09-15,2023-08-08,2.52,2.92,2.15,2.85,998,92,2.52,,monthly_45d_40d_otm,weekly_2_strike0,46,344
IBM,2023-07-31,2023-08-25,backfill,O:IBM230915C00145000,145.0,2023-09-15,2023-08-09,2.64,2.91,1.98,2.08,597,85,2.64,,monthly_45d_40d_otm,weekly_2_strike0,46,344
IBM,2023-07-31,2023-08-25,backfill,O:IBM230915C00145000,145.0,2023-09-15,2023-08-10,2.19,2.87,2.06,2.17,551,82,2.19,,monthly_45d_40d_otm,weekly_2_strike0,46,344
IBM,2023-07-31,2023-08-25,backfill,O:IBM230915C00145000,145.0,2023-09-15,2023-08-11,2.0,2.22,1.84,2.11,255,49,2.0,,monthly_45d_40d_otm,weekly_2_strike0,46,344
IBM,2023-07-31,2023-08-25,backfill,O:IBM230915C00145000,145.0,2023-09-15,2023-08-14,2.02,2.02,1.44,1.44,535,84,2.02,,monthly_45d_40d_otm,weekly_2_strike0,46,344
IBM,2023-07-31,2023-08-25,backfill,O:IBM230915C00145000,145.0,2023-09-15,2023-08-15,1.42,1.55,1.33,1.47,528,73,1.42,,monthly_45d_40d_otm,weekly_2_strike0,46,344
IBM,2023-07-31,2023-08-25,backfill,O:IBM230915C00145000,145.0,2023-09-15,2023-08-16,1.37,1.4,1.03,1.05,1876,54,1.37,,monthly_45d_40d_otm,weekly_2_strike0,46,344
IBM,2023-07-31,2023-08-25,backfill,O:IBM230915C00145000,145.0,2023-09-15,2023-08-17,1.31,1.63,1.15,1.16,3562,71,1.31,,monthly_45d_40d_otm,weekly_2_strike0,46,344
IBM,2023-07-31,2023-08-25,backfill,O:IBM230915C00145000,145.0,2023-09-15,2023-08-18,0.93,1.17,0.93,1.15,905,50,0.93,,monthly_45d_40d_otm,weekly_2_strike0,46,344
IBM,2023-07-31,2023-08-25,backfill,O:IBM230915C00145000,145.0,2023-09-15,2023-08-21,1.11,1.29,0.92,1.21,1413,50,1.11,,monthly_45d_40d_otm,weekly_2_strike0,46,344
IBM,2023-07-31,2023-08-25,backfill,O:IBM230915C00145000,145.0,2023-09-15,2023-08-22,1.25,1.58,0.98,0.98,727,55,1.25,,monthly_45d_40d_otm,weekly_2_strike0,46,344
IBM,2023-07-31,2023-08-25,backfill,O:IBM230915C00145000,145.0,2023-09-15,2023-08-23,1.1,1.66,1.06,1.66,203,46,1.1,,monthly_45d_40d_otm,weekly_2_strike0,46,344
IBM,2023-07-31,2023-08-25,backfill,O:IBM230915C00145000,145.0,2023-09-15,2023-08-24,1.75,2.02,1.5,1.65,385,53,1.75,,monthly_45d_40d_otm,weekly_2_strike0,46,344
IBM,2023-07-31,2023-08-25,backfill,O:IBM230915C00145000,145.0,2023-09-15,2023-08-25,2.0,2.45,1.67,2.35,2551,95,2.0,,monthly_45d_40d_otm,weekly_2_strike0,46,344
IBM,2024-03-06,2024-04-03,backfill,O:IBM240517C00210000,210.0,2024-05-17,2024-03-06,3.6,5.7,3.45,4.85,231,46,3.6,,monthly_60d_20d_otm,weekly_2_strike2,72,231
IBM,2024-03-06,2024-04-03,backfill,O:IBM240517C00210000,210.0,2024-05-17,2024-03-07,5.15,5.25,4.75,5.03,84,21,5.15,,monthly_60d_20d_otm,weekly_2_strike2,72,231
IBM,2024-03-06,2024-04-03,backfill,O:IBM240517C00210000,210.0,2024-05-17,2024-03-08,4.65,4.95,4.1,4.57,118,29,4.65,,monthly_60d_20d_otm,weekly_2_strike2,72,231
IBM,2024-03-06,2024-04-03,backfill,O:IBM240517C00210000,210.0,2024-05-17,2024-03-11,4.18,4.45,3.0,3.05,281,34,4.18,,monthly_60d_20d_otm,weekly_2_strike2,72,231
IBM,2024-03-06,2024-04-03,backfill,O:IBM240517C00210000,210.0,2024-05-17,2024-03-12,3.47,5.38,3.47,5.15,111,29,3.47,,monthly_60d_20d_otm,weekly_2_strike2,72,231
IBM,2024-03-06,2024-04-03,backfill,O:IBM240517C00210000,210.0,2024-05-17,2024-03-13,5.05,5.05,4.31,4.34,214,17,5.05,,monthly_60d_20d_otm,weekly_2_strike2,72,231
IBM,2024-03-06,2024-04-03,backfill,O:IBM240517C00210000,210.0,2024-05-17,2024-03-14,3.95,3.95,3.2,3.2,19,8,3.95,,monthly_60d_20d_otm,weekly_2_strike2,72,231
IBM,2024-03-06,2024-04-03,backfill,O:IBM240517C00210000,210.0,2024-05-17,2024-03-15,2.94,3.1,2.58,2.58,54,10,2.94,,monthly_60d_20d_otm,weekly_2_strike2,72,231
IBM,2024-03-06,2024-04-03,backfill,O:IBM240517C00210000,210.0,2024-05-17,2024-03-18,2.71,3.13,2.5,3.03,156,26,2.71,,monthly_60d_20d_otm,weekly_2_strike2,72,231
IBM,2024-03-06,2024-04-03,backfill,O:IBM240517C00210000,210.0,2024-05-17,2024-03-19,2.53,2.95,2.53,2.72,65,14,2.53,,monthly_60d_20d_otm,weekly_2_strike2,72,231
IBM,2024-03-06,2024-04-03,backfill,O:IBM240517C00210000,210.0,2024-05-17,2024-03-20,2.62,2.87,2.52,2.8,39,16,2.62,,monthly_60d_20d_otm,weekly_2_strike2,72,231
IBM,2024-03-06,2024-04-03,backfill,O:IBM240517C00210000,210.0,2024-05-17,2024-03-21,2.45,2.85,2.08,2.67,582,26,2.45,,monthly_60d_20d_otm,weekly_2_strike2,72,231
IBM,2024-03-06,2024-04-03,backfill,O:IBM240517C00210000,210.0,2024-05-17,2024-03-22,2.6,2.82,2.27,2.35,80,20,2.6,,monthly_60d_20d_otm,weekly_2_strike2,72,231
IBM,2024-03-06,2024-04-03,backfill,O:IBM240517C00210000,210.0,2024-05-17,2024-03-25,2.0,2.23,2.0,2.04,90,31,2.0,,monthly_60d_20d_otm,weekly_2_strike2,72,231
IBM,2024-03-06,2024-04-03,backfill,O:IBM240517C00210000,210.0,2024-05-17,2024-03-26,2.1,2.23,1.95,1.95,59,19,2.1,,monthly_60d_20d_otm,weekly_2_strike2,72,231
IBM,2024-03-06,2024-04-03,backfill,O:IBM240517C00210000,210.0,2024-05-17,2024-03-27,2.03,2.24,1.84,2.2,162,67,2.03,,monthly_60d_20d_otm,weekly_2_strike2,72,231
IBM,2024-03-06,2024-04-03,backfill,O:IBM240517C00210000,210.0,2024-05-17,2024-03-28,2.24,2.3,2.12,2.25,205,29,2.24,,monthly_60d_20d_otm,weekly_2_strike2,72,231
IBM,2024-03-06,2024-04-03,backfill,O:IBM240517C00210000,210.0,2024-05-17,2024-04-01,1.98,2.03,1.72,1.86,152,29,1.98,,monthly_60d_20d_otm,weekly_2_strike2,72,231
IBM,2024-03-06,2024-04-03,backfill,O:IBM240517C00210000,210.0,2024-05-17,2024-04-02,1.82,1.82,1.56,1.67,37,20,1.82,,monthly_60d_20d_otm,weekly_2_strike2,72,231
IBM,2024-03-06,2024-04-03,backfill,O:IBM240517C00210000,210.0,2024-05-17,2024-04-03,1.81,2.25,1.81,2.22,10212,48,1.81,,monthly_60d_20d_otm,weekly_2_strike2,72,231
IBM,2025-10-27,2025-11-21,backfill,O:IBM251121C00320000,320.0,2025-11-21,2025-10-27,5.75,7.8,3.93,7.55,192,59,5.75,,monthly_30d_35d_otm,weekly_2_strike1,25,192
IBM,2025-10-27,2025-11-21,backfill,O:IBM251121C00320000,320.0,2025-11-21,2025-10-28,7.32,10.33,6.9,8.4,257,69,7.32,,monthly_30d_35d_otm,weekly_2_strike1,25,192
IBM,2025-10-27,2025-11-21,backfill,O:IBM251121C00320000,320.0,2025-11-21,2025-10-29,6.75,7.1,5.02,5.02,76,22,6.75,,monthly_30d_35d_otm,weekly_2_strike1,25,192
IBM,2025-10-27,2025-11-21,backfill,O:IBM251121C00320000,320.0,2025-11-21,2025-10-30,4.4,6.6,4.4,5.04,182,26,4.4,,monthly_30d_35d_otm,weekly_2_strike1,25,192
IBM,2025-10-27,2025-11-21,backfill,O:IBM251121C00320000,320.0,2025-11-21,2025-10-31,5.75,6.04,2.8,4.1,275,39,5.75,,monthly_30d_35d_otm,weekly_2_strike1,25,192
IBM,2025-10-27,2025-11-21,backfill,O:IBM251121C00320000,320.0,2025-11-21,2025-11-03,3.8,5.0,2.72,2.72,447,32,3.8,,monthly_30d_35d_otm,weekly_2_strike1,25,192
IBM,2025-10-27,2025-11-21,backfill,O:IBM251121C00320000,320.0,2025-11-21,2025-11-04,2.05,2.59,1.15,1.65,59,29,2.05,,monthly_30d_35d_otm,weekly_2_strike1,25,192
IBM,2025-10-27,2025-11-21,backfill,O:IBM251121C00320000,320.0,2025-11-21,2025-11-05,2.0,2.77,1.5,2.77,242,56,2.0,,monthly_30d_35d_otm,weekly_2_strike1,25,192
IBM,2025-10-27,2025-11-21,backfill,O:IBM251121C00320000,320.0,2025-11-21,2025-11-06,2.55,5.15,2.14,4.3,2341,85,2.55,,monthly_30d_35d_otm,weekly_2_strike1,25,192
IBM,2025-10-27,2025-11-21,backfill,O:IBM251121C00320000,320.0,2025-11-21,2025-11-07,2.68,2.92,1.62,2.11,2318,66,2.68,,monthly_30d_35d_otm,weekly_2_strike1,25,192
IBM,2025-10-27,2025-11-21,backfill,O:IBM251121C00320000,320.0,2025-11-21,2025-11-10,2.1,2.82,1.5,2.33,185,42,2.1,,monthly_30d_35d_otm,weekly_2_strike1,25,192
IBM,2025-10-27,2025-11-21,backfill,O:IBM251121C00320000,320.0,2025-11-21,2025-11-11,3.25,6.0,2.33,3.7,1172,125,3.25,,monthly_30d_35d_otm,weekly_2_strike1,25,192
IBM,2025-10-27,2025-11-21,backfill,O:IBM251121C00320000,320.0,2025-11-21,2025-11-12,6.46,9.75,3.9,3.95,1622,138,6.46,,monthly_30d_35d_otm,weekly_2_strike1,25,192
IBM,2025-10-27,2025-11-21,backfill,O:IBM251121C00320000,320.0,2025-11-21,2025-11-13,3.05,3.7,1.05,1.23,820,99,3.05,,monthly_30d_35d_otm,weekly_2_strike1,25,192
IBM,2025-10-27,2025-11-21,backfill,O:IBM251121C00320000,320.0,2025-11-21,2025-11-14,0.71,1.2,0.5,0.76,1556,117,0.71,,monthly_30d_35d_otm,weekly_2_strike1,25,192
IBM,2025-10-27,2025-11-21,backfill,O:IBM251121C00320000,320.0,2025-11-21,2025-11-17,0.52,0.85,0.19,0.2,459,81,0.52,,monthly_30d_35d_otm,weekly_2_strike1,25,192
IBM,2025-10-27,2025-11-21,backfill,O:IBM251121C00320000,320.0,2025-11-21,2025-11-18,0.38,0.38,0.07,0.14,381,32,0.38,,monthly_30d_35d_otm,weekly_2_strike1,25,192
IBM,2025-10-27,2025-11-21,backfill,O:IBM251121C00320000,320.0,2025-11-21,2025-11-19,0.1,0.1,0.03,0.04,195,27,0.1,,monthly_30d_35d_otm,weekly_2_strike1,25,192
IBM,2025-10-27,2025-11-21,backfill,O:IBM251121C00320000,320.0,2025-11-21,2025-11-20,0.14,0.14,0.01,0.03,354,29,0.14,,monthly_30d_35d_otm,weekly_2_strike1,25,192
IBM,2025-10-27,2025-11-21,backfill,O:IBM251121C00320000,320.0,2025-11-21,2025-11-21,0.01,0.06,0.01,0.01,109,19,0.01,,monthly_30d_35d_otm,weekly_2_strike1,25,192
INTC,2020-04-03,2020-05-01,backfill,O:INTC200515C00065000,65.0,2020-05-15,2020-04-03,0.5,0.5,0.34,0.42,1631,23,0.5,,monthly_30d_35d_otm,weekly_2_strike0,42,1631
INTC,2020-04-03,2020-05-01,backfill,O:INTC200515C00065000,65.0,2020-05-15,2020-04-06,0.7,0.95,0.47,0.95,959,74,0.7,,monthly_30d_35d_otm,weekly_2_strike0,42,1631
INTC,2020-04-03,2020-05-01,backfill,O:INTC200515C00065000,65.0,2020-05-15,2020-04-07,1.22,2.0,1.08,1.08,2080,122,1.22,,monthly_30d_35d_otm,weekly_2_strike0,42,1631
INTC,2020-04-03,2020-05-01,backfill,O:INTC200515C00065000,65.0,2020-05-15,2020-04-08,1.2,1.25,0.9,1.06,2503,93,1.2,,monthly_30d_35d_otm,weekly_2_strike0,42,1631
INTC,2020-04-03,2020-05-01,backfill,O:INTC200515C00065000,65.0,2020-05-15,2020-04-09,1.13,1.25,0.55,0.69,1164,71,1.13,,monthly_30d_35d_otm,weekly_2_strike0,42,1631
INTC,2020-04-03,2020-05-01,backfill,O:INTC200515C00065000,65.0,2020-05-15,2020-04-13,0.58,0.92,0.58,0.92,4033,72,0.58,,monthly_30d_35d_otm,weekly_2_strike0,42,1631
INTC,2020-04-03,2020-05-01,backfill,O:INTC200515C00065000,65.0,2020-05-15,2020-04-14,1.1,1.35,1.02,1.27,1265,114,1.1,,monthly_30d_35d_otm,weekly_2_strike0,42,1631
INTC,2020-04-03,2020-05-01,backfill,O:INTC200515C00065000,65.0,2020-05-15,2020-04-15,1.12,1.12,0.78,0.85,483,60,1.12,,monthly_30d_35d_otm,weekly_2_strike0,42,1631
INTC,2020-04-03,2020-05-01,backfill,O:INTC200515C00065000,65.0,2020-05-15,2020-04-16,1.0,1.53,0.84,1.49,2162,118,1.0,,monthly_30d_35d_otm,weekly_2_strike0,42,1631
INTC,2020-04-03,2020-05-01,backfill,O:INTC200515C00065000,65.0,2020-05-15,2020-04-17,1.76,1.96,1.21,1.28,1819,135,1.76,,monthly_30d_35d_otm,weekly_2_strike0,42,1631
INTC,2020-04-03,2020-05-01,backfill,O:INTC200515C00065000,65.0,2020-05-15,2020-04-20,1.11,1.27,1.0,1.01,1297,119,1.11,,monthly_30d_35d_otm,weekly_2_strike0,42,1631
INTC,2020-04-03,2020-05-01,backfill,O:INTC200515C00065000,65.0,2020-05-15,2020-04-21,0.76,0.92,0.5,0.55,1168,104,0.76,,monthly_30d_35d_otm,weekly_2_strike0,42,1631
INTC,2020-04-03,2020-05-01,backfill,O:INTC200515C00065000,65.0,2020-05-15,2020-04-22,0.75,1.27,0.75,1.17,3519,134,0.75,,monthly_30d_35d_otm,weekly_2_strike0,42,1631
INTC,2020-04-03,2020-05-01,backfill,O:INTC200515C00065000,65.0,2020-05-15,2020-04-23,1.03,1.1,0.46,0.81,4113,201,1.03,,monthly_30d_35d_otm,weekly_2_strike0,42,1631
INTC,2020-04-03,2020-05-01,backfill,O:INTC200515C00065000,65.0,2020-05-15,2020-04-24,0.55,1.47,0.06,0.36,4652,170,0.55,,monthly_30d_35d_otm,weekly_2_strike0,42,1631
INTC,2020-04-03,2020-05-01,backfill,O:INTC200515C00065000,65.0,2020-05-15,2020-04-27,0.38,0.43,0.16,0.24,1540,99,0.38,,monthly_30d_35d_otm,weekly_2_strike0,42,1631
INTC,2020-04-03,2020-05-01,backfill,O:INTC200515C00065000,65.0,2020-05-15,2020-04-28,0.25,0.29,0.14,0.2,9475,151,0.25,,monthly_30d_35d_otm,weekly_2_strike0,42,1631
INTC,2020-04-03,2020-05-01,backfill,O:INTC200515C00065000,65.0,2020-05-15,2020-04-29,0.21,0.52,0.2,0.44,7828,253,0.21,,monthly_30d_35d_otm,weekly_2_strike0,42,1631
INTC,2020-04-03,2020-05-01,backfill,O:INTC200515C00065000,65.0,2020-05-15,2020-04-30,0.41,0.41,0.23,0.25,1603,85,0.41,,monthly_30d_35d_otm,weekly_2_strike0,42,1631
INTC,2020-04-03,2020-05-01,backfill,O:INTC200515C00065000,65.0,2020-05-15,2020-05-01,0.14,0.18,0.08,0.11,2519,76,0.14,,monthly_30d_35d_otm,weekly_2_strike0,42,1631
INTC,2022-05-16,2022-06-13,backfill,O:INTC220617C00045000,45.0,2022-06-17,2022-05-16,1.17,1.17,0.91,0.93,2084,155,1.17,,monthly_30d_40d_otm,weekly_2_strike0,32,2084
INTC,2022-05-16,2022-06-13,backfill,O:INTC220617C00045000,45.0,2022-06-17,2022-05-17,1.18,1.34,1.13,1.34,1265,126,1.18,,monthly_30d_40d_otm,weekly_2_strike0,32,2084
INTC,2022-05-16,2022-06-13,backfill,O:INTC220617C00045000,45.0,2022-06-17,2022-05-18,1.15,1.19,0.72,0.73,5916,145,1.15,,monthly_30d_40d_otm,weekly_2_strike0,32,2084
INTC,2022-05-16,2022-06-13,backfill,O:INTC220617C00045000,45.0,2022-06-17,2022-05-19,0.74,0.78,0.54,0.55,8324,165,0.74,,monthly_30d_40d_otm,weekly_2_strike0,32,2084
INTC,2022-05-16,2022-06-13,backfill,O:INTC220617C00045000,45.0,2022-06-17,2022-05-20,0.56,0.58,0.28,0.42,11887,167,0.56,,monthly_30d_40d_otm,weekly_2_strike0,32,2084
INTC,2022-05-16,2022-06-13,backfill,O:INTC220617C00045000,45.0,2022-06-17,2022-05-23,0.43,0.46,0.36,0.4,2981,181,0.43,,monthly_30d_40d_otm,weekly_2_strike0,32,2084
INTC,2022-05-16,2022-06-13,backfill,O:INTC220617C00045000,45.0,2022-06-17,2022-05-24,0.35,0.38,0.27,0.34,17408,108,0.35,,monthly_30d_40d_otm,weekly_2_strike0,32,2084
INTC,2022-05-16,2022-06-13,backfill,O:INTC220617C00045000,45.0,2022-06-17,2022-05-25,0.31,0.45,0.28,0.39,3213,135,0.31,,monthly_30d_40d_otm,weekly_2_strike0,32,2084
INTC,2022-05-16,2022-06-13,backfill,O:INTC220617C00045000,45.0,2022-06-17,2022-05-26,0.38,0.75,0.38,0.67,4969,162,0.38,,monthly_30d_40d_otm,weekly_2_strike0,32,2084
INTC,2022-05-16,2022-06-13,backfill,O:INTC220617C00045000,45.0,2022-06-17,2022-05-27,0.68,1.06,0.68,1.06,7957,223,0.68,,monthly_30d_40d_otm,weekly_2_strike0,32,2084
INTC,2022-05-16,2022-06-13,backfill,O:INTC220617C00045000,45.0,2022-06-17,2022-05-31,0.94,1.11,0.69,0.94,5940,213,0.94,,monthly_30d_40d_otm,weekly_2_strike0,32,2084
INTC,2022-05-16,2022-06-13,backfill,O:INTC220617C00045000,45.0,2022-06-17,2022-06-01,1.11,1.11,0.6,0.8,3522,138,1.11,,monthly_30d_40d_otm,weekly_2_strike0,32,2084
INTC,2022-05-16,2022-06-13,backfill,O:INTC220617C00045000,45.0,2022-06-17,2022-06-02,0.77,1.03,0.71,1.02,3729,163,0.77,,monthly_30d_40d_otm,weekly_2_strike0,32,2084
INTC,2022-05-16,2022-06-13,backfill,O:INTC220617C00045000,45.0,2022-06-17,2022-06-03,0.74,0.77,0.45,0.45,2420,183,0.74,,monthly_30d_40d_otm,weekly_2_strike0,32,2084
INTC,2022-05-16,2022-06-13,backfill,O:INTC220617C00045000,45.0,2022-06-17,2022-06-06,0.57,0.59,0.3,0.36,4398,151,0.57,,monthly_30d_40d_otm,weekly_2_strike0,32,2084
INTC,2022-05-16,2022-06-13,backfill,O:INTC220617C00045000,45.0,2022-06-17,2022-06-07,0.26,0.39,0.24,0.38,1397,140,0.26,,monthly_30d_40d_otm,weekly_2_strike0,32,2084
INTC,2022-05-16,2022-06-13,backfill,O:INTC220617C00045000,45.0,2022-06-17,2022-06-08,0.18,0.18,0.07,0.08,4017,161,0.18,,monthly_30d_40d_otm,weekly_2_strike0,32,2084
INTC,2022-05-16,2022-06-13,backfill,O:INTC220617C00045000,45.0,2022-06-17,2022-06-09,0.07,0.08,0.05,0.05,1420,80,0.07,,monthly_30d_40d_otm,weekly_2_strike0,32,2084
INTC,2022-05-16,2022-06-13,backfill,O:INTC220617C00045000,45.0,2022-06-17,2022-06-10,0.04,0.05,0.03,0.03,788,86,0.04,,monthly_30d_40d_otm,weekly_2_strike0,32,2084
INTC,2022-05-16,2022-06-13,backfill,O:INTC220617C00045000,45.0,2022-06-17,2022-06-13,0.03,0.04,0.01,0.02,938,68,0.03,,monthly_30d_40d_otm,weekly_2_strike0,32,2084
IONQ,2023-06-30,2023-07-28,backfill,O:IONQ230721C00016000,16.0,2023-07-21,2023-06-30,0.8,1.2,0.6,0.65,877,43,0.8,,monthly_30d_30d_otm,weekly_1_strike0,21,877
IONQ,2023-06-30,2023-07-28,backfill,O:IONQ230721C00016000,16.0,2023-07-21,2023-07-03,0.85,0.85,0.5,0.5,58,12,0.85,,monthly_30d_30d_otm,weekly_1_strike0,21,877
IONQ,2023-06-30,2023-07-28,backfill,O:IONQ230721C00016000,16.0,2023-07-21,2023-07-05,0.51,1.05,0.48,0.6,262,25,0.51,,monthly_30d_30d_otm,weekly_1_strike0,21,877
IONQ,2023-06-30,2023-07-28,backfill,O:IONQ230721C00016000,16.0,2023-07-21,2023-07-06,0.4,0.4,0.25,0.35,58,19,0.4,,monthly_30d_30d_otm,weekly_1_strike0,21,877
IONQ,2023-06-30,2023-07-28,backfill,O:IONQ230721C00016000,16.0,2023-07-21,2023-07-07,0.5,0.55,0.35,0.35,133,8,0.5,,monthly_30d_30d_otm,weekly_1_strike0,21,877
IONQ,2023-06-30,2023-07-28,backfill,O:IONQ230721C00016000,16.0,2023-07-21,2023-07-10,0.4,0.5,0.23,0.38,295,21,0.4,,monthly_30d_30d_otm,weekly_1_strike0,21,877
IONQ,2023-06-30,2023-07-28,backfill,O:IONQ230721C00016000,16.0,2023-07-21,2023-07-11,0.35,0.5,0.25,0.35,163,17,0.35,,monthly_30d_30d_otm,weekly_1_strike0,21,877
IONQ,2023-06-30,2023-07-28,backfill,O:IONQ230721C00016000,16.0,2023-07-21,2023-07-12,0.34,0.56,0.33,0.56,262,26,0.34,,monthly_30d_30d_otm,weekly_1_strike0,21,877
IONQ,2023-06-30,2023-07-28,backfill,O:IONQ230721C00016000,16.0,2023-07-21,2023-07-13,0.43,0.45,0.25,0.4,367,22,0.43,,monthly_30d_30d_otm,weekly_1_strike0,21,877
IONQ,2023-06-30,2023-07-28,backfill,O:IONQ230721C00016000,16.0,2023-07-21,2023-07-14,0.6,0.7,0.15,0.18,598,35,0.6,,monthly_30d_30d_otm,weekly_1_strike0,21,877
IONQ,2023-06-30,2023-07-28,backfill,O:IONQ230721C00016000,16.0,2023-07-21,2023-07-17,0.11,0.35,0.11,0.35,307,41,0.11,,monthly_30d_30d_otm,weekly_1_strike0,21,877
IONQ,2023-06-30,2023-07-28,backfill,O:IONQ230721C00016000,16.0,2023-07-21,2023-07-18,0.27,0.65,0.25,0.55,1777,97,0.27,,monthly_30d_30d_otm,weekly_1_strike0,21,877
IONQ,2023-06-30,2023-07-28,backfill,O:IONQ230721C00016000,16.0,2023-07-21,2023-07-19,0.65,0.8,0.2,0.3,1403,99,0.65,,monthly_30d_30d_otm,weekly_1_strike0,21,877
IONQ,2023-06-30,2023-07-28,backfill,O:IONQ230721C00016000,16.0,2023-07-21,2023-07-20,0.2,0.55,0.1,0.1,523,41,0.2,,monthly_30d_30d_otm,weekly_1_strike0,21,877
IONQ,2023-06-30,2023-07-28,backfill,O:IONQ230721C00016000,16.0,2023-07-21,2023-07-21,0.15,0.15,0.02,0.02,60,16,0.15,,monthly_30d_30d_otm,weekly_1_strike0,21,877
IONQ,2023-09-01,2023-09-29,backfill,O:IONQ231020C00022500,22.5,2023-10-20,2023-09-01,0.92,0.98,0.85,0.97,29,6,0.92,,monthly_30d_25d_otm,weekly_1_strike0,49,29
IONQ,2023-09-01,2023-09-29,backfill,O:IONQ231020C00022500,22.5,2023-10-20,2023-09-05,1.03,1.49,1.0,1.45,622,52,1.03,,monthly_30d_25d_otm,weekly_1_strike0,49,29
IONQ,2023-09-01,2023-09-29,backfill,O:IONQ231020C00022500,22.5,2023-10-20,2023-09-06,1.4,1.88,1.3,1.65,275,41,1.4,,monthly_30d_25d_otm,weekly_1_strike0,49,29
IONQ,2023-09-01,2023-09-29,backfill,O:IONQ231020C00022500,22.5,2023-10-20,2023-09-07,1.4,1.4,0.82,1.0,161,27,1.4,,monthly_30d_25d_otm,weekly_1_strike0,49,29
IONQ,2023-09-01,2023-09-29,backfill,O:IONQ231020C00022500,22.5,2023-10-20,2023-09-08,1.35,1.58,1.15,1.58,141,32,1.35,,monthly_30d_25d_otm,weekly_1_strike0,49,29
IONQ,2023-09-01,2023-09-29,backfill,O:IONQ231020C00022500,22.5,2023-10-20,2023-09-11,1.6,1.7,1.37,1.62,143,20,1.6,,monthly_30d_25d_otm,weekly_1_strike0,49,29
IONQ,2023-09-01,2023-09-29,backfill,O:IONQ231020C00022500,22.5,2023-10-20,2023-09-12,1.75,2.56,1.5,1.5,1479,114,1.75,,monthly_30d_25d_otm,weekly_1_strike0,49,29
IONQ,2023-09-01,2023-09-29,backfill,O:IONQ231020C00022500,22.5,2023-10-20,2023-09-13,1.32,1.69,1.23,1.25,178,29,1.32,,monthly_30d_25d_otm,weekly_1_strike0,49,29
IONQ,2023-09-01,2023-09-29,backfill,O:IONQ231020C00022500,22.5,2023-10-20,2023-09-14,1.4,1.4,0.95,1.05,145,19,1.4,,monthly_30d_25d_otm,weekly_1_strike0,49,29
IONQ,2023-09-01,2023-09-29,backfill,O:IONQ231020C00022500,22.5,2023-10-20,2023-09-15,0.83,0.83,0.65,0.69,119,26,0.83,,monthly_30d_25d_otm,weekly_1_strike0,49,29
IONQ,2023-09-01,2023-09-29,backfill,O:IONQ231020C00022500,22.5,2023-10-20,2023-09-18,0.75,0.8,0.45,0.45,163,17,0.75,,monthly_30d_25d_otm,weekly_1_strike0,49,29
IONQ,2023-09-01,2023-09-29,backfill,O:IONQ231020C00022500,22.5,2023-10-20,2023-09-19,0.5,0.5,0.38,0.4,42,13,0.5,,monthly_30d_25d_otm,weekly_1_strike0,49,29
IONQ,2023-09-01,2023-09-29,backfill,O:IONQ231020C00022500,22.5,2023-10-20,2023-09-20,0.39,0.42,0.25,0.25,135,16,0.39,,monthly_30d_25d_otm,weekly_1_strike0,49,29
IONQ,2023-09-01,2023-09-29,backfill,O:IONQ231020C00022500,22.5,2023-10-20,2023-09-21,0.16,0.2,0.15,0.15,96,17,0.16,,monthly_30d_25d_otm,weekly_1_strike0,49,29
IONQ,2023-09-01,2023-09-29,backfill,O:IONQ231020C00022500,22.5,2023-10-20,2023-09-22,0.15,0.17,0.1,0.1,24,4,0.15,,monthly_30d_25d_otm,weekly_1_strike0,49,29
IONQ,2023-09-01,2023-09-29,backfill,O:IONQ231020C00022500,22.5,2023-10-20,2023-09-25,0.09,0.15,0.05,0.15,43,6,0.09,,monthly_30d_25d_otm,weekly_1_strike0,49,29
IONQ,2023-09-01,2023-09-29,backfill,O:IONQ231020C00022500,22.5,2023-10-20,2023-09-27,0.07,0.2,0.06,0.2,28,6,0.07,,monthly_30d_25d_otm,weekly_1_strike0,49,29
IONQ,2023-09-01,2023-09-29,backfill,O:IONQ231020C00022500,22.5,2023-10-20,2023-09-28,0.25,0.25,0.16,0.22,23,6,0.25,,monthly_30d_25d_otm,weekly_1_strike0,49,29
IONQ,2023-09-01,2023-09-29,backfill,O:IONQ231020C00022500,22.5,2023-10-20,2023-09-29,0.18,0.22,0.13,0.22,6,3,0.18,,monthly_30d_25d_otm,weekly_1_strike0,49,29
IONQ,2024-09-12,2024-10-09,backfill,O:IONQ241018C00007500,7.5,2024-10-18,2024-09-12,0.47,0.56,0.47,0.56,14,7,0.47,,monthly_30d_35d_otm,weekly_2_strike0,36,14
IONQ,2024-09-12,2024-10-09,backfill,O:IONQ241018C00007500,7.5,2024-10-18,2024-09-13,0.69,0.81,0.65,0.75,768,27,0.69,,monthly_30d_35d_otm,weekly_2_strike0,36,14
IONQ,2024-09-12,2024-10-09,backfill,O:IONQ241018C00007500,7.5,2024-10-18,2024-09-16,0.63,0.96,0.63,0.96,10,7,0.63,,monthly_30d_35d_otm,weekly_2_strike0,36,14
IONQ,2024-09-12,2024-10-09,backfill,O:IONQ241018C00007500,7.5,2024-10-18,2024-09-17,0.88,1.11,0.88,1.05,55,12,0.88,,monthly_30d_35d_otm,weekly_2_strike0,36,14
IONQ,2024-09-12,2024-10-09,backfill,O:IONQ241018C00007500,7.5,2024-10-18,2024-09-18,0.82,1.09,0.82,0.9,69,8,0.82,,monthly_30d_35d_otm,weekly_2_strike0,36,14
IONQ,2024-09-12,2024-10-09,backfill,O:IONQ241018C00007500,7.5,2024-10-18,2024-09-19,0.8,0.8,0.65,0.65,27,7,0.8,,monthly_30d_35d_otm,weekly_2_strike0,36,14
IONQ,2024-09-12,2024-10-09,backfill,O:IONQ241018C00007500,7.5,2024-10-18,2024-09-20,0.77,1.03,0.77,1.0,64,15,0.77,,monthly_30d_35d_otm,weekly_2_strike0,36,14
IONQ,2024-09-12,2024-10-09,backfill,O:IONQ241018C00007500,7.5,2024-10-18,2024-09-23,1.09,1.17,0.82,0.89,736,16,1.09,,monthly_30d_35d_otm,weekly_2_strike0,36,14
IONQ,2024-09-12,2024-10-09,backfill,O:IONQ241018C00007500,7.5,2024-10-18,2024-09-24,0.91,1.02,0.75,1.02,6,4,0.91,,monthly_30d_35d_otm,weekly_2_strike0,36,14
IONQ,2024-09-12,2024-10-09,backfill,O:IONQ241018C00007500,7.5,2024-10-18,2024-09-25,0.78,0.78,0.51,0.55,102,14,0.78,,monthly_30d_35d_otm,weekly_2_strike0,36,14
IONQ,2024-09-12,2024-10-09,backfill,O:IONQ241018C00007500,7.5,2024-10-18,2024-09-26,0.74,0.87,0.61,0.87,25,8,0.74,,monthly_30d_35d_otm,weekly_2_strike0,36,14
IONQ,2024-09-12,2024-10-09,backfill,O:IONQ241018C00007500,7.5,2024-10-18,2024-09-27,1.42,2.6,1.26,2.26,291,38,1.42,,monthly_30d_35d_otm,weekly_2_strike0,36,14
IONQ,2024-09-12,2024-10-09,backfill,O:IONQ241018C00007500,7.5,2024-10-18,2024-09-30,2.38,2.5,1.4,1.4,646,9,2.38,,monthly_30d_35d_otm,weekly_2_strike0,36,14
IONQ,2024-09-12,2024-10-09,backfill,O:IONQ241018C00007500,7.5,2024-10-18,2024-10-01,1.56,1.56,0.91,0.91,50,8,1.56,,monthly_30d_35d_otm,weekly_2_strike0,36,14
IONQ,2024-09-12,2024-10-09,backfill,O:IONQ241018C00007500,7.5,2024-10-18,2024-10-02,1.02,1.85,0.95,1.85,33,8,1.02,,monthly_30d_35d_otm,weekly_2_strike0,36,14
IONQ,2024-09-12,2024-10-09,backfill,O:IONQ241018C00007500,7.5,2024-10-18,2024-10-03,1.82,1.82,1.76,1.76,5,2,1.82,,monthly_30d_35d_otm,weekly_2_strike0,36,14
IONQ,2024-09-12,2024-10-09,backfill,O:IONQ241018C00007500,7.5,2024-10-18,2024-10-04,1.78,1.88,1.78,1.88,21,3,1.78,,monthly_30d_35d_otm,weekly_2_strike0,36,14
IONQ,2024-09-12,2024-10-09,backfill,O:IONQ241018C00007500,7.5,2024-10-18,2024-10-07,2.05,2.05,1.45,1.45,5,4,2.05,,monthly_30d_35d_otm,weekly_2_strike0,36,14
IONQ,2024-09-12,2024-10-09,backfill,O:IONQ241018C00007500,7.5,2024-10-18,2024-10-08,2.03,2.15,2.0,2.05,189,6,2.03,,monthly_30d_35d_otm,weekly_2_strike0,36,14
IONQ,2024-09-12,2024-10-09,backfill,O:IONQ241018C00007500,7.5,2024-10-18,2024-10-09,2.09,2.09,1.78,1.96,32,5,2.09,,monthly_30d_35d_otm,weekly_2_strike0,36,14
ISRG,2021-05-07,2021-06-04,backfill,O:ISRG210618C00890000,890.0,2021-06-18,2021-05-07,14.9,14.9,13.6,13.6,7,4,14.9,,monthly_30d_35d_otm,weekly_1_strike0,42,7
ISRG,2021-05-07,2021-06-04,backfill,O:ISRG210618C00890000,890.0,2021-06-18,2021-05-11,5.44,5.44,5.44,5.44,1,1,5.44,,monthly_30d_35d_otm,weekly_1_strike0,42,7
ISRG,2021-05-07,2021-06-04,backfill,O:ISRG210618C00890000,890.0,2021-06-18,2021-05-12,4.5,4.5,4.5,4.5,2,1,4.5,,monthly_30d_35d_otm,weekly_1_strike0,42,7
ISRG,2021-05-07,2021-06-04,backfill,O:ISRG210618C00890000,890.0,2021-06-18,2021-05-14,7.0,7.0,7.0,7.0,1,1,7.0,,monthly_30d_35d_otm,weekly_1_strike0,42,7
ISRG,2021-05-07,2021-06-04,backfill,O:ISRG210618C00890000,890.0,2021-06-18,2021-05-17,1.8,1.8,1.8,1.8,10,1,1.8,,monthly_30d_35d_otm,weekly_1_strike0,42,7
ISRG,2021-05-07,2021-06-04,backfill,O:ISRG210618C00890000,890.0,2021-06-18,2021-05-19,1.93,1.93,1.93,1.93,7,1,1.93,,monthly_30d_35d_otm,weekly_1_strike0,42,7
ISRG,2021-05-07,2021-06-04,backfill,O:ISRG210618C00890000,890.0,2021-06-18,2021-05-20,5.03,5.3,5.03,5.3,2,2,5.03,,monthly_30d_35d_otm,weekly_1_strike0,42,7
ISRG,2021-05-07,2021-06-04,backfill,O:ISRG210618C00890000,890.0,2021-06-18,2021-05-21,2.85,3.8,2.85,3.8,4,2,2.85,,monthly_30d_35d_otm,weekly_1_strike0,42,7
ISRG,2021-05-07,2021-06-04,backfill,O:ISRG210618C00890000,890.0,2021-06-18,2021-05-24,3.6,3.71,3.23,3.23,13,3,3.6,,monthly_30d_35d_otm,weekly_1_strike0,42,7
ISRG,2021-05-07,2021-06-04,backfill,O:ISRG210618C00890000,890.0,2021-06-18,2021-05-25,4.0,4.0,3.81,3.81,6,4,4.0,,monthly_30d_35d_otm,weekly_1_strike0,42,7
ISRG,2021-05-07,2021-06-04,backfill,O:ISRG210618C00890000,890.0,2021-06-18,2021-05-26,3.23,3.23,2.47,2.47,2,2,3.23,,monthly_30d_35d_otm,weekly_1_strike0,42,7
ISRG,2021-05-07,2021-06-04,backfill,O:ISRG210618C00890000,890.0,2021-06-18,2021-05-27,3.3,3.3,3.3,3.3,1,1,3.3,,monthly_30d_35d_otm,weekly_1_strike0,42,7
ISRG,2021-05-07,2021-06-04,backfill,O:ISRG210618C00890000,890.0,2021-06-18,2021-05-28,5.2,5.2,4.58,4.58,5,2,5.2,,monthly_30d_35d_otm,weekly_1_strike0,42,7
ISRG,2021-05-07,2021-06-04,backfill,O:ISRG210618C00890000,890.0,2021-06-18,2021-06-01,2.2,2.2,2.0,2.0,7,4,2.2,,monthly_30d_35d_otm,weekly_1_strike0,42,7
ISRG,2021-05-07,2021-06-04,backfill,O:ISRG210618C00890000,890.0,2021-06-18,2021-06-02,1.8,1.8,1.8,1.8,1,1,1.8,,monthly_30d_35d_otm,weekly_1_strike0,42,7
ISRG,2021-05-07,2021-06-04,backfill,O:ISRG210618C00890000,890.0,2021-06-18,2021-06-03,0.15,0.15,0.15,0.15,1,1,0.15,,monthly_30d_35d_otm,weekly_1_strike0,42,7
ISRG,2021-07-29,2021-08-25,backfill,O:ISRG210820C00990000,990.0,2021-08-20,2021-07-29,15.8,17.5,15.8,17.5,35,2,15.8,,monthly_30d_35d_otm,weekly_2_strike0,22,35
ISRG,2021-07-29,2021-08-25,backfill,O:ISRG210820C00990000,990.0,2021-08-20,2021-07-30,16.35,23.99,16.3,22.26,19,7,16.35,,monthly_30d_35d_otm,weekly_2_strike0,22,35
ISRG,2021-07-29,2021-08-25,backfill,O:ISRG210820C00990000,990.0,2021-08-20,2021-08-02,24.9,24.9,20.8,21.38,35,5,24.9,,monthly_30d_35d_otm,weekly_2_strike0,22,35
ISRG,2021-07-29,2021-08-25,backfill,O:ISRG210820C00990000,990.0,2021-08-20,2021-08-03,24.7,25.3,24.39,25.3,5,1,24.7,,monthly_30d_35d_otm,weekly_2_strike0,22,35
ISRG,2021-07-29,2021-08-25,backfill,O:ISRG210820C00990000,990.0,2021-08-20,2021-08-04,22.87,22.87,20.0,20.0,4,3,22.87,,monthly_30d_35d_otm,weekly_2_strike0,22,35
ISRG,2021-07-29,2021-08-25,backfill,O:ISRG210820C00990000,990.0,2021-08-20,2021-08-05,29.9,39.5,29.9,39.5,10,4,29.9,,monthly_30d_35d_otm,weekly_2_strike0,22,35
ISRG,2021-07-29,2021-08-25,backfill,O:ISRG210820C00990000,990.0,2021-08-20,2021-08-06,37.5,37.5,37.5,37.5,1,1,37.5,,monthly_30d_35d_otm,weekly_2_strike0,22,35
ISRG,2021-07-29,2021-08-25,backfill,O:ISRG210820C00990000,990.0,2021-08-20,2021-08-10,32.17,32.17,28.0,28.0,5,2,32.17,,monthly_30d_35d_otm,weekly_2_strike0,22,35
ISRG,2021-07-29,2021-08-25,backfill,O:ISRG210820C00990000,990.0,2021-08-20,2021-08-11,17.9,18.51,17.9,18.51,7,2,17.9,,monthly_30d_35d_otm,weekly_2_strike0,22,35
ISRG,2021-07-29,2021-08-25,backfill,O:ISRG210820C00990000,990.0,2021-08-20,2021-08-12,23.78,23.78,23.78,23.78,2,1,23.78,,monthly_30d_35d_otm,weekly_2_strike0,22,35
ISRG,2021-07-29,2021-08-25,backfill,O:ISRG210820C00990000,990.0,2021-08-20,2021-08-16,23.0,28.5,23.0,28.5,10,4,23.0,,monthly_30d_35d_otm,weekly_2_strike0,22,35
ISRG,2021-07-29,2021-08-25,backfill,O:ISRG210820C00990000,990.0,2021-08-20,2021-08-17,26.4,26.4,26.4,26.4,1,1,26.4,,monthly_30d_35d_otm,weekly_2_strike0,22,35
ISRG,2021-07-29,2021-08-25,backfill,O:ISRG210820C00990000,990.0,2021-08-20,2021-08-18,58.0,58.0,58.0,58.0,1,1,58.0,,monthly_30d_35d_otm,weekly_2_strike0,22,35
ISRG,2021-07-29,2021-08-25,backfill,O:ISRG210820C00990000,990.0,2021-08-20,2021-08-20,66.6,66.64,58.82,58.82,11,2,66.6,,monthly_30d_35d_otm,weekly_2_strike0,22,35
ISRG,2023-04-21,2023-05-18,backfill,O:ISRG230519C00315000,315.0,2023-05-19,2023-04-21,2.11,2.41,1.7,2.32,57,8,2.11,,monthly_30d_30d_otm,weekly_1_strike0,28,57
ISRG,2023-04-21,2023-05-18,backfill,O:ISRG230519C00315000,315.0,2023-05-19,2023-04-24,2.02,2.72,2.02,2.1,30,8,2.02,,monthly_30d_30d_otm,weekly_1_strike0,28,57
ISRG,2023-04-21,2023-05-18,backfill,O:ISRG230519C00315000,315.0,2023-05-19,2023-04-25,1.45,1.45,1.45,1.45,2,1,1.45,,monthly_30d_30d_otm,weekly_1_strike0,28,57
ISRG,2023-04-21,2023-05-18,backfill,O:ISRG230519C00315000,315.0,2023-05-19,2023-04-26,0.97,1.25,0.97,1.18,33,5,0.97,,monthly_30d_30d_otm,weekly_1_strike0,28,57
ISRG,2023-04-21,2023-05-18,backfill,O:ISRG230519C00315000,315.0,2023-05-19,2023-04-27,0.93,0.93,0.68,0.91,16,7,0.93,,monthly_30d_30d_otm,weekly_1_strike0,28,57
ISRG,2023-04-21,2023-05-18,backfill,O:ISRG230519C00315000,315.0,2023-05-19,2023-04-28,0.95,1.54,0.95,1.54,9,6,0.95,,monthly_30d_30d_otm,weekly_1_strike0,28,57
ISRG,2023-04-21,2023-05-18,backfill,O:ISRG230519C00315000,315.0,2023-05-19,2023-05-01,2.1,2.1,1.53,1.63,3,3,2.1,,monthly_30d_30d_otm,weekly_1_strike0,28,57
ISRG,2023-04-21,2023-05-18,backfill,O:ISRG230519C00315000,315.0,2023-05-19,2023-05-02,1.5,1.62,1.25,1.62,13,6,1.5,,monthly_30d_30d_otm,weekly_1_strike0,28,57
ISRG,2023-04-21,2023-05-18,backfill,O:ISRG230519C00315000,315.0,2023-05-19,2023-05-03,1.89,2.76,1.89,2.35,31,7,1.89,,monthly_30d_30d_otm,weekly_1_strike0,28,57
ISRG,2023-04-21,2023-05-18,backfill,O:ISRG230519C00315000,315.0,2023-05-19,2023-05-04,1.72,1.72,1.72,1.72,3,1,1.72,,monthly_30d_30d_otm,weekly_1_strike0,28,57
ISRG,2023-04-21,2023-05-18,backfill,O:ISRG230519C00315000,315.0,2023-05-19,2023-05-05,1.2,1.52,1.2,1.4,21,10,1.2,,monthly_30d_30d_otm,weekly_1_strike0,28,57
ISRG,2023-04-21,2023-05-18,backfill,O:ISRG230519C00315000,315.0,2023-05-19,2023-05-08,1.2,1.2,0.65,0.65,20,8,1.2,,monthly_30d_30d_otm,weekly_1_strike0,28,57
ISRG,2023-04-21,2023-05-18,backfill,O:ISRG230519C00315000,315.0,2023-05-19,2023-05-09,0.6,0.6,0.4,0.4,65,7,0.6,,monthly_30d_30d_otm,weekly_1_strike0,28,57
ISRG,2023-04-21,2023-05-18,backfill,O:ISRG230519C00315000,315.0,2023-05-19,2023-05-10,0.35,0.4,0.35,0.4,9,3,0.35,,monthly_30d_30d_otm,weekly_1_strike0,28,57
ISRG,2023-04-21,2023-05-18,backfill,O:ISRG230519C00315000,315.0,2023-05-19,2023-05-11,0.25,0.35,0.25,0.35,8,3,0.25,,monthly_30d_30d_otm,weekly_1_strike0,28,57
ISRG,2023-04-21,2023-05-18,backfill,O:ISRG230519C00315000,315.0,2023-05-19,2023-05-12,0.3,0.45,0.23,0.32,90,15,0.3,,monthly_30d_30d_otm,weekly_1_strike0,28,57
ISRG,2023-04-21,2023-05-18,backfill,O:ISRG230519C00315000,315.0,2023-05-19,2023-05-15,0.31,0.35,0.25,0.3,20,5,0.31,,monthly_30d_30d_otm,weekly_1_strike0,28,57
ISRG,2023-04-21,2023-05-18,backfill,O:ISRG230519C00315000,315.0,2023-05-19,2023-05-16,0.72,0.72,0.17,0.2,57,6,0.72,,monthly_30d_30d_otm,weekly_1_strike0,28,57
ISRG,2023-04-21,2023-05-18,backfill,O:ISRG230519C00315000,315.0,2023-05-19,2023-05-17,0.05,0.1,0.05,0.1,23,7,0.05,,monthly_30d_30d_otm,weekly_1_strike0,28,57
ISRG,2023-04-21,2023-05-18,backfill,O:ISRG230519C00315000,315.0,2023-05-19,2023-05-18,0.69,0.69,0.05,0.47,672,55,0.69,,monthly_30d_30d_otm,weekly_1_strike0,28,57
IWM,2021-02-02,2021-03-02,backfill,O:IWM210319C00225000,225.0,2021-03-19,2021-02-02,3.67,3.71,2.92,3.57,2448,87,3.67,,monthly_30d_25d_otm,weekly_2_strike0,45,2448
IWM,2021-02-02,2021-03-02,backfill,O:IWM210319C00225000,225.0,2021-03-19,2021-02-03,3.5,3.73,2.88,3.3,4284,76,3.5,,monthly_30d_25d_otm,weekly_2_strike0,45,2448
IWM,2021-02-02,2021-03-02,backfill,O:IWM210319C00225000,225.0,2021-03-19,2021-02-04,3.6,4.9,3.49,4.74,1053,95,3.6,,monthly_30d_25d_otm,weekly_2_strike0,45,2448
IWM,2021-02-02,2021-03-02,backfill,O:IWM210319C00225000,225.0,2021-03-19,2021-02-05,5.7,6.26,5.02,6.2,12967,117,5.7,,monthly_30d_25d_otm,weekly_2_strike0,45,2448
IWM,2021-02-02,2021-03-02,backfill,O:IWM210319C00225000,225.0,2021-03-19,2021-02-08,7.03,9.4,6.88,9.4,2554,180,7.03,,monthly_30d_25d_otm,weekly_2_strike0,45,2448
IWM,2021-02-02,2021-03-02,backfill,O:IWM210319C00225000,225.0,2021-03-19,2021-02-09,9.34,10.9,8.91,9.86,1393,79,9.34,,monthly_30d_25d_otm,weekly_2_strike0,45,2448
IWM,2021-02-02,2021-03-02,backfill,O:IWM210319C00225000,225.0,2021-03-19,2021-02-10,11.06,11.35,8.55,9.46,1715,96,11.06,,monthly_30d_25d_otm,weekly_2_strike0,45,2448
IWM,2021-02-02,2021-03-02,backfill,O:IWM210319C00225000,225.0,2021-03-19,2021-02-11,9.91,10.6,7.62,9.05,881,77,9.91,,monthly_30d_25d_otm,weekly_2_strike0,45,2448
IWM,2021-02-02,2021-03-02,backfill,O:IWM210319C00225000,225.0,2021-03-19,2021-02-12,7.93,9.45,7.93,8.59,2176,40,7.93,,monthly_30d_25d_otm,weekly_2_strike0,45,2448
IWM,2021-02-02,2021-03-02,backfill,O:IWM210319C00225000,225.0,2021-03-19,2021-02-16,10.22,10.22,7.61,8.08,3864,97,10.22,,monthly_30d_25d_otm,weekly_2_strike0,45,2448
IWM,2021-02-02,2021-03-02,backfill,O:IWM210319C00225000,225.0,2021-03-19,2021-02-17,7.09,7.43,5.63,6.81,2590,131,7.09,,monthly_30d_25d_otm,weekly_2_strike0,45,2448
IWM,2021-02-02,2021-03-02,backfill,O:IWM210319C00225000,225.0,2021-03-19,2021-02-18,5.93,5.98,4.66,4.99,3438,134,5.93,,monthly_30d_25d_otm,weekly_2_strike0,45,2448
IWM,2021-02-02,2021-03-02,backfill,O:IWM210319C00225000,225.0,2021-03-19,2021-02-19,5.68,7.7,5.68,7.12,3509,181,5.68,,monthly_30d_25d_otm,weekly_2_strike0,45,2448
IWM,2021-02-02,2021-03-02,backfill,O:IWM210319C00225000,225.0,2021-03-19,2021-02-22,6.43,7.57,6.07,6.18,964,112,6.43,,monthly_30d_25d_otm,weekly_2_strike0,45,2448
IWM,2021-02-02,2021-03-02,backfill,O:IWM210319C00225000,225.0,2021-03-19,2021-02-23,4.89,5.5,3.31,5.1,5562,168,4.89,,monthly_30d_25d_otm,weekly_2_strike0,45,2448
IWM,2021-02-02,2021-03-02,backfill,O:IWM210319C00225000,225.0,2021-03-19,2021-02-24,5.79,8.0,5.41,7.83,1626,126,5.79,,monthly_30d_25d_otm,weekly_2_strike0,45,2448
IWM,2021-02-02,2021-03-02,backfill,O:IWM210319C00225000,225.0,2021-03-19,2021-02-25,7.67,8.01,4.34,4.55,2239,193,7.67,,monthly_30d_25d_otm,weekly_2_strike0,45,2448
IWM,2021-02-02,2021-03-02,backfill,O:IWM210319C00225000,225.0,2021-03-19,2021-02-26,4.54,5.2,3.17,3.82,4947,168,4.54,,monthly_30d_25d_otm,weekly_2_strike0,45,2448
IWM,2021-02-02,2021-03-02,backfill,O:IWM210319C00225000,225.0,2021-03-19,2021-03-01,5.45,7.03,5.08,6.75,6125,184,5.45,,monthly_30d_25d_otm,weekly_2_strike0,45,2448
IWM,2021-02-02,2021-03-02,backfill,O:IWM210319C00225000,225.0,2021-03-19,2021-03-02,6.49,6.56,4.39,4.39,1794,116,6.49,,monthly_30d_25d_otm,weekly_2_strike0,45,2448
IWM,2025-08-28,2025-09-25,backfill,O:IWM250919C00245000,245.0,2025-09-19,2025-08-28,1.91,1.91,1.43,1.64,4064,107,1.91,,monthly_30d_30d_otm,weekly_2_strike0,22,4064
IWM,2025-08-28,2025-09-25,backfill,O:IWM250919C00245000,245.0,2025-09-19,2025-08-29,1.65,1.72,1.13,1.22,2158,106,1.65,,monthly_30d_30d_otm,weekly_2_strike0,22,4064
IWM,2025-08-28,2025-09-25,backfill,O:IWM250919C00245000,245.0,2025-09-19,2025-09-02,0.8,1.05,0.73,0.98,1089,100,0.8,,monthly_30d_30d_otm,weekly_2_strike0,22,4064
IWM,2025-08-28,2025-09-25,backfill,O:IWM250919C00245000,245.0,2025-09-19,2025-09-03,0.96,1.11,0.68,0.83,1822,77,0.96,,monthly_30d_30d_otm,weekly_2_strike0,22,4064
IWM,2025-08-28,2025-09-25,backfill,O:IWM250919C00245000,245.0,2025-09-19,2025-09-04,0.84,1.25,0.71,1.25,1858,85,0.84,,monthly_30d_30d_otm,weekly_2_strike0,22,4064
IWM,2025-08-28,2025-09-25,backfill,O:IWM250919C00245000,245.0,2025-09-19,2025-09-05,1.32,1.78,0.82,1.08,7219,176,1.32,,monthly_30d_30d_otm,weekly_2_strike0,22,4064
IWM,2025-08-28,2025-09-25,backfill,O:IWM250919C00245000,245.0,2025-09-19,2025-09-08,1.17,1.17,0.73,1.05,10664,125,1.17,,monthly_30d_30d_otm,weekly_2_strike0,22,4064
IWM,2025-08-28,2025-09-25,backfill,O:IWM250919C00245000,245.0,2025-09-19,2025-09-09,0.91,0.94,0.56,0.69,2311,129,0.91,,monthly_30d_30d_otm,weekly_2_strike0,22,4064
IWM,2025-08-28,2025-09-25,backfill,O:IWM250919C00245000,245.0,2025-09-19,2025-09-10,0.78,0.95,0.5,0.59,6136,118,0.78,,monthly_30d_30d_otm,weekly_2_strike0,22,4064
IWM,2025-08-28,2025-09-25,backfill,O:IWM250919C00245000,245.0,2025-09-19,2025-09-11,0.55,1.37,0.5,1.27,27193,229,0.55,,monthly_30d_30d_otm,weekly_2_strike0,22,4064
IWM,2025-08-28,2025-09-25,backfill,O:IWM250919C00245000,245.0,2025-09-19,2025-09-12,1.05,1.07,0.55,0.56,16290,255,1.05,,monthly_30d_30d_otm,weekly_2_strike0,22,4064
IWM,2025-08-28,2025-09-25,backfill,O:IWM250919C00245000,245.0,2025-09-19,2025-09-15,0.61,0.84,0.49,0.81,14071,236,0.61,,monthly_30d_30d_otm,weekly_2_strike0,22,4064
IWM,2025-08-28,2025-09-25,backfill,O:IWM250919C00245000,245.0,2025-09-19,2025-09-16,0.78,0.9,0.57,0.89,11597,232,0.78,,monthly_30d_30d_otm,weekly_2_strike0,22,4064
IWM,2025-08-28,2025-09-25,backfill,O:IWM250919C00245000,245.0,2025-09-19,2025-09-17,0.92,2.46,0.29,0.3,64006,369,0.92,,monthly_30d_30d_otm,weekly_2_strike0,22,4064
IWM,2025-08-28,2025-09-25,backfill,O:IWM250919C00245000,245.0,2025-09-19,2025-09-18,0.41,1.5,0.27,1.22,78654,392,0.41,,monthly_30d_30d_otm,weekly_2_strike0,22,4064
IWM,2025-08-28,2025-09-25,backfill,O:IWM250919C00245000,245.0,2025-09-19,2025-09-19,1.1,1.16,0.01,0.01,119508,375,1.1,,monthly_30d_30d_otm,weekly_2_strike0,22,4064
JD,2026-04-01,2026-04-02,backfill,O:JD260515C00031000,31.0,2026-05-15,2026-04-01,0.68,0.68,0.55,0.58,75,6,0.68,,monthly_30d_30d_otm,weekly_2_strike0,44,75
JD,2026-04-01,2026-04-02,backfill,O:JD260515C00031000,31.0,2026-05-15,2026-04-02,0.49,0.54,0.47,0.47,88,7,0.49,,monthly_30d_30d_otm,weekly_2_strike0,44,75
JNJ,2020-04-27,2020-05-22,backfill,O:JNJ200619C00155000,155.0,2020-06-19,2020-04-27,6.0,6.22,4.93,4.93,359,53,6.0,,monthly_45d_atm,weekly_2_strike0,53,359
JNJ,2020-04-27,2020-05-22,backfill,O:JNJ200619C00155000,155.0,2020-06-19,2020-04-28,3.8,4.15,3.05,3.2,314,44,3.8,,monthly_45d_atm,weekly_2_strike0,53,359
JNJ,2020-04-27,2020-05-22,backfill,O:JNJ200619C00155000,155.0,2020-06-19,2020-04-29,3.1,3.1,2.2,2.56,385,59,3.1,,monthly_45d_atm,weekly_2_strike0,53,359
JNJ,2020-04-27,2020-05-22,backfill,O:JNJ200619C00155000,155.0,2020-06-19,2020-04-30,2.02,2.6,1.74,2.6,109,37,2.02,,monthly_45d_atm,weekly_2_strike0,53,359
JNJ,2020-04-27,2020-05-22,backfill,O:JNJ200619C00155000,155.0,2020-06-19,2020-05-01,2.54,2.54,1.99,2.26,751,40,2.54,,monthly_45d_atm,weekly_2_strike0,53,359
JNJ,2020-04-27,2020-05-22,backfill,O:JNJ200619C00155000,155.0,2020-06-19,2020-05-04,2.43,2.5,1.98,2.19,157,41,2.43,,monthly_45d_atm,weekly_2_strike0,53,359
JNJ,2020-04-27,2020-05-22,backfill,O:JNJ200619C00155000,155.0,2020-06-19,2020-05-05,2.65,2.68,2.15,2.15,221,69,2.65,,monthly_45d_atm,weekly_2_strike0,53,359
JNJ,2020-04-27,2020-05-22,backfill,O:JNJ200619C00155000,155.0,2020-06-19,2020-05-06,2.37,2.37,1.83,1.84,348,52,2.37,,monthly_45d_atm,weekly_2_strike0,53,359
JNJ,2020-04-27,2020-05-22,backfill,O:JNJ200619C00155000,155.0,2020-06-19,2020-05-07,1.75,1.75,1.44,1.52,340,58,1.75,,monthly_45d_atm,weekly_2_strike0,53,359
JNJ,2020-04-27,2020-05-22,backfill,O:JNJ200619C00155000,155.0,2020-06-19,2020-05-08,1.52,1.65,1.36,1.45,583,37,1.52,,monthly_45d_atm,weekly_2_strike0,53,359
JNJ,2020-04-27,2020-05-22,backfill,O:JNJ200619C00155000,155.0,2020-06-19,2020-05-11,1.45,1.74,1.3,1.45,766,75,1.45,,monthly_45d_atm,weekly_2_strike0,53,359
JNJ,2020-04-27,2020-05-22,backfill,O:JNJ200619C00155000,155.0,2020-06-19,2020-05-12,1.45,1.53,0.95,0.98,386,65,1.45,,monthly_45d_atm,weekly_2_strike0,53,359
JNJ,2020-04-27,2020-05-22,backfill,O:JNJ200619C00155000,155.0,2020-06-19,2020-05-13,0.81,1.32,0.44,1.29,290,57,0.81,,monthly_45d_atm,weekly_2_strike0,53,359
JNJ,2020-04-27,2020-05-22,backfill,O:JNJ200619C00155000,155.0,2020-06-19,2020-05-14,1.04,1.44,1.01,1.34,178,42,1.04,,monthly_45d_atm,weekly_2_strike0,53,359
JNJ,2020-04-27,2020-05-22,backfill,O:JNJ200619C00155000,155.0,2020-06-19,2020-05-15,1.31,1.84,0.93,1.83,4669,84,1.31,,monthly_45d_atm,weekly_2_strike0,53,359
JNJ,2020-04-27,2020-05-22,backfill,O:JNJ200619C00155000,155.0,2020-06-19,2020-05-18,2.36,2.83,1.57,1.57,1581,109,2.36,,monthly_45d_atm,weekly_2_strike0,53,359
JNJ,2020-04-27,2020-05-22,backfill,O:JNJ200619C00155000,155.0,2020-06-19,2020-05-19,1.5,1.71,1.07,1.3,597,66,1.5,,monthly_45d_atm,weekly_2_strike0,53,359
JNJ,2020-04-27,2020-05-22,backfill,O:JNJ200619C00155000,155.0,2020-06-19,2020-05-20,1.4,1.4,0.85,0.93,786,75,1.4,,monthly_45d_atm,weekly_2_strike0,53,359
JNJ,2020-04-27,2020-05-22,backfill,O:JNJ200619C00155000,155.0,2020-06-19,2020-05-21,1.02,1.02,0.63,0.74,1126,60,1.02,,monthly_45d_atm,weekly_2_strike0,53,359
JNJ,2020-04-27,2020-05-22,backfill,O:JNJ200619C00155000,155.0,2020-06-19,2020-05-22,0.68,0.71,0.48,0.5,262,71,0.68,,monthly_45d_atm,weekly_2_strike0,53,359
JNJ,2021-01-15,2021-02-12,backfill,O:JNJ210219C00165000,165.0,2021-02-19,2021-01-15,3.2,3.4,2.57,2.9,1428,131,3.2,,monthly_30d_25d_otm,weekly_1_strike0,35,1428
JNJ,2021-01-15,2021-02-12,backfill,O:JNJ210219C00165000,165.0,2021-02-19,2021-01-19,3.0,3.6,3.0,3.59,1135,132,3.0,,monthly_30d_25d_otm,weekly_1_strike0,35,1428
JNJ,2021-01-15,2021-02-12,backfill,O:JNJ210219C00165000,165.0,2021-02-19,2021-01-20,3.64,4.1,3.2,3.5,1374,117,3.64,,monthly_30d_25d_otm,weekly_1_strike0,35,1428
JNJ,2021-01-15,2021-02-12,backfill,O:JNJ210219C00165000,165.0,2021-02-19,2021-01-21,3.55,3.85,2.64,3.65,1144,84,3.55,,monthly_30d_25d_otm,weekly_1_strike0,35,1428
JNJ,2021-01-15,2021-02-12,backfill,O:JNJ210219C00165000,165.0,2021-02-19,2021-01-22,3.85,5.0,3.72,4.45,2614,187,3.85,,monthly_30d_25d_otm,weekly_1_strike0,35,1428
JNJ,2021-01-15,2021-02-12,backfill,O:JNJ210219C00165000,165.0,2021-02-19,2021-01-25,5.23,6.0,4.4,5.91,5305,249,5.23,,monthly_30d_25d_otm,weekly_1_strike0,35,1428
JNJ,2021-01-15,2021-02-12,backfill,O:JNJ210219C00165000,165.0,2021-02-19,2021-01-26,7.25,10.55,7.25,8.02,2568,139,7.25,,monthly_30d_25d_otm,weekly_1_strike0,35,1428
JNJ,2021-01-15,2021-02-12,backfill,O:JNJ210219C00165000,165.0,2021-02-19,2021-01-27,7.5,8.49,6.5,6.85,752,83,7.5,,monthly_30d_25d_otm,weekly_1_strike0,35,1428
JNJ,2021-01-15,2021-02-12,backfill,O:JNJ210219C00165000,165.0,2021-02-19,2021-01-28,6.95,8.31,6.75,7.57,843,85,6.95,,monthly_30d_25d_otm,weekly_1_strike0,35,1428
JNJ,2021-01-15,2021-02-12,backfill,O:JNJ210219C00165000,165.0,2021-02-19,2021-01-29,4.95,5.07,2.4,3.37,3045,224,4.95,,monthly_30d_25d_otm,weekly_1_strike0,35,1428
JNJ,2021-01-15,2021-02-12,backfill,O:JNJ210219C00165000,165.0,2021-02-19,2021-02-01,4.75,4.75,2.45,2.45,1266,127,4.75,,monthly_30d_25d_otm,weekly_1_strike0,35,1428
JNJ,2021-01-15,2021-02-12,backfill,O:JNJ210219C00165000,165.0,2021-02-19,2021-02-02,2.63,2.63,1.57,1.57,692,92,2.63,,monthly_30d_25d_otm,weekly_1_strike0,35,1428
JNJ,2021-01-15,2021-02-12,backfill,O:JNJ210219C00165000,165.0,2021-02-19,2021-02-03,1.37,1.37,0.95,1.16,1485,127,1.37,,monthly_30d_25d_otm,weekly_1_strike0,35,1428
JNJ,2021-01-15,2021-02-12,backfill,O:JNJ210219C00165000,165.0,2021-02-19,2021-02-04,1.2,1.41,0.92,1.4,565,93,1.2,,monthly_30d_25d_otm,weekly_1_strike0,35,1428
JNJ,2021-01-15,2021-02-12,backfill,O:JNJ210219C00165000,165.0,2021-02-19,2021-02-05,2.61,2.82,2.13,2.43,2815,212,2.61,,monthly_30d_25d_otm,weekly_1_strike0,35,1428
JNJ,2021-01-15,2021-02-12,backfill,O:JNJ210219C00165000,165.0,2021-02-19,2021-02-08,2.55,2.75,1.85,2.18,1583,152,2.55,,monthly_30d_25d_otm,weekly_1_strike0,35,1428
JNJ,2021-01-15,2021-02-12,backfill,O:JNJ210219C00165000,165.0,2021-02-19,2021-02-09,2.18,3.1,2.18,2.96,985,156,2.18,,monthly_30d_25d_otm,weekly_1_strike0,35,1428
JNJ,2021-01-15,2021-02-12,backfill,O:JNJ210219C00165000,165.0,2021-02-19,2021-02-10,3.8,3.87,2.51,3.1,539,110,3.8,,monthly_30d_25d_otm,weekly_1_strike0,35,1428
JNJ,2021-01-15,2021-02-12,backfill,O:JNJ210219C00165000,165.0,2021-02-19,2021-02-11,3.2,3.4,2.25,2.54,575,97,3.2,,monthly_30d_25d_otm,weekly_1_strike0,35,1428
JNJ,2021-01-15,2021-02-12,backfill,O:JNJ210219C00165000,165.0,2021-02-19,2021-02-12,1.71,2.67,1.63,2.44,1005,99,1.71,,monthly_30d_25d_otm,weekly_1_strike0,35,1428
JNJ,2021-05-18,2021-06-08,backfill,O:JNJ210618C00170000,170.0,2021-06-18,2021-05-18,2.74,3.29,2.63,3.09,473,42,2.74,,monthly_30d_atm,weekly_2_strike0,31,473
JNJ,2021-05-18,2021-06-08,backfill,O:JNJ210618C00170000,170.0,2021-06-18,2021-05-19,2.75,2.77,2.1,2.77,423,57,2.75,,monthly_30d_atm,weekly_2_strike0,31,473
JNJ,2021-05-18,2021-06-08,backfill,O:JNJ210618C00170000,170.0,2021-06-18,2021-05-20,2.77,3.3,2.59,3.04,657,60,2.77,,monthly_30d_atm,weekly_2_strike0,31,473
JNJ,2021-05-18,2021-06-08,backfill,O:JNJ210618C00170000,170.0,2021-06-18,2021-05-21,3.1,4.0,2.79,2.88,645,97,3.1,,monthly_30d_atm,weekly_2_strike0,31,473
JNJ,2021-05-18,2021-06-08,backfill,O:JNJ210618C00170000,170.0,2021-06-18,2021-05-24,3.2,3.55,2.64,2.88,453,59,3.2,,monthly_30d_atm,weekly_2_strike0,31,473
JNJ,2021-05-18,2021-06-08,backfill,O:JNJ210618C00170000,170.0,2021-06-18,2021-05-25,2.9,3.04,2.43,2.6,567,58,2.9,,monthly_30d_atm,weekly_2_strike0,31,473
JNJ,2021-05-18,2021-06-08,backfill,O:JNJ210618C00170000,170.0,2021-06-18,2021-05-26,2.48,2.48,1.79,2.03,968,75,2.48,,monthly_30d_atm,weekly_2_strike0,31,473
JNJ,2021-05-18,2021-06-08,backfill,O:JNJ210618C00170000,170.0,2021-06-18,2021-05-27,2.28,2.45,1.66,1.82,444,42,2.28,,monthly_30d_atm,weekly_2_strike0,31,473
JNJ,2021-05-18,2021-06-08,backfill,O:JNJ210618C00170000,170.0,2021-06-18,2021-05-28,2.29,2.83,1.91,1.92,431,61,2.29,,monthly_30d_atm,weekly_2_strike0,31,473
JNJ,2021-05-18,2021-06-08,backfill,O:JNJ210618C00170000,170.0,2021-06-18,2021-06-01,2.06,2.06,0.64,0.64,1113,114,2.06,,monthly_30d_atm,weekly_2_strike0,31,473
JNJ,2021-05-18,2021-06-08,backfill,O:JNJ210618C00170000,170.0,2021-06-18,2021-06-02,0.6,0.83,0.55,0.68,471,74,0.6,,monthly_30d_atm,weekly_2_strike0,31,473
JNJ,2021-05-18,2021-06-08,backfill,O:JNJ210618C00170000,170.0,2021-06-18,2021-06-03,0.67,0.92,0.6,0.66,675,64,0.67,,monthly_30d_atm,weekly_2_strike0,31,473
JNJ,2021-05-18,2021-06-08,backfill,O:JNJ210618C00170000,170.0,2021-06-18,2021-06-04,0.91,0.91,0.55,0.55,920,92,0.91,,monthly_30d_atm,weekly_2_strike0,31,473
JNJ,2021-05-18,2021-06-08,backfill,O:JNJ210618C00170000,170.0,2021-06-18,2021-06-07,0.51,0.55,0.25,0.25,1074,103,0.51,,monthly_30d_atm,weekly_2_strike0,31,473
JNJ,2021-05-18,2021-06-08,backfill,O:JNJ210618C00170000,170.0,2021-06-18,2021-06-08,0.31,0.35,0.09,0.14,2263,110,0.31,,monthly_30d_atm,weekly_2_strike0,31,473
JNJ,2022-01-06,2022-01-21,backfill,O:JNJ220218C00180000,180.0,2022-02-18,2022-01-06,1.05,1.21,0.89,1.18,566,19,1.05,,monthly_30d_20d_otm,weekly_3_strike5,43,566
JNJ,2022-01-06,2022-01-21,backfill,O:JNJ220218C00180000,180.0,2022-02-18,2022-01-07,1.09,1.8,1.06,1.67,247,60,1.09,,monthly_30d_20d_otm,weekly_3_strike5,43,566
JNJ,2022-01-06,2022-01-21,backfill,O:JNJ220218C00180000,180.0,2022-02-18,2022-01-10,1.6,1.6,1.26,1.33,206,32,1.6,,monthly_30d_20d_otm,weekly_3_strike5,43,566
JNJ,2022-01-06,2022-01-21,backfill,O:JNJ220218C00180000,180.0,2022-02-18,2022-01-11,1.0,1.0,0.79,0.85,65,23,1.0,,monthly_30d_20d_otm,weekly_3_strike5,43,566
JNJ,2022-01-06,2022-01-21,backfill,O:JNJ220218C00180000,180.0,2022-02-18,2022-01-12,0.63,0.63,0.5,0.6,145,30,0.63,,monthly_30d_20d_otm,weekly_3_strike5,43,566
JNJ,2022-01-06,2022-01-21,backfill,O:JNJ220218C00180000,180.0,2022-02-18,2022-01-13,0.53,0.62,0.46,0.48,83,19,0.53,,monthly_30d_20d_otm,weekly_3_strike5,43,566
JNJ,2022-01-06,2022-01-21,backfill,O:JNJ220218C00180000,180.0,2022-02-18,2022-01-14,0.49,0.49,0.36,0.43,158,33,0.49,,monthly_30d_20d_otm,weekly_3_strike5,43,566
JNJ,2022-01-06,2022-01-21,backfill,O:JNJ220218C00180000,180.0,2022-02-18,2022-01-18,0.61,0.61,0.32,0.36,155,25,0.61,,monthly_30d_20d_otm,weekly_3_strike5,43,566
JNJ,2022-01-06,2022-01-21,backfill,O:JNJ220218C00180000,180.0,2022-02-18,2022-01-19,0.34,0.4,0.3,0.3,197,26,0.34,,monthly_30d_20d_otm,weekly_3_strike5,43,566
JNJ,2022-01-06,2022-01-21,backfill,O:JNJ220218C00180000,180.0,2022-02-18,2022-01-20,0.34,0.34,0.22,0.23,180,26,0.34,,monthly_30d_20d_otm,weekly_3_strike5,43,566
JNJ,2022-01-06,2022-01-21,backfill,O:JNJ220218C00180000,180.0,2022-02-18,2022-01-21,0.32,0.35,0.21,0.21,355,24,0.32,,monthly_30d_20d_otm,weekly_3_strike5,43,566
JNJ,2022-03-16,2022-04-12,backfill,O:JNJ220520C00175000,175.0,2022-05-20,2022-03-16,6.97,7.14,5.06,5.75,287,25,6.97,,monthly_60d_atm,weekly_2_strike0,65,287
JNJ,2022-03-16,2022-04-12,backfill,O:JNJ220520C00175000,175.0,2022-05-20,2022-03-17,6.12,7.03,5.95,6.7,3672,35,6.12,,monthly_60d_atm,weekly_2_strike0,65,287
JNJ,2022-03-16,2022-04-12,backfill,O:JNJ220520C00175000,175.0,2022-05-20,2022-03-18,6.87,6.87,5.05,5.45,145,24,6.87,,monthly_60d_atm,weekly_2_strike0,65,287
JNJ,2022-03-16,2022-04-12,backfill,O:JNJ220520C00175000,175.0,2022-05-20,2022-03-21,6.5,6.5,5.5,5.7,266,17,6.5,,monthly_60d_atm,weekly_2_strike0,65,287
JNJ,2022-03-16,2022-04-12,backfill,O:JNJ220520C00175000,175.0,2022-05-20,2022-03-22,5.3,5.55,4.75,4.9,287,21,5.3,,monthly_60d_atm,weekly_2_strike0,65,287
JNJ,2022-03-16,2022-04-12,backfill,O:JNJ220520C00175000,175.0,2022-05-20,2022-03-23,5.19,5.35,4.72,5.05,123,6,5.19,,monthly_60d_atm,weekly_2_strike0,65,287
JNJ,2022-03-16,2022-04-12,backfill,O:JNJ220520C00175000,175.0,2022-05-20,2022-03-24,4.9,5.25,4.63,5.15,474,20,4.9,,monthly_60d_atm,weekly_2_strike0,65,287
JNJ,2022-03-16,2022-04-12,backfill,O:JNJ220520C00175000,175.0,2022-05-20,2022-03-25,5.95,6.5,5.65,5.88,56,18,5.95,,monthly_60d_atm,weekly_2_strike0,65,287
JNJ,2022-03-16,2022-04-12,backfill,O:JNJ220520C00175000,175.0,2022-05-20,2022-03-28,6.1,6.79,5.84,6.45,226,42,6.1,,monthly_60d_atm,weekly_2_strike0,65,287
JNJ,2022-03-16,2022-04-12,backfill,O:JNJ220520C00175000,175.0,2022-05-20,2022-03-29,7.5,7.5,5.75,6.2,77,29,7.5,,monthly_60d_atm,weekly_2_strike0,65,287
JNJ,2022-03-16,2022-04-12,backfill,O:JNJ220520C00175000,175.0,2022-05-20,2022-03-30,6.6,7.6,6.29,6.93,2342,37,6.6,,monthly_60d_atm,weekly_2_strike0,65,287
JNJ,2022-03-16,2022-04-12,backfill,O:JNJ220520C00175000,175.0,2022-05-20,2022-03-31,7.4,7.74,6.0,6.0,607,23,7.4,,monthly_60d_atm,weekly_2_strike0,65,287
JNJ,2022-03-16,2022-04-12,backfill,O:JNJ220520C00175000,175.0,2022-05-20,2022-04-01,5.06,6.38,4.9,6.35,2460,45,5.06,,monthly_60d_atm,weekly_2_strike0,65,287
JNJ,2022-03-16,2022-04-12,backfill,O:JNJ220520C00175000,175.0,2022-05-20,2022-04-04,6.3,6.3,4.9,5.08,773,37,6.3,,monthly_60d_atm,weekly_2_strike0,65,287
JNJ,2022-03-16,2022-04-12,backfill,O:JNJ220520C00175000,175.0,2022-05-20,2022-04-05,5.36,7.22,5.36,5.88,265,26,5.36,,monthly_60d_atm,weekly_2_strike0,65,287
JNJ,2022-03-16,2022-04-12,backfill,O:JNJ220520C00175000,175.0,2022-05-20,2022-04-06,6.95,9.59,6.51,9.45,1184,46,6.95,,monthly_60d_atm,weekly_2_strike0,65,287
JNJ,2022-03-16,2022-04-12,backfill,O:JNJ220520C00175000,175.0,2022-05-20,2022-04-07,8.93,9.93,8.56,9.15,127,18,8.93,,monthly_60d_atm,weekly_2_strike0,65,287
JNJ,2022-03-16,2022-04-12,backfill,O:JNJ220520C00175000,175.0,2022-05-20,2022-04-08,8.45,10.08,8.45,9.39,36,13,8.45,,monthly_60d_atm,weekly_2_strike0,65,287
JNJ,2022-03-16,2022-04-12,backfill,O:JNJ220520C00175000,175.0,2022-05-20,2022-04-11,9.86,9.89,7.75,7.75,273,18,9.86,,monthly_60d_atm,weekly_2_strike0,65,287
JNJ,2022-03-16,2022-04-12,backfill,O:JNJ220520C00175000,175.0,2022-05-20,2022-04-12,7.45,8.05,6.92,8.0,889,4,7.45,,monthly_60d_atm,weekly_2_strike0,65,287
JNJ,2022-11-29,2022-12-27,backfill,O:JNJ230120C00180000,180.0,2023-01-20,2022-11-29,3.3,3.3,2.35,2.79,843,62,3.3,,monthly_45d_40d_otm,weekly_3_strike6,52,843
JNJ,2022-11-29,2022-12-27,backfill,O:JNJ230120C00180000,180.0,2023-01-20,2022-11-30,2.95,3.09,2.3,3.09,610,45,2.95,,monthly_45d_40d_otm,weekly_3_strike6,52,843
JNJ,2022-11-29,2022-12-27,backfill,O:JNJ230120C00180000,180.0,2023-01-20,2022-12-01,3.5,4.25,3.41,3.85,590,95,3.5,,monthly_45d_40d_otm,weekly_3_strike6,52,843
JNJ,2022-11-29,2022-12-27,backfill,O:JNJ230120C00180000,180.0,2023-01-20,2022-12-02,3.05,3.6,3.05,3.5,660,24,3.05,,monthly_45d_40d_otm,weekly_3_strike6,52,843
JNJ,2022-11-29,2022-12-27,backfill,O:JNJ230120C00180000,180.0,2023-01-20,2022-12-05,3.45,3.92,3.15,3.92,325,42,3.45,,monthly_45d_40d_otm,weekly_3_strike6,52,843
JNJ,2022-11-29,2022-12-27,backfill,O:JNJ230120C00180000,180.0,2023-01-20,2022-12-06,4.3,4.3,2.6,2.78,550,60,4.3,,monthly_45d_40d_otm,weekly_3_strike6,52,843
JNJ,2022-11-29,2022-12-27,backfill,O:JNJ230120C00180000,180.0,2023-01-20,2022-12-07,2.75,3.32,2.7,3.17,168,33,2.75,,monthly_45d_40d_otm,weekly_3_strike6,52,843
JNJ,2022-11-29,2022-12-27,backfill,O:JNJ230120C00180000,180.0,2023-01-20,2022-12-08,2.95,3.05,2.77,2.9,606,18,2.95,,monthly_45d_40d_otm,weekly_3_strike6,52,843
JNJ,2022-11-29,2022-12-27,backfill,O:JNJ230120C00180000,180.0,2023-01-20,2022-12-09,2.58,2.75,2.31,2.31,100,19,2.58,,monthly_45d_40d_otm,weekly_3_strike6,52,843
JNJ,2022-11-29,2022-12-27,backfill,O:JNJ230120C00180000,180.0,2023-01-20,2022-12-12,2.34,3.0,2.32,3.0,768,35,2.34,,monthly_45d_40d_otm,weekly_3_strike6,52,843
JNJ,2022-11-29,2022-12-27,backfill,O:JNJ230120C00180000,180.0,2023-01-20,2022-12-13,3.3,4.05,3.15,3.81,1062,63,3.3,,monthly_45d_40d_otm,weekly_3_strike6,52,843
JNJ,2022-11-29,2022-12-27,backfill,O:JNJ230120C00180000,180.0,2023-01-20,2022-12-14,3.65,4.5,3.2,3.95,4163,93,3.65,,monthly_45d_40d_otm,weekly_3_strike6,52,843
JNJ,2022-11-29,2022-12-27,backfill,O:JNJ230120C00180000,180.0,2023-01-20,2022-12-15,3.66,3.66,2.22,2.48,2038,87,3.66,,monthly_45d_40d_otm,weekly_3_strike6,52,843
JNJ,2022-11-29,2022-12-27,backfill,O:JNJ230120C00180000,180.0,2023-01-20,2022-12-16,2.2,2.2,1.56,1.82,1927,114,2.2,,monthly_45d_40d_otm,weekly_3_strike6,52,843
JNJ,2022-11-29,2022-12-27,backfill,O:JNJ230120C00180000,180.0,2023-01-20,2022-12-19,1.5,1.75,1.16,1.47,1251,119,1.5,,monthly_45d_40d_otm,weekly_3_strike6,52,843
JNJ,2022-11-29,2022-12-27,backfill,O:JNJ230120C00180000,180.0,2023-01-20,2022-12-20,1.55,1.72,1.4,1.68,304,52,1.55,,monthly_45d_40d_otm,weekly_3_strike6,52,843
JNJ,2022-11-29,2022-12-27,backfill,O:JNJ230120C00180000,180.0,2023-01-20,2022-12-21,1.67,2.35,1.52,2.12,613,78,1.67,,monthly_45d_40d_otm,weekly_3_strike6,52,843
JNJ,2022-11-29,2022-12-27,backfill,O:JNJ230120C00180000,180.0,2023-01-20,2022-12-22,1.79,2.08,1.65,2.08,598,50,1.79,,monthly_45d_40d_otm,weekly_3_strike6,52,843
JNJ,2022-11-29,2022-12-27,backfill,O:JNJ230120C00180000,180.0,2023-01-20,2022-12-23,1.94,2.27,1.75,1.91,599,88,1.94,,monthly_45d_40d_otm,weekly_3_strike6,52,843
JNJ,2022-11-29,2022-12-27,backfill,O:JNJ230120C00180000,180.0,2023-01-20,2022-12-27,2.05,2.14,1.8,1.87,235,36,2.05,,monthly_45d_40d_otm,weekly_3_strike6,52,843
JNJ,2023-08-04,2023-08-31,backfill,O:JNJ230915C00170000,170.0,2023-09-15,2023-08-04,3.7,5.45,3.0,3.8,918,73,3.7,,monthly_30d_atm,weekly_1_strike0,42,918
JNJ,2023-08-04,2023-08-31,backfill,O:JNJ230915C00170000,170.0,2023-09-15,2023-08-07,4.4,5.85,4.4,5.68,290,51,4.4,,monthly_30d_atm,weekly_1_strike0,42,918
JNJ,2023-08-04,2023-08-31,backfill,O:JNJ230915C00170000,170.0,2023-09-15,2023-08-08,5.2,5.86,4.75,5.86,398,46,5.2,,monthly_30d_atm,weekly_1_strike0,42,918
JNJ,2023-08-04,2023-08-31,backfill,O:JNJ230915C00170000,170.0,2023-09-15,2023-08-09,6.05,6.35,5.0,5.55,285,33,6.05,,monthly_30d_atm,weekly_1_strike0,42,918
JNJ,2023-08-04,2023-08-31,backfill,O:JNJ230915C00170000,170.0,2023-09-15,2023-08-10,5.95,7.55,4.39,4.75,3408,73,5.95,,monthly_30d_atm,weekly_1_strike0,42,918
JNJ,2023-08-04,2023-08-31,backfill,O:JNJ230915C00170000,170.0,2023-09-15,2023-08-11,5.1,5.75,4.55,5.5,1453,66,5.1,,monthly_30d_atm,weekly_1_strike0,42,918
JNJ,2023-08-04,2023-08-31,backfill,O:JNJ230915C00170000,170.0,2023-09-15,2023-08-14,5.85,7.03,4.7,5.4,4751,151,5.85,,monthly_30d_atm,weekly_1_strike0,42,918
JNJ,2023-08-04,2023-08-31,backfill,O:JNJ230915C00170000,170.0,2023-09-15,2023-08-15,5.1,6.0,4.75,4.78,1907,131,5.1,,monthly_30d_atm,weekly_1_strike0,42,918
JNJ,2023-08-04,2023-08-31,backfill,O:JNJ230915C00170000,170.0,2023-09-15,2023-08-16,4.75,5.95,4.45,4.8,1695,99,4.75,,monthly_30d_atm,weekly_1_strike0,42,918
JNJ,2023-08-04,2023-08-31,backfill,O:JNJ230915C00170000,170.0,2023-09-15,2023-08-17,5.4,6.55,4.75,5.85,1584,100,5.4,,monthly_30d_atm,weekly_1_strike0,42,918
JNJ,2023-08-04,2023-08-31,backfill,O:JNJ230915C00170000,170.0,2023-09-15,2023-08-18,5.42,5.8,4.2,4.75,935,75,5.42,,monthly_30d_atm,weekly_1_strike0,42,918
JNJ,2023-08-04,2023-08-31,backfill,O:JNJ230915C00170000,170.0,2023-09-15,2023-08-21,3.5,3.5,1.08,1.45,3247,175,3.5,,monthly_30d_atm,weekly_1_strike0,42,918
JNJ,2023-08-04,2023-08-31,backfill,O:JNJ230915C00170000,170.0,2023-09-15,2023-08-22,1.4,1.43,0.76,0.87,752,103,1.4,,monthly_30d_atm,weekly_1_strike0,42,918
JNJ,2023-08-04,2023-08-31,backfill,O:JNJ230915C00170000,170.0,2023-09-15,2023-08-23,0.85,0.95,0.44,0.53,944,132,0.85,,monthly_30d_atm,weekly_1_strike0,42,918
JNJ,2023-08-04,2023-08-31,backfill,O:JNJ230915C00170000,170.0,2023-09-15,2023-08-24,0.55,0.88,0.51,0.59,1813,90,0.55,,monthly_30d_atm,weekly_1_strike0,42,918
JNJ,2023-08-04,2023-08-31,backfill,O:JNJ230915C00170000,170.0,2023-09-15,2023-08-25,0.6,1.5,0.6,0.96,2146,161,0.6,,monthly_30d_atm,weekly_1_strike0,42,918
JNJ,2023-08-04,2023-08-31,backfill,O:JNJ230915C00170000,170.0,2023-09-15,2023-08-28,0.74,0.94,0.5,0.66,1577,97,0.74,,monthly_30d_atm,weekly_1_strike0,42,918
JNJ,2023-08-04,2023-08-31,backfill,O:JNJ230915C00170000,170.0,2023-09-15,2023-08-29,0.69,0.92,0.38,0.53,1631,134,0.69,,monthly_30d_atm,weekly_1_strike0,42,918
JNJ,2023-08-04,2023-08-31,backfill,O:JNJ230915C00170000,170.0,2023-09-15,2023-08-30,0.65,0.75,0.3,0.3,1355,81,0.65,,monthly_30d_atm,weekly_1_strike0,42,918
JNJ,2023-08-04,2023-08-31,backfill,O:JNJ230915C00170000,170.0,2023-09-15,2023-08-31,0.2,0.23,0.15,0.21,917,72,0.2,,monthly_30d_atm,weekly_1_strike0,42,918
JNJ,2025-02-24,2025-03-21,backfill,O:JNJ250321C00170000,170.0,2025-03-21,2025-02-24,0.55,1.02,0.4,0.77,4736,103,0.55,,monthly_30d_20d_otm,weekly_2_strike4,25,4736
JNJ,2025-02-24,2025-03-21,backfill,O:JNJ250321C00170000,170.0,2025-03-21,2025-02-25,0.79,1.6,0.79,1.5,1639,124,0.79,,monthly_30d_20d_otm,weekly_2_strike4,25,4736
JNJ,2025-02-24,2025-03-21,backfill,O:JNJ250321C00170000,170.0,2025-03-21,2025-02-26,1.15,1.22,0.52,0.62,5077,72,1.15,,monthly_30d_20d_otm,weekly_2_strike4,25,4736
JNJ,2025-02-24,2025-03-21,backfill,O:JNJ250321C00170000,170.0,2025-03-21,2025-02-27,0.35,0.82,0.35,0.82,350,32,0.35,,monthly_30d_20d_otm,weekly_2_strike4,25,4736
JNJ,2025-02-24,2025-03-21,backfill,O:JNJ250321C00170000,170.0,2025-03-21,2025-02-28,0.93,1.45,0.48,0.8,1405,47,0.93,,monthly_30d_20d_otm,weekly_2_strike4,25,4736
JNJ,2025-02-24,2025-03-21,backfill,O:JNJ250321C00170000,170.0,2025-03-21,2025-03-03,0.75,1.64,0.75,1.62,1673,97,0.75,,monthly_30d_20d_otm,weekly_2_strike4,25,4736
JNJ,2025-02-24,2025-03-21,backfill,O:JNJ250321C00170000,170.0,2025-03-21,2025-03-04,1.95,2.9,1.04,1.15,2227,119,1.95,,monthly_30d_20d_otm,weekly_2_strike4,25,4736
JNJ,2025-02-24,2025-03-21,backfill,O:JNJ250321C00170000,170.0,2025-03-21,2025-03-05,1.0,1.3,0.63,0.81,318,40,1.0,,monthly_30d_20d_otm,weekly_2_strike4,25,4736
JNJ,2025-02-24,2025-03-21,backfill,O:JNJ250321C00170000,170.0,2025-03-21,2025-03-06,0.9,1.01,0.53,1.01,130,38,0.9,,monthly_30d_20d_otm,weekly_2_strike4,25,4736
JNJ,2025-02-24,2025-03-21,backfill,O:JNJ250321C00170000,170.0,2025-03-21,2025-03-07,0.88,1.97,0.88,1.25,2195,91,0.88,,monthly_30d_20d_otm,weekly_2_strike4,25,4736
JNJ,2025-02-24,2025-03-21,backfill,O:JNJ250321C00170000,170.0,2025-03-21,2025-03-10,1.39,2.57,1.39,1.6,4184,112,1.39,,monthly_30d_20d_otm,weekly_2_strike4,25,4736
JNJ,2025-02-24,2025-03-21,backfill,O:JNJ250321C00170000,170.0,2025-03-21,2025-03-11,1.7,1.7,0.68,0.88,426,65,1.7,,monthly_30d_20d_otm,weekly_2_strike4,25,4736
JNJ,2025-02-24,2025-03-21,backfill,O:JNJ250321C00170000,170.0,2025-03-21,2025-03-12,0.2,0.42,0.2,0.23,548,68,0.2,,monthly_30d_20d_otm,weekly_2_strike4,25,4736
JNJ,2025-02-24,2025-03-21,backfill,O:JNJ250321C00170000,170.0,2025-03-21,2025-03-13,0.27,0.33,0.17,0.2,287,44,0.27,,monthly_30d_20d_otm,weekly_2_strike4,25,4736
JNJ,2025-02-24,2025-03-21,backfill,O:JNJ250321C00170000,170.0,2025-03-21,2025-03-14,0.15,0.19,0.08,0.1,322,40,0.15,,monthly_30d_20d_otm,weekly_2_strike4,25,4736
JNJ,2025-02-24,2025-03-21,backfill,O:JNJ250321C00170000,170.0,2025-03-21,2025-03-17,0.05,0.1,0.03,0.04,400,53,0.05,,monthly_30d_20d_otm,weekly_2_strike4,25,4736
JNJ,2025-02-24,2025-03-21,backfill,O:JNJ250321C00170000,170.0,2025-03-21,2025-03-18,0.05,0.12,0.05,0.06,371,42,0.05,,monthly_30d_20d_otm,weekly_2_strike4,25,4736
JNJ,2025-02-24,2025-03-21,backfill,O:JNJ250321C00170000,170.0,2025-03-21,2025-03-19,0.07,0.07,0.02,0.02,170,20,0.07,,monthly_30d_20d_otm,weekly_2_strike4,25,4736
JNJ,2025-02-24,2025-03-21,backfill,O:JNJ250321C00170000,170.0,2025-03-21,2025-03-20,0.02,0.11,0.01,0.02,932,17,0.02,,monthly_30d_20d_otm,weekly_2_strike4,25,4736
JNJ,2025-02-24,2025-03-21,backfill,O:JNJ250321C00170000,170.0,2025-03-21,2025-03-21,0.01,0.02,0.01,0.02,75,13,0.01,,monthly_30d_20d_otm,weekly_2_strike4,25,4736
JOBY,2025-06-11,2025-07-10,backfill,O:JOBY250718C00011000,11.0,2025-07-18,2025-06-11,0.4,0.7,0.4,0.47,760,67,0.4,,monthly_30d_35d_otm,weekly_2_strike0,37,760
JOBY,2025-06-11,2025-07-10,backfill,O:JOBY250718C00011000,11.0,2025-07-18,2025-06-12,0.4,0.45,0.25,0.3,898,23,0.4,,monthly_30d_35d_otm,weekly_2_strike0,37,760
JOBY,2025-06-11,2025-07-10,backfill,O:JOBY250718C00011000,11.0,2025-07-18,2025-06-13,0.2,0.25,0.2,0.2,274,14,0.2,,monthly_30d_35d_otm,weekly_2_strike0,37,760
JOBY,2025-06-11,2025-07-10,backfill,O:JOBY250718C00011000,11.0,2025-07-18,2025-06-16,0.2,0.3,0.2,0.25,77,14,0.2,,monthly_30d_35d_otm,weekly_2_strike0,37,760
JOBY,2025-06-11,2025-07-10,backfill,O:JOBY250718C00011000,11.0,2025-07-18,2025-06-17,0.24,0.27,0.19,0.2,40,8,0.24,,monthly_30d_35d_otm,weekly_2_strike0,37,760
JOBY,2025-06-11,2025-07-10,backfill,O:JOBY250718C00011000,11.0,2025-07-18,2025-06-18,0.25,0.3,0.2,0.2,98,13,0.25,,monthly_30d_35d_otm,weekly_2_strike0,37,760
JOBY,2025-06-11,2025-07-10,backfill,O:JOBY250718C00011000,11.0,2025-07-18,2025-06-20,0.2,0.25,0.1,0.15,79,17,0.2,,monthly_30d_35d_otm,weekly_2_strike0,37,760
JOBY,2025-06-11,2025-07-10,backfill,O:JOBY250718C00011000,11.0,2025-07-18,2025-06-23,0.1,0.12,0.07,0.1,191,17,0.1,,monthly_30d_35d_otm,weekly_2_strike0,37,760
JOBY,2025-06-11,2025-07-10,backfill,O:JOBY250718C00011000,11.0,2025-07-18,2025-06-24,0.15,0.15,0.11,0.11,2,2,0.15,,monthly_30d_35d_otm,weekly_2_strike0,37,760
JOBY,2025-06-11,2025-07-10,backfill,O:JOBY250718C00011000,11.0,2025-07-18,2025-06-25,0.11,0.13,0.1,0.11,42,6,0.11,,monthly_30d_35d_otm,weekly_2_strike0,37,760
JOBY,2025-06-11,2025-07-10,backfill,O:JOBY250718C00011000,11.0,2025-07-18,2025-06-26,0.09,0.16,0.09,0.16,130,13,0.09,,monthly_30d_35d_otm,weekly_2_strike0,37,760
JOBY,2025-06-11,2025-07-10,backfill,O:JOBY250718C00011000,11.0,2025-07-18,2025-06-27,0.17,0.25,0.12,0.12,200,16,0.17,,monthly_30d_35d_otm,weekly_2_strike0,37,760
JOBY,2025-06-11,2025-07-10,backfill,O:JOBY250718C00011000,11.0,2025-07-18,2025-06-30,0.25,0.9,0.25,0.45,2492,123,0.25,,monthly_30d_35d_otm,weekly_2_strike0,37,760
JOBY,2025-06-11,2025-07-10,backfill,O:JOBY250718C00011000,11.0,2025-07-18,2025-07-01,0.55,0.55,0.2,0.25,714,38,0.55,,monthly_30d_35d_otm,weekly_2_strike0,37,760
JOBY,2025-06-11,2025-07-10,backfill,O:JOBY250718C00011000,11.0,2025-07-18,2025-07-02,0.25,0.39,0.2,0.31,1236,44,0.25,,monthly_30d_35d_otm,weekly_2_strike0,37,760
JOBY,2025-06-11,2025-07-10,backfill,O:JOBY250718C00011000,11.0,2025-07-18,2025-07-03,0.3,0.49,0.25,0.43,473,43,0.3,,monthly_30d_35d_otm,weekly_2_strike0,37,760
JOBY,2025-06-11,2025-07-10,backfill,O:JOBY250718C00011000,11.0,2025-07-18,2025-07-07,0.4,0.45,0.25,0.45,205,42,0.4,,monthly_30d_35d_otm,weekly_2_strike0,37,760
JOBY,2025-06-11,2025-07-10,backfill,O:JOBY250718C00011000,11.0,2025-07-18,2025-07-08,0.45,1.0,0.45,0.76,1515,111,0.45,,monthly_30d_35d_otm,weekly_2_strike0,37,760
JOBY,2025-06-11,2025-07-10,backfill,O:JOBY250718C00011000,11.0,2025-07-18,2025-07-09,0.85,0.96,0.75,0.88,187,44,0.85,,monthly_30d_35d_otm,weekly_2_strike0,37,760
JOBY,2025-06-11,2025-07-10,backfill,O:JOBY250718C00011000,11.0,2025-07-18,2025-07-10,0.9,1.53,0.9,1.45,567,68,0.9,,monthly_30d_35d_otm,weekly_2_strike0,37,760
JPM,2024-02-26,2024-03-22,backfill,O:JPM240419C00190000,190.0,2024-04-19,2024-02-26,3.01,3.18,2.5,2.64,1046,81,3.01,,monthly_45d_25d_otm,weekly_2_strike2,53,1046
JPM,2024-02-26,2024-03-22,backfill,O:JPM240419C00190000,190.0,2024-04-19,2024-02-27,2.63,2.7,2.26,2.68,485,63,2.63,,monthly_45d_25d_otm,weekly_2_strike2,53,1046
JPM,2024-02-26,2024-03-22,backfill,O:JPM240419C00190000,190.0,2024-04-19,2024-02-28,2.64,3.34,2.52,2.95,521,74,2.64,,monthly_45d_25d_otm,weekly_2_strike2,53,1046
JPM,2024-02-26,2024-03-22,backfill,O:JPM240419C00190000,190.0,2024-04-19,2024-02-29,3.5,3.7,2.87,3.7,828,57,3.5,,monthly_45d_25d_otm,weekly_2_strike2,53,1046
JPM,2024-02-26,2024-03-22,backfill,O:JPM240419C00190000,190.0,2024-04-19,2024-03-01,3.5,3.75,3.3,3.32,572,76,3.5,,monthly_45d_25d_otm,weekly_2_strike2,53,1046
JPM,2024-02-26,2024-03-22,backfill,O:JPM240419C00190000,190.0,2024-04-19,2024-03-04,3.12,4.3,3.0,3.95,1283,117,3.12,,monthly_45d_25d_otm,weekly_2_strike2,53,1046
JPM,2024-02-26,2024-03-22,backfill,O:JPM240419C00190000,190.0,2024-04-19,2024-03-05,3.95,5.25,3.95,4.9,883,108,3.95,,monthly_45d_25d_otm,weekly_2_strike2,53,1046
JPM,2024-02-26,2024-03-22,backfill,O:JPM240419C00190000,190.0,2024-04-19,2024-03-06,5.3,5.68,4.5,5.42,1386,87,5.3,,monthly_45d_25d_otm,weekly_2_strike2,53,1046
JPM,2024-02-26,2024-03-22,backfill,O:JPM240419C00190000,190.0,2024-04-19,2024-03-07,5.8,5.8,3.98,4.55,519,76,5.8,,monthly_45d_25d_otm,weekly_2_strike2,53,1046
JPM,2024-02-26,2024-03-22,backfill,O:JPM240419C00190000,190.0,2024-04-19,2024-03-08,4.5,5.6,4.45,4.6,394,57,4.5,,monthly_45d_25d_otm,weekly_2_strike2,53,1046
JPM,2024-02-26,2024-03-22,backfill,O:JPM240419C00190000,190.0,2024-04-19,2024-03-11,4.0,4.35,3.65,4.35,660,56,4.0,,monthly_45d_25d_otm,weekly_2_strike2,53,1046
JPM,2024-02-26,2024-03-22,backfill,O:JPM240419C00190000,190.0,2024-04-19,2024-03-12,4.6,5.11,4.1,5.1,753,81,4.6,,monthly_45d_25d_otm,weekly_2_strike2,53,1046
JPM,2024-02-26,2024-03-22,backfill,O:JPM240419C00190000,190.0,2024-04-19,2024-03-13,5.25,6.0,4.97,5.7,1806,89,5.25,,monthly_45d_25d_otm,weekly_2_strike2,53,1046
JPM,2024-02-26,2024-03-22,backfill,O:JPM240419C00190000,190.0,2024-04-19,2024-03-14,5.7,5.7,3.55,3.8,3558,99,5.7,,monthly_45d_25d_otm,weekly_2_strike2,53,1046
JPM,2024-02-26,2024-03-22,backfill,O:JPM240419C00190000,190.0,2024-04-19,2024-03-15,3.54,5.35,3.54,5.05,3196,155,3.54,,monthly_45d_25d_otm,weekly_2_strike2,53,1046
JPM,2024-02-26,2024-03-22,backfill,O:JPM240419C00190000,190.0,2024-04-19,2024-03-18,5.2,6.15,4.75,6.15,256,61,5.2,,monthly_45d_25d_otm,weekly_2_strike2,53,1046
JPM,2024-02-26,2024-03-22,backfill,O:JPM240419C00190000,190.0,2024-04-19,2024-03-19,6.15,6.9,5.98,6.74,2266,60,6.15,,monthly_45d_25d_otm,weekly_2_strike2,53,1046
JPM,2024-02-26,2024-03-22,backfill,O:JPM240419C00190000,190.0,2024-04-19,2024-03-20,7.1,8.5,6.7,8.02,3100,82,7.1,,monthly_45d_25d_otm,weekly_2_strike2,53,1046
JPM,2024-02-26,2024-03-22,backfill,O:JPM240419C00190000,190.0,2024-04-19,2024-03-21,8.4,10.66,8.4,10.55,15505,73,8.4,,monthly_45d_25d_otm,weekly_2_strike2,53,1046
JPM,2024-02-26,2024-03-22,backfill,O:JPM240419C00190000,190.0,2024-04-19,2024-03-22,9.96,11.25,8.7,8.7,350,67,9.96,,monthly_45d_25d_otm,weekly_2_strike2,53,1046
KLAC,2021-11-16,2021-12-14,backfill,O:KLAC211217C00400000,400.0,2021-12-17,2021-11-16,27.0,30.0,27.0,30.0,14,3,27.0,,monthly_30d_slight_itm,weekly_2_strike0,31,14
KLAC,2021-11-16,2021-12-14,backfill,O:KLAC211217C00400000,400.0,2021-12-17,2021-11-17,27.36,27.6,27.36,27.6,2,2,27.36,,monthly_30d_slight_itm,weekly_2_strike0,31,14
KLAC,2021-11-16,2021-12-14,backfill,O:KLAC211217C00400000,400.0,2021-12-17,2021-11-19,30.5,30.5,30.5,30.5,1,1,30.5,,monthly_30d_slight_itm,weekly_2_strike0,31,14
KLAC,2021-11-16,2021-12-14,backfill,O:KLAC211217C00400000,400.0,2021-12-17,2021-11-22,24.25,24.25,24.25,24.25,4,1,24.25,,monthly_30d_slight_itm,weekly_2_strike0,31,14
KLAC,2021-11-16,2021-12-14,backfill,O:KLAC211217C00400000,400.0,2021-12-17,2021-11-23,17.43,17.43,17.43,17.43,2,1,17.43,,monthly_30d_slight_itm,weekly_2_strike0,31,14
KLAC,2021-11-16,2021-12-14,backfill,O:KLAC211217C00400000,400.0,2021-12-17,2021-11-26,17.21,17.21,13.1,14.7,9,6,17.21,,monthly_30d_slight_itm,weekly_2_strike0,31,14
KLAC,2021-11-16,2021-12-14,backfill,O:KLAC211217C00400000,400.0,2021-12-17,2021-11-29,17.1,17.1,17.1,17.1,1,1,17.1,,monthly_30d_slight_itm,weekly_2_strike0,31,14
KLAC,2021-11-16,2021-12-14,backfill,O:KLAC211217C00400000,400.0,2021-12-17,2021-11-30,20.5,20.5,20.5,20.5,1,1,20.5,,monthly_30d_slight_itm,weekly_2_strike0,31,14
KLAC,2021-11-16,2021-12-14,backfill,O:KLAC211217C00400000,400.0,2021-12-17,2021-12-01,28.0,28.57,28.0,28.57,10,3,28.0,,monthly_30d_slight_itm,weekly_2_strike0,31,14
KLAC,2021-11-16,2021-12-14,backfill,O:KLAC211217C00400000,400.0,2021-12-17,2021-12-06,10.52,10.8,8.6,10.6,62,12,10.52,,monthly_30d_slight_itm,weekly_2_strike0,31,14
KLAC,2021-11-16,2021-12-14,backfill,O:KLAC211217C00400000,400.0,2021-12-17,2021-12-07,20.36,21.18,20.36,21.18,2,2,20.36,,monthly_30d_slight_itm,weekly_2_strike0,31,14
KLAC,2021-11-16,2021-12-14,backfill,O:KLAC211217C00400000,400.0,2021-12-17,2021-12-08,22.5,22.5,22.5,22.5,1,1,22.5,,monthly_30d_slight_itm,weekly_2_strike0,31,14
KLAC,2021-11-16,2021-12-14,backfill,O:KLAC211217C00400000,400.0,2021-12-17,2021-12-09,19.2,19.2,19.2,19.2,1,1,19.2,,monthly_30d_slight_itm,weekly_2_strike0,31,14
KLAC,2021-11-16,2021-12-14,backfill,O:KLAC211217C00400000,400.0,2021-12-17,2021-12-10,13.35,13.35,13.35,13.35,1,1,13.35,,monthly_30d_slight_itm,weekly_2_strike0,31,14
KLAC,2021-11-16,2021-12-14,backfill,O:KLAC211217C00400000,400.0,2021-12-17,2021-12-13,9.5,9.5,5.9,7.95,139,15,9.5,,monthly_30d_slight_itm,weekly_2_strike0,31,14
KLAC,2021-11-16,2021-12-14,backfill,O:KLAC211217C00400000,400.0,2021-12-17,2021-12-14,4.92,6.9,4.92,6.4,56,11,4.92,,monthly_30d_slight_itm,weekly_2_strike0,31,14
KLAC,2021-12-17,2022-01-14,backfill,O:KLAC220121C00420000,420.0,2022-01-21,2021-12-17,6.6,8.5,6.6,6.9,19,9,6.6,,monthly_30d_30d_otm,weekly_2_strike1,35,19
KLAC,2021-12-17,2022-01-14,backfill,O:KLAC220121C00420000,420.0,2022-01-21,2021-12-20,5.0,5.0,5.0,5.0,1,1,5.0,,monthly_30d_30d_otm,weekly_2_strike1,35,19
KLAC,2021-12-17,2022-01-14,backfill,O:KLAC220121C00420000,420.0,2022-01-21,2021-12-21,10.0,12.9,9.5,12.9,16,10,10.0,,monthly_30d_30d_otm,weekly_2_strike1,35,19
KLAC,2021-12-17,2022-01-14,backfill,O:KLAC220121C00420000,420.0,2022-01-21,2021-12-22,10.9,12.8,10.9,12.8,5,4,10.9,,monthly_30d_30d_otm,weekly_2_strike1,35,19
KLAC,2021-12-17,2022-01-14,backfill,O:KLAC220121C00420000,420.0,2022-01-21,2021-12-23,18.4,18.4,14.4,16.7,16,9,18.4,,monthly_30d_30d_otm,weekly_2_strike1,35,19
KLAC,2021-12-17,2022-01-14,backfill,O:KLAC220121C00420000,420.0,2022-01-21,2021-12-27,17.76,29.4,17.76,29.4,38,15,17.76,,monthly_30d_30d_otm,weekly_2_strike1,35,19
KLAC,2021-12-17,2022-01-14,backfill,O:KLAC220121C00420000,420.0,2022-01-21,2021-12-28,26.9,27.2,23.16,24.3,26,7,26.9,,monthly_30d_30d_otm,weekly_2_strike1,35,19
KLAC,2021-12-17,2022-01-14,backfill,O:KLAC220121C00420000,420.0,2022-01-21,2021-12-30,22.65,22.65,18.6,18.6,2,2,22.65,,monthly_30d_30d_otm,weekly_2_strike1,35,19
KLAC,2021-12-17,2022-01-14,backfill,O:KLAC220121C00420000,420.0,2022-01-21,2021-12-31,19.5,19.5,19.5,19.5,1,1,19.5,,monthly_30d_30d_otm,weekly_2_strike1,35,19
KLAC,2021-12-17,2022-01-14,backfill,O:KLAC220121C00420000,420.0,2022-01-21,2022-01-03,22.0,23.1,22.0,23.1,2,2,22.0,,monthly_30d_30d_otm,weekly_2_strike1,35,19
KLAC,2021-12-17,2022-01-14,backfill,O:KLAC220121C00420000,420.0,2022-01-21,2022-01-04,17.57,19.5,13.4,19.5,32,4,17.57,,monthly_30d_30d_otm,weekly_2_strike1,35,19
KLAC,2021-12-17,2022-01-14,backfill,O:KLAC220121C00420000,420.0,2022-01-21,2022-01-05,18.69,20.3,14.0,14.0,9,5,18.69,,monthly_30d_30d_otm,weekly_2_strike1,35,19
KLAC,2021-12-17,2022-01-14,backfill,O:KLAC220121C00420000,420.0,2022-01-21,2022-01-07,11.1,11.9,10.55,10.75,28,7,11.1,,monthly_30d_30d_otm,weekly_2_strike1,35,19
KLAC,2021-12-17,2022-01-14,backfill,O:KLAC220121C00420000,420.0,2022-01-21,2022-01-10,7.5,9.5,6.5,7.8,149,9,7.5,,monthly_30d_30d_otm,weekly_2_strike1,35,19
KLAC,2021-12-17,2022-01-14,backfill,O:KLAC220121C00420000,420.0,2022-01-21,2022-01-11,9.7,12.3,9.7,12.3,26,6,9.7,,monthly_30d_30d_otm,weekly_2_strike1,35,19
KLAC,2021-12-17,2022-01-14,backfill,O:KLAC220121C00420000,420.0,2022-01-21,2022-01-12,18.0,20.0,18.0,18.5,58,8,18.0,,monthly_30d_30d_otm,weekly_2_strike1,35,19
KLAC,2021-12-17,2022-01-14,backfill,O:KLAC220121C00420000,420.0,2022-01-21,2022-01-13,33.0,33.0,11.3,11.3,104,10,33.0,,monthly_30d_30d_otm,weekly_2_strike1,35,19
KLAC,2021-12-17,2022-01-14,backfill,O:KLAC220121C00420000,420.0,2022-01-21,2022-01-14,16.5,23.0,16.5,23.0,219,11,16.5,,monthly_30d_30d_otm,weekly_2_strike1,35,19
KLAC,2022-12-21,2023-01-20,backfill,O:KLAC230120C00415000,415.0,2023-01-20,2022-12-21,7.8,9.4,7.8,9.4,18,4,7.8,,monthly_30d_25d_otm,weekly_2_strike1,30,18
KLAC,2022-12-21,2023-01-20,backfill,O:KLAC230120C00415000,415.0,2023-01-20,2022-12-22,4.62,4.62,3.26,3.26,2,2,4.62,,monthly_30d_25d_otm,weekly_2_strike1,30,18
KLAC,2022-12-21,2023-01-20,backfill,O:KLAC230120C00415000,415.0,2023-01-20,2022-12-23,4.12,4.12,4.12,4.12,10,1,4.12,,monthly_30d_25d_otm,weekly_2_strike1,30,18
KLAC,2022-12-21,2023-01-20,backfill,O:KLAC230120C00415000,415.0,2023-01-20,2022-12-29,3.58,3.58,3.58,3.58,10,1,3.58,,monthly_30d_25d_otm,weekly_2_strike1,30,18
KLAC,2022-12-21,2023-01-20,backfill,O:KLAC230120C00415000,415.0,2023-01-20,2022-12-30,2.4,2.4,2.4,2.4,1,1,2.4,,monthly_30d_25d_otm,weekly_2_strike1,30,18
KLAC,2022-12-21,2023-01-20,backfill,O:KLAC230120C00415000,415.0,2023-01-20,2023-01-09,7.55,12.9,7.55,10.41,19,9,7.55,,monthly_30d_25d_otm,weekly_2_strike1,30,18
KLAC,2022-12-21,2023-01-20,backfill,O:KLAC230120C00415000,415.0,2023-01-20,2023-01-10,9.7,12.7,9.7,12.3,60,10,9.7,,monthly_30d_25d_otm,weekly_2_strike1,30,18
KLAC,2022-12-21,2023-01-20,backfill,O:KLAC230120C00415000,415.0,2023-01-20,2023-01-11,11.7,12.6,11.5,12.6,22,7,11.7,,monthly_30d_25d_otm,weekly_2_strike1,30,18
KLAC,2022-12-21,2023-01-20,backfill,O:KLAC230120C00415000,415.0,2023-01-20,2023-01-12,8.5,11.2,6.09,11.2,7,5,8.5,,monthly_30d_25d_otm,weekly_2_strike1,30,18
KLAC,2022-12-21,2023-01-20,backfill,O:KLAC230120C00415000,415.0,2023-01-20,2023-01-13,8.5,9.72,8.5,9.72,6,2,8.5,,monthly_30d_25d_otm,weekly_2_strike1,30,18
KLAC,2022-12-21,2023-01-20,backfill,O:KLAC230120C00415000,415.0,2023-01-20,2023-01-17,7.35,8.02,5.5,6.0,32,10,7.35,,monthly_30d_25d_otm,weekly_2_strike1,30,18
KLAC,2022-12-21,2023-01-20,backfill,O:KLAC230120C00415000,415.0,2023-01-20,2023-01-18,12.0,14.0,5.49,5.49,25,7,12.0,,monthly_30d_25d_otm,weekly_2_strike1,30,18
KLAC,2022-12-21,2023-01-20,backfill,O:KLAC230120C00415000,415.0,2023-01-20,2023-01-19,1.25,1.3,0.35,0.35,40,9,1.25,,monthly_30d_25d_otm,weekly_2_strike1,30,18
KLAC,2022-12-21,2023-01-20,backfill,O:KLAC230120C00415000,415.0,2023-01-20,2023-01-20,0.4,0.4,0.06,0.1,53,10,0.4,,monthly_30d_25d_otm,weekly_2_strike1,30,18
KLAC,2023-06-07,2023-07-06,backfill,O:KLAC230721C00490000,490.0,2023-07-21,2023-06-07,13.07,13.07,10.18,11.7,26,9,13.07,,monthly_30d_35d_otm,weekly_2_strike0,44,26
KLAC,2023-06-07,2023-07-06,backfill,O:KLAC230721C00490000,490.0,2023-07-21,2023-06-08,12.05,14.6,12.05,14.06,5,4,12.05,,monthly_30d_35d_otm,weekly_2_strike0,44,26
KLAC,2023-06-07,2023-07-06,backfill,O:KLAC230721C00490000,490.0,2023-07-21,2023-06-09,14.3,14.3,14.3,14.3,1,1,14.3,,monthly_30d_35d_otm,weekly_2_strike0,44,26
KLAC,2023-06-07,2023-07-06,backfill,O:KLAC230721C00490000,490.0,2023-07-21,2023-06-12,11.0,13.7,11.0,13.7,23,4,11.0,,monthly_30d_35d_otm,weekly_2_strike0,44,26
KLAC,2023-06-07,2023-07-06,backfill,O:KLAC230721C00490000,490.0,2023-07-21,2023-06-13,13.5,16.02,13.4,16.02,9,4,13.5,,monthly_30d_35d_otm,weekly_2_strike0,44,26
KLAC,2023-06-07,2023-07-06,backfill,O:KLAC230721C00490000,490.0,2023-07-21,2023-06-14,13.8,14.4,13.8,14.4,5,3,13.8,,monthly_30d_35d_otm,weekly_2_strike0,44,26
KLAC,2023-06-07,2023-07-06,backfill,O:KLAC230721C00490000,490.0,2023-07-21,2023-06-15,12.4,12.43,12.4,12.43,2,2,12.4,,monthly_30d_35d_otm,weekly_2_strike0,44,26
KLAC,2023-06-07,2023-07-06,backfill,O:KLAC230721C00490000,490.0,2023-07-21,2023-06-16,10.2,10.2,10.2,10.2,1,1,10.2,,monthly_30d_35d_otm,weekly_2_strike0,44,26
KLAC,2023-06-07,2023-07-06,backfill,O:KLAC230721C00490000,490.0,2023-07-21,2023-06-20,7.65,7.65,7.65,7.65,1,1,7.65,,monthly_30d_35d_otm,weekly_2_strike0,44,26
KLAC,2023-06-07,2023-07-06,backfill,O:KLAC230721C00490000,490.0,2023-07-21,2023-06-21,6.65,6.65,6.0,6.0,42,4,6.65,,monthly_30d_35d_otm,weekly_2_strike0,44,26
KLAC,2023-06-07,2023-07-06,backfill,O:KLAC230721C00490000,490.0,2023-07-21,2023-06-22,6.97,6.97,6.97,6.97,1,1,6.97,,monthly_30d_35d_otm,weekly_2_strike0,44,26
KLAC,2023-06-07,2023-07-06,backfill,O:KLAC230721C00490000,490.0,2023-07-21,2023-06-23,4.5,4.5,4.5,4.5,2,1,4.5,,monthly_30d_35d_otm,weekly_2_strike0,44,26
KLAC,2023-06-07,2023-07-06,backfill,O:KLAC230721C00490000,490.0,2023-07-21,2023-06-26,6.52,6.52,6.52,6.52,1,1,6.52,,monthly_30d_35d_otm,weekly_2_strike0,44,26
KLAC,2023-06-07,2023-07-06,backfill,O:KLAC230721C00490000,490.0,2023-07-21,2023-06-30,11.7,12.4,11.6,11.9,12,8,11.7,,monthly_30d_35d_otm,weekly_2_strike0,44,26
KLAC,2023-06-07,2023-07-06,backfill,O:KLAC230721C00490000,490.0,2023-07-21,2023-07-03,9.84,9.84,8.5,8.5,2,2,9.84,,monthly_30d_35d_otm,weekly_2_strike0,44,26
KLAC,2023-06-07,2023-07-06,backfill,O:KLAC230721C00490000,490.0,2023-07-21,2023-07-05,5.5,5.5,4.83,4.83,71,4,5.5,,monthly_30d_35d_otm,weekly_2_strike0,44,26
KLAC,2023-06-07,2023-07-06,backfill,O:KLAC230721C00490000,490.0,2023-07-21,2023-07-06,2.67,2.67,1.73,2.13,5,5,2.67,,monthly_30d_35d_otm,weekly_2_strike0,44,26
KWEB,2021-02-05,2021-03-04,backfill,O:KWEB210319C00100000,100.0,2021-03-19,2021-02-05,2.7,2.84,2.34,2.6,1093,12,2.7,,monthly_30d_35d_otm,weekly_2_strike0,42,1093
KWEB,2021-02-05,2021-03-04,backfill,O:KWEB210319C00100000,100.0,2021-03-19,2021-02-08,2.64,2.65,2.5,2.57,64,9,2.64,,monthly_30d_35d_otm,weekly_2_strike0,42,1093
KWEB,2021-02-05,2021-03-04,backfill,O:KWEB210319C00100000,100.0,2021-03-19,2021-02-09,3.0,3.36,3.0,3.26,116,13,3.0,,monthly_30d_35d_otm,weekly_2_strike0,42,1093
KWEB,2021-02-05,2021-03-04,backfill,O:KWEB210319C00100000,100.0,2021-03-19,2021-02-10,4.49,4.8,3.46,4.35,188,24,4.49,,monthly_30d_35d_otm,weekly_2_strike0,42,1093
KWEB,2021-02-05,2021-03-04,backfill,O:KWEB210319C00100000,100.0,2021-03-19,2021-02-11,5.2,6.0,5.2,5.69,118,20,5.2,,monthly_30d_35d_otm,weekly_2_strike0,42,1093
KWEB,2021-02-05,2021-03-04,backfill,O:KWEB210319C00100000,100.0,2021-03-19,2021-02-12,5.0,6.25,5.0,5.71,33,9,5.0,,monthly_30d_35d_otm,weekly_2_strike0,42,1093
KWEB,2021-02-05,2021-03-04,backfill,O:KWEB210319C00100000,100.0,2021-03-19,2021-02-16,7.65,7.65,6.48,7.0,330,46,7.65,,monthly_30d_35d_otm,weekly_2_strike0,42,1093
KWEB,2021-02-05,2021-03-04,backfill,O:KWEB210319C00100000,100.0,2021-03-19,2021-02-17,7.46,7.83,6.52,7.0,54,12,7.46,,monthly_30d_35d_otm,weekly_2_strike0,42,1093
KWEB,2021-02-05,2021-03-04,backfill,O:KWEB210319C00100000,100.0,2021-03-19,2021-02-18,5.39,5.39,4.25,4.93,2103,52,5.39,,monthly_30d_35d_otm,weekly_2_strike0,42,1093
KWEB,2021-02-05,2021-03-04,backfill,O:KWEB210319C00100000,100.0,2021-03-19,2021-02-19,5.5,5.8,5.06,5.11,470,27,5.5,,monthly_30d_35d_otm,weekly_2_strike0,42,1093
KWEB,2021-02-05,2021-03-04,backfill,O:KWEB210319C00100000,100.0,2021-03-19,2021-02-22,3.4,3.65,2.6,2.69,495,46,3.4,,monthly_30d_35d_otm,weekly_2_strike0,42,1093
KWEB,2021-02-05,2021-03-04,backfill,O:KWEB210319C00100000,100.0,2021-03-19,2021-02-23,2.03,2.84,1.55,2.66,155,33,2.03,,monthly_30d_35d_otm,weekly_2_strike0,42,1093
KWEB,2021-02-05,2021-03-04,backfill,O:KWEB210319C00100000,100.0,2021-03-19,2021-02-24,1.4,1.6,1.22,1.6,227,37,1.4,,monthly_30d_35d_otm,weekly_2_strike0,42,1093
KWEB,2021-02-05,2021-03-04,backfill,O:KWEB210319C00100000,100.0,2021-03-19,2021-02-25,1.42,1.68,0.96,0.96,382,31,1.42,,monthly_30d_35d_otm,weekly_2_strike0,42,1093
KWEB,2021-02-05,2021-03-04,backfill,O:KWEB210319C00100000,100.0,2021-03-19,2021-02-26,0.77,0.79,0.55,0.74,67,17,0.77,,monthly_30d_35d_otm,weekly_2_strike0,42,1093
KWEB,2021-02-05,2021-03-04,backfill,O:KWEB210319C00100000,100.0,2021-03-19,2021-03-01,1.62,1.62,0.91,1.13,181,31,1.62,,monthly_30d_35d_otm,weekly_2_strike0,42,1093
KWEB,2021-02-05,2021-03-04,backfill,O:KWEB210319C00100000,100.0,2021-03-19,2021-03-02,1.02,1.1,0.69,0.75,100,23,1.02,,monthly_30d_35d_otm,weekly_2_strike0,42,1093
KWEB,2021-02-05,2021-03-04,backfill,O:KWEB210319C00100000,100.0,2021-03-19,2021-03-03,0.67,0.67,0.3,0.38,114,17,0.67,,monthly_30d_35d_otm,weekly_2_strike0,42,1093
KWEB,2021-02-05,2021-03-04,backfill,O:KWEB210319C00100000,100.0,2021-03-19,2021-03-04,0.18,0.24,0.07,0.1,93,12,0.18,,monthly_30d_35d_otm,weekly_2_strike0,42,1093
KWEB,2022-05-20,2022-06-17,backfill,O:KWEB220617C00030000,30.0,2022-06-17,2022-05-20,1.28,1.4,0.73,0.89,10237,119,1.28,,monthly_30d_35d_otm,weekly_1_strike0,28,10237
KWEB,2022-05-20,2022-06-17,backfill,O:KWEB220617C00030000,30.0,2022-06-17,2022-05-23,0.82,0.98,0.64,0.71,4794,74,0.82,,monthly_30d_35d_otm,weekly_1_strike0,28,10237
KWEB,2022-05-20,2022-06-17,backfill,O:KWEB220617C00030000,30.0,2022-06-17,2022-05-24,0.57,0.6,0.34,0.37,4192,90,0.57,,monthly_30d_35d_otm,weekly_1_strike0,28,10237
KWEB,2022-05-20,2022-06-17,backfill,O:KWEB220617C00030000,30.0,2022-06-17,2022-05-25,0.45,0.47,0.37,0.43,302,31,0.45,,monthly_30d_35d_otm,weekly_1_strike0,28,10237
KWEB,2022-05-20,2022-06-17,backfill,O:KWEB220617C00030000,30.0,2022-06-17,2022-05-26,0.55,0.95,0.55,0.9,7853,98,0.55,,monthly_30d_35d_otm,weekly_1_strike0,28,10237
KWEB,2022-05-20,2022-06-17,backfill,O:KWEB220617C00030000,30.0,2022-06-17,2022-05-27,0.89,0.89,0.69,0.86,5121,107,0.89,,monthly_30d_35d_otm,weekly_1_strike0,28,10237
KWEB,2022-05-20,2022-06-17,backfill,O:KWEB220617C00030000,30.0,2022-06-17,2022-05-31,1.49,1.58,1.17,1.23,5133,122,1.49,,monthly_30d_35d_otm,weekly_1_strike0,28,10237
KWEB,2022-05-20,2022-06-17,backfill,O:KWEB220617C00030000,30.0,2022-06-17,2022-06-01,1.36,1.43,0.87,1.0,7982,74,1.36,,monthly_30d_35d_otm,weekly_1_strike0,28,10237
KWEB,2022-05-20,2022-06-17,backfill,O:KWEB220617C00030000,30.0,2022-06-17,2022-06-02,1.03,1.61,1.03,1.55,2418,99,1.03,,monthly_30d_35d_otm,weekly_1_strike0,28,10237
KWEB,2022-05-20,2022-06-17,backfill,O:KWEB220617C00030000,30.0,2022-06-17,2022-06-03,1.27,1.39,1.01,1.12,973,64,1.27,,monthly_30d_35d_otm,weekly_1_strike0,28,10237
KWEB,2022-05-20,2022-06-17,backfill,O:KWEB220617C00030000,30.0,2022-06-17,2022-06-06,2.17,2.5,1.62,1.76,24593,106,2.17,,monthly_30d_35d_otm,weekly_1_strike0,28,10237
KWEB,2022-05-20,2022-06-17,backfill,O:KWEB220617C00030000,30.0,2022-06-17,2022-06-07,1.75,2.58,1.68,2.55,14620,85,1.75,,monthly_30d_35d_otm,weekly_1_strike0,28,10237
KWEB,2022-05-20,2022-06-17,backfill,O:KWEB220617C00030000,30.0,2022-06-17,2022-06-08,3.3,4.38,3.0,4.18,4984,116,3.3,,monthly_30d_35d_otm,weekly_1_strike0,28,10237
KWEB,2022-05-20,2022-06-17,backfill,O:KWEB220617C00030000,30.0,2022-06-17,2022-06-09,3.0,3.1,2.3,2.37,703,32,3.0,,monthly_30d_35d_otm,weekly_1_strike0,28,10237
KWEB,2022-05-20,2022-06-17,backfill,O:KWEB220617C00030000,30.0,2022-06-17,2022-06-10,2.77,3.03,2.15,2.26,405,37,2.77,,monthly_30d_35d_otm,weekly_1_strike0,28,10237
KWEB,2022-05-20,2022-06-17,backfill,O:KWEB220617C00030000,30.0,2022-06-17,2022-06-13,1.28,1.44,0.84,0.94,2961,79,1.28,,monthly_30d_35d_otm,weekly_1_strike0,28,10237
KWEB,2022-05-20,2022-06-17,backfill,O:KWEB220617C00030000,30.0,2022-06-17,2022-06-14,1.41,2.01,1.21,1.85,2989,65,1.41,,monthly_30d_35d_otm,weekly_1_strike0,28,10237
KWEB,2022-05-20,2022-06-17,backfill,O:KWEB220617C00030000,30.0,2022-06-17,2022-06-15,2.1,2.29,1.7,2.1,683,41,2.1,,monthly_30d_35d_otm,weekly_1_strike0,28,10237
KWEB,2022-05-20,2022-06-17,backfill,O:KWEB220617C00030000,30.0,2022-06-17,2022-06-16,0.96,1.11,0.58,0.61,8792,54,0.96,,monthly_30d_35d_otm,weekly_1_strike0,28,10237
KWEB,2022-05-20,2022-06-17,backfill,O:KWEB220617C00030000,30.0,2022-06-17,2022-06-17,2.06,2.15,0.76,1.13,3573,119,2.06,,monthly_30d_35d_otm,weekly_1_strike0,28,10237
LAZR,2021-09-27,2021-10-22,backfill,O:LAZR211119C00017500,17.5,2021-11-19,2021-09-27,1.5,2.0,1.5,1.65,55,14,1.5,,monthly_45d_40d_otm,weekly_2_strike0,53,55
LAZR,2021-09-27,2021-10-22,backfill,O:LAZR211119C00017500,17.5,2021-11-19,2021-09-28,1.61,1.61,1.1,1.12,107,13,1.61,,monthly_45d_40d_otm,weekly_2_strike0,53,55
LAZR,2021-09-27,2021-10-22,backfill,O:LAZR211119C00017500,17.5,2021-11-19,2021-09-29,1.04,1.04,0.8,0.85,78,18,1.04,,monthly_45d_40d_otm,weekly_2_strike0,53,55
LAZR,2021-09-27,2021-10-22,backfill,O:LAZR211119C00017500,17.5,2021-11-19,2021-09-30,0.8,0.87,0.77,0.79,30,8,0.8,,monthly_45d_40d_otm,weekly_2_strike0,53,55
LAZR,2021-09-27,2021-10-22,backfill,O:LAZR211119C00017500,17.5,2021-11-19,2021-10-01,0.75,0.75,0.65,0.71,56,15,0.75,,monthly_45d_40d_otm,weekly_2_strike0,53,55
LAZR,2021-09-27,2021-10-22,backfill,O:LAZR211119C00017500,17.5,2021-11-19,2021-10-04,0.5,0.5,0.42,0.5,61,17,0.5,,monthly_45d_40d_otm,weekly_2_strike0,53,55
LAZR,2021-09-27,2021-10-22,backfill,O:LAZR211119C00017500,17.5,2021-11-19,2021-10-05,0.5,0.6,0.5,0.5,39,11,0.5,,monthly_45d_40d_otm,weekly_2_strike0,53,55
LAZR,2021-09-27,2021-10-22,backfill,O:LAZR211119C00017500,17.5,2021-11-19,2021-10-06,0.55,0.55,0.45,0.48,89,10,0.55,,monthly_45d_40d_otm,weekly_2_strike0,53,55
LAZR,2021-09-27,2021-10-22,backfill,O:LAZR211119C00017500,17.5,2021-11-19,2021-10-07,0.5,0.6,0.5,0.5,70,16,0.5,,monthly_45d_40d_otm,weekly_2_strike0,53,55
LAZR,2021-09-27,2021-10-22,backfill,O:LAZR211119C00017500,17.5,2021-11-19,2021-10-08,0.53,0.55,0.43,0.44,69,21,0.53,,monthly_45d_40d_otm,weekly_2_strike0,53,55
LAZR,2021-09-27,2021-10-22,backfill,O:LAZR211119C00017500,17.5,2021-11-19,2021-10-11,0.4,0.5,0.35,0.45,48,23,0.4,,monthly_45d_40d_otm,weekly_2_strike0,53,55
LAZR,2021-09-27,2021-10-22,backfill,O:LAZR211119C00017500,17.5,2021-11-19,2021-10-12,0.45,0.67,0.4,0.6,746,27,0.45,,monthly_45d_40d_otm,weekly_2_strike0,53,55
LAZR,2021-09-27,2021-10-22,backfill,O:LAZR211119C00017500,17.5,2021-11-19,2021-10-13,0.65,0.95,0.62,0.75,1904,100,0.65,,monthly_45d_40d_otm,weekly_2_strike0,53,55
LAZR,2021-09-27,2021-10-22,backfill,O:LAZR211119C00017500,17.5,2021-11-19,2021-10-14,0.8,0.8,0.65,0.75,1004,61,0.8,,monthly_45d_40d_otm,weekly_2_strike0,53,55
LAZR,2021-09-27,2021-10-22,backfill,O:LAZR211119C00017500,17.5,2021-11-19,2021-10-15,0.75,0.75,0.51,0.55,550,66,0.75,,monthly_45d_40d_otm,weekly_2_strike0,53,55
LAZR,2021-09-27,2021-10-22,backfill,O:LAZR211119C00017500,17.5,2021-11-19,2021-10-18,0.5,0.55,0.45,0.5,351,48,0.5,,monthly_45d_40d_otm,weekly_2_strike0,53,55
LAZR,2021-09-27,2021-10-22,backfill,O:LAZR211119C00017500,17.5,2021-11-19,2021-10-19,0.5,0.55,0.45,0.53,136,31,0.5,,monthly_45d_40d_otm,weekly_2_strike0,53,55
LAZR,2021-09-27,2021-10-22,backfill,O:LAZR211119C00017500,17.5,2021-11-19,2021-10-20,0.5,0.68,0.45,0.6,450,42,0.5,,monthly_45d_40d_otm,weekly_2_strike0,53,55
LAZR,2021-09-27,2021-10-22,backfill,O:LAZR211119C00017500,17.5,2021-11-19,2021-10-21,0.57,0.8,0.57,0.65,1370,83,0.57,,monthly_45d_40d_otm,weekly_2_strike0,53,55
LAZR,2021-09-27,2021-10-22,backfill,O:LAZR211119C00017500,17.5,2021-11-19,2021-10-22,0.65,0.65,0.39,0.44,543,44,0.65,,monthly_45d_40d_otm,weekly_2_strike0,53,55
LAZR,2022-04-01,2022-04-29,backfill,O:LAZR220520C00017500,17.5,2022-05-20,2022-04-01,0.89,0.91,0.75,0.88,599,37,0.89,,monthly_30d_35d_otm,weekly_1_strike0,49,599
LAZR,2022-04-01,2022-04-29,backfill,O:LAZR220520C00017500,17.5,2022-05-20,2022-04-04,1.0,1.25,0.97,1.06,1049,38,1.0,,monthly_30d_35d_otm,weekly_1_strike0,49,599
LAZR,2022-04-01,2022-04-29,backfill,O:LAZR220520C00017500,17.5,2022-05-20,2022-04-05,1.08,1.08,0.8,0.84,717,41,1.08,,monthly_30d_35d_otm,weekly_1_strike0,49,599
LAZR,2022-04-01,2022-04-29,backfill,O:LAZR220520C00017500,17.5,2022-05-20,2022-04-06,0.62,0.63,0.47,0.53,91,27,0.62,,monthly_30d_35d_otm,weekly_1_strike0,49,599
LAZR,2022-04-01,2022-04-29,backfill,O:LAZR220520C00017500,17.5,2022-05-20,2022-04-07,0.56,0.6,0.4,0.53,483,74,0.56,,monthly_30d_35d_otm,weekly_1_strike0,49,599
LAZR,2022-04-01,2022-04-29,backfill,O:LAZR220520C00017500,17.5,2022-05-20,2022-04-08,0.39,0.47,0.38,0.38,103,16,0.39,,monthly_30d_35d_otm,weekly_1_strike0,49,599
LAZR,2022-04-01,2022-04-29,backfill,O:LAZR220520C00017500,17.5,2022-05-20,2022-04-11,0.33,0.44,0.33,0.4,115,16,0.33,,monthly_30d_35d_otm,weekly_1_strike0,49,599
LAZR,2022-04-01,2022-04-29,backfill,O:LAZR220520C00017500,17.5,2022-05-20,2022-04-12,0.42,0.56,0.39,0.41,593,88,0.42,,monthly_30d_35d_otm,weekly_1_strike0,49,599
LAZR,2022-04-01,2022-04-29,backfill,O:LAZR220520C00017500,17.5,2022-05-20,2022-04-13,0.43,0.53,0.43,0.53,171,24,0.43,,monthly_30d_35d_otm,weekly_1_strike0,49,599
LAZR,2022-04-01,2022-04-29,backfill,O:LAZR220520C00017500,17.5,2022-05-20,2022-04-14,0.53,0.53,0.42,0.47,57,15,0.53,,monthly_30d_35d_otm,weekly_1_strike0,49,599
LAZR,2022-04-01,2022-04-29,backfill,O:LAZR220520C00017500,17.5,2022-05-20,2022-04-18,0.37,0.37,0.3,0.31,145,14,0.37,,monthly_30d_35d_otm,weekly_1_strike0,49,599
LAZR,2022-04-01,2022-04-29,backfill,O:LAZR220520C00017500,17.5,2022-05-20,2022-04-19,0.27,0.35,0.22,0.33,93,16,0.27,,monthly_30d_35d_otm,weekly_1_strike0,49,599
LAZR,2022-04-01,2022-04-29,backfill,O:LAZR220520C00017500,17.5,2022-05-20,2022-04-20,0.24,0.24,0.2,0.2,139,9,0.24,,monthly_30d_35d_otm,weekly_1_strike0,49,599
LAZR,2022-04-01,2022-04-29,backfill,O:LAZR220520C00017500,17.5,2022-05-20,2022-04-21,0.22,0.26,0.2,0.2,40,8,0.22,,monthly_30d_35d_otm,weekly_1_strike0,49,599
LAZR,2022-04-01,2022-04-29,backfill,O:LAZR220520C00017500,17.5,2022-05-20,2022-04-22,0.2,0.22,0.18,0.18,23,8,0.2,,monthly_30d_35d_otm,weekly_1_strike0,49,599
LAZR,2022-04-01,2022-04-29,backfill,O:LAZR220520C00017500,17.5,2022-05-20,2022-04-25,0.2,0.26,0.2,0.24,35,15,0.2,,monthly_30d_35d_otm,weekly_1_strike0,49,599
LAZR,2022-04-01,2022-04-29,backfill,O:LAZR220520C00017500,17.5,2022-05-20,2022-04-26,0.22,0.25,0.22,0.25,13,3,0.22,,monthly_30d_35d_otm,weekly_1_strike0,49,599
LAZR,2022-04-01,2022-04-29,backfill,O:LAZR220520C00017500,17.5,2022-05-20,2022-04-27,0.23,0.23,0.15,0.18,102,9,0.23,,monthly_30d_35d_otm,weekly_1_strike0,49,599
LAZR,2022-04-01,2022-04-29,backfill,O:LAZR220520C00017500,17.5,2022-05-20,2022-04-28,0.12,0.17,0.12,0.17,167,9,0.12,,monthly_30d_35d_otm,weekly_1_strike0,49,599
LAZR,2022-04-01,2022-04-29,backfill,O:LAZR220520C00017500,17.5,2022-05-20,2022-04-29,0.18,0.18,0.11,0.11,237,8,0.18,,monthly_30d_35d_otm,weekly_1_strike0,49,599
LAZR,2025-03-11,2025-04-07,backfill,O:LAZR250516C00005000,5.0,2025-05-16,2025-03-11,0.81,0.84,0.8,0.82,106,6,0.81,,monthly_60d_atm,weekly_2_strike0,66,106
LAZR,2025-03-11,2025-04-07,backfill,O:LAZR250516C00005000,5.0,2025-05-16,2025-03-12,0.98,0.98,0.8,0.8,29,4,0.98,,monthly_60d_atm,weekly_2_strike0,66,106
LAZR,2025-03-11,2025-04-07,backfill,O:LAZR250516C00005000,5.0,2025-05-16,2025-03-14,0.75,0.78,0.75,0.78,18,5,0.75,,monthly_60d_atm,weekly_2_strike0,66,106
LAZR,2025-03-11,2025-04-07,backfill,O:LAZR250516C00005000,5.0,2025-05-16,2025-03-17,1.25,1.74,1.25,1.74,35,7,1.25,,monthly_60d_atm,weekly_2_strike0,66,106
LAZR,2025-03-11,2025-04-07,backfill,O:LAZR250516C00005000,5.0,2025-05-16,2025-03-18,2.25,2.45,2.0,2.05,194,15,2.25,,monthly_60d_atm,weekly_2_strike0,66,106
LAZR,2025-03-11,2025-04-07,backfill,O:LAZR250516C00005000,5.0,2025-05-16,2025-03-19,2.41,2.54,2.2,2.2,8,4,2.41,,monthly_60d_atm,weekly_2_strike0,66,106
LAZR,2025-03-11,2025-04-07,backfill,O:LAZR250516C00005000,5.0,2025-05-16,2025-03-20,2.14,2.14,1.78,1.78,112,8,2.14,,monthly_60d_atm,weekly_2_strike0,66,106
LAZR,2025-03-11,2025-04-07,backfill,O:LAZR250516C00005000,5.0,2025-05-16,2025-03-21,2.28,3.44,2.28,3.35,142,17,2.28,,monthly_60d_atm,weekly_2_strike0,66,106
LAZR,2025-03-11,2025-04-07,backfill,O:LAZR250516C00005000,5.0,2025-05-16,2025-03-24,1.81,1.81,1.68,1.68,7,3,1.81,,monthly_60d_atm,weekly_2_strike0,66,106
LAZR,2025-03-11,2025-04-07,backfill,O:LAZR250516C00005000,5.0,2025-05-16,2025-03-26,1.42,1.44,1.17,1.17,45,5,1.42,,monthly_60d_atm,weekly_2_strike0,66,106
LAZR,2025-03-11,2025-04-07,backfill,O:LAZR250516C00005000,5.0,2025-05-16,2025-03-27,1.12,1.78,1.12,1.52,13,4,1.12,,monthly_60d_atm,weekly_2_strike0,66,106
LAZR,2025-03-11,2025-04-07,backfill,O:LAZR250516C00005000,5.0,2025-05-16,2025-03-28,1.33,1.33,1.27,1.32,6,4,1.33,,monthly_60d_atm,weekly_2_strike0,66,106
LAZR,2025-03-11,2025-04-07,backfill,O:LAZR250516C00005000,5.0,2025-05-16,2025-03-31,1.29,1.3,1.05,1.05,31,5,1.29,,monthly_60d_atm,weekly_2_strike0,66,106
LAZR,2025-03-11,2025-04-07,backfill,O:LAZR250516C00005000,5.0,2025-05-16,2025-04-01,1.0,1.06,0.95,0.96,60,7,1.0,,monthly_60d_atm,weekly_2_strike0,66,106
LAZR,2025-03-11,2025-04-07,backfill,O:LAZR250516C00005000,5.0,2025-05-16,2025-04-02,0.88,0.96,0.86,0.86,42,4,0.88,,monthly_60d_atm,weekly_2_strike0,66,106
LAZR,2025-03-11,2025-04-07,backfill,O:LAZR250516C00005000,5.0,2025-05-16,2025-04-03,0.73,0.77,0.67,0.76,53,7,0.73,,monthly_60d_atm,weekly_2_strike0,66,106
LAZR,2025-03-11,2025-04-07,backfill,O:LAZR250516C00005000,5.0,2025-05-16,2025-04-04,0.58,0.87,0.55,0.8,65,9,0.58,,monthly_60d_atm,weekly_2_strike0,66,106
LAZR,2025-03-11,2025-04-07,backfill,O:LAZR250516C00005000,5.0,2025-05-16,2025-04-07,0.65,0.77,0.65,0.77,46,6,0.65,,monthly_60d_atm,weekly_2_strike0,66,106
LAZR,2025-05-15,2025-06-12,backfill,O:LAZR250620C00005000,5.0,2025-06-20,2025-05-15,0.14,0.15,0.1,0.1,374,18,0.14,,monthly_30d_25d_otm,weekly_2_strike0,36,374
LAZR,2025-05-15,2025-06-12,backfill,O:LAZR250620C00005000,5.0,2025-06-20,2025-05-16,0.2,0.37,0.13,0.37,392,20,0.2,,monthly_30d_25d_otm,weekly_2_strike0,36,374
LAZR,2025-05-15,2025-06-12,backfill,O:LAZR250620C00005000,5.0,2025-06-20,2025-05-19,0.26,0.3,0.23,0.24,36,7,0.26,,monthly_30d_25d_otm,weekly_2_strike0,36,374
LAZR,2025-05-15,2025-06-12,backfill,O:LAZR250620C00005000,5.0,2025-06-20,2025-05-20,0.18,0.18,0.13,0.13,50,5,0.18,,monthly_30d_25d_otm,weekly_2_strike0,36,374
LAZR,2025-05-15,2025-06-12,backfill,O:LAZR250620C00005000,5.0,2025-06-20,2025-05-21,0.13,0.14,0.09,0.11,56,7,0.13,,monthly_30d_25d_otm,weekly_2_strike0,36,374
LAZR,2025-05-15,2025-06-12,backfill,O:LAZR250620C00005000,5.0,2025-06-20,2025-05-22,0.1,0.1,0.01,0.07,39,8,0.1,,monthly_30d_25d_otm,weekly_2_strike0,36,374
LAZR,2025-05-15,2025-06-12,backfill,O:LAZR250620C00005000,5.0,2025-06-20,2025-05-23,0.04,0.06,0.04,0.05,47,7,0.04,,monthly_30d_25d_otm,weekly_2_strike0,36,374
LAZR,2025-05-15,2025-06-12,backfill,O:LAZR250620C00005000,5.0,2025-06-20,2025-05-27,0.03,0.05,0.03,0.03,29,5,0.03,,monthly_30d_25d_otm,weekly_2_strike0,36,374
LAZR,2025-05-15,2025-06-12,backfill,O:LAZR250620C00005000,5.0,2025-06-20,2025-05-28,0.05,0.05,0.05,0.05,1,1,0.05,,monthly_30d_25d_otm,weekly_2_strike0,36,374
LAZR,2025-05-15,2025-06-12,backfill,O:LAZR250620C00005000,5.0,2025-06-20,2025-05-29,0.06,0.06,0.03,0.03,26,6,0.06,,monthly_30d_25d_otm,weekly_2_strike0,36,374
LAZR,2025-05-15,2025-06-12,backfill,O:LAZR250620C00005000,5.0,2025-06-20,2025-05-30,0.02,0.04,0.02,0.04,12,3,0.02,,monthly_30d_25d_otm,weekly_2_strike0,36,374
LAZR,2025-05-15,2025-06-12,backfill,O:LAZR250620C00005000,5.0,2025-06-20,2025-06-04,0.02,0.02,0.02,0.02,4,2,0.02,,monthly_30d_25d_otm,weekly_2_strike0,36,374
LAZR,2025-05-15,2025-06-12,backfill,O:LAZR250620C00005000,5.0,2025-06-20,2025-06-05,0.02,0.02,0.02,0.02,1,1,0.02,,monthly_30d_25d_otm,weekly_2_strike0,36,374
LAZR,2025-05-15,2025-06-12,backfill,O:LAZR250620C00005000,5.0,2025-06-20,2025-06-06,0.02,0.02,0.02,0.02,1,1,0.02,,monthly_30d_25d_otm,weekly_2_strike0,36,374
LAZR,2025-05-15,2025-06-12,backfill,O:LAZR250620C00005000,5.0,2025-06-20,2025-06-09,0.02,0.03,0.01,0.03,189,6,0.02,,monthly_30d_25d_otm,weekly_2_strike0,36,374
LAZR,2025-05-15,2025-06-12,backfill,O:LAZR250620C00005000,5.0,2025-06-20,2025-06-10,0.01,0.01,0.01,0.01,20,1,0.01,,monthly_30d_25d_otm,weekly_2_strike0,36,374
LAZR,2025-05-15,2025-06-12,backfill,O:LAZR250620C00005000,5.0,2025-06-20,2025-06-11,0.02,0.05,0.01,0.01,505,13,0.02,,monthly_30d_25d_otm,weekly_2_strike0,36,374
LAZR,2025-05-15,2025-06-12,backfill,O:LAZR250620C00005000,5.0,2025-06-20,2025-06-12,0.01,0.01,0.01,0.01,67,3,0.01,,monthly_30d_25d_otm,weekly_2_strike0,36,374
LI,2026-03-16,2026-04-02,backfill,O:LI260417C00019000,19.0,2026-04-17,2026-03-16,0.68,0.72,0.63,0.71,2117,10,0.68,,monthly_30d_30d_otm,weekly_2_strike0,32,2117
LI,2026-03-16,2026-04-02,backfill,O:LI260417C00019000,19.0,2026-04-17,2026-03-17,0.51,0.51,0.51,0.51,80,1,0.51,,monthly_30d_30d_otm,weekly_2_strike0,32,2117
LI,2026-03-16,2026-04-02,backfill,O:LI260417C00019000,19.0,2026-04-17,2026-03-18,0.32,0.34,0.29,0.34,101,5,0.32,,monthly_30d_30d_otm,weekly_2_strike0,32,2117
LI,2026-03-16,2026-04-02,backfill,O:LI260417C00019000,19.0,2026-04-17,2026-03-19,0.2,0.25,0.2,0.25,6,2,0.2,,monthly_30d_30d_otm,weekly_2_strike0,32,2117
LI,2026-03-16,2026-04-02,backfill,O:LI260417C00019000,19.0,2026-04-17,2026-03-20,0.25,0.25,0.23,0.23,11,6,0.25,,monthly_30d_30d_otm,weekly_2_strike0,32,2117
LI,2026-03-16,2026-04-02,backfill,O:LI260417C00019000,19.0,2026-04-17,2026-03-23,0.2,0.23,0.19,0.21,132,13,0.2,,monthly_30d_30d_otm,weekly_2_strike0,32,2117
LI,2026-03-16,2026-04-02,backfill,O:LI260417C00019000,19.0,2026-04-17,2026-03-24,0.37,0.48,0.34,0.34,166,19,0.37,,monthly_30d_30d_otm,weekly_2_strike0,32,2117
LI,2026-03-16,2026-04-02,backfill,O:LI260417C00019000,19.0,2026-04-17,2026-03-25,0.44,0.49,0.39,0.42,49,11,0.44,,monthly_30d_30d_otm,weekly_2_strike0,32,2117
LI,2026-03-16,2026-04-02,backfill,O:LI260417C00019000,19.0,2026-04-17,2026-03-26,0.28,0.32,0.26,0.32,227,5,0.28,,monthly_30d_30d_otm,weekly_2_strike0,32,2117
LI,2026-03-16,2026-04-02,backfill,O:LI260417C00019000,19.0,2026-04-17,2026-03-27,0.37,0.37,0.25,0.25,18,3,0.37,,monthly_30d_30d_otm,weekly_2_strike0,32,2117
LI,2026-03-16,2026-04-02,backfill,O:LI260417C00019000,19.0,2026-04-17,2026-03-30,0.25,0.25,0.23,0.23,41,4,0.25,,monthly_30d_30d_otm,weekly_2_strike0,32,2117
LI,2026-03-16,2026-04-02,backfill,O:LI260417C00019000,19.0,2026-04-17,2026-04-01,0.52,0.52,0.4,0.42,9,4,0.52,,monthly_30d_30d_otm,weekly_2_strike0,32,2117
LI,2026-03-16,2026-04-02,backfill,O:LI260417C00019000,19.0,2026-04-17,2026-04-02,0.37,0.43,0.36,0.39,343,7,0.37,,monthly_30d_30d_otm,weekly_2_strike0,32,2117
LLY,2020-03-09,2020-03-20,backfill,O:LLY200515C00140000,140.0,2020-05-15,2020-03-09,9.23,9.23,7.1,7.1,42,7,9.23,,monthly_60d_40d_otm,weekly_2_strike1,67,42
LLY,2020-03-09,2020-03-20,backfill,O:LLY200515C00140000,140.0,2020-05-15,2020-03-10,8.5,9.3,7.15,9.3,46,9,8.5,,monthly_60d_40d_otm,weekly_2_strike1,67,42
LLY,2020-03-09,2020-03-20,backfill,O:LLY200515C00140000,140.0,2020-05-15,2020-03-11,9.52,9.52,9.52,9.52,1,1,9.52,,monthly_60d_40d_otm,weekly_2_strike1,67,42
LLY,2020-03-09,2020-03-20,backfill,O:LLY200515C00140000,140.0,2020-05-15,2020-03-12,5.35,5.85,5.15,5.85,32,4,5.35,,monthly_60d_40d_otm,weekly_2_strike1,67,42
LLY,2020-03-09,2020-03-20,backfill,O:LLY200515C00140000,140.0,2020-05-15,2020-03-13,6.5,10.06,5.87,10.06,14,4,6.5,,monthly_60d_40d_otm,weekly_2_strike1,67,42
LLY,2020-03-09,2020-03-20,backfill,O:LLY200515C00140000,140.0,2020-05-15,2020-03-16,9.55,10.4,8.4,8.4,29,11,9.55,,monthly_60d_40d_otm,weekly_2_strike1,67,42
LLY,2020-03-09,2020-03-20,backfill,O:LLY200515C00140000,140.0,2020-05-15,2020-03-17,9.45,11.02,9.35,11.02,13,5,9.45,,monthly_60d_40d_otm,weekly_2_strike1,67,42
LLY,2020-03-09,2020-03-20,backfill,O:LLY200515C00140000,140.0,2020-05-15,2020-03-18,12.3,12.3,12.3,12.3,1,1,12.3,,monthly_60d_40d_otm,weekly_2_strike1,67,42
LLY,2020-03-09,2020-03-20,backfill,O:LLY200515C00140000,140.0,2020-05-15,2020-03-19,14.38,14.38,11.5,12.3,30,3,14.38,,monthly_60d_40d_otm,weekly_2_strike1,67,42
LLY,2020-03-09,2020-03-20,backfill,O:LLY200515C00140000,140.0,2020-05-15,2020-03-20,6.5,6.5,4.5,4.5,8,3,6.5,,monthly_60d_40d_otm,weekly_2_strike1,67,42
LLY,2022-03-28,2022-04-25,backfill,O:LLY220520C00300000,300.0,2022-05-20,2022-03-28,9.17,9.17,7.77,8.4,89,10,9.17,,monthly_45d_35d_otm,weekly_2_strike0,53,89
LLY,2022-03-28,2022-04-25,backfill,O:LLY220520C00300000,300.0,2022-05-20,2022-03-29,6.95,7.1,6.55,7.1,71,6,6.95,,monthly_45d_35d_otm,weekly_2_strike0,53,89
LLY,2022-03-28,2022-04-25,backfill,O:LLY220520C00300000,300.0,2022-05-20,2022-03-30,7.48,7.7,6.61,6.61,27,6,7.48,,monthly_45d_35d_otm,weekly_2_strike0,53,89
LLY,2022-03-28,2022-04-25,backfill,O:LLY220520C00300000,300.0,2022-05-20,2022-03-31,6.35,7.0,5.88,5.88,31,4,6.35,,monthly_45d_35d_otm,weekly_2_strike0,53,89
LLY,2022-03-28,2022-04-25,backfill,O:LLY220520C00300000,300.0,2022-05-20,2022-04-01,5.25,8.0,5.25,7.52,42,15,5.25,,monthly_45d_35d_otm,weekly_2_strike0,53,89
LLY,2022-03-28,2022-04-25,backfill,O:LLY220520C00300000,300.0,2022-05-20,2022-04-04,8.25,8.45,7.45,7.63,155,36,8.25,,monthly_45d_35d_otm,weekly_2_strike0,53,89
LLY,2022-03-28,2022-04-25,backfill,O:LLY220520C00300000,300.0,2022-05-20,2022-04-05,8.1,9.0,7.5,7.5,78,19,8.1,,monthly_45d_35d_otm,weekly_2_strike0,53,89
LLY,2022-03-28,2022-04-25,backfill,O:LLY220520C00300000,300.0,2022-05-20,2022-04-06,9.5,15.86,9.5,15.65,378,59,9.5,,monthly_45d_35d_otm,weekly_2_strike0,53,89
LLY,2022-03-28,2022-04-25,backfill,O:LLY220520C00300000,300.0,2022-05-20,2022-04-07,15.85,21.42,15.85,17.8,182,29,15.85,,monthly_45d_35d_otm,weekly_2_strike0,53,89
LLY,2022-03-28,2022-04-25,backfill,O:LLY220520C00300000,300.0,2022-05-20,2022-04-08,18.15,19.83,18.15,19.25,24,9,18.15,,monthly_45d_35d_otm,weekly_2_strike0,53,89
LLY,2022-03-28,2022-04-25,backfill,O:LLY220520C00300000,300.0,2022-05-20,2022-04-11,20.0,20.0,17.38,18.23,76,21,20.0,,monthly_45d_35d_otm,weekly_2_strike0,53,89
LLY,2022-03-28,2022-04-25,backfill,O:LLY220520C00300000,300.0,2022-05-20,2022-04-12,16.72,17.5,14.54,15.9,21,12,16.72,,monthly_45d_35d_otm,weekly_2_strike0,53,89
LLY,2022-03-28,2022-04-25,backfill,O:LLY220520C00300000,300.0,2022-05-20,2022-04-13,13.48,13.73,12.6,13.73,23,11,13.48,,monthly_45d_35d_otm,weekly_2_strike0,53,89
LLY,2022-03-28,2022-04-25,backfill,O:LLY220520C00300000,300.0,2022-05-20,2022-04-14,12.88,13.62,12.0,12.75,41,20,12.88,,monthly_45d_35d_otm,weekly_2_strike0,53,89
LLY,2022-03-28,2022-04-25,backfill,O:LLY220520C00300000,300.0,2022-05-20,2022-04-18,12.17,12.17,9.5,10.0,365,25,12.17,,monthly_45d_35d_otm,weekly_2_strike0,53,89
LLY,2022-03-28,2022-04-25,backfill,O:LLY220520C00300000,300.0,2022-05-20,2022-04-19,9.48,9.78,8.0,9.38,45,13,9.48,,monthly_45d_35d_otm,weekly_2_strike0,53,89
LLY,2022-03-28,2022-04-25,backfill,O:LLY220520C00300000,300.0,2022-05-20,2022-04-20,9.75,9.75,7.15,7.2,49,11,9.75,,monthly_45d_35d_otm,weekly_2_strike0,53,89
LLY,2022-03-28,2022-04-25,backfill,O:LLY220520C00300000,300.0,2022-05-20,2022-04-21,5.38,6.5,5.1,5.66,43,13,5.38,,monthly_45d_35d_otm,weekly_2_strike0,53,89
LLY,2022-03-28,2022-04-25,backfill,O:LLY220520C00300000,300.0,2022-05-20,2022-04-22,4.85,5.38,2.88,2.94,838,46,4.85,,monthly_45d_35d_otm,weekly_2_strike0,53,89
LLY,2022-03-28,2022-04-25,backfill,O:LLY220520C00300000,300.0,2022-05-20,2022-04-25,3.16,3.9,2.22,3.9,128,25,3.16,,monthly_45d_35d_otm,weekly_2_strike0,53,89
LLY,2022-10-21,2022-11-17,backfill,O:LLY221118C00350000,350.0,2022-11-18,2022-10-21,5.8,9.35,5.2,8.77,227,36,5.8,,monthly_30d_25d_otm,weekly_1_strike0,28,227
LLY,2022-10-21,2022-11-17,backfill,O:LLY221118C00350000,350.0,2022-11-18,2022-10-24,10.45,13.95,10.45,12.2,479,63,10.45,,monthly_30d_25d_otm,weekly_1_strike0,28,227
LLY,2022-10-21,2022-11-17,backfill,O:LLY221118C00350000,350.0,2022-11-18,2022-10-25,10.37,14.0,9.05,13.63,100,23,10.37,,monthly_30d_25d_otm,weekly_1_strike0,28,227
LLY,2022-10-21,2022-11-17,backfill,O:LLY221118C00350000,350.0,2022-11-18,2022-10-26,14.85,19.5,14.0,16.8,92,31,14.85,,monthly_30d_25d_otm,weekly_1_strike0,28,227
LLY,2022-10-21,2022-11-17,backfill,O:LLY221118C00350000,350.0,2022-11-18,2022-10-27,17.5,18.59,16.58,17.9,45,12,17.5,,monthly_30d_25d_otm,weekly_1_strike0,28,227
LLY,2022-10-21,2022-11-17,backfill,O:LLY221118C00350000,350.0,2022-11-18,2022-10-28,17.5,20.0,17.5,17.8,27,10,17.5,,monthly_30d_25d_otm,weekly_1_strike0,28,227
LLY,2022-10-21,2022-11-17,backfill,O:LLY221118C00350000,350.0,2022-11-18,2022-10-31,18.05,21.25,17.35,19.65,57,16,18.05,,monthly_30d_25d_otm,weekly_1_strike0,28,227
LLY,2022-10-21,2022-11-17,backfill,O:LLY221118C00350000,350.0,2022-11-18,2022-11-01,8.45,15.15,6.18,11.0,110,36,8.45,,monthly_30d_25d_otm,weekly_1_strike0,28,227
LLY,2022-10-21,2022-11-17,backfill,O:LLY221118C00350000,350.0,2022-11-18,2022-11-02,12.93,17.6,12.75,12.75,32,12,12.93,,monthly_30d_25d_otm,weekly_1_strike0,28,227
LLY,2022-10-21,2022-11-17,backfill,O:LLY221118C00350000,350.0,2022-11-18,2022-11-03,11.87,17.45,11.87,17.45,43,14,11.87,,monthly_30d_25d_otm,weekly_1_strike0,28,227
LLY,2022-10-21,2022-11-17,backfill,O:LLY221118C00350000,350.0,2022-11-18,2022-11-04,18.19,18.19,10.3,10.3,68,9,18.19,,monthly_30d_25d_otm,weekly_1_strike0,28,227
LLY,2022-10-21,2022-11-17,backfill,O:LLY221118C00350000,350.0,2022-11-18,2022-11-07,17.3,18.81,15.77,18.7,426,13,17.3,,monthly_30d_25d_otm,weekly_1_strike0,28,227
LLY,2022-10-21,2022-11-17,backfill,O:LLY221118C00350000,350.0,2022-11-18,2022-11-08,17.3,20.6,17.3,20.6,22,7,17.3,,monthly_30d_25d_otm,weekly_1_strike0,28,227
LLY,2022-10-21,2022-11-17,backfill,O:LLY221118C00350000,350.0,2022-11-18,2022-11-09,20.85,20.85,15.75,15.75,12,6,20.85,,monthly_30d_25d_otm,weekly_1_strike0,28,227
LLY,2022-10-21,2022-11-17,backfill,O:LLY221118C00350000,350.0,2022-11-18,2022-11-10,16.9,18.88,15.4,18.88,18,6,16.9,,monthly_30d_25d_otm,weekly_1_strike0,28,227
LLY,2022-10-21,2022-11-17,backfill,O:LLY221118C00350000,350.0,2022-11-18,2022-11-11,14.14,14.14,3.35,7.6,2119,168,14.14,,monthly_30d_25d_otm,weekly_1_strike0,28,227
LLY,2022-10-21,2022-11-17,backfill,O:LLY221118C00350000,350.0,2022-11-18,2022-11-14,12.52,12.9,3.0,9.09,1019,86,12.52,,monthly_30d_25d_otm,weekly_1_strike0,28,227
LLY,2022-10-21,2022-11-17,backfill,O:LLY221118C00350000,350.0,2022-11-18,2022-11-15,8.9,8.9,2.97,4.35,189,75,8.9,,monthly_30d_25d_otm,weekly_1_strike0,28,227
LLY,2022-10-21,2022-11-17,backfill,O:LLY221118C00350000,350.0,2022-11-18,2022-11-16,4.5,8.01,4.35,4.6,293,30,4.5,,monthly_30d_25d_otm,weekly_1_strike0,28,227
LLY,2022-10-21,2022-11-17,backfill,O:LLY221118C00350000,350.0,2022-11-18,2022-11-17,6.0,11.84,6.0,10.83,419,31,6.0,,monthly_30d_25d_otm,weekly_1_strike0,28,227
LLY,2023-04-24,2023-05-19,backfill,O:LLY230519C00395000,395.0,2023-05-19,2023-04-24,7.01,7.01,6.17,6.17,10,3,7.01,,monthly_30d_30d_otm,weekly_2_strike0,25,10
LLY,2023-04-24,2023-05-19,backfill,O:LLY230519C00395000,395.0,2023-05-19,2023-04-25,7.1,8.48,6.7,6.7,17,5,7.1,,monthly_30d_30d_otm,weekly_2_strike0,25,10
LLY,2023-04-24,2023-05-19,backfill,O:LLY230519C00395000,395.0,2023-05-19,2023-04-26,3.25,4.35,2.58,4.35,9,4,3.25,,monthly_30d_30d_otm,weekly_2_strike0,25,10
LLY,2023-04-24,2023-05-19,backfill,O:LLY230519C00395000,395.0,2023-05-19,2023-04-27,7.93,10.1,3.75,7.45,83,14,7.93,,monthly_30d_30d_otm,weekly_2_strike0,25,10
LLY,2023-04-24,2023-05-19,backfill,O:LLY230519C00395000,395.0,2023-05-19,2023-04-28,9.6,14.1,9.6,9.78,65,21,9.6,,monthly_30d_30d_otm,weekly_2_strike0,25,10
LLY,2023-04-24,2023-05-19,backfill,O:LLY230519C00395000,395.0,2023-05-19,2023-05-01,8.67,15.9,8.67,15.9,14,4,8.67,,monthly_30d_30d_otm,weekly_2_strike0,25,10
LLY,2023-04-24,2023-05-19,backfill,O:LLY230519C00395000,395.0,2023-05-19,2023-05-02,18.0,18.3,11.15,14.34,50,7,18.0,,monthly_30d_30d_otm,weekly_2_strike0,25,10
LLY,2023-04-24,2023-05-19,backfill,O:LLY230519C00395000,395.0,2023-05-19,2023-05-03,25.73,38.5,25.73,36.85,71,11,25.73,,monthly_30d_30d_otm,weekly_2_strike0,25,10
LLY,2023-04-24,2023-05-19,backfill,O:LLY230519C00395000,395.0,2023-05-19,2023-05-04,33.95,34.45,33.0,33.0,7,3,33.95,,monthly_30d_30d_otm,weekly_2_strike0,25,10
LLY,2023-04-24,2023-05-19,backfill,O:LLY230519C00395000,395.0,2023-05-19,2023-05-08,33.5,33.5,33.5,33.5,20,1,33.5,,monthly_30d_30d_otm,weekly_2_strike0,25,10
LLY,2023-04-24,2023-05-19,backfill,O:LLY230519C00395000,395.0,2023-05-19,2023-05-10,36.78,39.0,36.78,39.0,7,3,36.78,,monthly_30d_30d_otm,weekly_2_strike0,25,10
LLY,2023-04-24,2023-05-19,backfill,O:LLY230519C00395000,395.0,2023-05-19,2023-05-11,39.65,39.73,37.9,39.45,248,4,39.65,,monthly_30d_30d_otm,weekly_2_strike0,25,10
LLY,2023-04-24,2023-05-19,backfill,O:LLY230519C00395000,395.0,2023-05-19,2023-05-12,47.2,47.2,44.8,44.8,2,2,47.2,,monthly_30d_30d_otm,weekly_2_strike0,25,10
LLY,2023-04-24,2023-05-19,backfill,O:LLY230519C00395000,395.0,2023-05-19,2023-05-16,37.25,37.3,37.25,37.3,3,1,37.25,,monthly_30d_30d_otm,weekly_2_strike0,25,10
LLY,2023-04-24,2023-05-19,backfill,O:LLY230519C00395000,395.0,2023-05-19,2023-05-19,46.0,51.8,46.0,51.8,3,2,46.0,,monthly_30d_30d_otm,weekly_2_strike0,25,10
LLY,2024-07-09,2024-07-18,backfill,O:LLY240816C00960000,960.0,2024-08-16,2024-07-09,24.7,28.42,23.55,28.42,405,29,24.7,,monthly_30d_25d_otm,weekly_2_strike0,38,405
LLY,2024-07-09,2024-07-18,backfill,O:LLY240816C00960000,960.0,2024-08-16,2024-07-10,29.8,33.26,27.95,31.26,106,29,29.8,,monthly_30d_25d_otm,weekly_2_strike0,38,405
LLY,2024-07-09,2024-07-18,backfill,O:LLY240816C00960000,960.0,2024-08-16,2024-07-11,28.53,32.0,21.8,28.55,552,26,28.53,,monthly_30d_25d_otm,weekly_2_strike0,38,405
LLY,2024-07-09,2024-07-18,backfill,O:LLY240816C00960000,960.0,2024-08-16,2024-07-12,29.97,33.9,29.97,32.85,141,26,29.97,,monthly_30d_25d_otm,weekly_2_strike0,38,405
LLY,2024-07-09,2024-07-18,backfill,O:LLY240816C00960000,960.0,2024-08-16,2024-07-15,38.07,42.36,33.5,34.9,366,56,38.07,,monthly_30d_25d_otm,weekly_2_strike0,38,405
LLY,2024-07-09,2024-07-18,backfill,O:LLY240816C00960000,960.0,2024-08-16,2024-07-16,33.3,35.68,27.46,28.8,61,33,33.3,,monthly_30d_25d_otm,weekly_2_strike0,38,405
LLY,2024-07-09,2024-07-18,backfill,O:LLY240816C00960000,960.0,2024-08-16,2024-07-17,15.21,23.0,14.8,16.7,100,32,15.21,,monthly_30d_25d_otm,weekly_2_strike0,38,405
LLY,2024-07-09,2024-07-18,backfill,O:LLY240816C00960000,960.0,2024-08-16,2024-07-18,17.0,17.05,5.93,7.12,1223,59,17.0,,monthly_30d_25d_otm,weekly_2_strike0,38,405
LLY,2025-03-04,2025-03-10,backfill,O:LLY250516C00960000,960.0,2025-05-16,2025-03-04,45.35,45.35,40.0,42.45,11,7,45.35,,monthly_60d_35d_otm,weekly_2_strike0,73,11
LLY,2025-03-04,2025-03-10,backfill,O:LLY250516C00960000,960.0,2025-05-16,2025-03-05,45.3,46.15,45.3,45.93,6,5,45.3,,monthly_60d_35d_otm,weekly_2_strike0,73,11
LLY,2025-03-04,2025-03-10,backfill,O:LLY250516C00960000,960.0,2025-05-16,2025-03-06,44.75,44.75,38.0,38.13,5,4,44.75,,monthly_60d_35d_otm,weekly_2_strike0,73,11
LLY,2025-03-04,2025-03-10,backfill,O:LLY250516C00960000,960.0,2025-05-16,2025-03-07,39.65,39.65,26.8,26.8,9,4,39.65,,monthly_60d_35d_otm,weekly_2_strike0,73,11
LLY,2025-03-04,2025-03-10,backfill,O:LLY250516C00960000,960.0,2025-05-16,2025-03-10,22.07,22.07,18.53,18.53,64,8,22.07,,monthly_60d_35d_otm,weekly_2_strike0,73,11
LLY,2025-04-09,2025-05-07,backfill,O:LLY250516C00750000,750.0,2025-05-16,2025-04-09,39.0,55.0,31.75,54.29,127,35,39.0,,monthly_30d_30d_otm,weekly_3_strike0,37,127
LLY,2025-04-09,2025-05-07,backfill,O:LLY250516C00750000,750.0,2025-05-16,2025-04-10,43.0,45.0,32.25,45.0,73,7,43.0,,monthly_30d_30d_otm,weekly_3_strike0,37,127
LLY,2025-04-09,2025-05-07,backfill,O:LLY250516C00750000,750.0,2025-05-16,2025-04-11,41.0,45.08,40.0,44.85,19,11,41.0,,monthly_30d_30d_otm,weekly_3_strike0,37,127
LLY,2025-04-09,2025-05-07,backfill,O:LLY250516C00750000,750.0,2025-05-16,2025-04-14,53.0,53.0,45.0,50.41,53,21,53.0,,monthly_30d_30d_otm,weekly_3_strike0,37,127
LLY,2025-04-09,2025-05-07,backfill,O:LLY250516C00750000,750.0,2025-05-16,2025-04-15,50.34,54.0,48.89,48.89,18,9,50.34,,monthly_30d_30d_otm,weekly_3_strike0,37,127
LLY,2025-04-09,2025-05-07,backfill,O:LLY250516C00750000,750.0,2025-05-16,2025-04-16,46.0,46.0,38.0,38.25,206,32,46.0,,monthly_30d_30d_otm,weekly_3_strike0,37,127
LLY,2025-04-09,2025-05-07,backfill,O:LLY250516C00750000,750.0,2025-05-16,2025-04-17,98.45,118.65,92.6,114.55,32,11,98.45,,monthly_30d_30d_otm,weekly_3_strike0,37,127
LLY,2025-04-09,2025-05-07,backfill,O:LLY250516C00750000,750.0,2025-05-16,2025-04-21,92.0,92.0,81.15,81.15,8,7,92.0,,monthly_30d_30d_otm,weekly_3_strike0,37,127
LLY,2025-04-09,2025-05-07,backfill,O:LLY250516C00750000,750.0,2025-05-16,2025-04-22,92.1,92.1,82.0,82.0,13,4,92.1,,monthly_30d_30d_otm,weekly_3_strike0,37,127
LLY,2025-04-09,2025-05-07,backfill,O:LLY250516C00750000,750.0,2025-05-16,2025-04-23,98.0,98.0,87.75,89.1,14,5,98.0,,monthly_30d_30d_otm,weekly_3_strike0,37,127
LLY,2025-04-09,2025-05-07,backfill,O:LLY250516C00750000,750.0,2025-05-16,2025-04-24,94.0,109.55,94.0,109.55,3,2,94.0,,monthly_30d_30d_otm,weekly_3_strike0,37,127
LLY,2025-04-09,2025-05-07,backfill,O:LLY250516C00750000,750.0,2025-05-16,2025-04-25,118.72,118.72,118.72,118.72,1,1,118.72,,monthly_30d_30d_otm,weekly_3_strike0,37,127
LLY,2025-04-09,2025-05-07,backfill,O:LLY250516C00750000,750.0,2025-05-16,2025-04-28,128.92,128.92,121.35,125.9,9,6,128.92,,monthly_30d_30d_otm,weekly_3_strike0,37,127
LLY,2025-04-09,2025-05-07,backfill,O:LLY250516C00750000,750.0,2025-05-16,2025-04-29,133.15,134.35,133.15,134.2,4,2,133.15,,monthly_30d_30d_otm,weekly_3_strike0,37,127
LLY,2025-04-09,2025-05-07,backfill,O:LLY250516C00750000,750.0,2025-05-16,2025-05-01,101.15,101.15,58.0,58.0,34,11,101.15,,monthly_30d_30d_otm,weekly_3_strike0,37,127
LLY,2025-04-09,2025-05-07,backfill,O:LLY250516C00750000,750.0,2025-05-16,2025-05-02,71.0,75.55,71.0,75.55,11,3,71.0,,monthly_30d_30d_otm,weekly_3_strike0,37,127
LLY,2025-04-09,2025-05-07,backfill,O:LLY250516C00750000,750.0,2025-05-16,2025-05-06,46.78,46.78,35.85,36.05,28,6,46.78,,monthly_30d_30d_otm,weekly_3_strike0,37,127
LLY,2025-04-09,2025-05-07,backfill,O:LLY250516C00750000,750.0,2025-05-16,2025-05-07,40.0,41.2,35.7,35.7,26,3,40.0,,monthly_30d_30d_otm,weekly_3_strike0,37,127
LMT,2020-09-23,2020-10-20,backfill,O:LMT201016C00400000,400.0,2020-10-16,2020-09-23,5.8,6.9,4.34,4.5,25,10,5.8,,monthly_30d_35d_otm,weekly_2_strike0,23,25
LMT,2020-09-23,2020-10-20,backfill,O:LMT201016C00400000,400.0,2020-10-16,2020-09-24,4.0,4.26,2.67,3.58,76,21,4.0,,monthly_30d_35d_otm,weekly_2_strike0,23,25
LMT,2020-09-23,2020-10-20,backfill,O:LMT201016C00400000,400.0,2020-10-16,2020-09-25,3.4,3.6,2.88,3.6,85,16,3.4,,monthly_30d_35d_otm,weekly_2_strike0,23,25
LMT,2020-09-23,2020-10-20,backfill,O:LMT201016C00400000,400.0,2020-10-16,2020-09-28,4.2,7.04,4.2,4.56,141,33,4.2,,monthly_30d_35d_otm,weekly_2_strike0,23,25
LMT,2020-09-23,2020-10-20,backfill,O:LMT201016C00400000,400.0,2020-10-16,2020-09-29,4.8,5.0,2.35,3.8,57,18,4.8,,monthly_30d_35d_otm,weekly_2_strike0,23,25
LMT,2020-09-23,2020-10-20,backfill,O:LMT201016C00400000,400.0,2020-10-16,2020-09-30,3.09,3.5,1.6,1.8,72,26,3.09,,monthly_30d_35d_otm,weekly_2_strike0,23,25
LMT,2020-09-23,2020-10-20,backfill,O:LMT201016C00400000,400.0,2020-10-16,2020-10-01,2.05,2.6,1.3,1.55,158,27,2.05,,monthly_30d_35d_otm,weekly_2_strike0,23,25
LMT,2020-09-23,2020-10-20,backfill,O:LMT201016C00400000,400.0,2020-10-16,2020-10-02,1.5,1.91,1.05,1.66,113,26,1.5,,monthly_30d_35d_otm,weekly_2_strike0,23,25
LMT,2020-09-23,2020-10-20,backfill,O:LMT201016C00400000,400.0,2020-10-16,2020-10-05,1.65,2.85,1.1,1.2,52,16,1.65,,monthly_30d_35d_otm,weekly_2_strike0,23,25
LMT,2020-09-23,2020-10-20,backfill,O:LMT201016C00400000,400.0,2020-10-16,2020-10-06,2.5,2.5,0.3,0.65,110,36,2.5,,monthly_30d_35d_otm,weekly_2_strike0,23,25
LMT,2020-09-23,2020-10-20,backfill,O:LMT201016C00400000,400.0,2020-10-16,2020-10-07,0.8,2.25,0.6,0.85,105,20,0.8,,monthly_30d_35d_otm,weekly_2_strike0,23,25
LMT,2020-09-23,2020-10-20,backfill,O:LMT201016C00400000,400.0,2020-10-16,2020-10-08,1.0,1.5,0.78,1.5,133,35,1.0,,monthly_30d_35d_otm,weekly_2_strike0,23,25
LMT,2020-09-23,2020-10-20,backfill,O:LMT201016C00400000,400.0,2020-10-16,2020-10-09,1.93,1.93,0.7,0.7,196,37,1.93,,monthly_30d_35d_otm,weekly_2_strike0,23,25
LMT,2020-09-23,2020-10-20,backfill,O:LMT201016C00400000,400.0,2020-10-16,2020-10-12,0.6,0.7,0.3,0.4,388,68,0.6,,monthly_30d_35d_otm,weekly_2_strike0,23,25
LMT,2020-09-23,2020-10-20,backfill,O:LMT201016C00400000,400.0,2020-10-16,2020-10-13,0.35,5.5,0.15,0.33,217,39,0.35,,monthly_30d_35d_otm,weekly_2_strike0,23,25
LMT,2020-09-23,2020-10-20,backfill,O:LMT201016C00400000,400.0,2020-10-16,2020-10-14,0.3,1.2,0.25,0.3,258,57,0.3,,monthly_30d_35d_otm,weekly_2_strike0,23,25
LMT,2020-09-23,2020-10-20,backfill,O:LMT201016C00400000,400.0,2020-10-16,2020-10-15,0.1,0.2,0.02,0.05,107,23,0.1,,monthly_30d_35d_otm,weekly_2_strike0,23,25
LMT,2020-09-23,2020-10-20,backfill,O:LMT201016C00400000,400.0,2020-10-16,2020-10-16,0.06,0.15,0.02,0.02,32,16,0.06,,monthly_30d_35d_otm,weekly_2_strike0,23,25
LMT,2022-11-01,2022-11-29,backfill,O:LMT221216C00485000,485.0,2022-12-16,2022-11-01,18.0,18.37,17.0,17.5,7,6,18.0,,monthly_30d_atm,weekly_2_strike0,45,7
LMT,2022-11-01,2022-11-29,backfill,O:LMT221216C00485000,485.0,2022-12-16,2022-11-02,16.8,18.0,14.5,14.9,10,7,16.8,,monthly_30d_atm,weekly_2_strike0,45,7
LMT,2022-11-01,2022-11-29,backfill,O:LMT221216C00485000,485.0,2022-12-16,2022-11-03,14.42,18.0,13.6,17.8,41,15,14.42,,monthly_30d_atm,weekly_2_strike0,45,7
LMT,2022-11-01,2022-11-29,backfill,O:LMT221216C00485000,485.0,2022-12-16,2022-11-04,15.93,15.93,10.26,12.4,35,18,15.93,,monthly_30d_atm,weekly_2_strike0,45,7
LMT,2022-11-01,2022-11-29,backfill,O:LMT221216C00485000,485.0,2022-12-16,2022-11-07,13.6,17.8,13.6,17.15,53,19,13.6,,monthly_30d_atm,weekly_2_strike0,45,7
LMT,2022-11-01,2022-11-29,backfill,O:LMT221216C00485000,485.0,2022-12-16,2022-11-08,17.2,19.5,17.2,19.5,5,4,17.2,,monthly_30d_atm,weekly_2_strike0,45,7
LMT,2022-11-01,2022-11-29,backfill,O:LMT221216C00485000,485.0,2022-12-16,2022-11-09,18.4,18.4,15.35,15.7,8,8,18.4,,monthly_30d_atm,weekly_2_strike0,45,7
LMT,2022-11-01,2022-11-29,backfill,O:LMT221216C00485000,485.0,2022-12-16,2022-11-10,16.42,16.42,14.5,16.0,5,4,16.42,,monthly_30d_atm,weekly_2_strike0,45,7
LMT,2022-11-01,2022-11-29,backfill,O:LMT221216C00485000,485.0,2022-12-16,2022-11-11,10.5,11.5,5.35,5.35,45,18,10.5,,monthly_30d_atm,weekly_2_strike0,45,7
LMT,2022-11-01,2022-11-29,backfill,O:LMT221216C00485000,485.0,2022-12-16,2022-11-14,5.6,7.5,4.1,5.22,107,26,5.6,,monthly_30d_atm,weekly_2_strike0,45,7
LMT,2022-11-01,2022-11-29,backfill,O:LMT221216C00485000,485.0,2022-12-16,2022-11-15,5.65,10.5,3.6,6.8,133,23,5.65,,monthly_30d_atm,weekly_2_strike0,45,7
LMT,2022-11-01,2022-11-29,backfill,O:LMT221216C00485000,485.0,2022-12-16,2022-11-16,5.74,6.4,5.74,5.85,40,8,5.74,,monthly_30d_atm,weekly_2_strike0,45,7
LMT,2022-11-01,2022-11-29,backfill,O:LMT221216C00485000,485.0,2022-12-16,2022-11-17,7.4,7.7,7.0,7.0,31,4,7.4,,monthly_30d_atm,weekly_2_strike0,45,7
LMT,2022-11-01,2022-11-29,backfill,O:LMT221216C00485000,485.0,2022-12-16,2022-11-18,9.0,10.1,7.71,8.49,68,28,9.0,,monthly_30d_atm,weekly_2_strike0,45,7
LMT,2022-11-01,2022-11-29,backfill,O:LMT221216C00485000,485.0,2022-12-16,2022-11-21,7.7,10.9,7.7,9.3,22,14,7.7,,monthly_30d_atm,weekly_2_strike0,45,7
LMT,2022-11-01,2022-11-29,backfill,O:LMT221216C00485000,485.0,2022-12-16,2022-11-22,10.06,10.06,7.9,7.9,24,12,10.06,,monthly_30d_atm,weekly_2_strike0,45,7
LMT,2022-11-01,2022-11-29,backfill,O:LMT221216C00485000,485.0,2022-12-16,2022-11-23,7.85,8.2,6.9,7.55,62,12,7.85,,monthly_30d_atm,weekly_2_strike0,45,7
LMT,2022-11-01,2022-11-29,backfill,O:LMT221216C00485000,485.0,2022-12-16,2022-11-25,8.25,9.1,8.0,8.3,19,12,8.25,,monthly_30d_atm,weekly_2_strike0,45,7
LMT,2022-11-01,2022-11-29,backfill,O:LMT221216C00485000,485.0,2022-12-16,2022-11-28,7.26,8.8,7.26,7.75,13,9,7.26,,monthly_30d_atm,weekly_2_strike0,45,7
LMT,2022-11-01,2022-11-29,backfill,O:LMT221216C00485000,485.0,2022-12-16,2022-11-29,7.05,8.35,7.05,7.8,36,14,7.05,,monthly_30d_atm,weekly_2_strike0,45,7
LMT,2023-10-27,2023-11-24,backfill,O:LMT231117C00442500,442.5,2023-11-17,2023-10-27,9.79,9.9,7.8,9.25,55,13,9.79,,monthly_30d_atm,weekly_1_strike0,21,55
LMT,2023-10-27,2023-11-24,backfill,O:LMT231117C00442500,442.5,2023-11-17,2023-10-30,10.3,10.3,8.8,10.26,8,4,10.3,,monthly_30d_atm,weekly_1_strike0,21,55
LMT,2023-10-27,2023-11-24,backfill,O:LMT231117C00442500,442.5,2023-11-17,2023-10-31,10.55,10.55,10.55,10.55,5,1,10.55,,monthly_30d_atm,weekly_1_strike0,21,55
LMT,2023-10-27,2023-11-24,backfill,O:LMT231117C00442500,442.5,2023-11-17,2023-11-01,15.4,15.4,15.4,15.4,1,1,15.4,,monthly_30d_atm,weekly_1_strike0,21,55
LMT,2023-10-27,2023-11-24,backfill,O:LMT231117C00442500,442.5,2023-11-17,2023-11-03,14.0,14.0,14.0,14.0,1,1,14.0,,monthly_30d_atm,weekly_1_strike0,21,55
LMT,2023-10-27,2023-11-24,backfill,O:LMT231117C00442500,442.5,2023-11-17,2023-11-07,9.9,9.9,9.9,9.9,14,1,9.9,,monthly_30d_atm,weekly_1_strike0,21,55
LMT,2023-10-27,2023-11-24,backfill,O:LMT231117C00442500,442.5,2023-11-17,2023-11-08,8.2,8.2,6.6,6.6,11,3,8.2,,monthly_30d_atm,weekly_1_strike0,21,55
LMT,2023-10-27,2023-11-24,backfill,O:LMT231117C00442500,442.5,2023-11-17,2023-11-09,4.7,5.6,3.15,4.46,11,8,4.7,,monthly_30d_atm,weekly_1_strike0,21,55
LMT,2023-10-27,2023-11-24,backfill,O:LMT231117C00442500,442.5,2023-11-17,2023-11-10,4.42,5.57,3.1,5.11,30,23,4.42,,monthly_30d_atm,weekly_1_strike0,21,55
LMT,2023-10-27,2023-11-24,backfill,O:LMT231117C00442500,442.5,2023-11-17,2023-11-13,4.9,6.4,4.4,5.0,13,9,4.9,,monthly_30d_atm,weekly_1_strike0,21,55
LMT,2023-10-27,2023-11-24,backfill,O:LMT231117C00442500,442.5,2023-11-17,2023-11-14,3.31,4.6,2.8,4.0,11,7,3.31,,monthly_30d_atm,weekly_1_strike0,21,55
LMT,2023-10-27,2023-11-24,backfill,O:LMT231117C00442500,442.5,2023-11-17,2023-11-15,4.0,5.4,4.0,5.12,7,7,4.0,,monthly_30d_atm,weekly_1_strike0,21,55
LMT,2023-10-27,2023-11-24,backfill,O:LMT231117C00442500,442.5,2023-11-17,2023-11-16,4.25,4.25,2.5,3.3,12,8,4.25,,monthly_30d_atm,weekly_1_strike0,21,55
LMT,2023-10-27,2023-11-24,backfill,O:LMT231117C00442500,442.5,2023-11-17,2023-11-17,4.2,4.5,2.63,2.63,13,8,4.2,,monthly_30d_atm,weekly_1_strike0,21,55
LMT,2024-04-16,2024-05-13,backfill,O:LMT240517C00465000,465.0,2024-05-17,2024-04-16,9.3,11.0,8.83,9.57,67,21,9.3,,monthly_30d_30d_otm,weekly_2_strike0,31,67
LMT,2024-04-16,2024-05-13,backfill,O:LMT240517C00465000,465.0,2024-05-17,2024-04-17,7.95,8.7,7.2,8.24,34,14,7.95,,monthly_30d_30d_otm,weekly_2_strike0,31,67
LMT,2024-04-16,2024-05-13,backfill,O:LMT240517C00465000,465.0,2024-05-17,2024-04-18,7.5,8.8,7.5,7.97,20,6,7.5,,monthly_30d_30d_otm,weekly_2_strike0,31,67
LMT,2024-04-16,2024-05-13,backfill,O:LMT240517C00465000,465.0,2024-05-17,2024-04-19,10.0,12.8,9.73,12.2,98,34,10.0,,monthly_30d_30d_otm,weekly_2_strike0,31,67
LMT,2024-04-16,2024-05-13,backfill,O:LMT240517C00465000,465.0,2024-05-17,2024-04-22,14.2,14.37,9.29,9.6,131,43,14.2,,monthly_30d_30d_otm,weekly_2_strike0,31,67
LMT,2024-04-16,2024-05-13,backfill,O:LMT240517C00465000,465.0,2024-05-17,2024-04-23,11.5,14.5,6.0,6.18,90,32,11.5,,monthly_30d_30d_otm,weekly_2_strike0,31,67
LMT,2024-04-16,2024-05-13,backfill,O:LMT240517C00465000,465.0,2024-05-17,2024-04-24,6.0,6.0,4.4,5.77,32,11,6.0,,monthly_30d_30d_otm,weekly_2_strike0,31,67
LMT,2024-04-16,2024-05-13,backfill,O:LMT240517C00465000,465.0,2024-05-17,2024-04-25,4.57,7.5,4.57,7.22,188,12,4.57,,monthly_30d_30d_otm,weekly_2_strike0,31,67
LMT,2024-04-16,2024-05-13,backfill,O:LMT240517C00465000,465.0,2024-05-17,2024-04-26,6.74,6.74,4.8,5.45,50,14,6.74,,monthly_30d_30d_otm,weekly_2_strike0,31,67
LMT,2024-04-16,2024-05-13,backfill,O:LMT240517C00465000,465.0,2024-05-17,2024-04-29,6.3,8.09,6.3,8.09,37,9,6.3,,monthly_30d_30d_otm,weekly_2_strike0,31,67
LMT,2024-04-16,2024-05-13,backfill,O:LMT240517C00465000,465.0,2024-05-17,2024-04-30,7.49,7.51,6.8,6.8,15,3,7.49,,monthly_30d_30d_otm,weekly_2_strike0,31,67
LMT,2024-04-16,2024-05-13,backfill,O:LMT240517C00465000,465.0,2024-05-17,2024-05-01,5.1,5.98,4.8,5.0,83,12,5.1,,monthly_30d_30d_otm,weekly_2_strike0,31,67
LMT,2024-04-16,2024-05-13,backfill,O:LMT240517C00465000,465.0,2024-05-17,2024-05-02,3.66,4.0,3.5,3.9,32,9,3.66,,monthly_30d_30d_otm,weekly_2_strike0,31,67
LMT,2024-04-16,2024-05-13,backfill,O:LMT240517C00465000,465.0,2024-05-17,2024-05-03,3.8,3.97,2.7,3.97,80,9,3.8,,monthly_30d_30d_otm,weekly_2_strike0,31,67
LMT,2024-04-16,2024-05-13,backfill,O:LMT240517C00465000,465.0,2024-05-17,2024-05-06,3.82,3.9,2.65,3.6,184,15,3.82,,monthly_30d_30d_otm,weekly_2_strike0,31,67
LMT,2024-04-16,2024-05-13,backfill,O:LMT240517C00465000,465.0,2024-05-17,2024-05-07,5.1,5.4,4.3,4.8,99,17,5.1,,monthly_30d_30d_otm,weekly_2_strike0,31,67
LMT,2024-04-16,2024-05-13,backfill,O:LMT240517C00465000,465.0,2024-05-17,2024-05-08,4.8,5.5,4.0,5.2,32,12,4.8,,monthly_30d_30d_otm,weekly_2_strike0,31,67
LMT,2024-04-16,2024-05-13,backfill,O:LMT240517C00465000,465.0,2024-05-17,2024-05-09,4.4,5.8,4.3,5.6,14,9,4.4,,monthly_30d_30d_otm,weekly_2_strike0,31,67
LMT,2024-04-16,2024-05-13,backfill,O:LMT240517C00465000,465.0,2024-05-17,2024-05-10,5.9,6.71,5.3,5.8,46,18,5.9,,monthly_30d_30d_otm,weekly_2_strike0,31,67
LMT,2024-04-16,2024-05-13,backfill,O:LMT240517C00465000,465.0,2024-05-17,2024-05-13,6.9,8.5,6.4,6.8,65,14,6.9,,monthly_30d_30d_otm,weekly_2_strike0,31,67
LMT,2025-04-17,2025-05-15,backfill,O:LMT250516C00505000,505.0,2025-05-16,2025-04-17,2.35,4.2,2.35,3.9,8,6,2.35,,monthly_30d_20d_otm,weekly_2_strike0,29,8
LMT,2025-04-17,2025-05-15,backfill,O:LMT250516C00505000,505.0,2025-05-16,2025-04-21,2.64,2.64,2.23,2.23,13,5,2.64,,monthly_30d_20d_otm,weekly_2_strike0,29,8
LMT,2025-04-17,2025-05-15,backfill,O:LMT250516C00505000,505.0,2025-05-16,2025-04-22,0.75,1.75,0.68,1.4,9,5,0.75,,monthly_30d_20d_otm,weekly_2_strike0,29,8
LMT,2025-04-17,2025-05-15,backfill,O:LMT250516C00505000,505.0,2025-05-16,2025-04-23,1.18,1.32,1.05,1.32,42,5,1.18,,monthly_30d_20d_otm,weekly_2_strike0,29,8
LMT,2025-04-17,2025-05-15,backfill,O:LMT250516C00505000,505.0,2025-05-16,2025-04-24,1.0,1.31,1.0,1.15,4,4,1.0,,monthly_30d_20d_otm,weekly_2_strike0,29,8
LMT,2025-04-17,2025-05-15,backfill,O:LMT250516C00505000,505.0,2025-05-16,2025-04-25,1.8,2.3,1.56,2.24,44,13,1.8,,monthly_30d_20d_otm,weekly_2_strike0,29,8
LMT,2025-04-17,2025-05-15,backfill,O:LMT250516C00505000,505.0,2025-05-16,2025-04-28,2.7,2.9,1.8,2.02,6,5,2.7,,monthly_30d_20d_otm,weekly_2_strike0,29,8
LMT,2025-04-17,2025-05-15,backfill,O:LMT250516C00505000,505.0,2025-05-16,2025-04-29,1.4,1.55,1.4,1.47,8,4,1.4,,monthly_30d_20d_otm,weekly_2_strike0,29,8
LMT,2025-04-17,2025-05-15,backfill,O:LMT250516C00505000,505.0,2025-05-16,2025-04-30,1.55,1.63,1.55,1.63,7,2,1.55,,monthly_30d_20d_otm,weekly_2_strike0,29,8
LMT,2025-04-17,2025-05-15,backfill,O:LMT250516C00505000,505.0,2025-05-16,2025-05-01,1.27,1.55,1.05,1.54,6,6,1.27,,monthly_30d_20d_otm,weekly_2_strike0,29,8
LMT,2025-04-17,2025-05-15,backfill,O:LMT250516C00505000,505.0,2025-05-16,2025-05-02,2.1,2.65,0.58,0.9,14,11,2.1,,monthly_30d_20d_otm,weekly_2_strike0,29,8
LMT,2025-04-17,2025-05-15,backfill,O:LMT250516C00505000,505.0,2025-05-16,2025-05-06,0.43,0.43,0.32,0.4,6,6,0.43,,monthly_30d_20d_otm,weekly_2_strike0,29,8
LMT,2025-04-17,2025-05-15,backfill,O:LMT250516C00505000,505.0,2025-05-16,2025-05-07,0.46,0.46,0.44,0.44,2,2,0.46,,monthly_30d_20d_otm,weekly_2_strike0,29,8
LMT,2025-04-17,2025-05-15,backfill,O:LMT250516C00505000,505.0,2025-05-16,2025-05-08,0.5,0.5,0.5,0.5,7,2,0.5,,monthly_30d_20d_otm,weekly_2_strike0,29,8
LMT,2025-04-17,2025-05-15,backfill,O:LMT250516C00505000,505.0,2025-05-16,2025-05-09,0.05,0.3,0.05,0.3,6,4,0.05,,monthly_30d_20d_otm,weekly_2_strike0,29,8
LMT,2025-04-17,2025-05-15,backfill,O:LMT250516C00505000,505.0,2025-05-16,2025-05-12,0.2,0.25,0.05,0.2,17,5,0.2,,monthly_30d_20d_otm,weekly_2_strike0,29,8
LMT,2025-04-17,2025-05-15,backfill,O:LMT250516C00505000,505.0,2025-05-16,2025-05-13,0.05,0.14,0.05,0.14,38,4,0.05,,monthly_30d_20d_otm,weekly_2_strike0,29,8
LMT,2025-04-17,2025-05-15,backfill,O:LMT250516C00505000,505.0,2025-05-16,2025-05-14,0.1,0.53,0.1,0.53,6,2,0.1,,monthly_30d_20d_otm,weekly_2_strike0,29,8
LMT,2025-04-17,2025-05-15,backfill,O:LMT250516C00505000,505.0,2025-05-16,2025-05-15,0.05,0.05,0.05,0.05,5,1,0.05,,monthly_30d_20d_otm,weekly_2_strike0,29,8
LMT,2025-10-02,2025-10-29,backfill,O:LMT251121C00500000,500.0,2025-11-21,2025-10-02,21.0,21.0,18.61,18.8,72,11,21.0,,monthly_30d_atm,weekly_2_strike0,50,72
LMT,2025-10-02,2025-10-29,backfill,O:LMT251121C00500000,500.0,2025-11-21,2025-10-03,20.1,23.83,20.1,21.6,47,12,20.1,,monthly_30d_atm,weekly_2_strike0,50,72
LMT,2025-10-02,2025-10-29,backfill,O:LMT251121C00500000,500.0,2025-11-21,2025-10-06,25.66,27.8,25.66,27.45,28,7,25.66,,monthly_30d_atm,weekly_2_strike0,50,72
LMT,2025-10-02,2025-10-29,backfill,O:LMT251121C00500000,500.0,2025-11-21,2025-10-07,28.87,28.87,25.25,26.81,16,7,28.87,,monthly_30d_atm,weekly_2_strike0,50,72
LMT,2025-10-02,2025-10-29,backfill,O:LMT251121C00500000,500.0,2025-11-21,2025-10-09,28.2,28.2,21.8,21.82,5,4,28.2,,monthly_30d_atm,weekly_2_strike0,50,72
LMT,2025-10-02,2025-10-29,backfill,O:LMT251121C00500000,500.0,2025-11-21,2025-10-10,21.91,26.1,19.33,23.0,14,7,21.91,,monthly_30d_atm,weekly_2_strike0,50,72
LMT,2025-10-02,2025-10-29,backfill,O:LMT251121C00500000,500.0,2025-11-21,2025-10-13,21.44,22.9,21.44,21.8,8,4,21.44,,monthly_30d_atm,weekly_2_strike0,50,72
LMT,2025-10-02,2025-10-29,backfill,O:LMT251121C00500000,500.0,2025-11-21,2025-10-14,18.6,21.5,18.6,21.3,13,8,18.6,,monthly_30d_atm,weekly_2_strike0,50,72
LMT,2025-10-02,2025-10-29,backfill,O:LMT251121C00500000,500.0,2025-11-21,2025-10-15,21.8,21.8,14.0,19.6,94,25,21.8,,monthly_30d_atm,weekly_2_strike0,50,72
LMT,2025-10-02,2025-10-29,backfill,O:LMT251121C00500000,500.0,2025-11-21,2025-10-16,18.0,19.0,16.41,16.6,30,9,18.0,,monthly_30d_atm,weekly_2_strike0,50,72
LMT,2025-10-02,2025-10-29,backfill,O:LMT251121C00500000,500.0,2025-11-21,2025-10-17,14.95,16.7,13.8,16.47,128,23,14.95,,monthly_30d_atm,weekly_2_strike0,50,72
LMT,2025-10-02,2025-10-29,backfill,O:LMT251121C00500000,500.0,2025-11-21,2025-10-20,17.5,21.0,17.5,21.0,37,20,17.5,,monthly_30d_atm,weekly_2_strike0,50,72
LMT,2025-10-02,2025-10-29,backfill,O:LMT251121C00500000,500.0,2025-11-21,2025-10-21,12.25,16.3,8.2,8.32,67,39,12.25,,monthly_30d_atm,weekly_2_strike0,50,72
LMT,2025-10-02,2025-10-29,backfill,O:LMT251121C00500000,500.0,2025-11-21,2025-10-22,9.76,10.0,6.4,7.68,47,19,9.76,,monthly_30d_atm,weekly_2_strike0,50,72
LMT,2025-10-02,2025-10-29,backfill,O:LMT251121C00500000,500.0,2025-11-21,2025-10-23,8.1,9.4,7.1,7.1,39,15,8.1,,monthly_30d_atm,weekly_2_strike0,50,72
LMT,2025-10-02,2025-10-29,backfill,O:LMT251121C00500000,500.0,2025-11-21,2025-10-24,7.5,7.5,5.2,5.2,32,15,7.5,,monthly_30d_atm,weekly_2_strike0,50,72
LMT,2025-10-02,2025-10-29,backfill,O:LMT251121C00500000,500.0,2025-11-21,2025-10-27,4.75,5.0,3.1,4.9,84,24,4.75,,monthly_30d_atm,weekly_2_strike0,50,72
LMT,2025-10-02,2025-10-29,backfill,O:LMT251121C00500000,500.0,2025-11-21,2025-10-28,5.0,5.6,4.6,5.4,10,10,5.0,,monthly_30d_atm,weekly_2_strike0,50,72
LMT,2025-10-02,2025-10-29,backfill,O:LMT251121C00500000,500.0,2025-11-21,2025-10-29,5.0,6.0,4.88,5.35,43,19,5.0,,monthly_30d_atm,weekly_2_strike0,50,72
LOW,2020-05-28,2020-06-24,backfill,O:LOW200619C00135000,135.0,2020-06-19,2020-05-28,1.17,2.3,1.0,1.4,530,80,1.17,,monthly_30d_25d_otm,weekly_2_strike0,22,530
LOW,2020-05-28,2020-06-24,backfill,O:LOW200619C00135000,135.0,2020-06-19,2020-05-29,1.35,1.8,1.3,1.79,85,31,1.35,,monthly_30d_25d_otm,weekly_2_strike0,22,530
LOW,2020-05-28,2020-06-24,backfill,O:LOW200619C00135000,135.0,2020-06-19,2020-06-01,1.47,1.65,1.42,1.52,54,15,1.47,,monthly_30d_25d_otm,weekly_2_strike0,22,530
LOW,2020-05-28,2020-06-24,backfill,O:LOW200619C00135000,135.0,2020-06-19,2020-06-02,1.99,2.45,1.7,2.3,89,41,1.99,,monthly_30d_25d_otm,weekly_2_strike0,22,530
LOW,2020-05-28,2020-06-24,backfill,O:LOW200619C00135000,135.0,2020-06-19,2020-06-03,2.28,2.54,1.89,2.2,40,21,2.28,,monthly_30d_25d_otm,weekly_2_strike0,22,530
LOW,2020-05-28,2020-06-24,backfill,O:LOW200619C00135000,135.0,2020-06-19,2020-06-04,1.73,1.73,0.84,0.84,83,37,1.73,,monthly_30d_25d_otm,weekly_2_strike0,22,530
LOW,2020-05-28,2020-06-24,backfill,O:LOW200619C00135000,135.0,2020-06-19,2020-06-05,1.07,1.37,0.8,1.34,140,36,1.07,,monthly_30d_25d_otm,weekly_2_strike0,22,530
LOW,2020-05-28,2020-06-24,backfill,O:LOW200619C00135000,135.0,2020-06-19,2020-06-08,1.22,1.25,0.95,1.22,100,25,1.22,,monthly_30d_25d_otm,weekly_2_strike0,22,530
LOW,2020-05-28,2020-06-24,backfill,O:LOW200619C00135000,135.0,2020-06-19,2020-06-09,0.96,1.34,0.95,0.95,46,25,0.96,,monthly_30d_25d_otm,weekly_2_strike0,22,530
LOW,2020-05-28,2020-06-24,backfill,O:LOW200619C00135000,135.0,2020-06-19,2020-06-10,0.96,1.17,0.79,1.05,336,35,0.96,,monthly_30d_25d_otm,weekly_2_strike0,22,530
LOW,2020-05-28,2020-06-24,backfill,O:LOW200619C00135000,135.0,2020-06-19,2020-06-11,0.47,0.71,0.34,0.44,180,38,0.47,,monthly_30d_25d_otm,weekly_2_strike0,22,530
LOW,2020-05-28,2020-06-24,backfill,O:LOW200619C00135000,135.0,2020-06-19,2020-06-12,0.44,0.62,0.3,0.37,102,32,0.44,,monthly_30d_25d_otm,weekly_2_strike0,22,530
LOW,2020-05-28,2020-06-24,backfill,O:LOW200619C00135000,135.0,2020-06-19,2020-06-15,0.21,0.35,0.15,0.35,200,31,0.21,,monthly_30d_25d_otm,weekly_2_strike0,22,530
LOW,2020-05-28,2020-06-24,backfill,O:LOW200619C00135000,135.0,2020-06-19,2020-06-16,1.0,1.01,0.3,0.7,173,38,1.0,,monthly_30d_25d_otm,weekly_2_strike0,22,530
LOW,2020-05-28,2020-06-24,backfill,O:LOW200619C00135000,135.0,2020-06-19,2020-06-17,1.03,2.56,1.03,1.99,817,112,1.03,,monthly_30d_25d_otm,weekly_2_strike0,22,530
LOW,2020-05-28,2020-06-24,backfill,O:LOW200619C00135000,135.0,2020-06-19,2020-06-18,1.79,1.96,0.46,0.8,349,64,1.79,,monthly_30d_25d_otm,weekly_2_strike0,22,530
LOW,2020-05-28,2020-06-24,backfill,O:LOW200619C00135000,135.0,2020-06-19,2020-06-19,1.99,2.11,0.01,0.01,684,67,1.99,,monthly_30d_25d_otm,weekly_2_strike0,22,530
LOW,2021-09-29,2021-10-26,backfill,O:LOW211119C00210000,210.0,2021-11-19,2021-09-29,6.4,7.35,6.4,6.9,125,23,6.4,,monthly_45d_35d_otm,weekly_2_strike0,51,125
LOW,2021-09-29,2021-10-26,backfill,O:LOW211119C00210000,210.0,2021-11-19,2021-09-30,6.4,6.7,5.0,5.1,336,43,6.4,,monthly_45d_35d_otm,weekly_2_strike0,51,125
LOW,2021-09-29,2021-10-26,backfill,O:LOW211119C00210000,210.0,2021-11-19,2021-10-01,5.75,5.75,4.72,5.25,36,13,5.75,,monthly_45d_35d_otm,weekly_2_strike0,51,125
LOW,2021-09-29,2021-10-26,backfill,O:LOW211119C00210000,210.0,2021-11-19,2021-10-04,4.9,5.4,4.55,5.11,117,30,4.9,,monthly_45d_35d_otm,weekly_2_strike0,51,125
LOW,2021-09-29,2021-10-26,backfill,O:LOW211119C00210000,210.0,2021-11-19,2021-10-05,5.6,6.85,5.58,5.58,238,37,5.6,,monthly_45d_35d_otm,weekly_2_strike0,51,125
LOW,2021-09-29,2021-10-26,backfill,O:LOW211119C00210000,210.0,2021-11-19,2021-10-06,5.25,5.4,4.7,5.4,143,22,5.25,,monthly_45d_35d_otm,weekly_2_strike0,51,125
LOW,2021-09-29,2021-10-26,backfill,O:LOW211119C00210000,210.0,2021-11-19,2021-10-07,6.45,7.16,6.45,6.6,85,28,6.45,,monthly_45d_35d_otm,weekly_2_strike0,51,125
LOW,2021-09-29,2021-10-26,backfill,O:LOW211119C00210000,210.0,2021-11-19,2021-10-08,5.35,5.8,5.05,5.68,150,27,5.35,,monthly_45d_35d_otm,weekly_2_strike0,51,125
LOW,2021-09-29,2021-10-26,backfill,O:LOW211119C00210000,210.0,2021-11-19,2021-10-11,6.8,8.2,6.6,6.7,320,53,6.8,,monthly_45d_35d_otm,weekly_2_strike0,51,125
LOW,2021-09-29,2021-10-26,backfill,O:LOW211119C00210000,210.0,2021-11-19,2021-10-12,7.33,8.0,7.1,7.16,99,33,7.33,,monthly_45d_35d_otm,weekly_2_strike0,51,125
LOW,2021-09-29,2021-10-26,backfill,O:LOW211119C00210000,210.0,2021-11-19,2021-10-13,8.3,9.0,7.5,8.35,187,42,8.3,,monthly_45d_35d_otm,weekly_2_strike0,51,125
LOW,2021-09-29,2021-10-26,backfill,O:LOW211119C00210000,210.0,2021-11-19,2021-10-14,9.62,10.58,8.75,10.58,172,36,9.62,,monthly_45d_35d_otm,weekly_2_strike0,51,125
LOW,2021-09-29,2021-10-26,backfill,O:LOW211119C00210000,210.0,2021-11-19,2021-10-15,11.45,12.66,11.4,12.41,56,26,11.45,,monthly_45d_35d_otm,weekly_2_strike0,51,125
LOW,2021-09-29,2021-10-26,backfill,O:LOW211119C00210000,210.0,2021-11-19,2021-10-18,12.96,14.75,12.96,13.85,72,35,12.96,,monthly_45d_35d_otm,weekly_2_strike0,51,125
LOW,2021-09-29,2021-10-26,backfill,O:LOW211119C00210000,210.0,2021-11-19,2021-10-19,15.27,15.97,14.9,15.97,29,13,15.27,,monthly_45d_35d_otm,weekly_2_strike0,51,125
LOW,2021-09-29,2021-10-26,backfill,O:LOW211119C00210000,210.0,2021-11-19,2021-10-20,16.87,17.25,15.55,16.98,124,13,16.87,,monthly_45d_35d_otm,weekly_2_strike0,51,125
LOW,2021-09-29,2021-10-26,backfill,O:LOW211119C00210000,210.0,2021-11-19,2021-10-21,17.41,19.08,17.41,18.75,37,16,17.41,,monthly_45d_35d_otm,weekly_2_strike0,51,125
LOW,2021-09-29,2021-10-26,backfill,O:LOW211119C00210000,210.0,2021-11-19,2021-10-22,19.95,20.9,19.74,20.75,8,6,19.95,,monthly_45d_35d_otm,weekly_2_strike0,51,125
LOW,2021-09-29,2021-10-26,backfill,O:LOW211119C00210000,210.0,2021-11-19,2021-10-25,20.75,22.81,20.75,22.81,2,2,20.75,,monthly_45d_35d_otm,weekly_2_strike0,51,125
LOW,2021-09-29,2021-10-26,backfill,O:LOW211119C00210000,210.0,2021-11-19,2021-10-26,23.45,23.45,22.11,22.8,22,9,23.45,,monthly_45d_35d_otm,weekly_2_strike0,51,125
LOW,2024-09-13,2024-10-10,backfill,O:LOW241018C00260000,260.0,2024-10-18,2024-09-13,4.4,6.2,4.1,5.31,583,65,4.4,,monthly_30d_30d_otm,weekly_1_strike0,35,583
LOW,2024-09-13,2024-10-10,backfill,O:LOW241018C00260000,260.0,2024-10-18,2024-09-16,6.15,6.35,4.95,5.75,104,25,6.15,,monthly_30d_30d_otm,weekly_1_strike0,35,583
LOW,2024-09-13,2024-10-10,backfill,O:LOW241018C00260000,260.0,2024-10-18,2024-09-17,5.59,6.91,5.38,5.91,76,28,5.59,,monthly_30d_30d_otm,weekly_1_strike0,35,583
LOW,2024-09-13,2024-10-10,backfill,O:LOW241018C00260000,260.0,2024-10-18,2024-09-18,5.35,7.5,5.15,5.45,117,24,5.35,,monthly_30d_30d_otm,weekly_1_strike0,35,583
LOW,2024-09-13,2024-10-10,backfill,O:LOW241018C00260000,260.0,2024-10-18,2024-09-19,8.12,8.12,6.5,6.85,77,36,8.12,,monthly_30d_30d_otm,weekly_1_strike0,35,583
LOW,2024-09-13,2024-10-10,backfill,O:LOW241018C00260000,260.0,2024-10-18,2024-09-20,5.28,7.08,5.28,6.3,717,26,5.28,,monthly_30d_30d_otm,weekly_1_strike0,35,583
LOW,2024-09-13,2024-10-10,backfill,O:LOW241018C00260000,260.0,2024-10-18,2024-09-23,6.35,6.84,5.4,6.8,52,17,6.35,,monthly_30d_30d_otm,weekly_1_strike0,35,583
LOW,2024-09-13,2024-10-10,backfill,O:LOW241018C00260000,260.0,2024-10-18,2024-09-24,9.15,10.67,7.7,9.65,51,24,9.15,,monthly_30d_30d_otm,weekly_1_strike0,35,583
LOW,2024-09-13,2024-10-10,backfill,O:LOW241018C00260000,260.0,2024-10-18,2024-09-25,8.7,8.7,8.2,8.45,26,6,8.7,,monthly_30d_30d_otm,weekly_1_strike0,35,583
LOW,2024-09-13,2024-10-10,backfill,O:LOW241018C00260000,260.0,2024-10-18,2024-09-26,8.1,9.71,7.45,9.44,29,11,8.1,,monthly_30d_30d_otm,weekly_1_strike0,35,583
LOW,2024-09-13,2024-10-10,backfill,O:LOW241018C00260000,260.0,2024-10-18,2024-09-27,10.1,11.0,9.25,9.76,28,12,10.1,,monthly_30d_30d_otm,weekly_1_strike0,35,583
LOW,2024-09-13,2024-10-10,backfill,O:LOW241018C00260000,260.0,2024-10-18,2024-09-30,11.0,12.65,11.0,12.36,426,16,11.0,,monthly_30d_30d_otm,weekly_1_strike0,35,583
LOW,2024-09-13,2024-10-10,backfill,O:LOW241018C00260000,260.0,2024-10-18,2024-10-01,11.65,15.65,11.65,15.17,34,13,11.65,,monthly_30d_30d_otm,weekly_1_strike0,35,583
LOW,2024-09-13,2024-10-10,backfill,O:LOW241018C00260000,260.0,2024-10-18,2024-10-02,13.39,13.9,12.8,12.8,22,9,13.39,,monthly_30d_30d_otm,weekly_1_strike0,35,583
LOW,2024-09-13,2024-10-10,backfill,O:LOW241018C00260000,260.0,2024-10-18,2024-10-03,11.84,12.45,11.45,11.45,28,7,11.84,,monthly_30d_30d_otm,weekly_1_strike0,35,583
LOW,2024-09-13,2024-10-10,backfill,O:LOW241018C00260000,260.0,2024-10-18,2024-10-04,11.4,11.4,6.75,9.63,25,7,11.4,,monthly_30d_30d_otm,weekly_1_strike0,35,583
LOW,2024-09-13,2024-10-10,backfill,O:LOW241018C00260000,260.0,2024-10-18,2024-10-07,9.57,10.83,9.57,10.5,18,5,9.57,,monthly_30d_30d_otm,weekly_1_strike0,35,583
LOW,2024-09-13,2024-10-10,backfill,O:LOW241018C00260000,260.0,2024-10-18,2024-10-08,12.1,14.9,12.1,14.9,62,8,12.1,,monthly_30d_30d_otm,weekly_1_strike0,35,583
LOW,2024-09-13,2024-10-10,backfill,O:LOW241018C00260000,260.0,2024-10-18,2024-10-09,18.14,18.14,14.5,17.35,22,10,18.14,,monthly_30d_30d_otm,weekly_1_strike0,35,583
LOW,2024-09-13,2024-10-10,backfill,O:LOW241018C00260000,260.0,2024-10-18,2024-10-10,14.76,14.85,13.67,13.67,8,6,14.76,,monthly_30d_30d_otm,weekly_1_strike0,35,583
LOW,2026-01-15,2026-02-12,backfill,O:LOW260220C00290000,290.0,2026-02-20,2026-01-15,2.6,3.2,2.44,3.08,936,52,2.6,,monthly_30d_25d_otm,weekly_2_strike0,36,936
LOW,2026-01-15,2026-02-12,backfill,O:LOW260220C00290000,290.0,2026-02-20,2026-01-16,2.25,3.06,2.25,2.93,1244,17,2.25,,monthly_30d_25d_otm,weekly_2_strike0,36,936
LOW,2026-01-15,2026-02-12,backfill,O:LOW260220C00290000,290.0,2026-02-20,2026-01-20,1.62,1.82,1.62,1.65,19,5,1.62,,monthly_30d_25d_otm,weekly_2_strike0,36,936
LOW,2026-01-15,2026-02-12,backfill,O:LOW260220C00290000,290.0,2026-02-20,2026-01-21,1.37,3.6,1.37,3.18,32,10,1.37,,monthly_30d_25d_otm,weekly_2_strike0,36,936
LOW,2026-01-15,2026-02-12,backfill,O:LOW260220C00290000,290.0,2026-02-20,2026-01-22,3.8,4.16,2.5,2.5,93,12,3.8,,monthly_30d_25d_otm,weekly_2_strike0,36,936
LOW,2026-01-15,2026-02-12,backfill,O:LOW260220C00290000,290.0,2026-02-20,2026-01-23,2.3,2.3,1.94,2.16,13,8,2.3,,monthly_30d_25d_otm,weekly_2_strike0,36,936
LOW,2026-01-15,2026-02-12,backfill,O:LOW260220C00290000,290.0,2026-02-20,2026-01-26,2.34,2.4,2.22,2.4,14,6,2.34,,monthly_30d_25d_otm,weekly_2_strike0,36,936
LOW,2026-01-15,2026-02-12,backfill,O:LOW260220C00290000,290.0,2026-02-20,2026-01-27,1.94,1.95,1.4,1.64,213,9,1.94,,monthly_30d_25d_otm,weekly_2_strike0,36,936
LOW,2026-01-15,2026-02-12,backfill,O:LOW260220C00290000,290.0,2026-02-20,2026-01-28,1.43,1.43,0.78,0.79,127,12,1.43,,monthly_30d_25d_otm,weekly_2_strike0,36,936
LOW,2026-01-15,2026-02-12,backfill,O:LOW260220C00290000,290.0,2026-02-20,2026-01-29,0.76,0.76,0.76,0.76,2,1,0.76,,monthly_30d_25d_otm,weekly_2_strike0,36,936
LOW,2026-01-15,2026-02-12,backfill,O:LOW260220C00290000,290.0,2026-02-20,2026-01-30,0.52,0.6,0.4,0.45,17,6,0.52,,monthly_30d_25d_otm,weekly_2_strike0,36,936
LOW,2026-01-15,2026-02-12,backfill,O:LOW260220C00290000,290.0,2026-02-20,2026-02-02,0.38,0.66,0.37,0.65,55,7,0.38,,monthly_30d_25d_otm,weekly_2_strike0,36,936
LOW,2026-01-15,2026-02-12,backfill,O:LOW260220C00290000,290.0,2026-02-20,2026-02-03,1.05,2.0,0.85,2.0,13,5,1.05,,monthly_30d_25d_otm,weekly_2_strike0,36,936
LOW,2026-01-15,2026-02-12,backfill,O:LOW260220C00290000,290.0,2026-02-20,2026-02-04,2.3,2.33,1.64,1.75,148,11,2.3,,monthly_30d_25d_otm,weekly_2_strike0,36,936
LOW,2026-01-15,2026-02-12,backfill,O:LOW260220C00290000,290.0,2026-02-20,2026-02-05,1.41,1.85,1.41,1.75,21,8,1.41,,monthly_30d_25d_otm,weekly_2_strike0,36,936
LOW,2026-01-15,2026-02-12,backfill,O:LOW260220C00290000,290.0,2026-02-20,2026-02-06,1.68,2.0,1.4,1.79,212,24,1.68,,monthly_30d_25d_otm,weekly_2_strike0,36,936
LOW,2026-01-15,2026-02-12,backfill,O:LOW260220C00290000,290.0,2026-02-20,2026-02-09,1.64,1.75,0.76,0.95,261,36,1.64,,monthly_30d_25d_otm,weekly_2_strike0,36,936
LOW,2026-01-15,2026-02-12,backfill,O:LOW260220C00290000,290.0,2026-02-20,2026-02-10,1.42,3.0,1.4,2.71,687,95,1.42,,monthly_30d_25d_otm,weekly_2_strike0,36,936
LOW,2026-01-15,2026-02-12,backfill,O:LOW260220C00290000,290.0,2026-02-20,2026-02-11,2.79,3.6,1.7,3.2,395,132,2.79,,monthly_30d_25d_otm,weekly_2_strike0,36,936
LOW,2026-01-15,2026-02-12,backfill,O:LOW260220C00290000,290.0,2026-02-20,2026-02-12,4.4,6.25,2.67,2.71,302,78,4.4,,monthly_30d_25d_otm,weekly_2_strike0,36,936
LRCX,2023-03-30,2023-04-27,backfill,O:LRCX230421C00565000,565.0,2023-04-21,2023-03-30,8.05,10.2,8.05,10.2,66,7,8.05,,monthly_30d_25d_otm,weekly_3_strike0,22,66
LRCX,2023-03-30,2023-04-27,backfill,O:LRCX230421C00565000,565.0,2023-04-21,2023-03-31,8.79,9.35,7.75,7.75,8,3,8.79,,monthly_30d_25d_otm,weekly_3_strike0,22,66
LRCX,2023-03-30,2023-04-27,backfill,O:LRCX230421C00565000,565.0,2023-04-21,2023-04-03,6.2,6.2,5.33,5.41,34,4,6.2,,monthly_30d_25d_otm,weekly_3_strike0,22,66
LRCX,2023-03-30,2023-04-27,backfill,O:LRCX230421C00565000,565.0,2023-04-21,2023-04-04,5.09,5.09,3.57,3.57,29,3,5.09,,monthly_30d_25d_otm,weekly_3_strike0,22,66
LRCX,2023-03-30,2023-04-27,backfill,O:LRCX230421C00565000,565.0,2023-04-21,2023-04-05,1.3,1.52,1.18,1.52,4,3,1.3,,monthly_30d_25d_otm,weekly_3_strike0,22,66
LRCX,2023-03-30,2023-04-27,backfill,O:LRCX230421C00565000,565.0,2023-04-21,2023-04-06,1.39,1.39,1.39,1.39,1,1,1.39,,monthly_30d_25d_otm,weekly_3_strike0,22,66
LRCX,2023-03-30,2023-04-27,backfill,O:LRCX230421C00565000,565.0,2023-04-21,2023-04-10,1.11,2.33,1.11,2.33,214,9,1.11,,monthly_30d_25d_otm,weekly_3_strike0,22,66
LRCX,2023-03-30,2023-04-27,backfill,O:LRCX230421C00565000,565.0,2023-04-21,2023-04-11,2.32,2.32,1.5,1.5,9,2,2.32,,monthly_30d_25d_otm,weekly_3_strike0,22,66
LRCX,2023-03-30,2023-04-27,backfill,O:LRCX230421C00565000,565.0,2023-04-21,2023-04-12,1.63,1.63,1.11,1.27,8,3,1.63,,monthly_30d_25d_otm,weekly_3_strike0,22,66
LRCX,2023-03-30,2023-04-27,backfill,O:LRCX230421C00565000,565.0,2023-04-21,2023-04-13,0.61,0.9,0.61,0.8,7,3,0.61,,monthly_30d_25d_otm,weekly_3_strike0,22,66
LRCX,2023-03-30,2023-04-27,backfill,O:LRCX230421C00565000,565.0,2023-04-21,2023-04-14,0.85,0.85,0.37,0.43,15,4,0.85,,monthly_30d_25d_otm,weekly_3_strike0,22,66
LRCX,2023-03-30,2023-04-27,backfill,O:LRCX230421C00565000,565.0,2023-04-21,2023-04-17,0.12,0.15,0.12,0.13,6,4,0.12,,monthly_30d_25d_otm,weekly_3_strike0,22,66
LRCX,2023-03-30,2023-04-27,backfill,O:LRCX230421C00565000,565.0,2023-04-21,2023-04-18,0.26,0.26,0.17,0.2,4,3,0.26,,monthly_30d_25d_otm,weekly_3_strike0,22,66
LRCX,2023-03-30,2023-04-27,backfill,O:LRCX230421C00565000,565.0,2023-04-21,2023-04-19,0.2,0.2,0.03,0.1,213,5,0.2,,monthly_30d_25d_otm,weekly_3_strike0,22,66
LRCX,2023-03-30,2023-04-27,backfill,O:LRCX230421C00565000,565.0,2023-04-21,2023-04-20,0.09,0.18,0.01,0.03,1127,58,0.09,,monthly_30d_25d_otm,weekly_3_strike0,22,66
LRCX,2023-03-30,2023-04-27,backfill,O:LRCX230421C00565000,565.0,2023-04-21,2023-04-21,0.01,0.02,0.01,0.01,405,11,0.01,,monthly_30d_25d_otm,weekly_3_strike0,22,66
LRCX,2025-08-13,2025-09-10,backfill,O:LRCX250919C00112000,112.0,2025-09-19,2025-08-13,2.22,2.54,2.0,2.3,496,33,2.22,,monthly_30d_30d_otm,weekly_2_strike0,37,496
LRCX,2025-08-13,2025-09-10,backfill,O:LRCX250919C00112000,112.0,2025-09-19,2025-08-14,2.37,2.83,2.16,2.79,236,29,2.37,,monthly_30d_30d_otm,weekly_2_strike0,37,496
LRCX,2025-08-13,2025-09-10,backfill,O:LRCX250919C00112000,112.0,2025-09-19,2025-08-15,1.73,1.73,0.66,0.72,181,34,1.73,,monthly_30d_30d_otm,weekly_2_strike0,37,496
LRCX,2025-08-13,2025-09-10,backfill,O:LRCX250919C00112000,112.0,2025-09-19,2025-08-18,0.6,0.6,0.47,0.49,93,10,0.6,,monthly_30d_30d_otm,weekly_2_strike0,37,496
LRCX,2025-08-13,2025-09-10,backfill,O:LRCX250919C00112000,112.0,2025-09-19,2025-08-19,0.5,0.72,0.5,0.62,66,5,0.5,,monthly_30d_30d_otm,weekly_2_strike0,37,496
LRCX,2025-08-13,2025-09-10,backfill,O:LRCX250919C00112000,112.0,2025-09-19,2025-08-20,0.74,0.75,0.45,0.45,24,4,0.74,,monthly_30d_30d_otm,weekly_2_strike0,37,496
LRCX,2025-08-13,2025-09-10,backfill,O:LRCX250919C00112000,112.0,2025-09-19,2025-08-21,0.54,0.54,0.54,0.54,4,2,0.54,,monthly_30d_30d_otm,weekly_2_strike0,37,496
LRCX,2025-08-13,2025-09-10,backfill,O:LRCX250919C00112000,112.0,2025-09-19,2025-08-22,0.65,0.77,0.52,0.54,327,6,0.65,,monthly_30d_30d_otm,weekly_2_strike0,37,496
LRCX,2025-08-13,2025-09-10,backfill,O:LRCX250919C00112000,112.0,2025-09-19,2025-08-25,0.59,0.62,0.56,0.56,33,7,0.59,,monthly_30d_30d_otm,weekly_2_strike0,37,496
LRCX,2025-08-13,2025-09-10,backfill,O:LRCX250919C00112000,112.0,2025-09-19,2025-08-26,0.6,0.9,0.6,0.9,79,9,0.6,,monthly_30d_30d_otm,weekly_2_strike0,37,496
LRCX,2025-08-13,2025-09-10,backfill,O:LRCX250919C00112000,112.0,2025-09-19,2025-08-27,0.76,0.76,0.76,0.76,1,1,0.76,,monthly_30d_30d_otm,weekly_2_strike0,37,496
LRCX,2025-08-13,2025-09-10,backfill,O:LRCX250919C00112000,112.0,2025-09-19,2025-08-28,0.66,0.66,0.66,0.66,3,1,0.66,,monthly_30d_30d_otm,weekly_2_strike0,37,496
LRCX,2025-08-13,2025-09-10,backfill,O:LRCX250919C00112000,112.0,2025-09-19,2025-08-29,0.28,0.28,0.22,0.23,146,5,0.28,,monthly_30d_30d_otm,weekly_2_strike0,37,496
LRCX,2025-08-13,2025-09-10,backfill,O:LRCX250919C00112000,112.0,2025-09-19,2025-09-02,0.13,0.13,0.12,0.12,59,5,0.13,,monthly_30d_30d_otm,weekly_2_strike0,37,496
LRCX,2025-08-13,2025-09-10,backfill,O:LRCX250919C00112000,112.0,2025-09-19,2025-09-03,0.09,0.19,0.09,0.14,74,4,0.09,,monthly_30d_30d_otm,weekly_2_strike0,37,496
LRCX,2025-08-13,2025-09-10,backfill,O:LRCX250919C00112000,112.0,2025-09-19,2025-09-04,0.18,0.19,0.18,0.19,12,3,0.18,,monthly_30d_30d_otm,weekly_2_strike0,37,496
LRCX,2025-08-13,2025-09-10,backfill,O:LRCX250919C00112000,112.0,2025-09-19,2025-09-05,0.23,0.23,0.23,0.23,4,1,0.23,,monthly_30d_30d_otm,weekly_2_strike0,37,496
LRCX,2025-08-13,2025-09-10,backfill,O:LRCX250919C00112000,112.0,2025-09-19,2025-09-08,0.52,0.79,0.44,0.51,57,14,0.52,,monthly_30d_30d_otm,weekly_2_strike0,37,496
LRCX,2025-08-13,2025-09-10,backfill,O:LRCX250919C00112000,112.0,2025-09-19,2025-09-09,0.38,0.48,0.38,0.48,31,3,0.38,,monthly_30d_30d_otm,weekly_2_strike0,37,496
LRCX,2025-08-13,2025-09-10,backfill,O:LRCX250919C00112000,112.0,2025-09-19,2025-09-10,0.6,0.85,0.48,0.85,202,11,0.6,,monthly_30d_30d_otm,weekly_2_strike0,37,496
LRCX,2025-09-22,2025-10-17,backfill,O:LRCX251017C00137000,137.0,2025-10-17,2025-09-22,3.1,4.2,3.1,4.2,18,4,3.1,,monthly_30d_30d_otm,weekly_2_strike0,25,18
LRCX,2025-09-22,2025-10-17,backfill,O:LRCX251017C00137000,137.0,2025-10-17,2025-09-23,3.65,4.55,3.65,3.9,215,9,3.65,,monthly_30d_30d_otm,weekly_2_strike0,25,18
LRCX,2025-09-22,2025-10-17,backfill,O:LRCX251017C00137000,137.0,2025-10-17,2025-09-24,2.85,2.85,2.36,2.38,46,7,2.85,,monthly_30d_30d_otm,weekly_2_strike0,25,18
LRCX,2025-09-22,2025-10-17,backfill,O:LRCX251017C00137000,137.0,2025-10-17,2025-09-25,2.16,2.24,2.0,2.17,8,7,2.16,,monthly_30d_30d_otm,weekly_2_strike0,25,18
LRCX,2025-09-22,2025-10-17,backfill,O:LRCX251017C00137000,137.0,2025-10-17,2025-09-26,1.76,1.76,1.76,1.76,3,1,1.76,,monthly_30d_30d_otm,weekly_2_strike0,25,18
LRCX,2025-09-22,2025-10-17,backfill,O:LRCX251017C00137000,137.0,2025-10-17,2025-09-29,2.81,2.95,2.6,2.66,215,7,2.81,,monthly_30d_30d_otm,weekly_2_strike0,25,18
LRCX,2025-09-22,2025-10-17,backfill,O:LRCX251017C00137000,137.0,2025-10-17,2025-09-30,3.05,3.7,2.85,2.93,90,8,3.05,,monthly_30d_30d_otm,weekly_2_strike0,25,18
LRCX,2025-09-22,2025-10-17,backfill,O:LRCX251017C00137000,137.0,2025-10-17,2025-10-01,3.45,7.5,3.45,7.5,47,13,3.45,,monthly_30d_30d_otm,weekly_2_strike0,25,18
LRCX,2025-09-22,2025-10-17,backfill,O:LRCX251017C00137000,137.0,2025-10-17,2025-10-02,9.63,12.1,9.63,12.1,5,4,9.63,,monthly_30d_30d_otm,weekly_2_strike0,25,18
LRCX,2025-09-22,2025-10-17,backfill,O:LRCX251017C00137000,137.0,2025-10-17,2025-10-03,10.3,10.3,10.3,10.3,2,1,10.3,,monthly_30d_30d_otm,weekly_2_strike0,25,18
LRCX,2025-09-22,2025-10-17,backfill,O:LRCX251017C00137000,137.0,2025-10-17,2025-10-06,13.91,17.67,13.91,15.1,5,3,13.91,,monthly_30d_30d_otm,weekly_2_strike0,25,18
LRCX,2025-09-22,2025-10-17,backfill,O:LRCX251017C00137000,137.0,2025-10-17,2025-10-07,10.3,10.3,7.01,7.01,78,7,10.3,,monthly_30d_30d_otm,weekly_2_strike0,25,18
LRCX,2025-09-22,2025-10-17,backfill,O:LRCX251017C00137000,137.0,2025-10-17,2025-10-08,5.63,7.48,5.63,7.48,3,2,5.63,,monthly_30d_30d_otm,weekly_2_strike0,25,18
LRCX,2025-09-22,2025-10-17,backfill,O:LRCX251017C00137000,137.0,2025-10-17,2025-10-09,6.55,6.85,6.55,6.85,11,2,6.55,,monthly_30d_30d_otm,weekly_2_strike0,25,18
LRCX,2025-09-22,2025-10-17,backfill,O:LRCX251017C00137000,137.0,2025-10-17,2025-10-10,5.68,5.68,1.71,1.8,52,12,5.68,,monthly_30d_30d_otm,weekly_2_strike0,25,18
LRCX,2025-09-22,2025-10-17,backfill,O:LRCX251017C00137000,137.0,2025-10-17,2025-10-13,3.83,4.1,3.45,3.71,62,30,3.83,,monthly_30d_30d_otm,weekly_2_strike0,25,18
LRCX,2025-09-22,2025-10-17,backfill,O:LRCX251017C00137000,137.0,2025-10-17,2025-10-14,3.16,5.5,3.0,3.9,41,11,3.16,,monthly_30d_30d_otm,weekly_2_strike0,25,18
LRCX,2025-09-22,2025-10-17,backfill,O:LRCX251017C00137000,137.0,2025-10-17,2025-10-15,7.35,7.73,6.52,6.52,14,6,7.35,,monthly_30d_30d_otm,weekly_2_strike0,25,18
LRCX,2025-09-22,2025-10-17,backfill,O:LRCX251017C00137000,137.0,2025-10-17,2025-10-16,10.2,10.2,5.0,5.5,44,8,10.2,,monthly_30d_30d_otm,weekly_2_strike0,25,18
LRCX,2025-09-22,2025-10-17,backfill,O:LRCX251017C00137000,137.0,2025-10-17,2025-10-17,4.57,5.13,3.2,5.13,15,9,4.57,,monthly_30d_30d_otm,weekly_2_strike0,25,18
LRCX,2026-01-29,2026-02-04,backfill,O:LRCX260220C00265000,265.0,2026-02-20,2026-01-29,7.65,7.65,6.2,6.6,32,12,7.65,,monthly_30d_30d_otm,weekly_2_strike0,22,32
LRCX,2026-01-29,2026-02-04,backfill,O:LRCX260220C00265000,265.0,2026-02-20,2026-01-30,7.55,7.85,3.47,3.47,31,14,7.55,,monthly_30d_30d_otm,weekly_2_strike0,22,32
LRCX,2026-01-29,2026-02-04,backfill,O:LRCX260220C00265000,265.0,2026-02-20,2026-02-02,3.8,4.37,3.45,3.45,49,9,3.8,,monthly_30d_30d_otm,weekly_2_strike0,22,32
LRCX,2026-01-29,2026-02-04,backfill,O:LRCX260220C00265000,265.0,2026-02-20,2026-02-03,3.5,3.5,2.02,2.37,18,8,3.5,,monthly_30d_30d_otm,weekly_2_strike0,22,32
LRCX,2026-01-29,2026-02-04,backfill,O:LRCX260220C00265000,265.0,2026-02-20,2026-02-04,2.54,2.54,0.75,0.75,9,8,2.54,,monthly_30d_30d_otm,weekly_2_strike0,22,32
LULU,2022-09-15,2022-09-23,backfill,O:LULU221021C00360000,360.0,2022-10-21,2022-09-15,9.62,9.62,7.9,7.9,43,10,9.62,,monthly_30d_35d_otm,weekly_2_strike0,36,43
LULU,2022-09-15,2022-09-23,backfill,O:LULU221021C00360000,360.0,2022-10-21,2022-09-16,6.84,7.62,6.31,6.72,68,30,6.84,,monthly_30d_35d_otm,weekly_2_strike0,36,43
LULU,2022-09-15,2022-09-23,backfill,O:LULU221021C00360000,360.0,2022-10-21,2022-09-19,6.7,7.49,5.95,6.75,376,21,6.7,,monthly_30d_35d_otm,weekly_2_strike0,36,43
LULU,2022-09-15,2022-09-23,backfill,O:LULU221021C00360000,360.0,2022-10-21,2022-09-20,6.01,6.16,4.83,5.78,34,17,6.01,,monthly_30d_35d_otm,weekly_2_strike0,36,43
LULU,2022-09-15,2022-09-23,backfill,O:LULU221021C00360000,360.0,2022-10-21,2022-09-21,5.4,5.95,2.59,2.67,137,23,5.4,,monthly_30d_35d_otm,weekly_2_strike0,36,43
LULU,2022-09-15,2022-09-23,backfill,O:LULU221021C00360000,360.0,2022-10-21,2022-09-22,2.63,2.63,1.44,1.52,123,29,2.63,,monthly_30d_35d_otm,weekly_2_strike0,36,43
LULU,2022-09-15,2022-09-23,backfill,O:LULU221021C00360000,360.0,2022-10-21,2022-09-23,1.16,1.16,0.59,0.63,43,20,1.16,,monthly_30d_35d_otm,weekly_2_strike0,36,43
LULU,2023-04-10,2023-05-05,backfill,O:LULU230519C00390000,390.0,2023-05-19,2023-04-10,4.6,4.75,4.35,4.75,79,14,4.6,,monthly_30d_30d_otm,weekly_2_strike2,39,79
LULU,2023-04-10,2023-05-05,backfill,O:LULU230519C00390000,390.0,2023-05-19,2023-04-11,4.35,5.45,4.35,4.98,31,17,4.35,,monthly_30d_30d_otm,weekly_2_strike2,39,79
LULU,2023-04-10,2023-05-05,backfill,O:LULU230519C00390000,390.0,2023-05-19,2023-04-12,5.4,5.5,4.4,4.4,18,12,5.4,,monthly_30d_30d_otm,weekly_2_strike2,39,79
LULU,2023-04-10,2023-05-05,backfill,O:LULU230519C00390000,390.0,2023-05-19,2023-04-13,4.49,4.49,3.64,3.64,15,7,4.49,,monthly_30d_30d_otm,weekly_2_strike2,39,79
LULU,2023-04-10,2023-05-05,backfill,O:LULU230519C00390000,390.0,2023-05-19,2023-04-14,3.48,4.5,3.48,4.1,72,34,3.48,,monthly_30d_30d_otm,weekly_2_strike2,39,79
LULU,2023-04-10,2023-05-05,backfill,O:LULU230519C00390000,390.0,2023-05-19,2023-04-17,5.41,5.41,3.5,3.5,195,42,5.41,,monthly_30d_30d_otm,weekly_2_strike2,39,79
LULU,2023-04-10,2023-05-05,backfill,O:LULU230519C00390000,390.0,2023-05-19,2023-04-18,4.53,4.61,3.9,4.39,58,21,4.53,,monthly_30d_30d_otm,weekly_2_strike2,39,79
LULU,2023-04-10,2023-05-05,backfill,O:LULU230519C00390000,390.0,2023-05-19,2023-04-19,4.32,4.37,3.35,3.35,392,108,4.32,,monthly_30d_30d_otm,weekly_2_strike2,39,79
LULU,2023-04-10,2023-05-05,backfill,O:LULU230519C00390000,390.0,2023-05-19,2023-04-20,3.3,5.42,3.0,5.15,211,91,3.3,,monthly_30d_30d_otm,weekly_2_strike2,39,79
LULU,2023-04-10,2023-05-05,backfill,O:LULU230519C00390000,390.0,2023-05-19,2023-04-21,5.2,5.5,4.4,5.01,134,44,5.2,,monthly_30d_30d_otm,weekly_2_strike2,39,79
LULU,2023-04-10,2023-05-05,backfill,O:LULU230519C00390000,390.0,2023-05-19,2023-04-24,5.5,7.5,5.0,6.4,154,63,5.5,,monthly_30d_30d_otm,weekly_2_strike2,39,79
LULU,2023-04-10,2023-05-05,backfill,O:LULU230519C00390000,390.0,2023-05-19,2023-04-25,5.52,5.52,3.75,3.75,121,43,5.52,,monthly_30d_30d_otm,weekly_2_strike2,39,79
LULU,2023-04-10,2023-05-05,backfill,O:LULU230519C00390000,390.0,2023-05-19,2023-04-26,3.94,4.2,3.45,3.7,57,28,3.94,,monthly_30d_30d_otm,weekly_2_strike2,39,79
LULU,2023-04-10,2023-05-05,backfill,O:LULU230519C00390000,390.0,2023-05-19,2023-04-27,4.45,4.65,3.47,4.56,122,24,4.45,,monthly_30d_30d_otm,weekly_2_strike2,39,79
LULU,2023-04-10,2023-05-05,backfill,O:LULU230519C00390000,390.0,2023-05-19,2023-04-28,4.06,4.52,3.45,4.29,84,20,4.06,,monthly_30d_30d_otm,weekly_2_strike2,39,79
LULU,2023-04-10,2023-05-05,backfill,O:LULU230519C00390000,390.0,2023-05-19,2023-05-01,4.95,6.15,4.85,6.09,90,44,4.95,,monthly_30d_30d_otm,weekly_2_strike2,39,79
LULU,2023-04-10,2023-05-05,backfill,O:LULU230519C00390000,390.0,2023-05-19,2023-05-02,4.5,5.4,4.01,4.4,97,48,4.5,,monthly_30d_30d_otm,weekly_2_strike2,39,79
LULU,2023-04-10,2023-05-05,backfill,O:LULU230519C00390000,390.0,2023-05-19,2023-05-03,4.45,7.2,4.3,5.65,106,50,4.45,,monthly_30d_30d_otm,weekly_2_strike2,39,79
LULU,2023-04-10,2023-05-05,backfill,O:LULU230519C00390000,390.0,2023-05-19,2023-05-04,4.95,6.0,4.8,5.06,48,18,4.95,,monthly_30d_30d_otm,weekly_2_strike2,39,79
LULU,2023-04-10,2023-05-05,backfill,O:LULU230519C00390000,390.0,2023-05-19,2023-05-05,5.8,6.39,4.45,5.55,94,42,5.8,,monthly_30d_30d_otm,weekly_2_strike2,39,79
LULU,2023-10-20,2023-11-16,backfill,O:LULU231117C00430000,430.0,2023-11-17,2023-10-20,3.32,3.33,2.28,3.3,120,28,3.32,,monthly_30d_25d_otm,weekly_1_strike0,28,120
LULU,2023-10-20,2023-11-16,backfill,O:LULU231117C00430000,430.0,2023-11-17,2023-10-23,2.85,4.56,2.85,4.28,23,17,2.85,,monthly_30d_25d_otm,weekly_1_strike0,28,120
LULU,2023-10-20,2023-11-16,backfill,O:LULU231117C00430000,430.0,2023-11-17,2023-10-24,3.5,3.88,2.89,3.4,50,11,3.5,,monthly_30d_25d_otm,weekly_1_strike0,28,120
LULU,2023-10-20,2023-11-16,backfill,O:LULU231117C00430000,430.0,2023-11-17,2023-10-25,2.82,3.35,2.52,2.52,70,17,2.82,,monthly_30d_25d_otm,weekly_1_strike0,28,120
LULU,2023-10-20,2023-11-16,backfill,O:LULU231117C00430000,430.0,2023-11-17,2023-10-26,1.71,1.83,1.25,1.68,34,25,1.71,,monthly_30d_25d_otm,weekly_1_strike0,28,120
LULU,2023-10-20,2023-11-16,backfill,O:LULU231117C00430000,430.0,2023-11-17,2023-10-27,1.55,1.55,0.98,1.13,70,22,1.55,,monthly_30d_25d_otm,weekly_1_strike0,28,120
LULU,2023-10-20,2023-11-16,backfill,O:LULU231117C00430000,430.0,2023-11-17,2023-10-30,1.14,1.3,0.98,1.08,35,12,1.14,,monthly_30d_25d_otm,weekly_1_strike0,28,120
LULU,2023-10-20,2023-11-16,backfill,O:LULU231117C00430000,430.0,2023-11-17,2023-10-31,0.83,1.05,0.83,0.99,26,11,0.83,,monthly_30d_25d_otm,weekly_1_strike0,28,120
LULU,2023-10-20,2023-11-16,backfill,O:LULU231117C00430000,430.0,2023-11-17,2023-11-01,0.95,0.95,0.5,0.86,24,15,0.95,,monthly_30d_25d_otm,weekly_1_strike0,28,120
LULU,2023-10-20,2023-11-16,backfill,O:LULU231117C00430000,430.0,2023-11-17,2023-11-02,0.93,1.28,0.93,1.25,36,13,0.93,,monthly_30d_25d_otm,weekly_1_strike0,28,120
LULU,2023-10-20,2023-11-16,backfill,O:LULU231117C00430000,430.0,2023-11-17,2023-11-03,1.77,1.9,1.22,1.22,39,16,1.77,,monthly_30d_25d_otm,weekly_1_strike0,28,120
LULU,2023-10-20,2023-11-16,backfill,O:LULU231117C00430000,430.0,2023-11-17,2023-11-06,1.58,1.58,0.8,1.06,88,14,1.58,,monthly_30d_25d_otm,weekly_1_strike0,28,120
LULU,2023-10-20,2023-11-16,backfill,O:LULU231117C00430000,430.0,2023-11-17,2023-11-07,1.13,1.77,0.89,1.77,267,26,1.13,,monthly_30d_25d_otm,weekly_1_strike0,28,120
LULU,2023-10-20,2023-11-16,backfill,O:LULU231117C00430000,430.0,2023-11-17,2023-11-08,1.3,1.66,0.84,0.84,82,17,1.3,,monthly_30d_25d_otm,weekly_1_strike0,28,120
LULU,2023-10-20,2023-11-16,backfill,O:LULU231117C00430000,430.0,2023-11-17,2023-11-09,0.68,0.68,0.39,0.41,97,21,0.68,,monthly_30d_25d_otm,weekly_1_strike0,28,120
LULU,2023-10-20,2023-11-16,backfill,O:LULU231117C00430000,430.0,2023-11-17,2023-11-10,0.4,0.64,0.28,0.64,91,24,0.4,,monthly_30d_25d_otm,weekly_1_strike0,28,120
LULU,2023-10-20,2023-11-16,backfill,O:LULU231117C00430000,430.0,2023-11-17,2023-11-13,0.65,1.3,0.44,0.99,390,73,0.65,,monthly_30d_25d_otm,weekly_1_strike0,28,120
LULU,2023-10-20,2023-11-16,backfill,O:LULU231117C00430000,430.0,2023-11-17,2023-11-14,1.93,5.1,1.93,4.6,798,108,1.93,,monthly_30d_25d_otm,weekly_1_strike0,28,120
LULU,2023-10-20,2023-11-16,backfill,O:LULU231117C00430000,430.0,2023-11-17,2023-11-15,7.1,8.22,4.94,4.94,256,51,7.1,,monthly_30d_25d_otm,weekly_1_strike0,28,120
LULU,2023-10-20,2023-11-16,backfill,O:LULU231117C00430000,430.0,2023-11-17,2023-11-16,3.84,3.84,0.13,0.25,783,113,3.84,,monthly_30d_25d_otm,weekly_1_strike0,28,120
LULU,2024-10-24,2024-11-20,backfill,O:LULU241115C00310000,310.0,2024-11-15,2024-10-24,6.95,7.75,6.18,7.7,58,24,6.95,,monthly_30d_30d_otm,weekly_2_strike0,22,58
LULU,2024-10-24,2024-11-20,backfill,O:LULU241115C00310000,310.0,2024-11-15,2024-10-25,9.25,14.03,9.2,9.86,583,101,9.25,,monthly_30d_30d_otm,weekly_2_strike0,22,58
LULU,2024-10-24,2024-11-20,backfill,O:LULU241115C00310000,310.0,2024-11-15,2024-10-28,9.84,11.9,9.45,10.34,70,43,9.84,,monthly_30d_30d_otm,weekly_2_strike0,22,58
LULU,2024-10-24,2024-11-20,backfill,O:LULU241115C00310000,310.0,2024-11-15,2024-10-29,10.63,10.63,8.22,8.8,44,28,10.63,,monthly_30d_30d_otm,weekly_2_strike0,22,58
LULU,2024-10-24,2024-11-20,backfill,O:LULU241115C00310000,310.0,2024-11-15,2024-10-30,7.84,10.15,7.49,8.18,21,12,7.84,,monthly_30d_30d_otm,weekly_2_strike0,22,58
LULU,2024-10-24,2024-11-20,backfill,O:LULU241115C00310000,310.0,2024-11-15,2024-10-31,6.52,6.66,4.87,6.05,122,40,6.52,,monthly_30d_30d_otm,weekly_2_strike0,22,58
LULU,2024-10-24,2024-11-20,backfill,O:LULU241115C00310000,310.0,2024-11-15,2024-11-01,6.41,19.69,5.63,18.37,175,73,6.41,,monthly_30d_30d_otm,weekly_2_strike0,22,58
LULU,2024-10-24,2024-11-20,backfill,O:LULU241115C00310000,310.0,2024-11-15,2024-11-04,17.79,17.9,15.12,15.35,68,28,17.79,,monthly_30d_30d_otm,weekly_2_strike0,22,58
LULU,2024-10-24,2024-11-20,backfill,O:LULU241115C00310000,310.0,2024-11-15,2024-11-05,16.4,16.4,13.87,15.85,35,20,16.4,,monthly_30d_30d_otm,weekly_2_strike0,22,58
LULU,2024-10-24,2024-11-20,backfill,O:LULU241115C00310000,310.0,2024-11-15,2024-11-06,15.27,15.27,8.5,9.05,116,57,15.27,,monthly_30d_30d_otm,weekly_2_strike0,22,58
LULU,2024-10-24,2024-11-20,backfill,O:LULU241115C00310000,310.0,2024-11-15,2024-11-07,12.6,16.0,9.0,10.79,85,23,12.6,,monthly_30d_30d_otm,weekly_2_strike0,22,58
LULU,2024-10-24,2024-11-20,backfill,O:LULU241115C00310000,310.0,2024-11-15,2024-11-08,9.34,9.34,5.35,5.44,232,45,9.34,,monthly_30d_30d_otm,weekly_2_strike0,22,58
LULU,2024-10-24,2024-11-20,backfill,O:LULU241115C00310000,310.0,2024-11-15,2024-11-11,6.0,13.5,5.02,11.35,131,36,6.0,,monthly_30d_30d_otm,weekly_2_strike0,22,58
LULU,2024-10-24,2024-11-20,backfill,O:LULU241115C00310000,310.0,2024-11-15,2024-11-12,9.64,11.95,8.45,11.95,36,20,9.64,,monthly_30d_30d_otm,weekly_2_strike0,22,58
LULU,2024-10-24,2024-11-20,backfill,O:LULU241115C00310000,310.0,2024-11-15,2024-11-13,14.97,24.33,14.97,20.8,144,30,14.97,,monthly_30d_30d_otm,weekly_2_strike0,22,58
LULU,2024-10-24,2024-11-20,backfill,O:LULU241115C00310000,310.0,2024-11-15,2024-11-14,20.71,24.6,15.78,23.86,34,24,20.71,,monthly_30d_30d_otm,weekly_2_strike0,22,58
LULU,2024-10-24,2024-11-20,backfill,O:LULU241115C00310000,310.0,2024-11-15,2024-11-15,21.9,21.9,10.39,10.47,205,60,21.9,,monthly_30d_30d_otm,weekly_2_strike0,22,58
LULU,2024-12-06,2025-01-06,backfill,O:LULU250117C00420000,420.0,2025-01-17,2024-12-06,6.2,16.5,3.3,11.58,709,97,6.2,,monthly_30d_30d_otm,weekly_1_strike0,42,709
LULU,2024-12-06,2025-01-06,backfill,O:LULU250117C00420000,420.0,2025-01-17,2024-12-09,10.98,20.4,10.98,14.4,156,66,10.98,,monthly_30d_30d_otm,weekly_1_strike0,42,709
LULU,2024-12-06,2025-01-06,backfill,O:LULU250117C00420000,420.0,2025-01-17,2024-12-10,11.79,12.97,8.97,9.4,61,24,11.79,,monthly_30d_30d_otm,weekly_1_strike0,42,709
LULU,2024-12-06,2025-01-06,backfill,O:LULU250117C00420000,420.0,2025-01-17,2024-12-11,10.2,12.2,9.83,9.83,122,15,10.2,,monthly_30d_30d_otm,weekly_1_strike0,42,709
LULU,2024-12-06,2025-01-06,backfill,O:LULU250117C00420000,420.0,2025-01-17,2024-12-12,8.1,8.69,6.35,6.62,96,34,8.1,,monthly_30d_30d_otm,weekly_1_strike0,42,709
LULU,2024-12-06,2025-01-06,backfill,O:LULU250117C00420000,420.0,2025-01-17,2024-12-13,5.47,6.63,5.05,6.6,176,37,5.47,,monthly_30d_30d_otm,weekly_1_strike0,42,709
LULU,2024-12-06,2025-01-06,backfill,O:LULU250117C00420000,420.0,2025-01-17,2024-12-16,6.0,7.9,6.0,6.15,64,31,6.0,,monthly_30d_30d_otm,weekly_1_strike0,42,709
LULU,2024-12-06,2025-01-06,backfill,O:LULU250117C00420000,420.0,2025-01-17,2024-12-17,5.02,6.2,5.0,6.2,61,20,5.02,,monthly_30d_30d_otm,weekly_1_strike0,42,709
LULU,2024-12-06,2025-01-06,backfill,O:LULU250117C00420000,420.0,2025-01-17,2024-12-18,5.35,5.62,3.25,3.25,96,47,5.35,,monthly_30d_30d_otm,weekly_1_strike0,42,709
LULU,2024-12-06,2025-01-06,backfill,O:LULU250117C00420000,420.0,2025-01-17,2024-12-19,3.51,3.65,2.92,3.53,71,31,3.51,,monthly_30d_30d_otm,weekly_1_strike0,42,709
LULU,2024-12-06,2025-01-06,backfill,O:LULU250117C00420000,420.0,2025-01-17,2024-12-20,3.35,4.2,2.63,3.25,80,37,3.35,,monthly_30d_30d_otm,weekly_1_strike0,42,709
LULU,2024-12-06,2025-01-06,backfill,O:LULU250117C00420000,420.0,2025-01-17,2024-12-23,3.63,4.68,2.64,3.05,71,24,3.63,,monthly_30d_30d_otm,weekly_1_strike0,42,709
LULU,2024-12-06,2025-01-06,backfill,O:LULU250117C00420000,420.0,2025-01-17,2024-12-24,3.5,3.5,2.8,3.07,165,21,3.5,,monthly_30d_30d_otm,weekly_1_strike0,42,709
LULU,2024-12-06,2025-01-06,backfill,O:LULU250117C00420000,420.0,2025-01-17,2024-12-26,2.9,3.65,2.76,2.85,665,106,2.9,,monthly_30d_30d_otm,weekly_1_strike0,42,709
LULU,2024-12-06,2025-01-06,backfill,O:LULU250117C00420000,420.0,2025-01-17,2024-12-27,2.22,2.9,1.46,2.81,257,60,2.22,,monthly_30d_30d_otm,weekly_1_strike0,42,709
LULU,2024-12-06,2025-01-06,backfill,O:LULU250117C00420000,420.0,2025-01-17,2024-12-30,1.91,3.0,1.48,2.19,364,60,1.91,,monthly_30d_30d_otm,weekly_1_strike0,42,709
LULU,2024-12-06,2025-01-06,backfill,O:LULU250117C00420000,420.0,2025-01-17,2024-12-31,2.19,2.2,1.55,1.88,197,32,2.19,,monthly_30d_30d_otm,weekly_1_strike0,42,709
LULU,2024-12-06,2025-01-06,backfill,O:LULU250117C00420000,420.0,2025-01-17,2025-01-02,2.06,2.2,0.94,1.02,100,34,2.06,,monthly_30d_30d_otm,weekly_1_strike0,42,709
LULU,2024-12-06,2025-01-06,backfill,O:LULU250117C00420000,420.0,2025-01-17,2025-01-03,2.26,2.26,0.9,1.1,63,27,2.26,,monthly_30d_30d_otm,weekly_1_strike0,42,709
LULU,2024-12-06,2025-01-06,backfill,O:LULU250117C00420000,420.0,2025-01-17,2025-01-06,1.25,3.63,1.25,3.4,340,66,1.25,,monthly_30d_30d_otm,weekly_1_strike0,42,709
LUV,2020-09-15,2020-10-12,backfill,O:LUV201016C00040000,40.0,2020-10-16,2020-09-15,2.59,3.05,2.55,2.73,417,54,2.59,,monthly_30d_atm,weekly_2_strike0,31,417
LUV,2020-09-15,2020-10-12,backfill,O:LUV201016C00040000,40.0,2020-10-16,2020-09-16,2.58,4.21,2.46,3.66,905,127,2.58,,monthly_30d_atm,weekly_2_strike0,31,417
LUV,2020-09-15,2020-10-12,backfill,O:LUV201016C00040000,40.0,2020-10-16,2020-09-17,3.2,3.6,2.52,2.72,276,50,3.2,,monthly_30d_atm,weekly_2_strike0,31,417
LUV,2020-09-15,2020-10-12,backfill,O:LUV201016C00040000,40.0,2020-10-16,2020-09-18,2.21,2.53,1.96,2.16,346,82,2.21,,monthly_30d_atm,weekly_2_strike0,31,417
LUV,2020-09-15,2020-10-12,backfill,O:LUV201016C00040000,40.0,2020-10-16,2020-09-21,1.31,1.5,0.93,1.18,410,98,1.31,,monthly_30d_atm,weekly_2_strike0,31,417
LUV,2020-09-15,2020-10-12,backfill,O:LUV201016C00040000,40.0,2020-10-16,2020-09-22,1.07,1.39,0.92,1.08,363,57,1.07,,monthly_30d_atm,weekly_2_strike0,31,417
LUV,2020-09-15,2020-10-12,backfill,O:LUV201016C00040000,40.0,2020-10-16,2020-09-23,1.21,1.61,0.98,0.98,600,67,1.21,,monthly_30d_atm,weekly_2_strike0,31,417
LUV,2020-09-15,2020-10-12,backfill,O:LUV201016C00040000,40.0,2020-10-16,2020-09-24,0.83,0.98,0.55,0.77,647,69,0.83,,monthly_30d_atm,weekly_2_strike0,31,417
LUV,2020-09-15,2020-10-12,backfill,O:LUV201016C00040000,40.0,2020-10-16,2020-09-25,0.74,0.87,0.63,0.79,179,45,0.74,,monthly_30d_atm,weekly_2_strike0,31,417
LUV,2020-09-15,2020-10-12,backfill,O:LUV201016C00040000,40.0,2020-10-16,2020-09-28,1.05,1.32,0.84,1.0,1158,124,1.05,,monthly_30d_atm,weekly_2_strike0,31,417
LUV,2020-09-15,2020-10-12,backfill,O:LUV201016C00040000,40.0,2020-10-16,2020-09-29,0.86,0.86,0.67,0.82,376,59,0.86,,monthly_30d_atm,weekly_2_strike0,31,417
LUV,2020-09-15,2020-10-12,backfill,O:LUV201016C00040000,40.0,2020-10-16,2020-09-30,0.97,1.27,0.62,0.68,778,78,0.97,,monthly_30d_atm,weekly_2_strike0,31,417
LUV,2020-09-15,2020-10-12,backfill,O:LUV201016C00040000,40.0,2020-10-16,2020-10-01,0.73,0.89,0.67,0.78,579,72,0.73,,monthly_30d_atm,weekly_2_strike0,31,417
LUV,2020-09-15,2020-10-12,backfill,O:LUV201016C00040000,40.0,2020-10-16,2020-10-02,0.37,1.43,0.22,1.1,1369,119,0.37,,monthly_30d_atm,weekly_2_strike0,31,417
LUV,2020-09-15,2020-10-12,backfill,O:LUV201016C00040000,40.0,2020-10-16,2020-10-05,1.1,1.22,0.7,0.86,1484,139,1.1,,monthly_30d_atm,weekly_2_strike0,31,417
LUV,2020-09-15,2020-10-12,backfill,O:LUV201016C00040000,40.0,2020-10-16,2020-10-06,0.91,0.99,0.39,0.45,1760,161,0.91,,monthly_30d_atm,weekly_2_strike0,31,417
LUV,2020-09-15,2020-10-12,backfill,O:LUV201016C00040000,40.0,2020-10-16,2020-10-07,0.51,0.69,0.47,0.57,706,97,0.51,,monthly_30d_atm,weekly_2_strike0,31,417
LUV,2020-09-15,2020-10-12,backfill,O:LUV201016C00040000,40.0,2020-10-16,2020-10-08,0.65,0.84,0.4,0.58,1186,128,0.65,,monthly_30d_atm,weekly_2_strike0,31,417
LUV,2020-09-15,2020-10-12,backfill,O:LUV201016C00040000,40.0,2020-10-16,2020-10-09,0.56,0.89,0.45,0.8,1813,180,0.56,,monthly_30d_atm,weekly_2_strike0,31,417
LUV,2020-09-15,2020-10-12,backfill,O:LUV201016C00040000,40.0,2020-10-16,2020-10-12,0.65,0.68,0.38,0.4,1315,157,0.65,,monthly_30d_atm,weekly_2_strike0,31,417
LUV,2022-12-02,2022-12-16,backfill,O:LUV230120C00040000,40.0,2023-01-20,2022-12-02,1.82,1.83,1.62,1.75,297,72,1.82,,monthly_30d_atm,weekly_1_strike0,49,297
LUV,2022-12-02,2022-12-16,backfill,O:LUV230120C00040000,40.0,2023-01-20,2022-12-05,1.72,2.11,1.47,1.62,338,75,1.72,,monthly_30d_atm,weekly_1_strike0,49,297
LUV,2022-12-02,2022-12-16,backfill,O:LUV230120C00040000,40.0,2023-01-20,2022-12-06,1.73,1.84,1.57,1.8,641,39,1.73,,monthly_30d_atm,weekly_1_strike0,49,297
LUV,2022-12-02,2022-12-16,backfill,O:LUV230120C00040000,40.0,2023-01-20,2022-12-07,1.45,1.45,0.78,0.88,374,45,1.45,,monthly_30d_atm,weekly_1_strike0,49,297
LUV,2022-12-02,2022-12-16,backfill,O:LUV230120C00040000,40.0,2023-01-20,2022-12-08,0.97,1.18,0.7,0.73,187,32,0.97,,monthly_30d_atm,weekly_1_strike0,49,297
LUV,2022-12-02,2022-12-16,backfill,O:LUV230120C00040000,40.0,2023-01-20,2022-12-09,0.7,0.9,0.68,0.9,102,25,0.7,,monthly_30d_atm,weekly_1_strike0,49,297
LUV,2022-12-02,2022-12-16,backfill,O:LUV230120C00040000,40.0,2023-01-20,2022-12-12,0.83,1.23,0.83,1.23,131,25,0.83,,monthly_30d_atm,weekly_1_strike0,49,297
LUV,2022-12-02,2022-12-16,backfill,O:LUV230120C00040000,40.0,2023-01-20,2022-12-13,1.58,1.58,0.55,0.66,474,38,1.58,,monthly_30d_atm,weekly_1_strike0,49,297
LUV,2022-12-02,2022-12-16,backfill,O:LUV230120C00040000,40.0,2023-01-20,2022-12-14,0.8,0.87,0.68,0.68,1036,30,0.8,,monthly_30d_atm,weekly_1_strike0,49,297
LUV,2022-12-02,2022-12-16,backfill,O:LUV230120C00040000,40.0,2023-01-20,2022-12-15,0.66,0.66,0.49,0.53,320,22,0.66,,monthly_30d_atm,weekly_1_strike0,49,297
LUV,2022-12-02,2022-12-16,backfill,O:LUV230120C00040000,40.0,2023-01-20,2022-12-16,0.51,0.58,0.43,0.51,643,33,0.51,,monthly_30d_atm,weekly_1_strike0,49,297
LUV,2024-01-18,2024-02-14,backfill,O:LUV240216C00030000,30.0,2024-02-16,2024-01-18,0.74,1.57,0.69,1.57,773,71,0.74,,monthly_30d_30d_otm,weekly_2_strike0,29,773
LUV,2024-01-18,2024-02-14,backfill,O:LUV240216C00030000,30.0,2024-02-16,2024-01-19,1.54,1.6,1.15,1.44,931,74,1.54,,monthly_30d_30d_otm,weekly_2_strike0,29,773
LUV,2024-01-18,2024-02-14,backfill,O:LUV240216C00030000,30.0,2024-02-16,2024-01-22,1.48,1.73,1.42,1.46,189,35,1.48,,monthly_30d_30d_otm,weekly_2_strike0,29,773
LUV,2024-01-18,2024-02-14,backfill,O:LUV240216C00030000,30.0,2024-02-16,2024-01-23,1.93,2.3,1.8,2.02,277,36,1.93,,monthly_30d_30d_otm,weekly_2_strike0,29,773
LUV,2024-01-18,2024-02-14,backfill,O:LUV240216C00030000,30.0,2024-02-16,2024-01-24,2.08,2.11,1.87,2.1,99,18,2.08,,monthly_30d_30d_otm,weekly_2_strike0,29,773
LUV,2024-01-18,2024-02-14,backfill,O:LUV240216C00030000,30.0,2024-02-16,2024-01-25,3.0,3.05,1.16,1.41,339,39,3.0,,monthly_30d_30d_otm,weekly_2_strike0,29,773
LUV,2024-01-18,2024-02-14,backfill,O:LUV240216C00030000,30.0,2024-02-16,2024-01-26,1.75,1.75,0.85,1.0,279,45,1.75,,monthly_30d_30d_otm,weekly_2_strike0,29,773
LUV,2024-01-18,2024-02-14,backfill,O:LUV240216C00030000,30.0,2024-02-16,2024-01-29,0.8,1.01,0.8,1.0,179,10,0.8,,monthly_30d_30d_otm,weekly_2_strike0,29,773
LUV,2024-01-18,2024-02-14,backfill,O:LUV240216C00030000,30.0,2024-02-16,2024-01-30,0.96,1.21,0.91,1.07,79,14,0.96,,monthly_30d_30d_otm,weekly_2_strike0,29,773
LUV,2024-01-18,2024-02-14,backfill,O:LUV240216C00030000,30.0,2024-02-16,2024-01-31,0.85,1.0,0.74,0.83,127,11,0.85,,monthly_30d_30d_otm,weekly_2_strike0,29,773
LUV,2024-01-18,2024-02-14,backfill,O:LUV240216C00030000,30.0,2024-02-16,2024-02-01,0.9,1.08,0.63,0.93,207,33,0.9,,monthly_30d_30d_otm,weekly_2_strike0,29,773
LUV,2024-01-18,2024-02-14,backfill,O:LUV240216C00030000,30.0,2024-02-16,2024-02-02,0.66,1.08,0.66,0.98,315,38,0.66,,monthly_30d_30d_otm,weekly_2_strike0,29,773
LUV,2024-01-18,2024-02-14,backfill,O:LUV240216C00030000,30.0,2024-02-16,2024-02-05,0.72,0.74,0.54,0.62,497,18,0.72,,monthly_30d_30d_otm,weekly_2_strike0,29,773
LUV,2024-01-18,2024-02-14,backfill,O:LUV240216C00030000,30.0,2024-02-16,2024-02-06,0.65,1.3,0.6,1.3,223,39,0.65,,monthly_30d_30d_otm,weekly_2_strike0,29,773
LUV,2024-01-18,2024-02-14,backfill,O:LUV240216C00030000,30.0,2024-02-16,2024-02-07,1.35,1.55,1.1,1.1,82,16,1.35,,monthly_30d_30d_otm,weekly_2_strike0,29,773
LUV,2024-01-18,2024-02-14,backfill,O:LUV240216C00030000,30.0,2024-02-16,2024-02-08,1.06,2.28,1.06,2.23,63,16,1.06,,monthly_30d_30d_otm,weekly_2_strike0,29,773
LUV,2024-01-18,2024-02-14,backfill,O:LUV240216C00030000,30.0,2024-02-16,2024-02-09,2.3,2.56,2.1,2.56,29,12,2.3,,monthly_30d_30d_otm,weekly_2_strike0,29,773
LUV,2024-01-18,2024-02-14,backfill,O:LUV240216C00030000,30.0,2024-02-16,2024-02-12,2.43,3.3,2.42,2.9,120,22,2.43,,monthly_30d_30d_otm,weekly_2_strike0,29,773
LUV,2024-01-18,2024-02-14,backfill,O:LUV240216C00030000,30.0,2024-02-16,2024-02-13,2.45,2.62,2.08,2.4,40,12,2.45,,monthly_30d_30d_otm,weekly_2_strike0,29,773
LUV,2024-01-18,2024-02-14,backfill,O:LUV240216C00030000,30.0,2024-02-16,2024-02-14,2.97,3.9,2.97,3.9,62,14,2.97,,monthly_30d_30d_otm,weekly_2_strike0,29,773
LUV,2025-05-14,2025-06-11,backfill,O:LUV250620C00030000,30.0,2025-06-20,2025-05-14,2.38,3.15,2.22,2.42,77,17,2.38,,monthly_30d_slight_itm,weekly_2_strike0,37,77
LUV,2025-05-14,2025-06-11,backfill,O:LUV250620C00030000,30.0,2025-06-20,2025-05-15,2.74,2.74,2.64,2.7,32,4,2.74,,monthly_30d_slight_itm,weekly_2_strike0,37,77
LUV,2025-05-14,2025-06-11,backfill,O:LUV250620C00030000,30.0,2025-06-20,2025-05-16,2.81,3.35,2.81,3.25,33,16,2.81,,monthly_30d_slight_itm,weekly_2_strike0,37,77
LUV,2025-05-14,2025-06-11,backfill,O:LUV250620C00030000,30.0,2025-06-20,2025-05-19,3.0,3.3,3.0,3.05,38,22,3.0,,monthly_30d_slight_itm,weekly_2_strike0,37,77
LUV,2025-05-14,2025-06-11,backfill,O:LUV250620C00030000,30.0,2025-06-20,2025-05-20,3.29,3.29,3.07,3.07,34,5,3.29,,monthly_30d_slight_itm,weekly_2_strike0,37,77
LUV,2025-05-14,2025-06-11,backfill,O:LUV250620C00030000,30.0,2025-06-20,2025-05-22,2.38,2.38,1.7,2.27,106,6,2.38,,monthly_30d_slight_itm,weekly_2_strike0,37,77
LUV,2025-05-14,2025-06-11,backfill,O:LUV250620C00030000,30.0,2025-06-20,2025-05-23,2.03,2.03,1.82,1.86,21,4,2.03,,monthly_30d_slight_itm,weekly_2_strike0,37,77
LUV,2025-05-14,2025-06-11,backfill,O:LUV250620C00030000,30.0,2025-06-20,2025-05-27,2.57,3.11,2.57,3.11,23,12,2.57,,monthly_30d_slight_itm,weekly_2_strike0,37,77
LUV,2025-05-14,2025-06-11,backfill,O:LUV250620C00030000,30.0,2025-06-20,2025-05-28,3.29,3.47,3.05,3.14,12,5,3.29,,monthly_30d_slight_itm,weekly_2_strike0,37,77
LUV,2025-05-14,2025-06-11,backfill,O:LUV250620C00030000,30.0,2025-06-20,2025-05-29,4.07,4.44,3.75,3.75,35,9,4.07,,monthly_30d_slight_itm,weekly_2_strike0,37,77
LUV,2025-05-14,2025-06-11,backfill,O:LUV250620C00030000,30.0,2025-06-20,2025-05-30,3.65,3.66,3.55,3.55,13,2,3.65,,monthly_30d_slight_itm,weekly_2_strike0,37,77
LUV,2025-05-14,2025-06-11,backfill,O:LUV250620C00030000,30.0,2025-06-20,2025-06-02,3.55,3.55,3.13,3.35,20,7,3.55,,monthly_30d_slight_itm,weekly_2_strike0,37,77
LUV,2025-05-14,2025-06-11,backfill,O:LUV250620C00030000,30.0,2025-06-20,2025-06-03,2.83,3.05,2.83,3.0,33,9,2.83,,monthly_30d_slight_itm,weekly_2_strike0,37,77
LUV,2025-05-14,2025-06-11,backfill,O:LUV250620C00030000,30.0,2025-06-20,2025-06-04,2.81,2.9,2.57,2.58,24,9,2.81,,monthly_30d_slight_itm,weekly_2_strike0,37,77
LUV,2025-05-14,2025-06-11,backfill,O:LUV250620C00030000,30.0,2025-06-20,2025-06-05,2.99,2.99,2.89,2.89,12,3,2.99,,monthly_30d_slight_itm,weekly_2_strike0,37,77
LUV,2025-05-14,2025-06-11,backfill,O:LUV250620C00030000,30.0,2025-06-20,2025-06-06,3.25,3.55,3.15,3.55,14,8,3.25,,monthly_30d_slight_itm,weekly_2_strike0,37,77
LUV,2025-05-14,2025-06-11,backfill,O:LUV250620C00030000,30.0,2025-06-20,2025-06-09,3.9,3.9,3.33,3.73,28,17,3.9,,monthly_30d_slight_itm,weekly_2_strike0,37,77
LUV,2025-05-14,2025-06-11,backfill,O:LUV250620C00030000,30.0,2025-06-20,2025-06-10,3.68,4.52,3.68,4.52,41,14,3.68,,monthly_30d_slight_itm,weekly_2_strike0,37,77
LUV,2025-05-14,2025-06-11,backfill,O:LUV250620C00030000,30.0,2025-06-20,2025-06-11,4.5,4.5,3.37,3.37,74,9,4.5,,monthly_30d_slight_itm,weekly_2_strike0,37,77
LUV,2025-07-03,2025-07-30,backfill,O:LUV250815C00035000,35.0,2025-08-15,2025-07-03,1.31,1.42,1.3,1.37,43,9,1.31,,monthly_30d_35d_otm,weekly_2_strike0,43,43
LUV,2025-07-03,2025-07-30,backfill,O:LUV250815C00035000,35.0,2025-08-15,2025-07-07,1.46,1.55,1.05,1.22,377,51,1.46,,monthly_30d_35d_otm,weekly_2_strike0,43,43
LUV,2025-07-03,2025-07-30,backfill,O:LUV250815C00035000,35.0,2025-08-15,2025-07-08,1.5,1.5,1.27,1.28,68,35,1.5,,monthly_30d_35d_otm,weekly_2_strike0,43,43
LUV,2025-07-03,2025-07-30,backfill,O:LUV250815C00035000,35.0,2025-08-15,2025-07-09,1.5,1.63,1.29,1.53,524,32,1.5,,monthly_30d_35d_otm,weekly_2_strike0,43,43
LUV,2025-07-03,2025-07-30,backfill,O:LUV250815C00035000,35.0,2025-08-15,2025-07-10,2.04,3.6,1.96,3.21,608,48,2.04,,monthly_30d_35d_otm,weekly_2_strike0,43,43
LUV,2025-07-03,2025-07-30,backfill,O:LUV250815C00035000,35.0,2025-08-15,2025-07-11,3.16,3.37,3.06,3.29,139,25,3.16,,monthly_30d_35d_otm,weekly_2_strike0,43,43
LUV,2025-07-03,2025-07-30,backfill,O:LUV250815C00035000,35.0,2025-08-15,2025-07-14,3.5,3.56,3.27,3.56,32,10,3.5,,monthly_30d_35d_otm,weekly_2_strike0,43,43
LUV,2025-07-03,2025-07-30,backfill,O:LUV250815C00035000,35.0,2025-08-15,2025-07-15,3.43,3.43,3.2,3.25,77,11,3.43,,monthly_30d_35d_otm,weekly_2_strike0,43,43
LUV,2025-07-03,2025-07-30,backfill,O:LUV250815C00035000,35.0,2025-08-15,2025-07-16,3.45,3.45,3.0,3.25,45,11,3.45,,monthly_30d_35d_otm,weekly_2_strike0,43,43
LUV,2025-07-03,2025-07-30,backfill,O:LUV250815C00035000,35.0,2025-08-15,2025-07-17,3.37,3.37,2.5,2.56,49,13,3.37,,monthly_30d_35d_otm,weekly_2_strike0,43,43
LUV,2025-07-03,2025-07-30,backfill,O:LUV250815C00035000,35.0,2025-08-15,2025-07-18,2.64,2.67,2.47,2.56,63,15,2.64,,monthly_30d_35d_otm,weekly_2_strike0,43,43
LUV,2025-07-03,2025-07-30,backfill,O:LUV250815C00035000,35.0,2025-08-15,2025-07-21,2.62,3.0,2.62,2.73,23,9,2.62,,monthly_30d_35d_otm,weekly_2_strike0,43,43
LUV,2025-07-03,2025-07-30,backfill,O:LUV250815C00035000,35.0,2025-08-15,2025-07-22,3.02,3.05,3.02,3.05,7,2,3.02,,monthly_30d_35d_otm,weekly_2_strike0,43,43
LUV,2025-07-03,2025-07-30,backfill,O:LUV250815C00035000,35.0,2025-08-15,2025-07-23,3.44,3.55,3.2,3.2,46,9,3.44,,monthly_30d_35d_otm,weekly_2_strike0,43,43
LUV,2025-07-03,2025-07-30,backfill,O:LUV250815C00035000,35.0,2025-08-15,2025-07-24,0.66,0.86,0.21,0.4,423,80,0.66,,monthly_30d_35d_otm,weekly_2_strike0,43,43
LUV,2025-07-03,2025-07-30,backfill,O:LUV250815C00035000,35.0,2025-08-15,2025-07-25,0.35,0.35,0.21,0.29,60,20,0.35,,monthly_30d_35d_otm,weekly_2_strike0,43,43
LUV,2025-07-03,2025-07-30,backfill,O:LUV250815C00035000,35.0,2025-08-15,2025-07-28,0.18,0.19,0.1,0.12,86,23,0.18,,monthly_30d_35d_otm,weekly_2_strike0,43,43
LUV,2025-07-03,2025-07-30,backfill,O:LUV250815C00035000,35.0,2025-08-15,2025-07-29,0.14,0.17,0.05,0.06,98,18,0.14,,monthly_30d_35d_otm,weekly_2_strike0,43,43
LUV,2025-07-03,2025-07-30,backfill,O:LUV250815C00035000,35.0,2025-08-15,2025-07-30,0.06,0.06,0.04,0.04,105,9,0.06,,monthly_30d_35d_otm,weekly_2_strike0,43,43
LYFT,2020-11-12,2020-12-10,backfill,O:LYFT201218C00040000,40.0,2020-12-18,2020-11-12,1.14,1.78,1.1,1.32,573,54,1.14,,monthly_30d_35d_otm,weekly_2_strike0,36,573
LYFT,2020-11-12,2020-12-10,backfill,O:LYFT201218C00040000,40.0,2020-12-18,2020-11-13,1.37,1.74,1.17,1.69,795,41,1.37,,monthly_30d_35d_otm,weekly_2_strike0,36,573
LYFT,2020-11-12,2020-12-10,backfill,O:LYFT201218C00040000,40.0,2020-12-18,2020-11-16,2.24,2.6,2.04,2.53,6677,96,2.24,,monthly_30d_35d_otm,weekly_2_strike0,36,573
LYFT,2020-11-12,2020-12-10,backfill,O:LYFT201218C00040000,40.0,2020-12-18,2020-11-17,1.98,2.75,1.98,2.21,484,90,1.98,,monthly_30d_35d_otm,weekly_2_strike0,36,573
LYFT,2020-11-12,2020-12-10,backfill,O:LYFT201218C00040000,40.0,2020-12-18,2020-11-18,2.27,3.37,2.27,2.37,268,69,2.27,,monthly_30d_35d_otm,weekly_2_strike0,36,573
LYFT,2020-11-12,2020-12-10,backfill,O:LYFT201218C00040000,40.0,2020-12-18,2020-11-19,2.27,2.66,2.15,2.59,332,52,2.27,,monthly_30d_35d_otm,weekly_2_strike0,36,573
LYFT,2020-11-12,2020-12-10,backfill,O:LYFT201218C00040000,40.0,2020-12-18,2020-11-20,2.47,2.47,1.35,1.45,723,75,2.47,,monthly_30d_35d_otm,weekly_2_strike0,36,573
LYFT,2020-11-12,2020-12-10,backfill,O:LYFT201218C00040000,40.0,2020-12-18,2020-11-23,1.71,2.2,1.53,1.92,304,49,1.71,,monthly_30d_35d_otm,weekly_2_strike0,36,573
LYFT,2020-11-12,2020-12-10,backfill,O:LYFT201218C00040000,40.0,2020-12-18,2020-11-24,2.31,2.38,1.82,1.93,529,86,2.31,,monthly_30d_35d_otm,weekly_2_strike0,36,573
LYFT,2020-11-12,2020-12-10,backfill,O:LYFT201218C00040000,40.0,2020-12-18,2020-11-25,1.57,1.85,1.35,1.85,97,28,1.57,,monthly_30d_35d_otm,weekly_2_strike0,36,573
LYFT,2020-11-12,2020-12-10,backfill,O:LYFT201218C00040000,40.0,2020-12-18,2020-11-27,1.69,1.9,1.48,1.48,139,26,1.69,,monthly_30d_35d_otm,weekly_2_strike0,36,573
LYFT,2020-11-12,2020-12-10,backfill,O:LYFT201218C00040000,40.0,2020-12-18,2020-11-30,1.36,1.6,1.0,1.13,129,29,1.36,,monthly_30d_35d_otm,weekly_2_strike0,36,573
LYFT,2020-11-12,2020-12-10,backfill,O:LYFT201218C00040000,40.0,2020-12-18,2020-12-01,1.47,2.43,1.46,1.66,297,68,1.47,,monthly_30d_35d_otm,weekly_2_strike0,36,573
LYFT,2020-11-12,2020-12-10,backfill,O:LYFT201218C00040000,40.0,2020-12-18,2020-12-02,1.33,4.5,1.09,4.21,2052,109,1.33,,monthly_30d_35d_otm,weekly_2_strike0,36,573
LYFT,2020-11-12,2020-12-10,backfill,O:LYFT201218C00040000,40.0,2020-12-18,2020-12-03,4.2,4.6,3.61,4.0,192,28,4.2,,monthly_30d_35d_otm,weekly_2_strike0,36,573
LYFT,2020-11-12,2020-12-10,backfill,O:LYFT201218C00040000,40.0,2020-12-18,2020-12-04,4.65,6.36,4.6,6.36,188,32,4.65,,monthly_30d_35d_otm,weekly_2_strike0,36,573
LYFT,2020-11-12,2020-12-10,backfill,O:LYFT201218C00040000,40.0,2020-12-18,2020-12-07,7.0,7.32,6.25,6.93,137,18,7.0,,monthly_30d_35d_otm,weekly_2_strike0,36,573
LYFT,2020-11-12,2020-12-10,backfill,O:LYFT201218C00040000,40.0,2020-12-18,2020-12-08,7.25,7.76,6.74,6.93,27,9,7.25,,monthly_30d_35d_otm,weekly_2_strike0,36,573
LYFT,2020-11-12,2020-12-10,backfill,O:LYFT201218C00040000,40.0,2020-12-18,2020-12-09,7.2,8.3,7.15,7.45,70,10,7.2,,monthly_30d_35d_otm,weekly_2_strike0,36,573
LYFT,2020-11-12,2020-12-10,backfill,O:LYFT201218C00040000,40.0,2020-12-18,2020-12-10,6.54,8.5,6.54,8.1,5,4,6.54,,monthly_30d_35d_otm,weekly_2_strike0,36,573
LYFT,2021-02-17,2021-03-16,backfill,O:LYFT210319C00065000,65.0,2021-03-19,2021-02-17,1.7,1.7,0.97,1.41,1483,100,1.7,,monthly_30d_20d_otm,weekly_2_strike0,30,1483
LYFT,2021-02-17,2021-03-16,backfill,O:LYFT210319C00065000,65.0,2021-03-19,2021-02-18,1.39,1.46,1.01,1.04,742,41,1.39,,monthly_30d_20d_otm,weekly_2_strike0,30,1483
LYFT,2021-02-17,2021-03-16,backfill,O:LYFT210319C00065000,65.0,2021-03-19,2021-02-19,1.11,1.68,1.09,1.36,408,62,1.11,,monthly_30d_20d_otm,weekly_2_strike0,30,1483
LYFT,2021-02-17,2021-03-16,backfill,O:LYFT210319C00065000,65.0,2021-03-19,2021-02-22,1.23,1.45,0.85,0.85,1079,57,1.23,,monthly_30d_20d_otm,weekly_2_strike0,30,1483
LYFT,2021-02-17,2021-03-16,backfill,O:LYFT210319C00065000,65.0,2021-03-19,2021-02-23,1.04,1.16,0.57,1.01,599,52,1.04,,monthly_30d_20d_otm,weekly_2_strike0,30,1483
LYFT,2021-02-17,2021-03-16,backfill,O:LYFT210319C00065000,65.0,2021-03-19,2021-02-24,1.2,1.5,1.14,1.43,927,77,1.2,,monthly_30d_20d_otm,weekly_2_strike0,30,1483
LYFT,2021-02-17,2021-03-16,backfill,O:LYFT210319C00065000,65.0,2021-03-19,2021-02-25,1.35,1.43,0.43,0.65,1751,70,1.35,,monthly_30d_20d_otm,weekly_2_strike0,30,1483
LYFT,2021-02-17,2021-03-16,backfill,O:LYFT210319C00065000,65.0,2021-03-19,2021-02-26,0.7,0.83,0.55,0.59,51,15,0.7,,monthly_30d_20d_otm,weekly_2_strike0,30,1483
LYFT,2021-02-17,2021-03-16,backfill,O:LYFT210319C00065000,65.0,2021-03-19,2021-03-01,0.65,0.8,0.56,0.56,73,18,0.65,,monthly_30d_20d_otm,weekly_2_strike0,30,1483
LYFT,2021-02-17,2021-03-16,backfill,O:LYFT210319C00065000,65.0,2021-03-19,2021-03-02,0.53,0.63,0.4,0.52,609,36,0.53,,monthly_30d_20d_otm,weekly_2_strike0,30,1483
LYFT,2021-02-17,2021-03-16,backfill,O:LYFT210319C00065000,65.0,2021-03-19,2021-03-03,0.99,2.6,0.69,1.8,2157,146,0.99,,monthly_30d_20d_otm,weekly_2_strike0,30,1483
LYFT,2021-02-17,2021-03-16,backfill,O:LYFT210319C00065000,65.0,2021-03-19,2021-03-04,1.74,2.5,1.14,1.78,869,79,1.74,,monthly_30d_20d_otm,weekly_2_strike0,30,1483
LYFT,2021-02-17,2021-03-16,backfill,O:LYFT210319C00065000,65.0,2021-03-19,2021-03-05,2.23,3.15,1.65,2.59,571,91,2.23,,monthly_30d_20d_otm,weekly_2_strike0,30,1483
LYFT,2021-02-17,2021-03-16,backfill,O:LYFT210319C00065000,65.0,2021-03-19,2021-03-08,3.1,3.25,2.16,2.5,999,68,3.1,,monthly_30d_20d_otm,weekly_2_strike0,30,1483
LYFT,2021-02-17,2021-03-16,backfill,O:LYFT210319C00065000,65.0,2021-03-19,2021-03-09,2.14,2.14,1.34,1.34,107,35,2.14,,monthly_30d_20d_otm,weekly_2_strike0,30,1483
LYFT,2021-02-17,2021-03-16,backfill,O:LYFT210319C00065000,65.0,2021-03-19,2021-03-10,1.54,1.79,0.87,0.87,595,63,1.54,,monthly_30d_20d_otm,weekly_2_strike0,30,1483
LYFT,2021-02-17,2021-03-16,backfill,O:LYFT210319C00065000,65.0,2021-03-19,2021-03-11,1.14,2.08,1.02,1.06,1841,77,1.14,,monthly_30d_20d_otm,weekly_2_strike0,30,1483
LYFT,2021-02-17,2021-03-16,backfill,O:LYFT210319C00065000,65.0,2021-03-19,2021-03-12,0.87,3.2,0.84,2.86,1594,134,0.87,,monthly_30d_20d_otm,weekly_2_strike0,30,1483
LYFT,2021-02-17,2021-03-16,backfill,O:LYFT210319C00065000,65.0,2021-03-19,2021-03-15,2.79,3.4,1.83,3.15,788,88,2.79,,monthly_30d_20d_otm,weekly_2_strike0,30,1483
LYFT,2021-02-17,2021-03-16,backfill,O:LYFT210319C00065000,65.0,2021-03-19,2021-03-16,2.59,2.82,0.94,1.24,591,77,2.59,,monthly_30d_20d_otm,weekly_2_strike0,30,1483
LYFT,2022-09-16,2022-09-26,backfill,O:LYFT221021C00020000,20.0,2022-10-21,2022-09-16,0.35,0.43,0.35,0.39,355,28,0.35,,monthly_30d_20d_otm,weekly_1_strike0,35,355
LYFT,2022-09-16,2022-09-26,backfill,O:LYFT221021C00020000,20.0,2022-10-21,2022-09-19,0.36,0.36,0.29,0.35,90,22,0.36,,monthly_30d_20d_otm,weekly_1_strike0,35,355
LYFT,2022-09-16,2022-09-26,backfill,O:LYFT221021C00020000,20.0,2022-10-21,2022-09-20,0.3,0.65,0.3,0.52,721,55,0.3,,monthly_30d_20d_otm,weekly_1_strike0,35,355
LYFT,2022-09-16,2022-09-26,backfill,O:LYFT221021C00020000,20.0,2022-10-21,2022-09-21,0.44,0.5,0.26,0.28,179,31,0.44,,monthly_30d_20d_otm,weekly_1_strike0,35,355
LYFT,2022-09-16,2022-09-26,backfill,O:LYFT221021C00020000,20.0,2022-10-21,2022-09-22,0.34,0.34,0.11,0.11,214,35,0.34,,monthly_30d_20d_otm,weekly_1_strike0,35,355
LYFT,2022-09-16,2022-09-26,backfill,O:LYFT221021C00020000,20.0,2022-10-21,2022-09-23,0.1,0.32,0.08,0.09,177,17,0.1,,monthly_30d_20d_otm,weekly_1_strike0,35,355
LYFT,2022-09-16,2022-09-26,backfill,O:LYFT221021C00020000,20.0,2022-10-21,2022-09-26,0.07,0.08,0.05,0.07,86,17,0.07,,monthly_30d_20d_otm,weekly_1_strike0,35,355
LYFT,2023-01-31,2023-02-10,backfill,O:LYFT230317C00017500,17.5,2023-03-17,2023-01-31,1.07,1.39,1.04,1.29,186,30,1.07,,monthly_30d_30d_otm,weekly_2_strike0,45,186
LYFT,2023-01-31,2023-02-10,backfill,O:LYFT230317C00017500,17.5,2023-03-17,2023-02-01,1.31,1.79,1.3,1.66,58,22,1.31,,monthly_30d_30d_otm,weekly_2_strike0,45,186
LYFT,2023-01-31,2023-02-10,backfill,O:LYFT230317C00017500,17.5,2023-03-17,2023-02-02,1.76,1.95,1.64,1.89,120,32,1.76,,monthly_30d_30d_otm,weekly_2_strike0,45,186
LYFT,2023-01-31,2023-02-10,backfill,O:LYFT230317C00017500,17.5,2023-03-17,2023-02-03,1.72,1.93,1.72,1.78,159,26,1.72,,monthly_30d_30d_otm,weekly_2_strike0,45,186
LYFT,2023-01-31,2023-02-10,backfill,O:LYFT230317C00017500,17.5,2023-03-17,2023-02-06,1.55,1.93,1.52,1.83,53,20,1.55,,monthly_30d_30d_otm,weekly_2_strike0,45,186
LYFT,2023-01-31,2023-02-10,backfill,O:LYFT230317C00017500,17.5,2023-03-17,2023-02-07,1.9,2.19,1.81,2.14,903,24,1.9,,monthly_30d_30d_otm,weekly_2_strike0,45,186
LYFT,2023-01-31,2023-02-10,backfill,O:LYFT230317C00017500,17.5,2023-03-17,2023-02-08,1.99,2.03,1.49,1.53,441,38,1.99,,monthly_30d_30d_otm,weekly_2_strike0,45,186
LYFT,2023-01-31,2023-02-10,backfill,O:LYFT230317C00017500,17.5,2023-03-17,2023-02-09,1.65,1.8,1.23,1.32,2079,94,1.65,,monthly_30d_30d_otm,weekly_2_strike0,45,186
LYFT,2023-01-31,2023-02-10,backfill,O:LYFT230317C00017500,17.5,2023-03-17,2023-02-10,0.18,0.21,0.01,0.07,832,78,0.18,,monthly_30d_30d_otm,weekly_2_strike0,45,186
LYFT,2023-12-13,2024-01-11,backfill,O:LYFT240119C00016000,16.0,2024-01-19,2023-12-13,0.42,0.61,0.42,0.61,354,15,0.42,,monthly_30d_30d_otm,weekly_2_strike0,37,354
LYFT,2023-12-13,2024-01-11,backfill,O:LYFT240119C00016000,16.0,2024-01-19,2023-12-14,0.73,0.91,0.67,0.86,498,44,0.73,,monthly_30d_30d_otm,weekly_2_strike0,37,354
LYFT,2023-12-13,2024-01-11,backfill,O:LYFT240119C00016000,16.0,2024-01-19,2023-12-15,0.84,1.04,0.8,1.03,2178,64,0.84,,monthly_30d_30d_otm,weekly_2_strike0,37,354
LYFT,2023-12-13,2024-01-11,backfill,O:LYFT240119C00016000,16.0,2024-01-19,2023-12-18,0.77,1.06,0.77,1.05,625,32,0.77,,monthly_30d_30d_otm,weekly_2_strike0,37,354
LYFT,2023-12-13,2024-01-11,backfill,O:LYFT240119C00016000,16.0,2024-01-19,2023-12-19,0.5,0.78,0.49,0.72,200,37,0.5,,monthly_30d_30d_otm,weekly_2_strike0,37,354
LYFT,2023-12-13,2024-01-11,backfill,O:LYFT240119C00016000,16.0,2024-01-19,2023-12-20,0.73,1.01,0.69,0.72,545,36,0.73,,monthly_30d_30d_otm,weekly_2_strike0,37,354
LYFT,2023-12-13,2024-01-11,backfill,O:LYFT240119C00016000,16.0,2024-01-19,2023-12-21,0.82,0.92,0.76,0.9,1380,21,0.82,,monthly_30d_30d_otm,weekly_2_strike0,37,354
LYFT,2023-12-13,2024-01-11,backfill,O:LYFT240119C00016000,16.0,2024-01-19,2023-12-22,1.14,1.14,0.71,0.73,987,27,1.14,,monthly_30d_30d_otm,weekly_2_strike0,37,354
LYFT,2023-12-13,2024-01-11,backfill,O:LYFT240119C00016000,16.0,2024-01-19,2023-12-26,0.72,0.72,0.63,0.66,313,15,0.72,,monthly_30d_30d_otm,weekly_2_strike0,37,354
LYFT,2023-12-13,2024-01-11,backfill,O:LYFT240119C00016000,16.0,2024-01-19,2023-12-27,0.65,0.73,0.57,0.57,239,17,0.65,,monthly_30d_30d_otm,weekly_2_strike0,37,354
LYFT,2023-12-13,2024-01-11,backfill,O:LYFT240119C00016000,16.0,2024-01-19,2023-12-28,0.59,0.74,0.56,0.67,987,71,0.59,,monthly_30d_30d_otm,weekly_2_strike0,37,354
LYFT,2023-12-13,2024-01-11,backfill,O:LYFT240119C00016000,16.0,2024-01-19,2023-12-29,0.42,0.55,0.39,0.47,480,53,0.42,,monthly_30d_30d_otm,weekly_2_strike0,37,354
LYFT,2023-12-13,2024-01-11,backfill,O:LYFT240119C00016000,16.0,2024-01-19,2024-01-02,0.35,0.35,0.14,0.17,647,31,0.35,,monthly_30d_30d_otm,weekly_2_strike0,37,354
LYFT,2023-12-13,2024-01-11,backfill,O:LYFT240119C00016000,16.0,2024-01-19,2024-01-03,0.13,0.14,0.09,0.1,115,15,0.13,,monthly_30d_30d_otm,weekly_2_strike0,37,354
LYFT,2023-12-13,2024-01-11,backfill,O:LYFT240119C00016000,16.0,2024-01-19,2024-01-04,0.09,0.09,0.06,0.07,147,9,0.09,,monthly_30d_30d_otm,weekly_2_strike0,37,354
LYFT,2023-12-13,2024-01-11,backfill,O:LYFT240119C00016000,16.0,2024-01-19,2024-01-05,0.06,0.06,0.04,0.06,133,9,0.06,,monthly_30d_30d_otm,weekly_2_strike0,37,354
LYFT,2023-12-13,2024-01-11,backfill,O:LYFT240119C00016000,16.0,2024-01-19,2024-01-08,0.05,0.06,0.04,0.06,312,13,0.05,,monthly_30d_30d_otm,weekly_2_strike0,37,354
LYFT,2023-12-13,2024-01-11,backfill,O:LYFT240119C00016000,16.0,2024-01-19,2024-01-09,0.06,0.07,0.05,0.05,55,8,0.06,,monthly_30d_30d_otm,weekly_2_strike0,37,354
LYFT,2023-12-13,2024-01-11,backfill,O:LYFT240119C00016000,16.0,2024-01-19,2024-01-10,0.05,0.05,0.03,0.03,11,2,0.05,,monthly_30d_30d_otm,weekly_2_strike0,37,354
LYFT,2023-12-13,2024-01-11,backfill,O:LYFT240119C00016000,16.0,2024-01-19,2024-01-11,0.06,0.06,0.02,0.03,327,19,0.06,,monthly_30d_30d_otm,weekly_2_strike0,37,354
LYFT,2024-11-14,2024-12-11,backfill,O:LYFT241220C00020000,20.0,2024-12-20,2024-11-14,0.37,0.5,0.36,0.41,157,22,0.37,,monthly_30d_35d_otm,weekly_2_strike0,36,157
LYFT,2024-11-14,2024-12-11,backfill,O:LYFT241220C00020000,20.0,2024-12-20,2024-11-15,0.55,0.56,0.4,0.4,208,20,0.55,,monthly_30d_35d_otm,weekly_2_strike0,36,157
LYFT,2024-11-14,2024-12-11,backfill,O:LYFT241220C00020000,20.0,2024-12-20,2024-11-18,0.33,0.33,0.2,0.25,848,28,0.33,,monthly_30d_35d_otm,weekly_2_strike0,36,157
LYFT,2024-11-14,2024-12-11,backfill,O:LYFT241220C00020000,20.0,2024-12-20,2024-11-19,0.17,0.19,0.13,0.15,332,24,0.17,,monthly_30d_35d_otm,weekly_2_strike0,36,157
LYFT,2024-11-14,2024-12-11,backfill,O:LYFT241220C00020000,20.0,2024-12-20,2024-11-20,0.13,0.18,0.11,0.14,345,13,0.13,,monthly_30d_35d_otm,weekly_2_strike0,36,157
LYFT,2024-11-14,2024-12-11,backfill,O:LYFT241220C00020000,20.0,2024-12-20,2024-11-21,0.1,0.13,0.1,0.11,35,7,0.1,,monthly_30d_35d_otm,weekly_2_strike0,36,157
LYFT,2024-11-14,2024-12-11,backfill,O:LYFT241220C00020000,20.0,2024-12-20,2024-11-22,0.14,0.15,0.12,0.13,276,11,0.14,,monthly_30d_35d_otm,weekly_2_strike0,36,157
LYFT,2024-11-14,2024-12-11,backfill,O:LYFT241220C00020000,20.0,2024-12-20,2024-11-25,0.17,0.32,0.16,0.31,119,24,0.17,,monthly_30d_35d_otm,weekly_2_strike0,36,157
LYFT,2024-11-14,2024-12-11,backfill,O:LYFT241220C00020000,20.0,2024-12-20,2024-11-26,0.25,0.25,0.18,0.21,1170,13,0.25,,monthly_30d_35d_otm,weekly_2_strike0,36,157
LYFT,2024-11-14,2024-12-11,backfill,O:LYFT241220C00020000,20.0,2024-12-20,2024-11-27,0.17,0.17,0.12,0.13,114,6,0.17,,monthly_30d_35d_otm,weekly_2_strike0,36,157
LYFT,2024-11-14,2024-12-11,backfill,O:LYFT241220C00020000,20.0,2024-12-20,2024-11-29,0.12,0.12,0.11,0.11,63,4,0.12,,monthly_30d_35d_otm,weekly_2_strike0,36,157
LYFT,2024-11-14,2024-12-11,backfill,O:LYFT241220C00020000,20.0,2024-12-20,2024-12-02,0.09,0.12,0.09,0.09,19,6,0.09,,monthly_30d_35d_otm,weekly_2_strike0,36,157
LYFT,2024-11-14,2024-12-11,backfill,O:LYFT241220C00020000,20.0,2024-12-20,2024-12-03,0.08,0.09,0.06,0.06,137,8,0.08,,monthly_30d_35d_otm,weekly_2_strike0,36,157
LYFT,2024-11-14,2024-12-11,backfill,O:LYFT241220C00020000,20.0,2024-12-20,2024-12-04,0.09,0.12,0.05,0.07,129,9,0.09,,monthly_30d_35d_otm,weekly_2_strike0,36,157
LYFT,2024-11-14,2024-12-11,backfill,O:LYFT241220C00020000,20.0,2024-12-20,2024-12-05,0.08,0.08,0.03,0.04,47,9,0.08,,monthly_30d_35d_otm,weekly_2_strike0,36,157
LYFT,2024-11-14,2024-12-11,backfill,O:LYFT241220C00020000,20.0,2024-12-20,2024-12-06,0.04,0.04,0.01,0.02,37,5,0.04,,monthly_30d_35d_otm,weekly_2_strike0,36,157
LYFT,2024-11-14,2024-12-11,backfill,O:LYFT241220C00020000,20.0,2024-12-20,2024-12-09,0.02,0.06,0.02,0.03,39,11,0.02,,monthly_30d_35d_otm,weekly_2_strike0,36,157
LYFT,2024-11-14,2024-12-11,backfill,O:LYFT241220C00020000,20.0,2024-12-20,2024-12-10,0.02,0.07,0.02,0.04,72,3,0.02,,monthly_30d_35d_otm,weekly_2_strike0,36,157
LYFT,2024-11-14,2024-12-11,backfill,O:LYFT241220C00020000,20.0,2024-12-20,2024-12-11,0.01,0.03,0.01,0.02,17,6,0.01,,monthly_30d_35d_otm,weekly_2_strike0,36,157
LYFT,2025-05-06,2025-06-03,backfill,O:LYFT250620C00015000,15.0,2025-06-20,2025-05-06,0.63,0.63,0.56,0.56,262,23,0.63,,monthly_30d_25d_otm,weekly_2_strike0,45,262
LYFT,2025-05-06,2025-06-03,backfill,O:LYFT250620C00015000,15.0,2025-06-20,2025-05-07,0.42,0.5,0.42,0.44,85,12,0.42,,monthly_30d_25d_otm,weekly_2_strike0,45,262
LYFT,2025-05-06,2025-06-03,backfill,O:LYFT250620C00015000,15.0,2025-06-20,2025-05-08,0.48,0.53,0.45,0.52,1179,66,0.48,,monthly_30d_25d_otm,weekly_2_strike0,45,262
LYFT,2025-05-06,2025-06-03,backfill,O:LYFT250620C00015000,15.0,2025-06-20,2025-05-09,0.94,2.25,0.94,2.13,2166,127,0.94,,monthly_30d_25d_otm,weekly_2_strike0,45,262
LYFT,2025-05-06,2025-06-03,backfill,O:LYFT250620C00015000,15.0,2025-06-20,2025-05-12,2.43,2.6,1.71,2.6,1192,53,2.43,,monthly_30d_25d_otm,weekly_2_strike0,45,262
LYFT,2025-05-06,2025-06-03,backfill,O:LYFT250620C00015000,15.0,2025-06-20,2025-05-13,2.52,2.52,1.97,2.39,579,24,2.52,,monthly_30d_25d_otm,weekly_2_strike0,45,262
LYFT,2025-05-06,2025-06-03,backfill,O:LYFT250620C00015000,15.0,2025-06-20,2025-05-14,2.36,2.76,2.11,2.24,120,29,2.36,,monthly_30d_25d_otm,weekly_2_strike0,45,262
LYFT,2025-05-06,2025-06-03,backfill,O:LYFT250620C00015000,15.0,2025-06-20,2025-05-15,2.26,2.26,1.65,1.66,377,24,2.26,,monthly_30d_25d_otm,weekly_2_strike0,45,262
LYFT,2025-05-06,2025-06-03,backfill,O:LYFT250620C00015000,15.0,2025-06-20,2025-05-16,1.73,2.28,1.73,2.15,246,17,1.73,,monthly_30d_25d_otm,weekly_2_strike0,45,262
LYFT,2025-05-06,2025-06-03,backfill,O:LYFT250620C00015000,15.0,2025-06-20,2025-05-19,1.8,2.15,1.8,2.03,84,9,1.8,,monthly_30d_25d_otm,weekly_2_strike0,45,262
LYFT,2025-05-06,2025-06-03,backfill,O:LYFT250620C00015000,15.0,2025-06-20,2025-05-20,1.78,1.83,1.69,1.83,41,5,1.78,,monthly_30d_25d_otm,weekly_2_strike0,45,262
LYFT,2025-05-06,2025-06-03,backfill,O:LYFT250620C00015000,15.0,2025-06-20,2025-05-21,1.83,1.83,1.39,1.39,472,8,1.83,,monthly_30d_25d_otm,weekly_2_strike0,45,262
LYFT,2025-05-06,2025-06-03,backfill,O:LYFT250620C00015000,15.0,2025-06-20,2025-05-22,1.36,1.5,1.36,1.42,28,5,1.36,,monthly_30d_25d_otm,weekly_2_strike0,45,262
LYFT,2025-05-06,2025-06-03,backfill,O:LYFT250620C00015000,15.0,2025-06-20,2025-05-23,1.55,1.55,1.44,1.45,20,5,1.55,,monthly_30d_25d_otm,weekly_2_strike0,45,262
LYFT,2025-05-06,2025-06-03,backfill,O:LYFT250620C00015000,15.0,2025-06-20,2025-05-27,1.61,1.85,1.43,1.67,92,21,1.61,,monthly_30d_25d_otm,weekly_2_strike0,45,262
LYFT,2025-05-06,2025-06-03,backfill,O:LYFT250620C00015000,15.0,2025-06-20,2025-05-28,1.63,1.63,1.36,1.36,65,9,1.63,,monthly_30d_25d_otm,weekly_2_strike0,45,262
LYFT,2025-05-06,2025-06-03,backfill,O:LYFT250620C00015000,15.0,2025-06-20,2025-05-29,1.36,1.36,0.88,0.94,308,30,1.36,,monthly_30d_25d_otm,weekly_2_strike0,45,262
LYFT,2025-05-06,2025-06-03,backfill,O:LYFT250620C00015000,15.0,2025-06-20,2025-05-30,0.96,0.96,0.78,0.83,1055,31,0.96,,monthly_30d_25d_otm,weekly_2_strike0,45,262
LYFT,2025-05-06,2025-06-03,backfill,O:LYFT250620C00015000,15.0,2025-06-20,2025-06-02,0.9,0.96,0.74,0.79,68,23,0.9,,monthly_30d_25d_otm,weekly_2_strike0,45,262
LYFT,2025-05-06,2025-06-03,backfill,O:LYFT250620C00015000,15.0,2025-06-20,2025-06-03,0.88,0.93,0.81,0.9,222,18,0.88,,monthly_30d_25d_otm,weekly_2_strike0,45,262
MA,2022-01-11,2022-02-08,backfill,O:MA220218C00380000,380.0,2022-02-18,2022-01-11,8.0,8.7,6.05,8.7,50,18,8.0,,monthly_30d_30d_otm,weekly_2_strike0,38,50
MA,2022-01-11,2022-02-08,backfill,O:MA220218C00380000,380.0,2022-02-18,2022-01-12,10.0,10.3,8.7,8.72,42,14,10.0,,monthly_30d_30d_otm,weekly_2_strike0,38,50
MA,2022-01-11,2022-02-08,backfill,O:MA220218C00380000,380.0,2022-02-18,2022-01-13,11.5,12.4,9.29,9.29,86,27,11.5,,monthly_30d_30d_otm,weekly_2_strike0,38,50
MA,2022-01-11,2022-02-08,backfill,O:MA220218C00380000,380.0,2022-02-18,2022-01-14,10.05,10.95,9.37,10.4,39,11,10.05,,monthly_30d_30d_otm,weekly_2_strike0,38,50
MA,2022-01-11,2022-02-08,backfill,O:MA220218C00380000,380.0,2022-02-18,2022-01-18,8.9,8.9,7.9,8.15,46,16,8.9,,monthly_30d_30d_otm,weekly_2_strike0,38,50
MA,2022-01-11,2022-02-08,backfill,O:MA220218C00380000,380.0,2022-02-18,2022-01-19,8.37,8.37,5.89,5.9,56,20,8.37,,monthly_30d_30d_otm,weekly_2_strike0,38,50
MA,2022-01-11,2022-02-08,backfill,O:MA220218C00380000,380.0,2022-02-18,2022-01-20,7.0,9.65,6.76,6.8,49,21,7.0,,monthly_30d_30d_otm,weekly_2_strike0,38,50
MA,2022-01-11,2022-02-08,backfill,O:MA220218C00380000,380.0,2022-02-18,2022-01-21,6.21,7.92,5.04,5.04,193,30,6.21,,monthly_30d_30d_otm,weekly_2_strike0,38,50
MA,2022-01-11,2022-02-08,backfill,O:MA220218C00380000,380.0,2022-02-18,2022-01-24,3.3,3.3,1.86,3.09,225,44,3.3,,monthly_30d_30d_otm,weekly_2_strike0,38,50
MA,2022-01-11,2022-02-08,backfill,O:MA220218C00380000,380.0,2022-02-18,2022-01-25,2.3,3.25,1.71,2.1,664,14,2.3,,monthly_30d_30d_otm,weekly_2_strike0,38,50
MA,2022-01-11,2022-02-08,backfill,O:MA220218C00380000,380.0,2022-02-18,2022-01-26,3.5,4.0,2.5,2.67,103,33,3.5,,monthly_30d_30d_otm,weekly_2_strike0,38,50
MA,2022-01-11,2022-02-08,backfill,O:MA220218C00380000,380.0,2022-02-18,2022-01-27,2.75,4.25,1.65,3.5,92,29,2.75,,monthly_30d_30d_otm,weekly_2_strike0,38,50
MA,2022-01-11,2022-02-08,backfill,O:MA220218C00380000,380.0,2022-02-18,2022-01-28,4.75,13.57,4.5,13.57,732,55,4.75,,monthly_30d_30d_otm,weekly_2_strike0,38,50
MA,2022-01-11,2022-02-08,backfill,O:MA220218C00380000,380.0,2022-02-18,2022-01-31,13.1,14.15,10.45,13.65,672,53,13.1,,monthly_30d_30d_otm,weekly_2_strike0,38,50
MA,2022-01-11,2022-02-08,backfill,O:MA220218C00380000,380.0,2022-02-18,2022-02-01,14.4,20.22,14.4,16.13,77,29,14.4,,monthly_30d_30d_otm,weekly_2_strike0,38,50
MA,2022-01-11,2022-02-08,backfill,O:MA220218C00380000,380.0,2022-02-18,2022-02-02,13.33,22.5,13.33,21.62,136,22,13.33,,monthly_30d_30d_otm,weekly_2_strike0,38,50
MA,2022-01-11,2022-02-08,backfill,O:MA220218C00380000,380.0,2022-02-18,2022-02-03,16.25,17.45,14.82,16.67,938,12,16.25,,monthly_30d_30d_otm,weekly_2_strike0,38,50
MA,2022-01-11,2022-02-08,backfill,O:MA220218C00380000,380.0,2022-02-18,2022-02-04,15.02,15.02,8.5,11.0,147,44,15.02,,monthly_30d_30d_otm,weekly_2_strike0,38,50
MA,2022-01-11,2022-02-08,backfill,O:MA220218C00380000,380.0,2022-02-18,2022-02-07,8.5,8.85,5.6,7.2,648,26,8.5,,monthly_30d_30d_otm,weekly_2_strike0,38,50
MA,2022-01-11,2022-02-08,backfill,O:MA220218C00380000,380.0,2022-02-18,2022-02-08,6.85,7.15,3.65,4.55,196,40,6.85,,monthly_30d_30d_otm,weekly_2_strike0,38,50
MA,2022-05-23,2022-06-21,backfill,O:MA220617C00362500,362.5,2022-06-17,2022-05-23,5.79,6.94,5.45,6.9,10,4,5.79,,monthly_30d_30d_otm,weekly_2_strike0,25,10
MA,2022-05-23,2022-06-21,backfill,O:MA220617C00362500,362.5,2022-06-17,2022-05-24,4.5,4.95,4.2,4.95,19,6,4.5,,monthly_30d_30d_otm,weekly_2_strike0,25,10
MA,2022-05-23,2022-06-21,backfill,O:MA220617C00362500,362.5,2022-06-17,2022-05-25,4.7,5.78,4.6,5.15,37,11,4.7,,monthly_30d_30d_otm,weekly_2_strike0,25,10
MA,2022-05-23,2022-06-21,backfill,O:MA220617C00362500,362.5,2022-06-17,2022-05-26,5.55,6.55,5.45,6.4,22,5,5.55,,monthly_30d_30d_otm,weekly_2_strike0,25,10
MA,2022-05-23,2022-06-21,backfill,O:MA220617C00362500,362.5,2022-06-17,2022-05-27,7.8,7.8,7.22,7.28,6,4,7.8,,monthly_30d_30d_otm,weekly_2_strike0,25,10
MA,2022-05-23,2022-06-21,backfill,O:MA220617C00362500,362.5,2022-06-17,2022-05-31,9.65,9.65,7.9,7.9,3,3,9.65,,monthly_30d_30d_otm,weekly_2_strike0,25,10
MA,2022-05-23,2022-06-21,backfill,O:MA220617C00362500,362.5,2022-06-17,2022-06-01,8.77,11.1,7.57,8.5,27,11,8.77,,monthly_30d_30d_otm,weekly_2_strike0,25,10
MA,2022-05-23,2022-06-21,backfill,O:MA220617C00362500,362.5,2022-06-17,2022-06-02,9.9,10.68,8.37,8.66,15,8,9.9,,monthly_30d_30d_otm,weekly_2_strike0,25,10
MA,2022-05-23,2022-06-21,backfill,O:MA220617C00362500,362.5,2022-06-17,2022-06-03,7.05,7.85,6.4,6.6,370,11,7.05,,monthly_30d_30d_otm,weekly_2_strike0,25,10
MA,2022-05-23,2022-06-21,backfill,O:MA220617C00362500,362.5,2022-06-17,2022-06-06,9.1,11.3,6.8,6.8,11,8,9.1,,monthly_30d_30d_otm,weekly_2_strike0,25,10
MA,2022-05-23,2022-06-21,backfill,O:MA220617C00362500,362.5,2022-06-17,2022-06-07,7.25,7.25,6.59,7.0,13,7,7.25,,monthly_30d_30d_otm,weekly_2_strike0,25,10
MA,2022-05-23,2022-06-21,backfill,O:MA220617C00362500,362.5,2022-06-17,2022-06-08,8.2,9.5,7.5,7.5,18,10,8.2,,monthly_30d_30d_otm,weekly_2_strike0,25,10
MA,2022-05-23,2022-06-21,backfill,O:MA220617C00362500,362.5,2022-06-17,2022-06-09,6.1,6.65,3.0,3.0,52,11,6.1,,monthly_30d_30d_otm,weekly_2_strike0,25,10
MA,2022-05-23,2022-06-21,backfill,O:MA220617C00362500,362.5,2022-06-17,2022-06-10,1.39,1.39,0.54,0.54,192,12,1.39,,monthly_30d_30d_otm,weekly_2_strike0,25,10
MA,2022-05-23,2022-06-21,backfill,O:MA220617C00362500,362.5,2022-06-17,2022-06-13,0.25,0.25,0.11,0.11,12,3,0.25,,monthly_30d_30d_otm,weekly_2_strike0,25,10
MA,2022-05-23,2022-06-21,backfill,O:MA220617C00362500,362.5,2022-06-17,2022-06-14,0.12,0.12,0.08,0.09,31,6,0.12,,monthly_30d_30d_otm,weekly_2_strike0,25,10
MA,2022-05-23,2022-06-21,backfill,O:MA220617C00362500,362.5,2022-06-17,2022-06-15,0.03,0.03,0.03,0.03,1,1,0.03,,monthly_30d_30d_otm,weekly_2_strike0,25,10
MA,2022-05-23,2022-06-21,backfill,O:MA220617C00362500,362.5,2022-06-17,2022-06-16,0.05,0.05,0.04,0.04,4,4,0.05,,monthly_30d_30d_otm,weekly_2_strike0,25,10
MA,2023-08-31,2023-09-26,backfill,O:MA231020C00425000,425.0,2023-10-20,2023-08-31,6.75,6.85,5.48,5.48,23,11,6.75,,monthly_45d_30d_otm,weekly_2_strike0,50,23
MA,2023-08-31,2023-09-26,backfill,O:MA231020C00425000,425.0,2023-10-20,2023-09-01,6.5,6.5,6.1,6.2,13,9,6.5,,monthly_45d_30d_otm,weekly_2_strike0,50,23
MA,2023-08-31,2023-09-26,backfill,O:MA231020C00425000,425.0,2023-10-20,2023-09-05,5.95,5.95,4.6,4.76,39,13,5.95,,monthly_45d_30d_otm,weekly_2_strike0,50,23
MA,2023-08-31,2023-09-26,backfill,O:MA231020C00425000,425.0,2023-10-20,2023-09-06,4.56,5.0,4.0,4.9,46,18,4.56,,monthly_45d_30d_otm,weekly_2_strike0,50,23
MA,2023-08-31,2023-09-26,backfill,O:MA231020C00425000,425.0,2023-10-20,2023-09-07,5.9,6.09,5.65,5.67,21,9,5.9,,monthly_45d_30d_otm,weekly_2_strike0,50,23
MA,2023-08-31,2023-09-26,backfill,O:MA231020C00425000,425.0,2023-10-20,2023-09-08,5.95,5.95,5.2,5.3,16,8,5.95,,monthly_45d_30d_otm,weekly_2_strike0,50,23
MA,2023-08-31,2023-09-26,backfill,O:MA231020C00425000,425.0,2023-10-20,2023-09-11,5.88,5.88,5.06,5.37,130,13,5.88,,monthly_45d_30d_otm,weekly_2_strike0,50,23
MA,2023-08-31,2023-09-26,backfill,O:MA231020C00425000,425.0,2023-10-20,2023-09-12,5.17,5.56,5.0,5.21,66,17,5.17,,monthly_45d_30d_otm,weekly_2_strike0,50,23
MA,2023-08-31,2023-09-26,backfill,O:MA231020C00425000,425.0,2023-10-20,2023-09-13,4.7,5.55,4.7,4.9,86,15,4.7,,monthly_45d_30d_otm,weekly_2_strike0,50,23
MA,2023-08-31,2023-09-26,backfill,O:MA231020C00425000,425.0,2023-10-20,2023-09-14,5.7,5.7,2.57,3.55,62,20,5.7,,monthly_45d_30d_otm,weekly_2_strike0,50,23
MA,2023-08-31,2023-09-26,backfill,O:MA231020C00425000,425.0,2023-10-20,2023-09-15,3.68,5.25,3.68,3.8,92,23,3.68,,monthly_45d_30d_otm,weekly_2_strike0,50,23
MA,2023-08-31,2023-09-26,backfill,O:MA231020C00425000,425.0,2023-10-20,2023-09-18,3.95,4.8,3.72,4.42,74,12,3.95,,monthly_45d_30d_otm,weekly_2_strike0,50,23
MA,2023-08-31,2023-09-26,backfill,O:MA231020C00425000,425.0,2023-10-20,2023-09-19,3.3,3.34,3.02,3.2,8,7,3.3,,monthly_45d_30d_otm,weekly_2_strike0,50,23
MA,2023-08-31,2023-09-26,backfill,O:MA231020C00425000,425.0,2023-10-20,2023-09-20,3.5,3.6,2.38,2.38,65,14,3.5,,monthly_45d_30d_otm,weekly_2_strike0,50,23
MA,2023-08-31,2023-09-26,backfill,O:MA231020C00425000,425.0,2023-10-20,2023-09-21,2.1,2.1,1.2,1.31,1011,28,2.1,,monthly_45d_30d_otm,weekly_2_strike0,50,23
MA,2023-08-31,2023-09-26,backfill,O:MA231020C00425000,425.0,2023-10-20,2023-09-22,1.26,1.33,1.07,1.07,23,7,1.26,,monthly_45d_30d_otm,weekly_2_strike0,50,23
MA,2023-08-31,2023-09-26,backfill,O:MA231020C00425000,425.0,2023-10-20,2023-09-25,0.94,0.98,0.84,0.94,54,17,0.94,,monthly_45d_30d_otm,weekly_2_strike0,50,23
MA,2023-08-31,2023-09-26,backfill,O:MA231020C00425000,425.0,2023-10-20,2023-09-26,0.69,0.69,0.45,0.58,523,14,0.69,,monthly_45d_30d_otm,weekly_2_strike0,50,23
MA,2024-09-20,2024-10-17,backfill,O:MA241018C00500000,500.0,2024-10-18,2024-09-20,5.35,5.65,4.2,5.5,59,21,5.35,,monthly_30d_30d_otm,weekly_1_strike0,28,59
MA,2024-09-20,2024-10-17,backfill,O:MA241018C00500000,500.0,2024-10-18,2024-09-23,4.75,7.25,4.75,7.25,78,15,4.75,,monthly_30d_30d_otm,weekly_1_strike0,28,59
MA,2024-09-20,2024-10-17,backfill,O:MA241018C00500000,500.0,2024-10-18,2024-09-24,4.74,4.74,2.47,3.2,64,37,4.74,,monthly_30d_30d_otm,weekly_1_strike0,28,59
MA,2024-09-20,2024-10-17,backfill,O:MA241018C00500000,500.0,2024-10-18,2024-09-25,2.5,3.7,2.29,3.7,181,18,2.5,,monthly_30d_30d_otm,weekly_1_strike0,28,59
MA,2024-09-20,2024-10-17,backfill,O:MA241018C00500000,500.0,2024-10-18,2024-09-26,3.85,4.8,3.75,4.5,146,19,3.85,,monthly_30d_30d_otm,weekly_1_strike0,28,59
MA,2024-09-20,2024-10-17,backfill,O:MA241018C00500000,500.0,2024-10-18,2024-09-27,4.3,5.8,4.3,5.0,59,26,4.3,,monthly_30d_30d_otm,weekly_1_strike0,28,59
MA,2024-09-20,2024-10-17,backfill,O:MA241018C00500000,500.0,2024-10-18,2024-09-30,4.2,5.05,3.5,4.6,45,17,4.2,,monthly_30d_30d_otm,weekly_1_strike0,28,59
MA,2024-09-20,2024-10-17,backfill,O:MA241018C00500000,500.0,2024-10-18,2024-10-01,5.8,6.25,4.7,5.5,36,19,5.8,,monthly_30d_30d_otm,weekly_1_strike0,28,59
MA,2024-09-20,2024-10-17,backfill,O:MA241018C00500000,500.0,2024-10-18,2024-10-02,4.65,5.3,3.7,5.3,41,15,4.65,,monthly_30d_30d_otm,weekly_1_strike0,28,59
MA,2024-09-20,2024-10-17,backfill,O:MA241018C00500000,500.0,2024-10-18,2024-10-03,4.35,5.47,4.35,4.79,20,14,4.35,,monthly_30d_30d_otm,weekly_1_strike0,28,59
MA,2024-09-20,2024-10-17,backfill,O:MA241018C00500000,500.0,2024-10-18,2024-10-04,5.28,6.21,3.58,4.85,58,28,5.28,,monthly_30d_30d_otm,weekly_1_strike0,28,59
MA,2024-09-20,2024-10-17,backfill,O:MA241018C00500000,500.0,2024-10-18,2024-10-07,4.85,4.86,2.8,3.0,50,21,4.85,,monthly_30d_30d_otm,weekly_1_strike0,28,59
MA,2024-09-20,2024-10-17,backfill,O:MA241018C00500000,500.0,2024-10-18,2024-10-08,3.36,4.71,2.75,4.71,54,22,3.36,,monthly_30d_30d_otm,weekly_1_strike0,28,59
MA,2024-09-20,2024-10-17,backfill,O:MA241018C00500000,500.0,2024-10-18,2024-10-09,5.6,6.0,3.9,5.7,165,38,5.6,,monthly_30d_30d_otm,weekly_1_strike0,28,59
MA,2024-09-20,2024-10-17,backfill,O:MA241018C00500000,500.0,2024-10-18,2024-10-10,5.6,5.88,3.5,3.87,73,25,5.6,,monthly_30d_30d_otm,weekly_1_strike0,28,59
MA,2024-09-20,2024-10-17,backfill,O:MA241018C00500000,500.0,2024-10-18,2024-10-11,3.9,6.1,3.7,5.85,95,30,3.9,,monthly_30d_30d_otm,weekly_1_strike0,28,59
MA,2024-09-20,2024-10-17,backfill,O:MA241018C00500000,500.0,2024-10-18,2024-10-14,5.8,10.0,5.8,8.67,51,23,5.8,,monthly_30d_30d_otm,weekly_1_strike0,28,59
MA,2024-09-20,2024-10-17,backfill,O:MA241018C00500000,500.0,2024-10-18,2024-10-15,8.85,10.89,8.0,8.91,55,11,8.85,,monthly_30d_30d_otm,weekly_1_strike0,28,59
MA,2024-09-20,2024-10-17,backfill,O:MA241018C00500000,500.0,2024-10-18,2024-10-16,8.98,15.75,7.95,14.2,130,25,8.98,,monthly_30d_30d_otm,weekly_1_strike0,28,59
MA,2024-09-20,2024-10-17,backfill,O:MA241018C00500000,500.0,2024-10-18,2024-10-17,16.0,16.0,12.2,13.5,61,23,16.0,,monthly_30d_30d_otm,weekly_1_strike0,28,59
MAR,2020-09-16,2020-09-21,backfill,O:MAR201016C00110000,110.0,2020-10-16,2020-09-16,3.5,4.95,3.2,4.45,66,27,3.5,,monthly_30d_35d_otm,weekly_2_strike0,30,66
MAR,2020-09-16,2020-09-21,backfill,O:MAR201016C00110000,110.0,2020-10-16,2020-09-17,3.46,3.79,2.89,3.15,3466,29,3.46,,monthly_30d_35d_otm,weekly_2_strike0,30,66
MAR,2020-09-16,2020-09-21,backfill,O:MAR201016C00110000,110.0,2020-10-16,2020-09-18,2.72,2.72,1.72,1.75,133,44,2.72,,monthly_30d_35d_otm,weekly_2_strike0,30,66
MAR,2020-09-16,2020-09-21,backfill,O:MAR201016C00110000,110.0,2020-10-16,2020-09-21,1.19,1.19,0.63,0.78,121,24,1.19,,monthly_30d_35d_otm,weekly_2_strike0,30,66
MAR,2020-11-19,2020-12-17,backfill,O:MAR201218C00135000,135.0,2020-12-18,2020-11-19,1.19,1.37,1.19,1.37,7,4,1.19,,monthly_30d_25d_otm,weekly_2_strike0,29,7
MAR,2020-11-19,2020-12-17,backfill,O:MAR201218C00135000,135.0,2020-12-18,2020-11-20,1.35,1.35,1.0,1.0,28,5,1.35,,monthly_30d_25d_otm,weekly_2_strike0,29,7
MAR,2020-11-19,2020-12-17,backfill,O:MAR201218C00135000,135.0,2020-12-18,2020-11-23,1.0,1.41,1.0,1.33,20,9,1.0,,monthly_30d_25d_otm,weekly_2_strike0,29,7
MAR,2020-11-19,2020-12-17,backfill,O:MAR201218C00135000,135.0,2020-12-18,2020-11-24,1.82,3.65,1.82,3.51,302,26,1.82,,monthly_30d_25d_otm,weekly_2_strike0,29,7
MAR,2020-11-19,2020-12-17,backfill,O:MAR201218C00135000,135.0,2020-12-18,2020-11-25,3.0,3.0,2.64,2.7,65,11,3.0,,monthly_30d_25d_otm,weekly_2_strike0,29,7
MAR,2020-11-19,2020-12-17,backfill,O:MAR201218C00135000,135.0,2020-12-18,2020-11-27,2.89,2.9,2.1,2.28,14,6,2.89,,monthly_30d_25d_otm,weekly_2_strike0,29,7
MAR,2020-11-19,2020-12-17,backfill,O:MAR201218C00135000,135.0,2020-12-18,2020-11-30,1.9,2.11,1.59,1.64,31,10,1.9,,monthly_30d_25d_otm,weekly_2_strike0,29,7
MAR,2020-11-19,2020-12-17,backfill,O:MAR201218C00135000,135.0,2020-12-18,2020-12-01,2.14,2.3,2.14,2.16,10,6,2.14,,monthly_30d_25d_otm,weekly_2_strike0,29,7
MAR,2020-11-19,2020-12-17,backfill,O:MAR201218C00135000,135.0,2020-12-18,2020-12-02,2.31,2.57,2.3,2.3,25,5,2.31,,monthly_30d_25d_otm,weekly_2_strike0,29,7
MAR,2020-11-19,2020-12-17,backfill,O:MAR201218C00135000,135.0,2020-12-18,2020-12-03,2.47,4.2,2.47,3.65,101,25,2.47,,monthly_30d_25d_otm,weekly_2_strike0,29,7
MAR,2020-11-19,2020-12-17,backfill,O:MAR201218C00135000,135.0,2020-12-18,2020-12-04,3.6,4.36,3.6,4.19,46,17,3.6,,monthly_30d_25d_otm,weekly_2_strike0,29,7
MAR,2020-11-19,2020-12-17,backfill,O:MAR201218C00135000,135.0,2020-12-18,2020-12-07,3.5,3.6,2.65,2.65,56,8,3.5,,monthly_30d_25d_otm,weekly_2_strike0,29,7
MAR,2020-11-19,2020-12-17,backfill,O:MAR201218C00135000,135.0,2020-12-18,2020-12-08,1.49,3.05,1.49,2.6,22,9,1.49,,monthly_30d_25d_otm,weekly_2_strike0,29,7
MAR,2020-11-19,2020-12-17,backfill,O:MAR201218C00135000,135.0,2020-12-18,2020-12-09,2.55,2.55,1.46,1.46,65,10,2.55,,monthly_30d_25d_otm,weekly_2_strike0,29,7
MAR,2020-11-19,2020-12-17,backfill,O:MAR201218C00135000,135.0,2020-12-18,2020-12-10,1.31,1.82,1.31,1.55,27,5,1.31,,monthly_30d_25d_otm,weekly_2_strike0,29,7
MAR,2020-11-19,2020-12-17,backfill,O:MAR201218C00135000,135.0,2020-12-18,2020-12-11,1.12,1.12,0.62,0.68,203,25,1.12,,monthly_30d_25d_otm,weekly_2_strike0,29,7
MAR,2020-11-19,2020-12-17,backfill,O:MAR201218C00135000,135.0,2020-12-18,2020-12-14,1.06,1.06,0.22,0.22,114,25,1.06,,monthly_30d_25d_otm,weekly_2_strike0,29,7
MAR,2020-11-19,2020-12-17,backfill,O:MAR201218C00135000,135.0,2020-12-18,2020-12-15,0.45,0.45,0.2,0.38,51,10,0.45,,monthly_30d_25d_otm,weekly_2_strike0,29,7
MAR,2020-11-19,2020-12-17,backfill,O:MAR201218C00135000,135.0,2020-12-18,2020-12-16,0.2,0.25,0.2,0.25,8,2,0.2,,monthly_30d_25d_otm,weekly_2_strike0,29,7
MAR,2020-11-19,2020-12-17,backfill,O:MAR201218C00135000,135.0,2020-12-18,2020-12-17,0.33,0.33,0.05,0.1,852,23,0.33,,monthly_30d_25d_otm,weekly_2_strike0,29,7
MAR,2020-12-30,2021-01-25,backfill,O:MAR210219C00140000,140.0,2021-02-19,2020-12-30,3.9,3.95,3.61,3.75,94,8,3.9,,monthly_45d_20d_otm,weekly_2_strike0,51,94
MAR,2020-12-30,2021-01-25,backfill,O:MAR210219C00140000,140.0,2021-02-19,2020-12-31,3.84,4.1,3.4,4.1,132,11,3.84,,monthly_45d_20d_otm,weekly_2_strike0,51,94
MAR,2020-12-30,2021-01-25,backfill,O:MAR210219C00140000,140.0,2021-02-19,2021-01-04,2.4,2.53,1.98,2.45,517,10,2.4,,monthly_45d_20d_otm,weekly_2_strike0,51,94
MAR,2020-12-30,2021-01-25,backfill,O:MAR210219C00140000,140.0,2021-02-19,2021-01-05,2.51,2.58,2.31,2.48,39,10,2.51,,monthly_45d_20d_otm,weekly_2_strike0,51,94
MAR,2020-12-30,2021-01-25,backfill,O:MAR210219C00140000,140.0,2021-02-19,2021-01-06,3.13,3.4,3.13,3.4,97,7,3.13,,monthly_45d_20d_otm,weekly_2_strike0,51,94
MAR,2020-12-30,2021-01-25,backfill,O:MAR210219C00140000,140.0,2021-02-19,2021-01-07,3.03,3.4,3.03,3.16,8,4,3.03,,monthly_45d_20d_otm,weekly_2_strike0,51,94
MAR,2020-12-30,2021-01-25,backfill,O:MAR210219C00140000,140.0,2021-02-19,2021-01-08,3.21,3.21,2.82,2.82,6,4,3.21,,monthly_45d_20d_otm,weekly_2_strike0,51,94
MAR,2020-12-30,2021-01-25,backfill,O:MAR210219C00140000,140.0,2021-02-19,2021-01-11,2.47,3.15,2.32,2.55,17,9,2.47,,monthly_45d_20d_otm,weekly_2_strike0,51,94
MAR,2020-12-30,2021-01-25,backfill,O:MAR210219C00140000,140.0,2021-02-19,2021-01-12,2.21,2.3,2.12,2.12,30,4,2.21,,monthly_45d_20d_otm,weekly_2_strike0,51,94
MAR,2020-12-30,2021-01-25,backfill,O:MAR210219C00140000,140.0,2021-02-19,2021-01-13,2.22,3.71,1.63,1.87,516,12,2.22,,monthly_45d_20d_otm,weekly_2_strike0,51,94
MAR,2020-12-30,2021-01-25,backfill,O:MAR210219C00140000,140.0,2021-02-19,2021-01-14,2.0,2.4,2.0,2.25,29,6,2.0,,monthly_45d_20d_otm,weekly_2_strike0,51,94
MAR,2020-12-30,2021-01-25,backfill,O:MAR210219C00140000,140.0,2021-02-19,2021-01-15,1.88,1.88,1.6,1.7,414,10,1.88,,monthly_45d_20d_otm,weekly_2_strike0,51,94
MAR,2020-12-30,2021-01-25,backfill,O:MAR210219C00140000,140.0,2021-02-19,2021-01-19,1.51,1.54,1.32,1.39,81,13,1.51,,monthly_45d_20d_otm,weekly_2_strike0,51,94
MAR,2020-12-30,2021-01-25,backfill,O:MAR210219C00140000,140.0,2021-02-19,2021-01-20,1.3,1.45,1.25,1.25,16,4,1.3,,monthly_45d_20d_otm,weekly_2_strike0,51,94
MAR,2020-12-30,2021-01-25,backfill,O:MAR210219C00140000,140.0,2021-02-19,2021-01-21,1.0,1.1,1.0,1.1,13,3,1.0,,monthly_45d_20d_otm,weekly_2_strike0,51,94
MAR,2020-12-30,2021-01-25,backfill,O:MAR210219C00140000,140.0,2021-02-19,2021-01-22,0.65,0.84,0.65,0.84,14,2,0.65,,monthly_45d_20d_otm,weekly_2_strike0,51,94
MAR,2020-12-30,2021-01-25,backfill,O:MAR210219C00140000,140.0,2021-02-19,2021-01-25,0.54,0.59,0.23,0.4,836,17,0.54,,monthly_45d_20d_otm,weekly_2_strike0,51,94
MAR,2021-03-31,2021-04-28,backfill,O:MAR210521C00160000,160.0,2021-05-21,2021-03-31,3.65,4.09,3.62,3.71,30,9,3.65,,monthly_45d_30d_otm,weekly_2_strike0,51,30
MAR,2021-03-31,2021-04-28,backfill,O:MAR210521C00160000,160.0,2021-05-21,2021-04-01,3.3,3.49,3.1,3.38,42,10,3.3,,monthly_45d_30d_otm,weekly_2_strike0,51,30
MAR,2021-03-31,2021-04-28,backfill,O:MAR210521C00160000,160.0,2021-05-21,2021-04-05,4.69,5.0,4.05,4.2,107,17,4.69,,monthly_45d_30d_otm,weekly_2_strike0,51,30
MAR,2021-03-31,2021-04-28,backfill,O:MAR210521C00160000,160.0,2021-05-21,2021-04-06,4.6,4.65,4.2,4.2,23,6,4.6,,monthly_45d_30d_otm,weekly_2_strike0,51,30
MAR,2021-03-31,2021-04-28,backfill,O:MAR210521C00160000,160.0,2021-05-21,2021-04-07,4.25,4.25,3.02,3.02,29,7,4.25,,monthly_45d_30d_otm,weekly_2_strike0,51,30
MAR,2021-03-31,2021-04-28,backfill,O:MAR210521C00160000,160.0,2021-05-21,2021-04-08,2.68,3.2,2.6,3.1,28,10,2.68,,monthly_45d_30d_otm,weekly_2_strike0,51,30
MAR,2021-03-31,2021-04-28,backfill,O:MAR210521C00160000,160.0,2021-05-21,2021-04-09,2.54,2.71,2.54,2.71,11,5,2.54,,monthly_45d_30d_otm,weekly_2_strike0,51,30
MAR,2021-03-31,2021-04-28,backfill,O:MAR210521C00160000,160.0,2021-05-21,2021-04-12,2.7,2.95,2.24,2.95,33,12,2.7,,monthly_45d_30d_otm,weekly_2_strike0,51,30
MAR,2021-03-31,2021-04-28,backfill,O:MAR210521C00160000,160.0,2021-05-21,2021-04-13,2.6,2.79,2.42,2.7,269,46,2.6,,monthly_45d_30d_otm,weekly_2_strike0,51,30
MAR,2021-03-31,2021-04-28,backfill,O:MAR210521C00160000,160.0,2021-05-21,2021-04-14,2.73,3.6,2.65,2.8,485,64,2.73,,monthly_45d_30d_otm,weekly_2_strike0,51,30
MAR,2021-03-31,2021-04-28,backfill,O:MAR210521C00160000,160.0,2021-05-21,2021-04-15,2.6,2.98,2.58,2.66,48,23,2.6,,monthly_45d_30d_otm,weekly_2_strike0,51,30
MAR,2021-03-31,2021-04-28,backfill,O:MAR210521C00160000,160.0,2021-05-21,2021-04-16,2.8,3.0,1.97,2.12,128,37,2.8,,monthly_45d_30d_otm,weekly_2_strike0,51,30
MAR,2021-03-31,2021-04-28,backfill,O:MAR210521C00160000,160.0,2021-05-21,2021-04-19,1.89,2.13,1.7,1.86,380,28,1.89,,monthly_45d_30d_otm,weekly_2_strike0,51,30
MAR,2021-03-31,2021-04-28,backfill,O:MAR210521C00160000,160.0,2021-05-21,2021-04-20,1.45,1.45,0.89,1.12,566,100,1.45,,monthly_45d_30d_otm,weekly_2_strike0,51,30
MAR,2021-03-31,2021-04-28,backfill,O:MAR210521C00160000,160.0,2021-05-21,2021-04-21,1.13,1.55,0.98,1.3,136,63,1.13,,monthly_45d_30d_otm,weekly_2_strike0,51,30
MAR,2021-03-31,2021-04-28,backfill,O:MAR210521C00160000,160.0,2021-05-21,2021-04-22,1.4,2.05,1.4,1.74,94,19,1.4,,monthly_45d_30d_otm,weekly_2_strike0,51,30
MAR,2021-03-31,2021-04-28,backfill,O:MAR210521C00160000,160.0,2021-05-21,2021-04-23,1.68,1.95,1.68,1.77,130,14,1.68,,monthly_45d_30d_otm,weekly_2_strike0,51,30
MAR,2021-03-31,2021-04-28,backfill,O:MAR210521C00160000,160.0,2021-05-21,2021-04-26,1.95,1.95,1.55,1.65,18,8,1.95,,monthly_45d_30d_otm,weekly_2_strike0,51,30
MAR,2021-03-31,2021-04-28,backfill,O:MAR210521C00160000,160.0,2021-05-21,2021-04-27,1.75,1.96,1.72,1.86,88,31,1.75,,monthly_45d_30d_otm,weekly_2_strike0,51,30
MAR,2021-03-31,2021-04-28,backfill,O:MAR210521C00160000,160.0,2021-05-21,2021-04-28,1.67,1.98,1.66,1.77,127,38,1.67,,monthly_45d_30d_otm,weekly_2_strike0,51,30
MAR,2021-10-06,2021-11-02,backfill,O:MAR211119C00160000,160.0,2021-11-19,2021-10-06,4.15,5.15,4.02,5.15,50,11,4.15,,monthly_30d_35d_otm,weekly_2_strike2,44,50
MAR,2021-10-06,2021-11-02,backfill,O:MAR211119C00160000,160.0,2021-11-19,2021-10-07,6.0,6.73,5.8,5.8,135,23,6.0,,monthly_30d_35d_otm,weekly_2_strike2,44,50
MAR,2021-10-06,2021-11-02,backfill,O:MAR211119C00160000,160.0,2021-11-19,2021-10-08,5.7,6.25,5.4,5.41,49,10,5.7,,monthly_30d_35d_otm,weekly_2_strike2,44,50
MAR,2021-10-06,2021-11-02,backfill,O:MAR211119C00160000,160.0,2021-11-19,2021-10-11,6.2,6.5,5.25,5.25,282,12,6.2,,monthly_30d_35d_otm,weekly_2_strike2,44,50
MAR,2021-10-06,2021-11-02,backfill,O:MAR211119C00160000,160.0,2021-11-19,2021-10-12,5.2,5.2,5.05,5.1,17,6,5.2,,monthly_30d_35d_otm,weekly_2_strike2,44,50
MAR,2021-10-06,2021-11-02,backfill,O:MAR211119C00160000,160.0,2021-11-19,2021-10-13,4.5,4.95,3.83,3.9,238,20,4.5,,monthly_30d_35d_otm,weekly_2_strike2,44,50
MAR,2021-10-06,2021-11-02,backfill,O:MAR211119C00160000,160.0,2021-11-19,2021-10-14,3.9,3.9,3.3,3.5,26,10,3.9,,monthly_30d_35d_otm,weekly_2_strike2,44,50
MAR,2021-10-06,2021-11-02,backfill,O:MAR211119C00160000,160.0,2021-11-19,2021-10-15,4.55,6.2,4.55,5.73,66,26,4.55,,monthly_30d_35d_otm,weekly_2_strike2,44,50
MAR,2021-10-06,2021-11-02,backfill,O:MAR211119C00160000,160.0,2021-11-19,2021-10-18,5.4,5.9,4.99,5.25,29,9,5.4,,monthly_30d_35d_otm,weekly_2_strike2,44,50
MAR,2021-10-06,2021-11-02,backfill,O:MAR211119C00160000,160.0,2021-11-19,2021-10-19,4.65,4.65,3.32,3.45,268,33,4.65,,monthly_30d_35d_otm,weekly_2_strike2,44,50
MAR,2021-10-06,2021-11-02,backfill,O:MAR211119C00160000,160.0,2021-11-19,2021-10-20,3.3,3.35,2.6,2.72,522,71,3.3,,monthly_30d_35d_otm,weekly_2_strike2,44,50
MAR,2021-10-06,2021-11-02,backfill,O:MAR211119C00160000,160.0,2021-11-19,2021-10-21,2.82,3.45,2.82,3.45,108,20,2.82,,monthly_30d_35d_otm,weekly_2_strike2,44,50
MAR,2021-10-06,2021-11-02,backfill,O:MAR211119C00160000,160.0,2021-11-19,2021-10-22,3.24,3.5,2.94,3.2,29,10,3.24,,monthly_30d_35d_otm,weekly_2_strike2,44,50
MAR,2021-10-06,2021-11-02,backfill,O:MAR211119C00160000,160.0,2021-11-19,2021-10-25,2.94,3.35,2.57,2.84,86,29,2.94,,monthly_30d_35d_otm,weekly_2_strike2,44,50
MAR,2021-10-06,2021-11-02,backfill,O:MAR211119C00160000,160.0,2021-11-19,2021-10-26,3.5,3.85,2.83,3.3,58,17,3.5,,monthly_30d_35d_otm,weekly_2_strike2,44,50
MAR,2021-10-06,2021-11-02,backfill,O:MAR211119C00160000,160.0,2021-11-19,2021-10-27,3.15,5.25,3.15,5.0,91,33,3.15,,monthly_30d_35d_otm,weekly_2_strike2,44,50
MAR,2021-10-06,2021-11-02,backfill,O:MAR211119C00160000,160.0,2021-11-19,2021-10-28,4.9,5.92,4.4,4.68,39,16,4.9,,monthly_30d_35d_otm,weekly_2_strike2,44,50
MAR,2021-10-06,2021-11-02,backfill,O:MAR211119C00160000,160.0,2021-11-19,2021-10-29,4.29,5.55,3.9,4.7,81,22,4.29,,monthly_30d_35d_otm,weekly_2_strike2,44,50
MAR,2021-10-06,2021-11-02,backfill,O:MAR211119C00160000,160.0,2021-11-19,2021-11-01,4.8,5.95,4.5,5.67,59,23,4.8,,monthly_30d_35d_otm,weekly_2_strike2,44,50
MAR,2021-10-06,2021-11-02,backfill,O:MAR211119C00160000,160.0,2021-11-19,2021-11-02,5.57,5.57,4.1,4.88,113,31,5.57,,monthly_30d_35d_otm,weekly_2_strike2,44,50
MAR,2024-10-17,2024-11-13,backfill,O:MAR241115C00270000,270.0,2024-11-15,2024-10-17,4.85,5.5,4.2,5.4,32,8,4.85,,monthly_30d_35d_otm,weekly_2_strike0,29,32
MAR,2024-10-17,2024-11-13,backfill,O:MAR241115C00270000,270.0,2024-11-15,2024-10-18,5.6,6.1,5.6,5.7,38,10,5.6,,monthly_30d_35d_otm,weekly_2_strike0,29,32
MAR,2024-10-17,2024-11-13,backfill,O:MAR241115C00270000,270.0,2024-11-15,2024-10-21,6.1,6.1,5.4,5.4,7,2,6.1,,monthly_30d_35d_otm,weekly_2_strike0,29,32
MAR,2024-10-17,2024-11-13,backfill,O:MAR241115C00270000,270.0,2024-11-15,2024-10-22,5.59,5.6,5.4,5.6,12,5,5.59,,monthly_30d_35d_otm,weekly_2_strike0,29,32
MAR,2024-10-17,2024-11-13,backfill,O:MAR241115C00270000,270.0,2024-11-15,2024-10-23,2.96,3.15,2.9,3.15,3,3,2.96,,monthly_30d_35d_otm,weekly_2_strike0,29,32
MAR,2024-10-17,2024-11-13,backfill,O:MAR241115C00270000,270.0,2024-11-15,2024-10-24,3.4,4.1,3.4,4.1,20,8,3.4,,monthly_30d_35d_otm,weekly_2_strike0,29,32
MAR,2024-10-17,2024-11-13,backfill,O:MAR241115C00270000,270.0,2024-11-15,2024-10-25,4.4,5.1,4.4,5.1,2,2,4.4,,monthly_30d_35d_otm,weekly_2_strike0,29,32
MAR,2024-10-17,2024-11-13,backfill,O:MAR241115C00270000,270.0,2024-11-15,2024-10-28,4.2,4.2,4.1,4.1,7,2,4.2,,monthly_30d_35d_otm,weekly_2_strike0,29,32
MAR,2024-10-17,2024-11-13,backfill,O:MAR241115C00270000,270.0,2024-11-15,2024-10-29,4.47,4.9,4.47,4.89,8,3,4.47,,monthly_30d_35d_otm,weekly_2_strike0,29,32
MAR,2024-10-17,2024-11-13,backfill,O:MAR241115C00270000,270.0,2024-11-15,2024-10-30,5.05,5.05,5.05,5.05,1,1,5.05,,monthly_30d_35d_otm,weekly_2_strike0,29,32
MAR,2024-10-17,2024-11-13,backfill,O:MAR241115C00270000,270.0,2024-11-15,2024-11-01,2.43,4.4,2.43,3.5,407,14,2.43,,monthly_30d_35d_otm,weekly_2_strike0,29,32
MAR,2024-10-17,2024-11-13,backfill,O:MAR241115C00270000,270.0,2024-11-15,2024-11-04,0.42,0.75,0.22,0.65,240,9,0.42,,monthly_30d_35d_otm,weekly_2_strike0,29,32
MAR,2024-10-17,2024-11-13,backfill,O:MAR241115C00270000,270.0,2024-11-15,2024-11-05,0.75,1.4,0.75,1.4,29,7,0.75,,monthly_30d_35d_otm,weekly_2_strike0,29,32
MAR,2024-10-17,2024-11-13,backfill,O:MAR241115C00270000,270.0,2024-11-15,2024-11-06,6.5,8.3,5.02,8.3,240,15,6.5,,monthly_30d_35d_otm,weekly_2_strike0,29,32
MAR,2024-10-17,2024-11-13,backfill,O:MAR241115C00270000,270.0,2024-11-15,2024-11-07,7.61,8.9,7.61,8.9,12,3,7.61,,monthly_30d_35d_otm,weekly_2_strike0,29,32
MAR,2024-10-17,2024-11-13,backfill,O:MAR241115C00270000,270.0,2024-11-15,2024-11-08,10.96,12.9,10.84,11.1,54,6,10.96,,monthly_30d_35d_otm,weekly_2_strike0,29,32
MAR,2024-10-17,2024-11-13,backfill,O:MAR241115C00270000,270.0,2024-11-15,2024-11-11,15.4,16.1,15.4,16.1,2,2,15.4,,monthly_30d_35d_otm,weekly_2_strike0,29,32
MAR,2024-10-17,2024-11-13,backfill,O:MAR241115C00270000,270.0,2024-11-15,2024-11-12,15.0,17.4,14.77,17.4,17,4,15.0,,monthly_30d_35d_otm,weekly_2_strike0,29,32
MAR,2024-10-17,2024-11-13,backfill,O:MAR241115C00270000,270.0,2024-11-15,2024-11-13,19.6,19.6,19.6,19.6,4,1,19.6,,monthly_30d_35d_otm,weekly_2_strike0,29,32
MAR,2025-11-26,2025-12-24,backfill,O:MAR251219C00315000,315.0,2025-12-19,2025-11-26,2.85,2.85,2.41,2.41,35,2,2.85,,monthly_30d_30d_otm,weekly_2_strike6,23,35
MAR,2025-11-26,2025-12-24,backfill,O:MAR251219C00315000,315.0,2025-12-19,2025-11-28,2.25,2.3,2.25,2.3,3,3,2.25,,monthly_30d_30d_otm,weekly_2_strike6,23,35
MAR,2025-11-26,2025-12-24,backfill,O:MAR251219C00315000,315.0,2025-12-19,2025-12-02,2.12,2.4,2.12,2.4,9,3,2.12,,monthly_30d_30d_otm,weekly_2_strike6,23,35
MAR,2025-11-26,2025-12-24,backfill,O:MAR251219C00315000,315.0,2025-12-19,2025-12-03,3.38,3.5,3.3,3.3,11,3,3.38,,monthly_30d_30d_otm,weekly_2_strike6,23,35
MAR,2025-11-26,2025-12-24,backfill,O:MAR251219C00315000,315.0,2025-12-19,2025-12-04,1.05,1.05,0.71,0.72,11,4,1.05,,monthly_30d_30d_otm,weekly_2_strike6,23,35
MAR,2025-11-26,2025-12-24,backfill,O:MAR251219C00315000,315.0,2025-12-19,2025-12-09,0.28,0.28,0.28,0.28,1,1,0.28,,monthly_30d_30d_otm,weekly_2_strike6,23,35
MAR,2025-11-26,2025-12-24,backfill,O:MAR251219C00315000,315.0,2025-12-19,2025-12-15,0.55,1.3,0.39,1.3,80,10,0.55,,monthly_30d_30d_otm,weekly_2_strike6,23,35
MAR,2025-11-26,2025-12-24,backfill,O:MAR251219C00315000,315.0,2025-12-19,2025-12-16,0.95,1.35,0.4,0.4,6,3,0.95,,monthly_30d_30d_otm,weekly_2_strike6,23,35
MAR,2025-11-26,2025-12-24,backfill,O:MAR251219C00315000,315.0,2025-12-19,2025-12-17,0.85,1.3,0.6,0.6,30,6,0.85,,monthly_30d_30d_otm,weekly_2_strike6,23,35
MAR,2025-11-26,2025-12-24,backfill,O:MAR251219C00315000,315.0,2025-12-19,2025-12-18,0.1,0.35,0.1,0.35,3,2,0.1,,monthly_30d_30d_otm,weekly_2_strike6,23,35
MAR,2025-11-26,2025-12-24,backfill,O:MAR251219C00315000,315.0,2025-12-19,2025-12-19,0.1,1.5,0.1,0.29,35,4,0.1,,monthly_30d_30d_otm,weekly_2_strike6,23,35
MARA,2023-12-07,2024-01-05,backfill,O:MARA240119C00017500,17.5,2024-01-19,2023-12-07,1.72,1.84,1.24,1.68,770,62,1.72,,monthly_30d_30d_otm,weekly_2_strike0,43,770
MARA,2023-12-07,2024-01-05,backfill,O:MARA240119C00017500,17.5,2024-01-19,2023-12-08,1.83,2.24,1.83,2.2,909,128,1.83,,monthly_30d_30d_otm,weekly_2_strike0,43,770
MARA,2023-12-07,2024-01-05,backfill,O:MARA240119C00017500,17.5,2024-01-19,2023-12-11,1.3,2.04,1.09,1.26,1182,99,1.3,,monthly_30d_30d_otm,weekly_2_strike0,43,770
MARA,2023-12-07,2024-01-05,backfill,O:MARA240119C00017500,17.5,2024-01-19,2023-12-12,1.27,1.39,1.12,1.22,822,50,1.27,,monthly_30d_30d_otm,weekly_2_strike0,43,770
MARA,2023-12-07,2024-01-05,backfill,O:MARA240119C00017500,17.5,2024-01-19,2023-12-13,1.15,2.13,1.09,2.05,6410,109,1.15,,monthly_30d_30d_otm,weekly_2_strike0,43,770
MARA,2023-12-07,2024-01-05,backfill,O:MARA240119C00017500,17.5,2024-01-19,2023-12-14,2.07,2.74,1.93,2.6,2084,142,2.07,,monthly_30d_30d_otm,weekly_2_strike0,43,770
MARA,2023-12-07,2024-01-05,backfill,O:MARA240119C00017500,17.5,2024-01-19,2023-12-15,2.22,2.98,2.14,2.95,758,108,2.22,,monthly_30d_30d_otm,weekly_2_strike0,43,770
MARA,2023-12-07,2024-01-05,backfill,O:MARA240119C00017500,17.5,2024-01-19,2023-12-18,2.56,4.05,2.54,3.9,5683,117,2.56,,monthly_30d_30d_otm,weekly_2_strike0,43,770
MARA,2023-12-07,2024-01-05,backfill,O:MARA240119C00017500,17.5,2024-01-19,2023-12-19,4.41,6.0,4.33,5.55,823,95,4.41,,monthly_30d_30d_otm,weekly_2_strike0,43,770
MARA,2023-12-07,2024-01-05,backfill,O:MARA240119C00017500,17.5,2024-01-19,2023-12-20,6.97,7.5,6.1,6.25,453,55,6.97,,monthly_30d_30d_otm,weekly_2_strike0,43,770
MARA,2023-12-07,2024-01-05,backfill,O:MARA240119C00017500,17.5,2024-01-19,2023-12-21,6.8,8.29,6.35,8.12,239,39,6.8,,monthly_30d_30d_otm,weekly_2_strike0,43,770
MARA,2023-12-07,2024-01-05,backfill,O:MARA240119C00017500,17.5,2024-01-19,2023-12-22,8.63,10.75,8.13,10.04,247,51,8.63,,monthly_30d_30d_otm,weekly_2_strike0,43,770
MARA,2023-12-07,2024-01-05,backfill,O:MARA240119C00017500,17.5,2024-01-19,2023-12-26,9.9,10.2,8.75,10.2,167,19,9.9,,monthly_30d_30d_otm,weekly_2_strike0,43,770
MARA,2023-12-07,2024-01-05,backfill,O:MARA240119C00017500,17.5,2024-01-19,2023-12-27,12.38,14.25,11.9,13.95,312,38,12.38,,monthly_30d_30d_otm,weekly_2_strike0,43,770
MARA,2023-12-07,2024-01-05,backfill,O:MARA240119C00017500,17.5,2024-01-19,2023-12-28,11.8,13.0,11.05,11.7,276,20,11.8,,monthly_30d_30d_otm,weekly_2_strike0,43,770
MARA,2023-12-07,2024-01-05,backfill,O:MARA240119C00017500,17.5,2024-01-19,2023-12-29,12.5,12.5,6.74,6.74,232,35,12.5,,monthly_30d_30d_otm,weekly_2_strike0,43,770
MARA,2023-12-07,2024-01-05,backfill,O:MARA240119C00017500,17.5,2024-01-19,2024-01-02,9.1,9.1,6.5,6.5,281,21,9.1,,monthly_30d_30d_otm,weekly_2_strike0,43,770
MARA,2023-12-07,2024-01-05,backfill,O:MARA240119C00017500,17.5,2024-01-19,2024-01-03,4.0,6.95,4.0,6.79,529,29,4.0,,monthly_30d_30d_otm,weekly_2_strike0,43,770
MARA,2023-12-07,2024-01-05,backfill,O:MARA240119C00017500,17.5,2024-01-19,2024-01-04,7.15,9.35,6.56,9.35,415,24,7.15,,monthly_30d_30d_otm,weekly_2_strike0,43,770
MARA,2023-12-07,2024-01-05,backfill,O:MARA240119C00017500,17.5,2024-01-19,2024-01-05,8.05,8.05,6.71,7.25,74,21,8.05,,monthly_30d_30d_otm,weekly_2_strike0,43,770
MARA,2025-06-06,2025-07-07,backfill,O:MARA250718C00017000,17.0,2025-07-18,2025-06-06,0.85,1.26,0.85,1.1,730,73,0.85,,monthly_30d_35d_otm,weekly_1_strike0,42,730
MARA,2025-06-06,2025-07-07,backfill,O:MARA250718C00017000,17.0,2025-07-18,2025-06-09,1.3,1.5,0.96,1.23,1647,119,1.3,,monthly_30d_35d_otm,weekly_1_strike0,42,730
MARA,2025-06-06,2025-07-07,backfill,O:MARA250718C00017000,17.0,2025-07-18,2025-06-10,1.23,1.4,1.11,1.31,1352,94,1.23,,monthly_30d_35d_otm,weekly_1_strike0,42,730
MARA,2025-06-06,2025-07-07,backfill,O:MARA250718C00017000,17.0,2025-07-18,2025-06-11,1.33,1.39,1.07,1.2,920,68,1.33,,monthly_30d_35d_otm,weekly_1_strike0,42,730
MARA,2025-06-06,2025-07-07,backfill,O:MARA250718C00017000,17.0,2025-07-18,2025-06-12,1.0,1.21,0.89,0.95,972,59,1.0,,monthly_30d_35d_otm,weekly_1_strike0,42,730
MARA,2025-06-06,2025-07-07,backfill,O:MARA250718C00017000,17.0,2025-07-18,2025-06-13,0.88,0.88,0.58,0.67,1386,95,0.88,,monthly_30d_35d_otm,weekly_1_strike0,42,730
MARA,2025-06-06,2025-07-07,backfill,O:MARA250718C00017000,17.0,2025-07-18,2025-06-16,0.73,0.73,0.6,0.67,964,80,0.73,,monthly_30d_35d_otm,weekly_1_strike0,42,730
MARA,2025-06-06,2025-07-07,backfill,O:MARA250718C00017000,17.0,2025-07-18,2025-06-17,0.58,0.63,0.42,0.48,1555,105,0.58,,monthly_30d_35d_otm,weekly_1_strike0,42,730
MARA,2025-06-06,2025-07-07,backfill,O:MARA250718C00017000,17.0,2025-07-18,2025-06-18,0.42,0.48,0.4,0.41,605,73,0.42,,monthly_30d_35d_otm,weekly_1_strike0,42,730
MARA,2025-06-06,2025-07-07,backfill,O:MARA250718C00017000,17.0,2025-07-18,2025-06-20,0.41,0.47,0.29,0.3,1965,85,0.41,,monthly_30d_35d_otm,weekly_1_strike0,42,730
MARA,2025-06-06,2025-07-07,backfill,O:MARA250718C00017000,17.0,2025-07-18,2025-06-23,0.25,0.26,0.15,0.2,2283,107,0.25,,monthly_30d_35d_otm,weekly_1_strike0,42,730
MARA,2025-06-06,2025-07-07,backfill,O:MARA250718C00017000,17.0,2025-07-18,2025-06-24,0.25,0.34,0.22,0.32,1796,110,0.25,,monthly_30d_35d_otm,weekly_1_strike0,42,730
MARA,2025-06-06,2025-07-07,backfill,O:MARA250718C00017000,17.0,2025-07-18,2025-06-25,0.43,0.47,0.31,0.32,1528,77,0.43,,monthly_30d_35d_otm,weekly_1_strike0,42,730
MARA,2025-06-06,2025-07-07,backfill,O:MARA250718C00017000,17.0,2025-07-18,2025-06-26,0.29,0.45,0.26,0.39,1039,77,0.29,,monthly_30d_35d_otm,weekly_1_strike0,42,730
MARA,2025-06-06,2025-07-07,backfill,O:MARA250718C00017000,17.0,2025-07-18,2025-06-27,0.35,0.42,0.28,0.29,1629,75,0.35,,monthly_30d_35d_otm,weekly_1_strike0,42,730
MARA,2025-06-06,2025-07-07,backfill,O:MARA250718C00017000,17.0,2025-07-18,2025-06-30,0.32,0.43,0.27,0.41,2908,131,0.32,,monthly_30d_35d_otm,weekly_1_strike0,42,730
MARA,2025-06-06,2025-07-07,backfill,O:MARA250718C00017000,17.0,2025-07-18,2025-07-01,0.34,0.58,0.32,0.41,1604,136,0.34,,monthly_30d_35d_otm,weekly_1_strike0,42,730
MARA,2025-06-06,2025-07-07,backfill,O:MARA250718C00017000,17.0,2025-07-18,2025-07-02,0.5,1.54,0.5,1.51,11868,254,0.5,,monthly_30d_35d_otm,weekly_1_strike0,42,730
MARA,2025-06-06,2025-07-07,backfill,O:MARA250718C00017000,17.0,2025-07-18,2025-07-03,1.44,1.8,1.28,1.33,1906,114,1.44,,monthly_30d_35d_otm,weekly_1_strike0,42,730
MARA,2025-06-06,2025-07-07,backfill,O:MARA250718C00017000,17.0,2025-07-18,2025-07-07,1.14,1.14,0.53,0.71,6844,201,1.14,,monthly_30d_35d_otm,weekly_1_strike0,42,730
MCD,2021-04-05,2021-04-30,backfill,O:MCD210521C00240000,240.0,2021-05-21,2021-04-05,1.8,2.21,1.8,2.05,135,37,1.8,,monthly_30d_20d_otm,weekly_2_strike0,46,135
MCD,2021-04-05,2021-04-30,backfill,O:MCD210521C00240000,240.0,2021-05-21,2021-04-06,2.02,2.74,2.02,2.69,216,39,2.02,,monthly_30d_20d_otm,weekly_2_strike0,46,135
MCD,2021-04-05,2021-04-30,backfill,O:MCD210521C00240000,240.0,2021-05-21,2021-04-07,2.68,2.88,2.47,2.64,334,56,2.68,,monthly_30d_20d_otm,weekly_2_strike0,46,135
MCD,2021-04-05,2021-04-30,backfill,O:MCD210521C00240000,240.0,2021-05-21,2021-04-08,2.75,2.75,1.9,2.0,329,38,2.75,,monthly_30d_20d_otm,weekly_2_strike0,46,135
MCD,2021-04-05,2021-04-30,backfill,O:MCD210521C00240000,240.0,2021-05-21,2021-04-09,1.97,2.22,1.71,2.22,57,23,1.97,,monthly_30d_20d_otm,weekly_2_strike0,46,135
MCD,2021-04-05,2021-04-30,backfill,O:MCD210521C00240000,240.0,2021-05-21,2021-04-12,2.28,2.38,1.91,1.98,42,25,2.28,,monthly_30d_20d_otm,weekly_2_strike0,46,135
MCD,2021-04-05,2021-04-30,backfill,O:MCD210521C00240000,240.0,2021-05-21,2021-04-13,1.8,2.16,1.75,2.08,280,28,1.8,,monthly_30d_20d_otm,weekly_2_strike0,46,135
MCD,2021-04-05,2021-04-30,backfill,O:MCD210521C00240000,240.0,2021-05-21,2021-04-14,1.85,2.14,1.66,1.82,690,36,1.85,,monthly_30d_20d_otm,weekly_2_strike0,46,135
MCD,2021-04-05,2021-04-30,backfill,O:MCD210521C00240000,240.0,2021-05-21,2021-04-15,1.84,2.14,1.74,2.02,461,49,1.84,,monthly_30d_20d_otm,weekly_2_strike0,46,135
MCD,2021-04-05,2021-04-30,backfill,O:MCD210521C00240000,240.0,2021-05-21,2021-04-16,2.35,2.96,2.19,2.4,568,96,2.35,,monthly_30d_20d_otm,weekly_2_strike0,46,135
MCD,2021-04-05,2021-04-30,backfill,O:MCD210521C00240000,240.0,2021-05-21,2021-04-19,2.31,2.35,1.8,2.02,157,41,2.31,,monthly_30d_20d_otm,weekly_2_strike0,46,135
MCD,2021-04-05,2021-04-30,backfill,O:MCD210521C00240000,240.0,2021-05-21,2021-04-20,1.96,2.55,1.96,2.5,87,29,1.96,,monthly_30d_20d_otm,weekly_2_strike0,46,135
MCD,2021-04-05,2021-04-30,backfill,O:MCD210521C00240000,240.0,2021-05-21,2021-04-21,2.5,2.78,2.05,2.26,697,34,2.5,,monthly_30d_20d_otm,weekly_2_strike0,46,135
MCD,2021-04-05,2021-04-30,backfill,O:MCD210521C00240000,240.0,2021-05-21,2021-04-22,2.24,2.5,2.1,2.1,112,26,2.24,,monthly_30d_20d_otm,weekly_2_strike0,46,135
MCD,2021-04-05,2021-04-30,backfill,O:MCD210521C00240000,240.0,2021-05-21,2021-04-23,2.56,2.9,2.45,2.55,130,37,2.56,,monthly_30d_20d_otm,weekly_2_strike0,46,135
MCD,2021-04-05,2021-04-30,backfill,O:MCD210521C00240000,240.0,2021-05-21,2021-04-26,2.67,2.67,1.66,1.83,125,33,2.67,,monthly_30d_20d_otm,weekly_2_strike0,46,135
MCD,2021-04-05,2021-04-30,backfill,O:MCD210521C00240000,240.0,2021-05-21,2021-04-27,1.85,2.65,1.85,2.56,276,39,1.85,,monthly_30d_20d_otm,weekly_2_strike0,46,135
MCD,2021-04-05,2021-04-30,backfill,O:MCD210521C00240000,240.0,2021-05-21,2021-04-28,2.17,2.51,1.57,1.61,123,44,2.17,,monthly_30d_20d_otm,weekly_2_strike0,46,135
MCD,2021-04-05,2021-04-30,backfill,O:MCD210521C00240000,240.0,2021-05-21,2021-04-29,1.24,1.77,1.15,1.77,135,39,1.24,,monthly_30d_20d_otm,weekly_2_strike0,46,135
MCD,2021-04-05,2021-04-30,backfill,O:MCD210521C00240000,240.0,2021-05-21,2021-04-30,1.06,1.83,1.06,1.8,245,39,1.06,,monthly_30d_20d_otm,weekly_2_strike0,46,135
MCD,2021-12-14,2022-01-11,backfill,O:MCD220121C00270000,270.0,2022-01-21,2021-12-14,2.9,2.9,2.55,2.61,149,33,2.9,,monthly_30d_35d_otm,weekly_3_strike3,38,149
MCD,2021-12-14,2022-01-11,backfill,O:MCD220121C00270000,270.0,2022-01-21,2021-12-15,2.34,3.55,2.34,3.49,350,61,2.34,,monthly_30d_35d_otm,weekly_3_strike3,38,149
MCD,2021-12-14,2022-01-11,backfill,O:MCD220121C00270000,270.0,2022-01-21,2021-12-16,3.45,3.92,3.14,3.68,587,76,3.45,,monthly_30d_35d_otm,weekly_3_strike3,38,149
MCD,2021-12-14,2022-01-11,backfill,O:MCD220121C00270000,270.0,2022-01-21,2021-12-17,3.29,3.3,2.27,2.35,382,47,3.29,,monthly_30d_35d_otm,weekly_3_strike3,38,149
MCD,2021-12-14,2022-01-11,backfill,O:MCD220121C00270000,270.0,2022-01-21,2021-12-20,1.87,2.28,1.67,2.28,110,38,1.87,,monthly_30d_35d_otm,weekly_3_strike3,38,149
MCD,2021-12-14,2022-01-11,backfill,O:MCD220121C00270000,270.0,2022-01-21,2021-12-21,2.76,3.5,2.67,2.71,397,43,2.76,,monthly_30d_35d_otm,weekly_3_strike3,38,149
MCD,2021-12-14,2022-01-11,backfill,O:MCD220121C00270000,270.0,2022-01-21,2021-12-22,2.75,2.81,2.5,2.65,111,29,2.75,,monthly_30d_35d_otm,weekly_3_strike3,38,149
MCD,2021-12-14,2022-01-11,backfill,O:MCD220121C00270000,270.0,2022-01-21,2021-12-23,2.86,3.25,2.54,2.73,85,31,2.86,,monthly_30d_35d_otm,weekly_3_strike3,38,149
MCD,2021-12-14,2022-01-11,backfill,O:MCD220121C00270000,270.0,2022-01-21,2021-12-27,2.48,3.28,2.48,3.25,463,56,2.48,,monthly_30d_35d_otm,weekly_3_strike3,38,149
MCD,2021-12-14,2022-01-11,backfill,O:MCD220121C00270000,270.0,2022-01-21,2021-12-28,3.15,3.65,2.9,2.9,954,77,3.15,,monthly_30d_35d_otm,weekly_3_strike3,38,149
MCD,2021-12-14,2022-01-11,backfill,O:MCD220121C00270000,270.0,2022-01-21,2021-12-29,3.05,3.65,2.97,3.17,107,44,3.05,,monthly_30d_35d_otm,weekly_3_strike3,38,149
MCD,2021-12-14,2022-01-11,backfill,O:MCD220121C00270000,270.0,2022-01-21,2021-12-30,3.35,3.35,2.14,2.3,324,62,3.35,,monthly_30d_35d_otm,weekly_3_strike3,38,149
MCD,2021-12-14,2022-01-11,backfill,O:MCD220121C00270000,270.0,2022-01-21,2021-12-31,2.7,2.91,2.32,2.5,309,62,2.7,,monthly_30d_35d_otm,weekly_3_strike3,38,149
MCD,2021-12-14,2022-01-11,backfill,O:MCD220121C00270000,270.0,2022-01-21,2022-01-03,3.15,3.5,1.53,2.38,640,86,3.15,,monthly_30d_35d_otm,weekly_3_strike3,38,149
MCD,2021-12-14,2022-01-11,backfill,O:MCD220121C00270000,270.0,2022-01-21,2022-01-04,2.6,3.69,2.39,2.39,321,70,2.6,,monthly_30d_35d_otm,weekly_3_strike3,38,149
MCD,2021-12-14,2022-01-11,backfill,O:MCD220121C00270000,270.0,2022-01-21,2022-01-05,2.76,2.76,1.9,2.02,206,44,2.76,,monthly_30d_35d_otm,weekly_3_strike3,38,149
MCD,2021-12-14,2022-01-11,backfill,O:MCD220121C00270000,270.0,2022-01-21,2022-01-06,2.25,3.8,2.25,3.01,435,63,2.25,,monthly_30d_35d_otm,weekly_3_strike3,38,149
MCD,2021-12-14,2022-01-11,backfill,O:MCD220121C00270000,270.0,2022-01-21,2022-01-07,2.61,3.2,1.8,1.8,287,67,2.61,,monthly_30d_35d_otm,weekly_3_strike3,38,149
MCD,2021-12-14,2022-01-11,backfill,O:MCD220121C00270000,270.0,2022-01-21,2022-01-10,1.63,1.63,0.84,0.97,389,71,1.63,,monthly_30d_35d_otm,weekly_3_strike3,38,149
MCD,2021-12-14,2022-01-11,backfill,O:MCD220121C00270000,270.0,2022-01-21,2022-01-11,1.4,1.4,0.37,0.4,654,57,1.4,,monthly_30d_35d_otm,weekly_3_strike3,38,149
MCD,2022-08-09,2022-09-06,backfill,O:MCD220916C00270000,270.0,2022-09-16,2022-08-09,1.26,1.72,1.26,1.71,96,32,1.26,,monthly_30d_20d_otm,weekly_2_strike0,38,96
MCD,2022-08-09,2022-09-06,backfill,O:MCD220916C00270000,270.0,2022-09-16,2022-08-10,2.0,2.58,1.65,1.74,384,38,2.0,,monthly_30d_20d_otm,weekly_2_strike0,38,96
MCD,2022-08-09,2022-09-06,backfill,O:MCD220916C00270000,270.0,2022-09-16,2022-08-11,2.29,2.29,1.21,1.21,127,34,2.29,,monthly_30d_20d_otm,weekly_2_strike0,38,96
MCD,2022-08-09,2022-09-06,backfill,O:MCD220916C00270000,270.0,2022-09-16,2022-08-12,1.7,1.76,1.49,1.65,147,37,1.7,,monthly_30d_20d_otm,weekly_2_strike0,38,96
MCD,2022-08-09,2022-09-06,backfill,O:MCD220916C00270000,270.0,2022-09-16,2022-08-15,1.89,2.65,1.62,2.57,1200,118,1.89,,monthly_30d_20d_otm,weekly_2_strike0,38,96
MCD,2022-08-09,2022-09-06,backfill,O:MCD220916C00270000,270.0,2022-09-16,2022-08-16,2.54,3.15,2.3,2.8,695,95,2.54,,monthly_30d_20d_otm,weekly_2_strike0,38,96
MCD,2022-08-09,2022-09-06,backfill,O:MCD220916C00270000,270.0,2022-09-16,2022-08-17,2.86,3.35,2.54,3.0,169,52,2.86,,monthly_30d_20d_otm,weekly_2_strike0,38,96
MCD,2022-08-09,2022-09-06,backfill,O:MCD220916C00270000,270.0,2022-09-16,2022-08-18,2.95,3.05,2.29,2.65,225,38,2.95,,monthly_30d_20d_otm,weekly_2_strike0,38,96
MCD,2022-08-09,2022-09-06,backfill,O:MCD220916C00270000,270.0,2022-09-16,2022-08-19,2.15,2.78,2.05,2.5,359,48,2.15,,monthly_30d_20d_otm,weekly_2_strike0,38,96
MCD,2022-08-09,2022-09-06,backfill,O:MCD220916C00270000,270.0,2022-09-16,2022-08-22,1.95,2.16,1.44,1.57,179,53,1.95,,monthly_30d_20d_otm,weekly_2_strike0,38,96
MCD,2022-08-09,2022-09-06,backfill,O:MCD220916C00270000,270.0,2022-09-16,2022-08-23,1.32,1.5,0.97,0.97,137,45,1.32,,monthly_30d_20d_otm,weekly_2_strike0,38,96
MCD,2022-08-09,2022-09-06,backfill,O:MCD220916C00270000,270.0,2022-09-16,2022-08-24,0.9,1.01,0.73,0.94,87,28,0.9,,monthly_30d_20d_otm,weekly_2_strike0,38,96
MCD,2022-08-09,2022-09-06,backfill,O:MCD220916C00270000,270.0,2022-09-16,2022-08-25,0.85,1.05,0.69,0.96,105,27,0.85,,monthly_30d_20d_otm,weekly_2_strike0,38,96
MCD,2022-08-09,2022-09-06,backfill,O:MCD220916C00270000,270.0,2022-09-16,2022-08-26,0.92,0.98,0.41,0.43,287,44,0.92,,monthly_30d_20d_otm,weekly_2_strike0,38,96
MCD,2022-08-09,2022-09-06,backfill,O:MCD220916C00270000,270.0,2022-09-16,2022-08-29,0.3,0.31,0.25,0.3,153,34,0.3,,monthly_30d_20d_otm,weekly_2_strike0,38,96
MCD,2022-08-09,2022-09-06,backfill,O:MCD220916C00270000,270.0,2022-09-16,2022-08-30,0.27,0.29,0.14,0.17,47,21,0.27,,monthly_30d_20d_otm,weekly_2_strike0,38,96
MCD,2022-08-09,2022-09-06,backfill,O:MCD220916C00270000,270.0,2022-09-16,2022-08-31,0.2,0.25,0.14,0.15,79,28,0.2,,monthly_30d_20d_otm,weekly_2_strike0,38,96
MCD,2022-08-09,2022-09-06,backfill,O:MCD220916C00270000,270.0,2022-09-16,2022-09-01,0.17,0.26,0.17,0.22,56,17,0.17,,monthly_30d_20d_otm,weekly_2_strike0,38,96
MCD,2022-08-09,2022-09-06,backfill,O:MCD220916C00270000,270.0,2022-09-16,2022-09-02,0.2,0.29,0.14,0.15,73,21,0.2,,monthly_30d_20d_otm,weekly_2_strike0,38,96
MCD,2022-08-09,2022-09-06,backfill,O:MCD220916C00270000,270.0,2022-09-16,2022-09-06,0.15,0.15,0.1,0.12,20,6,0.15,,monthly_30d_20d_otm,weekly_2_strike0,38,96
MCD,2024-08-12,2024-09-09,backfill,O:MCD240920C00280000,280.0,2024-09-20,2024-08-12,2.34,2.5,1.69,2.5,141,43,2.34,,monthly_30d_30d_otm,weekly_2_strike0,39,141
MCD,2024-08-12,2024-09-09,backfill,O:MCD240920C00280000,280.0,2024-09-20,2024-08-13,2.76,3.1,2.1,2.63,106,44,2.76,,monthly_30d_30d_otm,weekly_2_strike0,39,141
MCD,2024-08-12,2024-09-09,backfill,O:MCD240920C00280000,280.0,2024-09-20,2024-08-14,2.4,2.73,2.1,2.7,609,117,2.4,,monthly_30d_30d_otm,weekly_2_strike0,39,141
MCD,2024-08-12,2024-09-09,backfill,O:MCD240920C00280000,280.0,2024-09-20,2024-08-15,2.79,3.8,2.64,3.25,492,166,2.79,,monthly_30d_30d_otm,weekly_2_strike0,39,141
MCD,2024-08-12,2024-09-09,backfill,O:MCD240920C00280000,280.0,2024-09-20,2024-08-16,3.55,5.35,3.3,4.75,2136,151,3.55,,monthly_30d_30d_otm,weekly_2_strike0,39,141
MCD,2024-08-12,2024-09-09,backfill,O:MCD240920C00280000,280.0,2024-09-20,2024-08-19,6.65,10.65,5.6,10.25,609,113,6.65,,monthly_30d_30d_otm,weekly_2_strike0,39,141
MCD,2024-08-12,2024-09-09,backfill,O:MCD240920C00280000,280.0,2024-09-20,2024-08-20,10.1,12.5,8.7,9.0,332,53,10.1,,monthly_30d_30d_otm,weekly_2_strike0,39,141
MCD,2024-08-12,2024-09-09,backfill,O:MCD240920C00280000,280.0,2024-09-20,2024-08-21,10.35,11.55,9.4,11.25,99,29,10.35,,monthly_30d_30d_otm,weekly_2_strike0,39,141
MCD,2024-08-12,2024-09-09,backfill,O:MCD240920C00280000,280.0,2024-09-20,2024-08-22,11.06,11.5,10.7,11.0,112,10,11.06,,monthly_30d_30d_otm,weekly_2_strike0,39,141
MCD,2024-08-12,2024-09-09,backfill,O:MCD240920C00280000,280.0,2024-09-20,2024-08-23,13.0,13.0,9.6,10.62,29,11,13.0,,monthly_30d_30d_otm,weekly_2_strike0,39,141
MCD,2024-08-12,2024-09-09,backfill,O:MCD240920C00280000,280.0,2024-09-20,2024-08-26,11.0,13.28,10.14,10.14,33,11,11.0,,monthly_30d_30d_otm,weekly_2_strike0,39,141
MCD,2024-08-12,2024-09-09,backfill,O:MCD240920C00280000,280.0,2024-09-20,2024-08-27,10.3,11.25,10.3,11.14,14,7,10.3,,monthly_30d_30d_otm,weekly_2_strike0,39,141
MCD,2024-08-12,2024-09-09,backfill,O:MCD240920C00280000,280.0,2024-09-20,2024-08-28,10.65,11.72,8.0,8.72,52,19,10.65,,monthly_30d_30d_otm,weekly_2_strike0,39,141
MCD,2024-08-12,2024-09-09,backfill,O:MCD240920C00280000,280.0,2024-09-20,2024-08-29,7.9,10.22,7.3,8.79,157,27,7.9,,monthly_30d_30d_otm,weekly_2_strike0,39,141
MCD,2024-08-12,2024-09-09,backfill,O:MCD240920C00280000,280.0,2024-09-20,2024-08-30,8.87,9.46,8.0,9.46,477,30,8.87,,monthly_30d_30d_otm,weekly_2_strike0,39,141
MCD,2024-08-12,2024-09-09,backfill,O:MCD240920C00280000,280.0,2024-09-20,2024-09-03,8.65,10.15,7.9,7.9,161,20,8.65,,monthly_30d_30d_otm,weekly_2_strike0,39,141
MCD,2024-08-12,2024-09-09,backfill,O:MCD240920C00280000,280.0,2024-09-20,2024-09-04,9.75,11.0,9.0,9.75,1115,26,9.75,,monthly_30d_30d_otm,weekly_2_strike0,39,141
MCD,2024-08-12,2024-09-09,backfill,O:MCD240920C00280000,280.0,2024-09-20,2024-09-05,11.05,11.05,9.8,9.88,55,10,11.05,,monthly_30d_30d_otm,weekly_2_strike0,39,141
MCD,2024-08-12,2024-09-09,backfill,O:MCD240920C00280000,280.0,2024-09-20,2024-09-06,11.45,13.5,10.75,12.0,247,16,11.45,,monthly_30d_30d_otm,weekly_2_strike0,39,141
MCD,2024-08-12,2024-09-09,backfill,O:MCD240920C00280000,280.0,2024-09-20,2024-09-09,12.17,12.17,10.35,11.7,17,4,12.17,,monthly_30d_30d_otm,weekly_2_strike0,39,141
MCD,2025-03-17,2025-04-11,backfill,O:MCD250516C00330000,330.0,2025-05-16,2025-03-17,2.02,2.45,1.9,2.45,10,7,2.02,,monthly_45d_20d_otm,weekly_2_strike0,60,10
MCD,2025-03-17,2025-04-11,backfill,O:MCD250516C00330000,330.0,2025-05-16,2025-03-18,2.35,2.5,2.35,2.45,11,5,2.35,,monthly_45d_20d_otm,weekly_2_strike0,60,10
MCD,2025-03-17,2025-04-11,backfill,O:MCD250516C00330000,330.0,2025-05-16,2025-03-19,2.75,3.0,2.55,2.95,15,13,2.75,,monthly_45d_20d_otm,weekly_2_strike0,60,10
MCD,2025-03-17,2025-04-11,backfill,O:MCD250516C00330000,330.0,2025-05-16,2025-03-20,2.55,3.1,2.55,2.6,36,9,2.55,,monthly_45d_20d_otm,weekly_2_strike0,60,10
MCD,2025-03-17,2025-04-11,backfill,O:MCD250516C00330000,330.0,2025-05-16,2025-03-21,2.39,2.39,1.84,1.84,12,8,2.39,,monthly_45d_20d_otm,weekly_2_strike0,60,10
MCD,2025-03-17,2025-04-11,backfill,O:MCD250516C00330000,330.0,2025-05-16,2025-03-24,2.08,2.08,1.61,1.84,446,24,2.08,,monthly_45d_20d_otm,weekly_2_strike0,60,10
MCD,2025-03-17,2025-04-11,backfill,O:MCD250516C00330000,330.0,2025-05-16,2025-03-25,1.85,2.2,1.85,1.86,92,17,1.85,,monthly_45d_20d_otm,weekly_2_strike0,60,10
MCD,2025-03-17,2025-04-11,backfill,O:MCD250516C00330000,330.0,2025-05-16,2025-03-26,2.6,3.58,2.6,3.5,78,18,2.6,,monthly_45d_20d_otm,weekly_2_strike0,60,10
MCD,2025-03-17,2025-04-11,backfill,O:MCD250516C00330000,330.0,2025-05-16,2025-03-27,4.15,4.5,2.95,3.27,48,19,4.15,,monthly_45d_20d_otm,weekly_2_strike0,60,10
MCD,2025-03-17,2025-04-11,backfill,O:MCD250516C00330000,330.0,2025-05-16,2025-03-28,2.7,2.73,1.94,2.15,131,55,2.7,,monthly_45d_20d_otm,weekly_2_strike0,60,10
MCD,2025-03-17,2025-04-11,backfill,O:MCD250516C00330000,330.0,2025-05-16,2025-03-31,1.87,3.35,1.85,3.35,163,34,1.87,,monthly_45d_20d_otm,weekly_2_strike0,60,10
MCD,2025-03-17,2025-04-11,backfill,O:MCD250516C00330000,330.0,2025-05-16,2025-04-01,3.1,3.87,3.1,3.6,39,13,3.1,,monthly_45d_20d_otm,weekly_2_strike0,60,10
MCD,2025-03-17,2025-04-11,backfill,O:MCD250516C00330000,330.0,2025-05-16,2025-04-02,3.15,3.65,2.67,2.9,25,13,3.15,,monthly_45d_20d_otm,weekly_2_strike0,60,10
MCD,2025-03-17,2025-04-11,backfill,O:MCD250516C00330000,330.0,2025-05-16,2025-04-03,5.15,6.55,4.45,6.55,52,18,5.15,,monthly_45d_20d_otm,weekly_2_strike0,60,10
MCD,2025-03-17,2025-04-11,backfill,O:MCD250516C00330000,330.0,2025-05-16,2025-04-04,5.5,6.65,3.23,3.3,47,17,5.5,,monthly_45d_20d_otm,weekly_2_strike0,60,10
MCD,2025-03-17,2025-04-11,backfill,O:MCD250516C00330000,330.0,2025-05-16,2025-04-07,2.5,2.74,2.1,2.73,40,17,2.5,,monthly_45d_20d_otm,weekly_2_strike0,60,10
MCD,2025-03-17,2025-04-11,backfill,O:MCD250516C00330000,330.0,2025-05-16,2025-04-08,2.86,3.3,2.64,3.0,35,13,2.86,,monthly_45d_20d_otm,weekly_2_strike0,60,10
MCD,2025-03-17,2025-04-11,backfill,O:MCD250516C00330000,330.0,2025-05-16,2025-04-09,2.64,2.94,1.37,1.73,96,15,2.64,,monthly_45d_20d_otm,weekly_2_strike0,60,10
MCD,2025-03-17,2025-04-11,backfill,O:MCD250516C00330000,330.0,2025-05-16,2025-04-10,1.86,2.42,1.77,2.17,9,4,1.86,,monthly_45d_20d_otm,weekly_2_strike0,60,10
MCD,2025-03-17,2025-04-11,backfill,O:MCD250516C00330000,330.0,2025-05-16,2025-04-11,3.22,3.35,2.53,2.99,18,8,3.22,,monthly_45d_20d_otm,weekly_2_strike0,60,10
MCHP,2020-06-05,2020-07-02,backfill,O:MCHP200717C00130000,130.0,2020-07-17,2020-06-05,0.75,1.13,0.75,0.95,16,7,0.75,,monthly_30d_20d_otm,weekly_1_strike1,42,16
MCHP,2020-06-05,2020-07-02,backfill,O:MCHP200717C00130000,130.0,2020-07-17,2020-06-08,0.65,0.67,0.55,0.55,3,3,0.65,,monthly_30d_20d_otm,weekly_1_strike1,42,16
MCHP,2020-06-05,2020-07-02,backfill,O:MCHP200717C00130000,130.0,2020-07-17,2020-06-10,0.42,0.42,0.42,0.42,1,1,0.42,,monthly_30d_20d_otm,weekly_1_strike1,42,16
MCHP,2020-06-05,2020-07-02,backfill,O:MCHP200717C00130000,130.0,2020-07-17,2020-06-12,0.3,0.3,0.3,0.3,1,1,0.3,,monthly_30d_20d_otm,weekly_1_strike1,42,16
MCHP,2020-06-05,2020-07-02,backfill,O:MCHP200717C00130000,130.0,2020-07-17,2020-06-16,0.25,0.25,0.25,0.25,50,1,0.25,,monthly_30d_20d_otm,weekly_1_strike1,42,16
MCHP,2021-12-20,2022-01-18,backfill,O:MCHP220121C00090000,90.0,2022-01-21,2021-12-20,1.55,1.55,1.0,1.05,30,9,1.55,,monthly_30d_25d_otm,weekly_2_strike1,32,30
MCHP,2021-12-20,2022-01-18,backfill,O:MCHP220121C00090000,90.0,2022-01-21,2021-12-21,1.37,1.6,1.3,1.52,18,12,1.37,,monthly_30d_25d_otm,weekly_2_strike1,32,30
MCHP,2021-12-20,2022-01-18,backfill,O:MCHP220121C00090000,90.0,2022-01-21,2021-12-22,1.4,1.75,1.4,1.6,122,9,1.4,,monthly_30d_25d_otm,weekly_2_strike1,32,30
MCHP,2021-12-20,2022-01-18,backfill,O:MCHP220121C00090000,90.0,2022-01-21,2021-12-23,1.93,1.95,1.75,1.9,13,10,1.93,,monthly_30d_25d_otm,weekly_2_strike1,32,30
MCHP,2021-12-20,2022-01-18,backfill,O:MCHP220121C00090000,90.0,2022-01-21,2021-12-27,2.35,2.75,2.35,2.63,22,13,2.35,,monthly_30d_25d_otm,weekly_2_strike1,32,30
MCHP,2021-12-20,2022-01-18,backfill,O:MCHP220121C00090000,90.0,2022-01-21,2021-12-28,3.2,3.2,1.97,2.15,37,11,3.2,,monthly_30d_25d_otm,weekly_2_strike1,32,30
MCHP,2021-12-20,2022-01-18,backfill,O:MCHP220121C00090000,90.0,2022-01-21,2021-12-29,2.13,2.25,1.98,1.99,25,8,2.13,,monthly_30d_25d_otm,weekly_2_strike1,32,30
MCHP,2021-12-20,2022-01-18,backfill,O:MCHP220121C00090000,90.0,2022-01-21,2021-12-30,1.75,1.75,1.75,1.75,50,1,1.75,,monthly_30d_25d_otm,weekly_2_strike1,32,30
MCHP,2021-12-20,2022-01-18,backfill,O:MCHP220121C00090000,90.0,2022-01-21,2021-12-31,1.44,1.44,1.3,1.35,167,4,1.44,,monthly_30d_25d_otm,weekly_2_strike1,32,30
MCHP,2021-12-20,2022-01-18,backfill,O:MCHP220121C00090000,90.0,2022-01-21,2022-01-03,1.35,1.7,1.3,1.46,50,13,1.35,,monthly_30d_25d_otm,weekly_2_strike1,32,30
MCHP,2021-12-20,2022-01-18,backfill,O:MCHP220121C00090000,90.0,2022-01-21,2022-01-04,1.8,1.8,0.85,1.3,38,12,1.8,,monthly_30d_25d_otm,weekly_2_strike1,32,30
MCHP,2021-12-20,2022-01-18,backfill,O:MCHP220121C00090000,90.0,2022-01-21,2022-01-05,1.25,1.25,0.75,0.8,59,12,1.25,,monthly_30d_25d_otm,weekly_2_strike1,32,30
MCHP,2021-12-20,2022-01-18,backfill,O:MCHP220121C00090000,90.0,2022-01-21,2022-01-06,0.77,0.85,0.7,0.76,25,8,0.77,,monthly_30d_25d_otm,weekly_2_strike1,32,30
MCHP,2021-12-20,2022-01-18,backfill,O:MCHP220121C00090000,90.0,2022-01-21,2022-01-07,0.4,0.4,0.2,0.2,13,6,0.4,,monthly_30d_25d_otm,weekly_2_strike1,32,30
MCHP,2021-12-20,2022-01-18,backfill,O:MCHP220121C00090000,90.0,2022-01-21,2022-01-10,0.2,0.2,0.12,0.2,49,8,0.2,,monthly_30d_25d_otm,weekly_2_strike1,32,30
MCHP,2021-12-20,2022-01-18,backfill,O:MCHP220121C00090000,90.0,2022-01-21,2022-01-11,0.15,0.3,0.15,0.3,18,4,0.15,,monthly_30d_25d_otm,weekly_2_strike1,32,30
MCHP,2021-12-20,2022-01-18,backfill,O:MCHP220121C00090000,90.0,2022-01-21,2022-01-12,0.34,0.35,0.25,0.35,8,7,0.34,,monthly_30d_25d_otm,weekly_2_strike1,32,30
MCHP,2021-12-20,2022-01-18,backfill,O:MCHP220121C00090000,90.0,2022-01-21,2022-01-13,0.3,0.3,0.22,0.22,3,2,0.3,,monthly_30d_25d_otm,weekly_2_strike1,32,30
MCHP,2021-12-20,2022-01-18,backfill,O:MCHP220121C00090000,90.0,2022-01-21,2022-01-14,0.15,0.2,0.11,0.13,35,8,0.15,,monthly_30d_25d_otm,weekly_2_strike1,32,30
MCHP,2021-12-20,2022-01-18,backfill,O:MCHP220121C00090000,90.0,2022-01-21,2022-01-18,0.05,0.15,0.05,0.15,42,6,0.05,,monthly_30d_25d_otm,weekly_2_strike1,32,30
MCHP,2022-09-16,2022-10-13,backfill,O:MCHP221021C00070000,70.0,2022-10-21,2022-09-16,0.85,1.55,0.85,1.55,81,9,0.85,,monthly_30d_25d_otm,weekly_1_strike0,35,81
MCHP,2022-09-16,2022-10-13,backfill,O:MCHP221021C00070000,70.0,2022-10-21,2022-09-19,1.86,1.86,1.8,1.85,37,3,1.86,,monthly_30d_25d_otm,weekly_1_strike0,35,81
MCHP,2022-09-16,2022-10-13,backfill,O:MCHP221021C00070000,70.0,2022-10-21,2022-09-20,1.9,1.9,1.38,1.38,33,3,1.9,,monthly_30d_25d_otm,weekly_1_strike0,35,81
MCHP,2022-09-16,2022-10-13,backfill,O:MCHP221021C00070000,70.0,2022-10-21,2022-09-21,1.75,2.0,1.75,2.0,15,3,1.75,,monthly_30d_25d_otm,weekly_1_strike0,35,81
MCHP,2022-09-16,2022-10-13,backfill,O:MCHP221021C00070000,70.0,2022-10-21,2022-09-22,1.0,1.0,0.7,0.73,22,6,1.0,,monthly_30d_25d_otm,weekly_1_strike0,35,81
MCHP,2022-09-16,2022-10-13,backfill,O:MCHP221021C00070000,70.0,2022-10-21,2022-09-23,0.3,0.48,0.3,0.43,49,5,0.3,,monthly_30d_25d_otm,weekly_1_strike0,35,81
MCHP,2022-09-16,2022-10-13,backfill,O:MCHP221021C00070000,70.0,2022-10-21,2022-09-26,0.48,0.48,0.48,0.48,2,1,0.48,,monthly_30d_25d_otm,weekly_1_strike0,35,81
MCHP,2022-09-16,2022-10-13,backfill,O:MCHP221021C00070000,70.0,2022-10-21,2022-09-27,0.6,0.6,0.6,0.6,6,2,0.6,,monthly_30d_25d_otm,weekly_1_strike0,35,81
MCHP,2022-09-16,2022-10-13,backfill,O:MCHP221021C00070000,70.0,2022-10-21,2022-09-30,0.45,0.45,0.3,0.3,25,3,0.45,,monthly_30d_25d_otm,weekly_1_strike0,35,81
MCHP,2022-09-16,2022-10-13,backfill,O:MCHP221021C00070000,70.0,2022-10-21,2022-10-03,0.45,0.45,0.44,0.44,10,1,0.45,,monthly_30d_25d_otm,weekly_1_strike0,35,81
MCHP,2022-09-16,2022-10-13,backfill,O:MCHP221021C00070000,70.0,2022-10-21,2022-10-04,1.0,1.1,1.0,1.0,29,5,1.0,,monthly_30d_25d_otm,weekly_1_strike0,35,81
MCHP,2022-09-16,2022-10-13,backfill,O:MCHP221021C00070000,70.0,2022-10-21,2022-10-05,1.1,1.3,1.1,1.3,11,4,1.1,,monthly_30d_25d_otm,weekly_1_strike0,35,81
MCHP,2022-09-16,2022-10-13,backfill,O:MCHP221021C00070000,70.0,2022-10-21,2022-10-06,1.5,1.5,1.2,1.2,37,9,1.5,,monthly_30d_25d_otm,weekly_1_strike0,35,81
MCHP,2022-09-16,2022-10-13,backfill,O:MCHP221021C00070000,70.0,2022-10-21,2022-10-07,0.6,0.6,0.5,0.5,7,3,0.6,,monthly_30d_25d_otm,weekly_1_strike0,35,81
MCHP,2022-09-16,2022-10-13,backfill,O:MCHP221021C00070000,70.0,2022-10-21,2022-10-10,0.3,0.3,0.15,0.15,30,3,0.3,,monthly_30d_25d_otm,weekly_1_strike0,35,81
MCHP,2022-09-16,2022-10-13,backfill,O:MCHP221021C00070000,70.0,2022-10-21,2022-10-11,0.11,0.15,0.1,0.15,11,3,0.11,,monthly_30d_25d_otm,weekly_1_strike0,35,81
MCHP,2022-09-16,2022-10-13,backfill,O:MCHP221021C00070000,70.0,2022-10-21,2022-10-12,0.15,0.15,0.15,0.15,10,1,0.15,,monthly_30d_25d_otm,weekly_1_strike0,35,81
MCHP,2022-09-16,2022-10-13,backfill,O:MCHP221021C00070000,70.0,2022-10-21,2022-10-13,0.05,0.05,0.05,0.05,6,1,0.05,,monthly_30d_25d_otm,weekly_1_strike0,35,81
MCHP,2023-01-05,2023-02-02,backfill,O:MCHP230217C00070000,70.0,2023-02-17,2023-01-05,4.14,4.65,4.14,4.5,14,5,4.14,,monthly_30d_atm,weekly_2_strike0,43,14
MCHP,2023-01-05,2023-02-02,backfill,O:MCHP230217C00070000,70.0,2023-02-17,2023-01-06,4.1,6.3,4.1,6.3,48,5,4.1,,monthly_30d_atm,weekly_2_strike0,43,14
MCHP,2023-01-05,2023-02-02,backfill,O:MCHP230217C00070000,70.0,2023-02-17,2023-01-12,7.35,7.35,7.35,7.35,2,1,7.35,,monthly_30d_atm,weekly_2_strike0,43,14
MCHP,2023-01-05,2023-02-02,backfill,O:MCHP230217C00070000,70.0,2023-02-17,2023-01-17,6.98,6.98,6.2,6.2,6,2,6.98,,monthly_30d_atm,weekly_2_strike0,43,14
MCHP,2023-01-05,2023-02-02,backfill,O:MCHP230217C00070000,70.0,2023-02-17,2023-01-19,5.6,5.6,4.5,4.5,3,2,5.6,,monthly_30d_atm,weekly_2_strike0,43,14
MCHP,2023-01-05,2023-02-02,backfill,O:MCHP230217C00070000,70.0,2023-02-17,2023-01-20,4.55,5.25,4.52,5.25,5,3,4.55,,monthly_30d_atm,weekly_2_strike0,43,14
MCHP,2023-01-05,2023-02-02,backfill,O:MCHP230217C00070000,70.0,2023-02-17,2023-01-24,7.21,7.21,7.0,7.0,12,3,7.21,,monthly_30d_atm,weekly_2_strike0,43,14
MCHP,2023-01-05,2023-02-02,backfill,O:MCHP230217C00070000,70.0,2023-02-17,2023-01-26,8.14,8.14,8.14,8.14,1,1,8.14,,monthly_30d_atm,weekly_2_strike0,43,14
MCHP,2023-01-05,2023-02-02,backfill,O:MCHP230217C00070000,70.0,2023-02-17,2023-01-27,9.15,9.15,9.12,9.13,4,1,9.15,,monthly_30d_atm,weekly_2_strike0,43,14
MCHP,2023-01-05,2023-02-02,backfill,O:MCHP230217C00070000,70.0,2023-02-17,2023-01-30,7.8,7.8,7.8,7.8,1,1,7.8,,monthly_30d_atm,weekly_2_strike0,43,14
MCHP,2023-01-05,2023-02-02,backfill,O:MCHP230217C00070000,70.0,2023-02-17,2023-01-31,8.1,8.1,8.1,8.1,10,1,8.1,,monthly_30d_atm,weekly_2_strike0,43,14
MCHP,2023-01-05,2023-02-02,backfill,O:MCHP230217C00070000,70.0,2023-02-17,2023-02-01,9.5,9.5,9.5,9.5,1,1,9.5,,monthly_30d_atm,weekly_2_strike0,43,14
MCHP,2023-01-05,2023-02-02,backfill,O:MCHP230217C00070000,70.0,2023-02-17,2023-02-02,13.68,14.0,13.68,14.0,3,2,13.68,,monthly_30d_atm,weekly_2_strike0,43,14
MCHP,2024-05-06,2024-06-03,backfill,O:MCHP240621C00095000,95.0,2024-06-21,2024-05-06,4.0,4.33,3.86,4.31,130,25,4.0,,monthly_30d_40d_otm,weekly_2_strike2,46,130
MCHP,2024-05-06,2024-06-03,backfill,O:MCHP240621C00095000,95.0,2024-06-21,2024-05-07,3.65,4.5,2.85,2.95,173,20,3.65,,monthly_30d_40d_otm,weekly_2_strike2,46,130
MCHP,2024-05-06,2024-06-03,backfill,O:MCHP240621C00095000,95.0,2024-06-21,2024-05-08,2.42,2.42,1.85,2.06,87,13,2.42,,monthly_30d_40d_otm,weekly_2_strike2,46,130
MCHP,2024-05-06,2024-06-03,backfill,O:MCHP240621C00095000,95.0,2024-06-21,2024-05-09,2.35,2.45,2.1,2.1,54,12,2.35,,monthly_30d_40d_otm,weekly_2_strike2,46,130
MCHP,2024-05-06,2024-06-03,backfill,O:MCHP240621C00095000,95.0,2024-06-21,2024-05-10,2.35,2.35,1.85,2.05,48,14,2.35,,monthly_30d_40d_otm,weekly_2_strike2,46,130
MCHP,2024-05-06,2024-06-03,backfill,O:MCHP240621C00095000,95.0,2024-06-21,2024-05-13,2.6,2.7,2.25,2.35,32,15,2.6,,monthly_30d_40d_otm,weekly_2_strike2,46,130
MCHP,2024-05-06,2024-06-03,backfill,O:MCHP240621C00095000,95.0,2024-06-21,2024-05-14,2.7,3.03,2.6,2.77,384,31,2.7,,monthly_30d_40d_otm,weekly_2_strike2,46,130
MCHP,2024-05-06,2024-06-03,backfill,O:MCHP240621C00095000,95.0,2024-06-21,2024-05-15,3.2,3.5,2.8,3.3,181,28,3.2,,monthly_30d_40d_otm,weekly_2_strike2,46,130
MCHP,2024-05-06,2024-06-03,backfill,O:MCHP240621C00095000,95.0,2024-06-21,2024-05-16,3.42,3.45,2.8,2.85,230,31,3.42,,monthly_30d_40d_otm,weekly_2_strike2,46,130
MCHP,2024-05-06,2024-06-03,backfill,O:MCHP240621C00095000,95.0,2024-06-21,2024-05-17,2.81,2.85,2.2,2.6,341,42,2.81,,monthly_30d_40d_otm,weekly_2_strike2,46,130
MCHP,2024-05-06,2024-06-03,backfill,O:MCHP240621C00095000,95.0,2024-06-21,2024-05-20,3.17,4.4,3.17,3.87,154,50,3.17,,monthly_30d_40d_otm,weekly_2_strike2,46,130
MCHP,2024-05-06,2024-06-03,backfill,O:MCHP240621C00095000,95.0,2024-06-21,2024-05-21,3.3,3.7,3.1,3.2,318,38,3.3,,monthly_30d_40d_otm,weekly_2_strike2,46,130
MCHP,2024-05-06,2024-06-03,backfill,O:MCHP240621C00095000,95.0,2024-06-21,2024-05-22,4.7,6.15,4.4,6.15,246,41,4.7,,monthly_30d_40d_otm,weekly_2_strike2,46,130
MCHP,2024-05-06,2024-06-03,backfill,O:MCHP240621C00095000,95.0,2024-06-21,2024-05-23,5.8,5.95,4.35,4.35,36,8,5.8,,monthly_30d_40d_otm,weekly_2_strike2,46,130
MCHP,2024-05-06,2024-06-03,backfill,O:MCHP240621C00095000,95.0,2024-06-21,2024-05-24,6.34,6.56,5.17,5.2,38,6,6.34,,monthly_30d_40d_otm,weekly_2_strike2,46,130
MCHP,2024-05-06,2024-06-03,backfill,O:MCHP240621C00095000,95.0,2024-06-21,2024-05-28,5.1,5.2,5.1,5.1,29,6,5.1,,monthly_30d_40d_otm,weekly_2_strike2,46,130
MCHP,2024-05-06,2024-06-03,backfill,O:MCHP240621C00095000,95.0,2024-06-21,2024-05-29,4.18,4.6,3.4,3.4,38,12,4.18,,monthly_30d_40d_otm,weekly_2_strike2,46,130
MCHP,2024-05-06,2024-06-03,backfill,O:MCHP240621C00095000,95.0,2024-06-21,2024-05-30,3.2,4.01,2.75,3.6,40,7,3.2,,monthly_30d_40d_otm,weekly_2_strike2,46,130
MCHP,2024-05-06,2024-06-03,backfill,O:MCHP240621C00095000,95.0,2024-06-21,2024-05-31,3.45,4.0,2.57,4.0,16,10,3.45,,monthly_30d_40d_otm,weekly_2_strike2,46,130
MCHP,2024-05-06,2024-06-03,backfill,O:MCHP240621C00095000,95.0,2024-06-21,2024-06-03,4.35,4.35,2.5,2.85,61,9,4.35,,monthly_30d_40d_otm,weekly_2_strike2,46,130
MDB,2020-03-11,2020-04-07,backfill,O:MDB200417C00160000,160.0,2020-04-17,2020-03-11,3.1,3.1,1.97,1.97,10,3,3.1,,monthly_30d_20d_otm,weekly_2_strike0,37,10
MDB,2020-03-11,2020-04-07,backfill,O:MDB200417C00160000,160.0,2020-04-17,2020-03-12,1.61,1.61,1.61,1.61,2,1,1.61,,monthly_30d_20d_otm,weekly_2_strike0,37,10
MDB,2020-03-11,2020-04-07,backfill,O:MDB200417C00160000,160.0,2020-04-17,2020-03-17,1.3,1.65,0.8,1.0,6,4,1.3,,monthly_30d_20d_otm,weekly_2_strike0,37,10
MDB,2020-03-11,2020-04-07,backfill,O:MDB200417C00160000,160.0,2020-04-17,2020-03-18,2.0,2.7,0.3,0.3,6,3,2.0,,monthly_30d_20d_otm,weekly_2_strike0,37,10
MDB,2020-03-11,2020-04-07,backfill,O:MDB200417C00160000,160.0,2020-04-17,2020-03-19,1.42,1.42,1.42,1.42,3,1,1.42,,monthly_30d_20d_otm,weekly_2_strike0,37,10
MDB,2020-03-11,2020-04-07,backfill,O:MDB200417C00160000,160.0,2020-04-17,2020-03-20,2.82,2.82,1.45,1.45,2,2,2.82,,monthly_30d_20d_otm,weekly_2_strike0,37,10
MDB,2020-03-11,2020-04-07,backfill,O:MDB200417C00160000,160.0,2020-04-17,2020-03-23,1.0,1.0,1.0,1.0,1,1,1.0,,monthly_30d_20d_otm,weekly_2_strike0,37,10
MDB,2020-03-11,2020-04-07,backfill,O:MDB200417C00160000,160.0,2020-04-17,2020-03-24,3.2,3.2,2.88,2.88,5,2,3.2,,monthly_30d_20d_otm,weekly_2_strike0,37,10
MDB,2020-03-11,2020-04-07,backfill,O:MDB200417C00160000,160.0,2020-04-17,2020-03-25,2.5,4.2,2.5,3.55,4,4,2.5,,monthly_30d_20d_otm,weekly_2_strike0,37,10
MDB,2020-03-11,2020-04-07,backfill,O:MDB200417C00160000,160.0,2020-04-17,2020-03-26,3.5,3.5,1.7,1.7,11,4,3.5,,monthly_30d_20d_otm,weekly_2_strike0,37,10
MDB,2020-03-11,2020-04-07,backfill,O:MDB200417C00160000,160.0,2020-04-17,2020-03-27,2.14,2.35,2.14,2.35,2,2,2.14,,monthly_30d_20d_otm,weekly_2_strike0,37,10
MDB,2020-03-11,2020-04-07,backfill,O:MDB200417C00160000,160.0,2020-04-17,2020-03-30,1.6,2.1,1.6,1.67,10,3,1.6,,monthly_30d_20d_otm,weekly_2_strike0,37,10
MDB,2020-03-11,2020-04-07,backfill,O:MDB200417C00160000,160.0,2020-04-17,2020-03-31,1.95,2.0,0.73,0.73,7,3,1.95,,monthly_30d_20d_otm,weekly_2_strike0,37,10
MDB,2020-03-11,2020-04-07,backfill,O:MDB200417C00160000,160.0,2020-04-17,2020-04-01,0.35,0.35,0.25,0.25,5,4,0.35,,monthly_30d_20d_otm,weekly_2_strike0,37,10
MDB,2020-03-11,2020-04-07,backfill,O:MDB200417C00160000,160.0,2020-04-17,2020-04-02,0.25,0.25,0.2,0.2,5,2,0.25,,monthly_30d_20d_otm,weekly_2_strike0,37,10
MDB,2020-03-11,2020-04-07,backfill,O:MDB200417C00160000,160.0,2020-04-17,2020-04-03,0.25,0.25,0.1,0.1,2,2,0.25,,monthly_30d_20d_otm,weekly_2_strike0,37,10
MDB,2020-03-11,2020-04-07,backfill,O:MDB200417C00160000,160.0,2020-04-17,2020-04-06,0.15,0.15,0.1,0.15,3,3,0.15,,monthly_30d_20d_otm,weekly_2_strike0,37,10
MDB,2020-03-11,2020-04-07,backfill,O:MDB200417C00160000,160.0,2020-04-17,2020-04-07,0.15,0.15,0.15,0.15,1,1,0.15,,monthly_30d_20d_otm,weekly_2_strike0,37,10
MDB,2020-05-14,2020-06-11,backfill,O:MDB200619C00190000,190.0,2020-06-19,2020-05-14,17.6,18.91,16.92,18.9,21,7,17.6,,monthly_30d_atm,weekly_2_strike0,36,21
MDB,2020-05-14,2020-06-11,backfill,O:MDB200619C00190000,190.0,2020-06-19,2020-05-15,17.34,21.25,17.34,21.25,7,3,17.34,,monthly_30d_atm,weekly_2_strike0,36,21
MDB,2020-05-14,2020-06-11,backfill,O:MDB200619C00190000,190.0,2020-06-19,2020-05-18,19.38,19.38,16.7,16.7,10,4,19.38,,monthly_30d_atm,weekly_2_strike0,36,21
MDB,2020-05-14,2020-06-11,backfill,O:MDB200619C00190000,190.0,2020-06-19,2020-05-19,20.47,22.42,20.2,20.2,14,6,20.47,,monthly_30d_atm,weekly_2_strike0,36,21
MDB,2020-05-14,2020-06-11,backfill,O:MDB200619C00190000,190.0,2020-06-19,2020-05-20,25.36,25.36,23.7,24.1,8,5,25.36,,monthly_30d_atm,weekly_2_strike0,36,21
MDB,2020-05-14,2020-06-11,backfill,O:MDB200619C00190000,190.0,2020-06-19,2020-05-22,31.3,35.15,31.3,35.15,7,3,31.3,,monthly_30d_atm,weekly_2_strike0,36,21
MDB,2020-05-14,2020-06-11,backfill,O:MDB200619C00190000,190.0,2020-06-19,2020-05-26,40.0,40.0,36.75,36.75,9,2,40.0,,monthly_30d_atm,weekly_2_strike0,36,21
MDB,2020-05-14,2020-06-11,backfill,O:MDB200619C00190000,190.0,2020-06-19,2020-05-27,23.02,24.9,23.02,24.9,10,2,23.02,,monthly_30d_atm,weekly_2_strike0,36,21
MDB,2020-05-14,2020-06-11,backfill,O:MDB200619C00190000,190.0,2020-06-19,2020-05-29,38.4,42.02,38.4,42.02,10,5,38.4,,monthly_30d_atm,weekly_2_strike0,36,21
MDB,2020-05-14,2020-06-11,backfill,O:MDB200619C00190000,190.0,2020-06-19,2020-06-01,48.9,48.9,48.9,48.9,3,1,48.9,,monthly_30d_atm,weekly_2_strike0,36,21
MDB,2020-05-14,2020-06-11,backfill,O:MDB200619C00190000,190.0,2020-06-19,2020-06-02,48.69,48.69,48.69,48.69,1,1,48.69,,monthly_30d_atm,weekly_2_strike0,36,21
MDB,2020-05-14,2020-06-11,backfill,O:MDB200619C00190000,190.0,2020-06-19,2020-06-03,42.5,43.7,42.5,43.7,3,3,42.5,,monthly_30d_atm,weekly_2_strike0,36,21
MDB,2020-05-14,2020-06-11,backfill,O:MDB200619C00190000,190.0,2020-06-19,2020-06-04,38.0,38.0,34.42,34.42,3,2,38.0,,monthly_30d_atm,weekly_2_strike0,36,21
MDB,2020-05-14,2020-06-11,backfill,O:MDB200619C00190000,190.0,2020-06-19,2020-06-05,13.76,17.4,13.76,14.8,13,5,13.76,,monthly_30d_atm,weekly_2_strike0,36,21
MDB,2020-05-14,2020-06-11,backfill,O:MDB200619C00190000,190.0,2020-06-19,2020-06-08,15.0,18.4,15.0,18.4,7,2,15.0,,monthly_30d_atm,weekly_2_strike0,36,21
MDB,2020-05-14,2020-06-11,backfill,O:MDB200619C00190000,190.0,2020-06-19,2020-06-09,15.7,15.7,15.7,15.7,5,1,15.7,,monthly_30d_atm,weekly_2_strike0,36,21
MDB,2020-05-14,2020-06-11,backfill,O:MDB200619C00190000,190.0,2020-06-19,2020-06-10,18.0,18.9,17.92,18.9,9,3,18.0,,monthly_30d_atm,weekly_2_strike0,36,21
MDB,2020-05-14,2020-06-11,backfill,O:MDB200619C00190000,190.0,2020-06-19,2020-06-11,13.2,13.48,11.2,12.6,11,6,13.2,,monthly_30d_atm,weekly_2_strike0,36,21
MDB,2020-12-22,2021-01-21,backfill,O:MDB210115C00420000,420.0,2021-01-15,2020-12-22,9.33,12.17,8.9,12.17,19,9,9.33,,monthly_30d_30d_otm,weekly_3_strike0,24,19
MDB,2020-12-22,2021-01-21,backfill,O:MDB210115C00420000,420.0,2021-01-15,2020-12-23,8.22,8.5,4.6,5.58,29,9,8.22,,monthly_30d_30d_otm,weekly_3_strike0,24,19
MDB,2020-12-22,2021-01-21,backfill,O:MDB210115C00420000,420.0,2021-01-15,2020-12-24,7.8,7.8,6.1,6.1,7,4,7.8,,monthly_30d_30d_otm,weekly_3_strike0,24,19
MDB,2020-12-22,2021-01-21,backfill,O:MDB210115C00420000,420.0,2021-01-15,2020-12-28,4.0,4.0,2.77,2.85,20,8,4.0,,monthly_30d_30d_otm,weekly_3_strike0,24,19
MDB,2020-12-22,2021-01-21,backfill,O:MDB210115C00420000,420.0,2021-01-15,2020-12-29,3.3,3.3,2.35,2.35,11,7,3.3,,monthly_30d_30d_otm,weekly_3_strike0,24,19
MDB,2020-12-22,2021-01-21,backfill,O:MDB210115C00420000,420.0,2021-01-15,2020-12-30,3.0,3.0,2.2,2.2,3,2,3.0,,monthly_30d_30d_otm,weekly_3_strike0,24,19
MDB,2020-12-22,2021-01-21,backfill,O:MDB210115C00420000,420.0,2021-01-15,2020-12-31,1.6,1.77,1.25,1.25,3,3,1.6,,monthly_30d_30d_otm,weekly_3_strike0,24,19
MDB,2020-12-22,2021-01-21,backfill,O:MDB210115C00420000,420.0,2021-01-15,2021-01-04,0.75,0.75,0.69,0.69,3,2,0.75,,monthly_30d_30d_otm,weekly_3_strike0,24,19
MDB,2020-12-22,2021-01-21,backfill,O:MDB210115C00420000,420.0,2021-01-15,2021-01-05,0.95,0.95,0.55,0.93,3,3,0.95,,monthly_30d_30d_otm,weekly_3_strike0,24,19
MDB,2020-12-22,2021-01-21,backfill,O:MDB210115C00420000,420.0,2021-01-15,2021-01-07,0.4,0.4,0.35,0.35,9,3,0.4,,monthly_30d_30d_otm,weekly_3_strike0,24,19
MDB,2020-12-22,2021-01-21,backfill,O:MDB210115C00420000,420.0,2021-01-15,2021-01-08,0.5,0.54,0.35,0.54,18,5,0.5,,monthly_30d_30d_otm,weekly_3_strike0,24,19
MDB,2020-12-22,2021-01-21,backfill,O:MDB210115C00420000,420.0,2021-01-15,2021-01-11,0.4,1.0,0.4,0.65,117,6,0.4,,monthly_30d_30d_otm,weekly_3_strike0,24,19
MDB,2020-12-22,2021-01-21,backfill,O:MDB210115C00420000,420.0,2021-01-15,2021-01-13,0.25,0.4,0.2,0.2,9,6,0.25,,monthly_30d_30d_otm,weekly_3_strike0,24,19
MDB,2020-12-22,2021-01-21,backfill,O:MDB210115C00420000,420.0,2021-01-15,2021-01-15,0.15,0.15,0.15,0.15,2,1,0.15,,monthly_30d_30d_otm,weekly_3_strike0,24,19
MDB,2021-01-27,2021-02-24,backfill,O:MDB210219C00370000,370.0,2021-02-19,2021-01-27,9.45,14.7,9.45,11.5,10,7,9.45,,monthly_30d_30d_otm,weekly_2_strike0,23,10
MDB,2021-01-27,2021-02-24,backfill,O:MDB210219C00370000,370.0,2021-02-19,2021-01-28,18.32,22.3,18.32,22.3,3,2,18.32,,monthly_30d_30d_otm,weekly_2_strike0,23,10
MDB,2021-01-27,2021-02-24,backfill,O:MDB210219C00370000,370.0,2021-02-19,2021-01-29,18.5,19.0,14.6,15.3,112,10,18.5,,monthly_30d_30d_otm,weekly_2_strike0,23,10
MDB,2021-01-27,2021-02-24,backfill,O:MDB210219C00370000,370.0,2021-02-19,2021-02-01,19.93,23.5,19.93,22.5,17,8,19.93,,monthly_30d_30d_otm,weekly_2_strike0,23,10
MDB,2021-01-27,2021-02-24,backfill,O:MDB210219C00370000,370.0,2021-02-19,2021-02-02,23.48,33.0,23.48,30.9,21,11,23.48,,monthly_30d_30d_otm,weekly_2_strike0,23,10
MDB,2021-01-27,2021-02-24,backfill,O:MDB210219C00370000,370.0,2021-02-19,2021-02-03,40.0,47.9,34.16,34.16,6,4,40.0,,monthly_30d_30d_otm,weekly_2_strike0,23,10
MDB,2021-01-27,2021-02-24,backfill,O:MDB210219C00370000,370.0,2021-02-19,2021-02-04,31.9,31.9,31.9,31.9,1,1,31.9,,monthly_30d_30d_otm,weekly_2_strike0,23,10
MDB,2021-01-27,2021-02-24,backfill,O:MDB210219C00370000,370.0,2021-02-19,2021-02-05,33.59,40.48,33.59,40.48,6,4,33.59,,monthly_30d_30d_otm,weekly_2_strike0,23,10
MDB,2021-01-27,2021-02-24,backfill,O:MDB210219C00370000,370.0,2021-02-19,2021-02-08,41.4,41.4,40.6,40.6,6,1,41.4,,monthly_30d_30d_otm,weekly_2_strike0,23,10
MDB,2021-01-27,2021-02-24,backfill,O:MDB210219C00370000,370.0,2021-02-19,2021-02-09,38.9,39.02,38.9,39.02,2,2,38.9,,monthly_30d_30d_otm,weekly_2_strike0,23,10
MDB,2021-01-27,2021-02-24,backfill,O:MDB210219C00370000,370.0,2021-02-19,2021-02-10,50.28,54.82,50.28,54.82,7,2,50.28,,monthly_30d_30d_otm,weekly_2_strike0,23,10
MDB,2021-01-27,2021-02-24,backfill,O:MDB210219C00370000,370.0,2021-02-19,2021-02-11,48.64,48.64,48.0,48.0,4,2,48.64,,monthly_30d_30d_otm,weekly_2_strike0,23,10
MDB,2021-01-27,2021-02-24,backfill,O:MDB210219C00370000,370.0,2021-02-19,2021-02-12,55.0,55.0,55.0,55.0,2,1,55.0,,monthly_30d_30d_otm,weekly_2_strike0,23,10
MDB,2021-01-27,2021-02-24,backfill,O:MDB210219C00370000,370.0,2021-02-19,2021-02-16,37.3,40.03,37.3,40.03,5,2,37.3,,monthly_30d_30d_otm,weekly_2_strike0,23,10
MDB,2021-01-27,2021-02-24,backfill,O:MDB210219C00370000,370.0,2021-02-19,2021-02-17,28.7,28.7,28.7,28.7,1,1,28.7,,monthly_30d_30d_otm,weekly_2_strike0,23,10
MDB,2021-01-27,2021-02-24,backfill,O:MDB210219C00370000,370.0,2021-02-19,2021-02-18,32.8,32.8,32.8,32.8,1,1,32.8,,monthly_30d_30d_otm,weekly_2_strike0,23,10
MDB,2021-01-27,2021-02-24,backfill,O:MDB210219C00370000,370.0,2021-02-19,2021-02-19,44.39,46.0,44.39,45.67,26,3,44.39,,monthly_30d_30d_otm,weekly_2_strike0,23,10
MDB,2023-05-05,2023-06-02,backfill,O:MDB230616C00270000,270.0,2023-06-16,2023-05-05,11.57,13.2,11.57,12.58,47,7,11.57,,monthly_30d_30d_otm,weekly_1_strike0,42,47
MDB,2023-05-05,2023-06-02,backfill,O:MDB230616C00270000,270.0,2023-06-16,2023-05-08,13.44,13.95,11.85,13.65,18,12,13.44,,monthly_30d_30d_otm,weekly_1_strike0,42,47
MDB,2023-05-05,2023-06-02,backfill,O:MDB230616C00270000,270.0,2023-06-16,2023-05-09,14.9,15.4,14.1,14.45,29,10,14.9,,monthly_30d_30d_otm,weekly_1_strike0,42,47
MDB,2023-05-05,2023-06-02,backfill,O:MDB230616C00270000,270.0,2023-06-16,2023-05-10,19.39,22.03,18.1,20.85,79,25,19.39,,monthly_30d_30d_otm,weekly_1_strike0,42,47
MDB,2023-05-05,2023-06-02,backfill,O:MDB230616C00270000,270.0,2023-06-16,2023-05-11,19.33,20.35,19.15,20.3,104,17,19.33,,monthly_30d_30d_otm,weekly_1_strike0,42,47
MDB,2023-05-05,2023-06-02,backfill,O:MDB230616C00270000,270.0,2023-06-16,2023-05-12,21.9,23.16,19.15,20.65,69,23,21.9,,monthly_30d_30d_otm,weekly_1_strike0,42,47
MDB,2023-05-05,2023-06-02,backfill,O:MDB230616C00270000,270.0,2023-06-16,2023-05-15,21.75,27.1,21.2,26.34,100,22,21.75,,monthly_30d_30d_otm,weekly_1_strike0,42,47
MDB,2023-05-05,2023-06-02,backfill,O:MDB230616C00270000,270.0,2023-06-16,2023-05-16,26.0,26.9,25.25,26.1,31,13,26.0,,monthly_30d_30d_otm,weekly_1_strike0,42,47
MDB,2023-05-05,2023-06-02,backfill,O:MDB230616C00270000,270.0,2023-06-16,2023-05-17,26.1,31.15,26.1,28.85,254,21,26.1,,monthly_30d_30d_otm,weekly_1_strike0,42,47
MDB,2023-05-05,2023-06-02,backfill,O:MDB230616C00270000,270.0,2023-06-16,2023-05-18,28.1,34.0,27.6,32.8,41,13,28.1,,monthly_30d_30d_otm,weekly_1_strike0,42,47
MDB,2023-05-05,2023-06-02,backfill,O:MDB230616C00270000,270.0,2023-06-16,2023-05-19,25.3,25.6,23.4,23.78,25,16,25.3,,monthly_30d_30d_otm,weekly_1_strike0,42,47
MDB,2023-05-05,2023-06-02,backfill,O:MDB230616C00270000,270.0,2023-06-16,2023-05-22,22.62,27.38,22.62,27.37,25,8,22.62,,monthly_30d_30d_otm,weekly_1_strike0,42,47
MDB,2023-05-05,2023-06-02,backfill,O:MDB230616C00270000,270.0,2023-06-16,2023-05-23,27.2,27.2,23.4,23.4,19,5,27.2,,monthly_30d_30d_otm,weekly_1_strike0,42,47
MDB,2023-05-05,2023-06-02,backfill,O:MDB230616C00270000,270.0,2023-06-16,2023-05-24,21.72,24.85,20.87,24.78,18,7,21.72,,monthly_30d_30d_otm,weekly_1_strike0,42,47
MDB,2023-05-05,2023-06-02,backfill,O:MDB230616C00270000,270.0,2023-06-16,2023-05-25,31.92,31.92,27.2,27.2,5,4,31.92,,monthly_30d_30d_otm,weekly_1_strike0,42,47
MDB,2023-05-05,2023-06-02,backfill,O:MDB230616C00270000,270.0,2023-06-16,2023-05-26,24.8,32.87,24.8,31.08,5,5,24.8,,monthly_30d_30d_otm,weekly_1_strike0,42,47
MDB,2023-05-05,2023-06-02,backfill,O:MDB230616C00270000,270.0,2023-06-16,2023-05-30,34.3,36.7,33.88,36.7,3,3,34.3,,monthly_30d_30d_otm,weekly_1_strike0,42,47
MDB,2023-05-05,2023-06-02,backfill,O:MDB230616C00270000,270.0,2023-06-16,2023-06-02,124.0,124.0,102.54,106.45,51,13,124.0,,monthly_30d_30d_otm,weekly_1_strike0,42,47
MDB,2025-08-04,2025-08-29,backfill,O:MDB250919C00250000,250.0,2025-09-19,2025-08-04,13.5,13.85,12.45,12.7,25,8,13.5,,monthly_30d_25d_otm,weekly_2_strike0,46,25
MDB,2025-08-04,2025-08-29,backfill,O:MDB250919C00250000,250.0,2025-09-19,2025-08-05,14.9,14.9,12.7,13.25,25,9,14.9,,monthly_30d_25d_otm,weekly_2_strike0,46,25
MDB,2025-08-04,2025-08-29,backfill,O:MDB250919C00250000,250.0,2025-09-19,2025-08-06,14.32,15.95,13.65,15.95,32,21,14.32,,monthly_30d_25d_otm,weekly_2_strike0,46,25
MDB,2025-08-04,2025-08-29,backfill,O:MDB250919C00250000,250.0,2025-09-19,2025-08-07,17.75,17.75,9.36,12.75,130,31,17.75,,monthly_30d_25d_otm,weekly_2_strike0,46,25
MDB,2025-08-04,2025-08-29,backfill,O:MDB250919C00250000,250.0,2025-09-19,2025-08-08,11.05,11.68,7.5,7.83,246,34,11.05,,monthly_30d_25d_otm,weekly_2_strike0,46,25
MDB,2025-08-04,2025-08-29,backfill,O:MDB250919C00250000,250.0,2025-09-19,2025-08-11,7.0,7.0,5.5,5.5,112,23,7.0,,monthly_30d_25d_otm,weekly_2_strike0,46,25
MDB,2025-08-04,2025-08-29,backfill,O:MDB250919C00250000,250.0,2025-09-19,2025-08-12,6.05,7.45,5.3,6.84,217,31,6.05,,monthly_30d_25d_otm,weekly_2_strike0,46,25
MDB,2025-08-04,2025-08-29,backfill,O:MDB250919C00250000,250.0,2025-09-19,2025-08-13,7.14,7.45,6.4,6.65,87,14,7.14,,monthly_30d_25d_otm,weekly_2_strike0,46,25
MDB,2025-08-04,2025-08-29,backfill,O:MDB250919C00250000,250.0,2025-09-19,2025-08-14,5.75,6.2,5.57,6.2,145,17,5.75,,monthly_30d_25d_otm,weekly_2_strike0,46,25
MDB,2025-08-04,2025-08-29,backfill,O:MDB250919C00250000,250.0,2025-09-19,2025-08-15,7.2,9.7,7.2,9.3,185,31,7.2,,monthly_30d_25d_otm,weekly_2_strike0,46,25
MDB,2025-08-04,2025-08-29,backfill,O:MDB250919C00250000,250.0,2025-09-19,2025-08-18,11.1,13.75,11.1,12.35,147,18,11.1,,monthly_30d_25d_otm,weekly_2_strike0,46,25
MDB,2025-08-04,2025-08-29,backfill,O:MDB250919C00250000,250.0,2025-09-19,2025-08-19,12.5,12.5,9.25,9.3,131,17,12.5,,monthly_30d_25d_otm,weekly_2_strike0,46,25
MDB,2025-08-04,2025-08-29,backfill,O:MDB250919C00250000,250.0,2025-09-19,2025-08-20,8.6,8.6,7.25,8.45,17,5,8.6,,monthly_30d_25d_otm,weekly_2_strike0,46,25
MDB,2025-08-04,2025-08-29,backfill,O:MDB250919C00250000,250.0,2025-09-19,2025-08-21,7.95,8.34,6.75,8.1,30,11,7.95,,monthly_30d_25d_otm,weekly_2_strike0,46,25
MDB,2025-08-04,2025-08-29,backfill,O:MDB250919C00250000,250.0,2025-09-19,2025-08-22,7.51,9.82,7.5,9.62,194,26,7.51,,monthly_30d_25d_otm,weekly_2_strike0,46,25
MDB,2025-08-04,2025-08-29,backfill,O:MDB250919C00250000,250.0,2025-09-19,2025-08-25,8.17,9.03,7.95,9.0,3590,45,8.17,,monthly_30d_25d_otm,weekly_2_strike0,46,25
MDB,2025-08-04,2025-08-29,backfill,O:MDB250919C00250000,250.0,2025-09-19,2025-08-26,8.5,9.38,7.5,8.08,554,93,8.5,,monthly_30d_25d_otm,weekly_2_strike0,46,25
MDB,2025-08-04,2025-08-29,backfill,O:MDB250919C00250000,250.0,2025-09-19,2025-08-27,38.7,50.0,32.2,49.2,1748,81,38.7,,monthly_30d_25d_otm,weekly_2_strike0,46,25
MDB,2025-08-04,2025-08-29,backfill,O:MDB250919C00250000,250.0,2025-09-19,2025-08-28,52.13,72.39,51.6,70.65,1261,31,52.13,,monthly_30d_25d_otm,weekly_2_strike0,46,25
MDB,2025-08-04,2025-08-29,backfill,O:MDB250919C00250000,250.0,2025-09-19,2025-08-29,63.07,63.63,61.67,61.67,187,9,63.07,,monthly_30d_25d_otm,weekly_2_strike0,46,25
MDB,2025-09-03,2025-09-30,backfill,O:MDB251017C00380000,380.0,2025-10-17,2025-09-03,2.66,2.82,2.3,2.7,52,23,2.66,,monthly_30d_35d_otm,weekly_2_strike0,44,52
MDB,2025-09-03,2025-09-30,backfill,O:MDB251017C00380000,380.0,2025-10-17,2025-09-04,2.27,2.73,2.24,2.73,8,4,2.27,,monthly_30d_35d_otm,weekly_2_strike0,44,52
MDB,2025-09-03,2025-09-30,backfill,O:MDB251017C00380000,380.0,2025-10-17,2025-09-05,4.4,4.4,3.96,3.96,9,7,4.4,,monthly_30d_35d_otm,weekly_2_strike0,44,52
MDB,2025-09-03,2025-09-30,backfill,O:MDB251017C00380000,380.0,2025-10-17,2025-09-08,3.9,4.0,2.98,3.45,36,14,3.9,,monthly_30d_35d_otm,weekly_2_strike0,44,52
MDB,2025-09-03,2025-09-30,backfill,O:MDB251017C00380000,380.0,2025-10-17,2025-09-09,3.2,4.05,3.2,3.8,21,9,3.2,,monthly_30d_35d_otm,weekly_2_strike0,44,52
MDB,2025-09-03,2025-09-30,backfill,O:MDB251017C00380000,380.0,2025-10-17,2025-09-10,6.05,7.34,4.8,5.2,54,28,6.05,,monthly_30d_35d_otm,weekly_2_strike0,44,52
MDB,2025-09-03,2025-09-30,backfill,O:MDB251017C00380000,380.0,2025-10-17,2025-09-11,4.75,4.75,4.15,4.21,13,7,4.75,,monthly_30d_35d_otm,weekly_2_strike0,44,52
MDB,2025-09-03,2025-09-30,backfill,O:MDB251017C00380000,380.0,2025-10-17,2025-09-12,3.73,3.9,3.13,3.5,8,7,3.73,,monthly_30d_35d_otm,weekly_2_strike0,44,52
MDB,2025-09-03,2025-09-30,backfill,O:MDB251017C00380000,380.0,2025-10-17,2025-09-15,4.65,6.57,4.65,4.83,41,19,4.65,,monthly_30d_35d_otm,weekly_2_strike0,44,52
MDB,2025-09-03,2025-09-30,backfill,O:MDB251017C00380000,380.0,2025-10-17,2025-09-16,3.5,3.9,3.41,3.78,28,11,3.5,,monthly_30d_35d_otm,weekly_2_strike0,44,52
MDB,2025-09-03,2025-09-30,backfill,O:MDB251017C00380000,380.0,2025-10-17,2025-09-17,3.0,3.25,1.99,2.05,27,13,3.0,,monthly_30d_35d_otm,weekly_2_strike0,44,52
MDB,2025-09-03,2025-09-30,backfill,O:MDB251017C00380000,380.0,2025-10-17,2025-09-18,2.06,2.06,1.2,1.43,24,13,2.06,,monthly_30d_35d_otm,weekly_2_strike0,44,52
MDB,2025-09-03,2025-09-30,backfill,O:MDB251017C00380000,380.0,2025-10-17,2025-09-19,1.8,1.93,1.5,1.71,47,17,1.8,,monthly_30d_35d_otm,weekly_2_strike0,44,52
MDB,2025-09-03,2025-09-30,backfill,O:MDB251017C00380000,380.0,2025-10-17,2025-09-22,1.52,1.72,1.5,1.5,12,10,1.52,,monthly_30d_35d_otm,weekly_2_strike0,44,52
MDB,2025-09-03,2025-09-30,backfill,O:MDB251017C00380000,380.0,2025-10-17,2025-09-23,1.38,1.45,1.08,1.08,51,6,1.38,,monthly_30d_35d_otm,weekly_2_strike0,44,52
MDB,2025-09-03,2025-09-30,backfill,O:MDB251017C00380000,380.0,2025-10-17,2025-09-24,1.02,1.05,0.62,0.62,11,8,1.02,,monthly_30d_35d_otm,weekly_2_strike0,44,52
MDB,2025-09-03,2025-09-30,backfill,O:MDB251017C00380000,380.0,2025-10-17,2025-09-25,0.92,1.39,0.54,0.72,35,4,0.92,,monthly_30d_35d_otm,weekly_2_strike0,44,52
MDB,2025-09-03,2025-09-30,backfill,O:MDB251017C00380000,380.0,2025-10-17,2025-09-26,0.54,0.54,0.41,0.5,9,5,0.54,,monthly_30d_35d_otm,weekly_2_strike0,44,52
MDB,2025-09-03,2025-09-30,backfill,O:MDB251017C00380000,380.0,2025-10-17,2025-09-29,0.53,0.73,0.01,0.47,20,6,0.53,,monthly_30d_35d_otm,weekly_2_strike0,44,52
MDB,2025-09-03,2025-09-30,backfill,O:MDB251017C00380000,380.0,2025-10-17,2025-09-30,0.26,0.34,0.26,0.27,251,5,0.26,,monthly_30d_35d_otm,weekly_2_strike0,44,52
MDB,2025-10-21,2025-11-17,backfill,O:MDB251121C00340000,340.0,2025-11-21,2025-10-21,13.91,16.54,12.0,12.0,93,18,13.91,,monthly_30d_35d_otm,weekly_2_strike0,31,93
MDB,2025-10-21,2025-11-17,backfill,O:MDB251121C00340000,340.0,2025-11-21,2025-10-22,11.73,11.73,11.25,11.25,5,2,11.73,,monthly_30d_35d_otm,weekly_2_strike0,31,93
MDB,2025-10-21,2025-11-17,backfill,O:MDB251121C00340000,340.0,2025-11-21,2025-10-23,11.88,14.0,11.88,13.1,22,12,11.88,,monthly_30d_35d_otm,weekly_2_strike0,31,93
MDB,2025-10-21,2025-11-17,backfill,O:MDB251121C00340000,340.0,2025-11-21,2025-10-24,17.05,18.48,14.8,15.0,55,30,17.05,,monthly_30d_35d_otm,weekly_2_strike0,31,93
MDB,2025-10-21,2025-11-17,backfill,O:MDB251121C00340000,340.0,2025-11-21,2025-10-27,18.5,19.3,17.36,17.36,341,24,18.5,,monthly_30d_35d_otm,weekly_2_strike0,31,93
MDB,2025-10-21,2025-11-17,backfill,O:MDB251121C00340000,340.0,2025-11-21,2025-10-28,16.67,18.17,16.45,16.45,21,6,16.67,,monthly_30d_35d_otm,weekly_2_strike0,31,93
MDB,2025-10-21,2025-11-17,backfill,O:MDB251121C00340000,340.0,2025-11-21,2025-10-29,14.0,19.25,13.05,15.8,14,11,14.0,,monthly_30d_35d_otm,weekly_2_strike0,31,93
MDB,2025-10-21,2025-11-17,backfill,O:MDB251121C00340000,340.0,2025-11-21,2025-10-30,17.87,26.19,17.87,23.15,59,22,17.87,,monthly_30d_35d_otm,weekly_2_strike0,31,93
MDB,2025-10-21,2025-11-17,backfill,O:MDB251121C00340000,340.0,2025-11-21,2025-10-31,26.5,27.05,22.0,27.05,19,14,26.5,,monthly_30d_35d_otm,weekly_2_strike0,31,93
MDB,2025-10-21,2025-11-17,backfill,O:MDB251121C00340000,340.0,2025-11-21,2025-11-03,42.7,48.65,33.07,33.59,51,16,42.7,,monthly_30d_35d_otm,weekly_2_strike0,31,93
MDB,2025-10-21,2025-11-17,backfill,O:MDB251121C00340000,340.0,2025-11-21,2025-11-04,27.06,27.45,22.1,24.3,34,9,27.06,,monthly_30d_35d_otm,weekly_2_strike0,31,93
MDB,2025-10-21,2025-11-17,backfill,O:MDB251121C00340000,340.0,2025-11-21,2025-11-05,21.05,21.05,21.05,21.05,1,1,21.05,,monthly_30d_35d_otm,weekly_2_strike0,31,93
MDB,2025-10-21,2025-11-17,backfill,O:MDB251121C00340000,340.0,2025-11-21,2025-11-06,27.54,27.9,25.28,27.8,5,4,27.54,,monthly_30d_35d_otm,weekly_2_strike0,31,93
MDB,2025-10-21,2025-11-17,backfill,O:MDB251121C00340000,340.0,2025-11-21,2025-11-07,14.2,19.08,14.2,19.08,25,5,14.2,,monthly_30d_35d_otm,weekly_2_strike0,31,93
MDB,2025-10-21,2025-11-17,backfill,O:MDB251121C00340000,340.0,2025-11-21,2025-11-10,28.2,36.6,28.1,36.6,3,2,28.2,,monthly_30d_35d_otm,weekly_2_strike0,31,93
MDB,2025-10-21,2025-11-17,backfill,O:MDB251121C00340000,340.0,2025-11-21,2025-11-11,35.31,35.31,31.28,34.01,7,4,35.31,,monthly_30d_35d_otm,weekly_2_strike0,31,93
MDB,2025-10-21,2025-11-17,backfill,O:MDB251121C00340000,340.0,2025-11-21,2025-11-12,29.96,29.96,28.45,28.45,2,2,29.96,,monthly_30d_35d_otm,weekly_2_strike0,31,93
MDB,2025-10-21,2025-11-17,backfill,O:MDB251121C00340000,340.0,2025-11-21,2025-11-13,23.04,23.04,17.0,17.5,14,5,23.04,,monthly_30d_35d_otm,weekly_2_strike0,31,93
MDB,2025-10-21,2025-11-17,backfill,O:MDB251121C00340000,340.0,2025-11-21,2025-11-14,14.4,17.01,14.4,17.01,27,3,14.4,,monthly_30d_35d_otm,weekly_2_strike0,31,93
MDB,2025-10-21,2025-11-17,backfill,O:MDB251121C00340000,340.0,2025-11-21,2025-11-17,11.61,11.61,6.47,7.15,24,9,11.61,,monthly_30d_35d_otm,weekly_2_strike0,31,93
MMM,2020-04-22,2020-05-19,backfill,O:MMM200515C00143000,143.0,2020-05-15,2020-04-22,5.95,6.6,5.95,6.38,21,7,5.95,,monthly_30d_atm,weekly_2_strike0,23,21
MMM,2020-04-22,2020-05-19,backfill,O:MMM200515C00143000,143.0,2020-05-15,2020-04-23,8.39,8.39,8.39,8.39,1,1,8.39,,monthly_30d_atm,weekly_2_strike0,23,21
MMM,2020-04-22,2020-05-19,backfill,O:MMM200515C00143000,143.0,2020-05-15,2020-04-27,10.4,10.4,10.4,10.4,1,1,10.4,,monthly_30d_atm,weekly_2_strike0,23,21
MMM,2020-04-22,2020-05-19,backfill,O:MMM200515C00143000,143.0,2020-05-15,2020-04-28,16.75,16.75,15.58,15.58,2,2,16.75,,monthly_30d_atm,weekly_2_strike0,23,21
MMM,2020-04-22,2020-05-19,backfill,O:MMM200515C00143000,143.0,2020-05-15,2020-05-04,7.1,7.1,7.1,7.1,10,1,7.1,,monthly_30d_atm,weekly_2_strike0,23,21
MMM,2020-04-22,2020-05-19,backfill,O:MMM200515C00143000,143.0,2020-05-15,2020-05-05,7.35,7.35,7.35,7.35,10,1,7.35,,monthly_30d_atm,weekly_2_strike0,23,21
MMM,2020-04-22,2020-05-19,backfill,O:MMM200515C00143000,143.0,2020-05-15,2020-05-06,5.3,5.3,5.3,5.3,16,1,5.3,,monthly_30d_atm,weekly_2_strike0,23,21
MMM,2020-04-22,2020-05-19,backfill,O:MMM200515C00143000,143.0,2020-05-15,2020-05-11,3.8,4.0,3.8,4.0,6,2,3.8,,monthly_30d_atm,weekly_2_strike0,23,21
MMM,2020-04-22,2020-05-19,backfill,O:MMM200515C00143000,143.0,2020-05-15,2020-05-12,1.93,1.93,1.21,1.21,44,9,1.93,,monthly_30d_atm,weekly_2_strike0,23,21
MMM,2020-04-22,2020-05-19,backfill,O:MMM200515C00143000,143.0,2020-05-15,2020-05-13,0.63,0.71,0.19,0.19,289,29,0.63,,monthly_30d_atm,weekly_2_strike0,23,21
MMM,2020-04-22,2020-05-19,backfill,O:MMM200515C00143000,143.0,2020-05-15,2020-05-14,0.06,0.06,0.02,0.05,22,6,0.06,,monthly_30d_atm,weekly_2_strike0,23,21
MMM,2020-04-22,2020-05-19,backfill,O:MMM200515C00143000,143.0,2020-05-15,2020-05-15,0.04,0.04,0.04,0.04,1,1,0.04,,monthly_30d_atm,weekly_2_strike0,23,21
MMM,2021-03-24,2021-04-21,backfill,O:MMM210416C00195000,195.0,2021-04-16,2021-03-24,1.38,2.49,1.38,1.91,220,58,1.38,,monthly_30d_25d_otm,weekly_3_strike2,23,220
MMM,2021-03-24,2021-04-21,backfill,O:MMM210416C00195000,195.0,2021-04-16,2021-03-25,2.11,2.83,1.75,2.73,107,41,2.11,,monthly_30d_25d_otm,weekly_3_strike2,23,220
MMM,2021-03-24,2021-04-21,backfill,O:MMM210416C00195000,195.0,2021-04-16,2021-03-26,2.75,3.34,2.31,3.34,988,58,2.75,,monthly_30d_25d_otm,weekly_3_strike2,23,220
MMM,2021-03-24,2021-04-21,backfill,O:MMM210416C00195000,195.0,2021-04-16,2021-03-29,2.97,4.15,2.84,3.59,357,87,2.97,,monthly_30d_25d_otm,weekly_3_strike2,23,220
MMM,2021-03-24,2021-04-21,backfill,O:MMM210416C00195000,195.0,2021-04-16,2021-03-30,3.87,4.05,2.7,2.73,147,38,3.87,,monthly_30d_25d_otm,weekly_3_strike2,23,220
MMM,2021-03-24,2021-04-21,backfill,O:MMM210416C00195000,195.0,2021-04-16,2021-03-31,2.59,2.59,1.7,1.97,707,82,2.59,,monthly_30d_25d_otm,weekly_3_strike2,23,220
MMM,2021-03-24,2021-04-21,backfill,O:MMM210416C00195000,195.0,2021-04-16,2021-04-01,2.0,2.0,1.18,1.75,290,51,2.0,,monthly_30d_25d_otm,weekly_3_strike2,23,220
MMM,2021-03-24,2021-04-21,backfill,O:MMM210416C00195000,195.0,2021-04-16,2021-04-05,2.25,3.02,2.05,2.4,259,64,2.25,,monthly_30d_25d_otm,weekly_3_strike2,23,220
MMM,2021-03-24,2021-04-21,backfill,O:MMM210416C00195000,195.0,2021-04-16,2021-04-06,2.53,2.58,1.9,1.95,147,36,2.53,,monthly_30d_25d_otm,weekly_3_strike2,23,220
MMM,2021-03-24,2021-04-21,backfill,O:MMM210416C00195000,195.0,2021-04-16,2021-04-07,1.81,2.19,1.7,1.99,231,53,1.81,,monthly_30d_25d_otm,weekly_3_strike2,23,220
MMM,2021-03-24,2021-04-21,backfill,O:MMM210416C00195000,195.0,2021-04-16,2021-04-08,1.82,2.9,1.5,2.26,484,68,1.82,,monthly_30d_25d_otm,weekly_3_strike2,23,220
MMM,2021-03-24,2021-04-21,backfill,O:MMM210416C00195000,195.0,2021-04-16,2021-04-09,2.98,4.6,2.98,3.55,590,73,2.98,,monthly_30d_25d_otm,weekly_3_strike2,23,220
MMM,2021-03-24,2021-04-21,backfill,O:MMM210416C00195000,195.0,2021-04-16,2021-04-12,3.8,4.63,2.81,3.2,167,45,3.8,,monthly_30d_25d_otm,weekly_3_strike2,23,220
MMM,2021-03-24,2021-04-21,backfill,O:MMM210416C00195000,195.0,2021-04-16,2021-04-13,1.94,2.8,1.62,2.09,206,49,1.94,,monthly_30d_25d_otm,weekly_3_strike2,23,220
MMM,2021-03-24,2021-04-21,backfill,O:MMM210416C00195000,195.0,2021-04-16,2021-04-14,1.77,2.52,1.26,2.2,755,48,1.77,,monthly_30d_25d_otm,weekly_3_strike2,23,220
MMM,2021-03-24,2021-04-21,backfill,O:MMM210416C00195000,195.0,2021-04-16,2021-04-15,2.53,2.77,1.64,2.72,193,48,2.53,,monthly_30d_25d_otm,weekly_3_strike2,23,220
MMM,2021-03-24,2021-04-21,backfill,O:MMM210416C00195000,195.0,2021-04-16,2021-04-16,4.0,4.52,3.07,3.65,224,73,4.0,,monthly_30d_25d_otm,weekly_3_strike2,23,220
MMM,2022-08-18,2022-08-26,backfill,O:MMM220916C00155000,155.0,2022-09-16,2022-08-18,0.61,0.61,0.4,0.57,238,28,0.61,,monthly_30d_25d_otm,weekly_2_strike0,29,238
MMM,2022-08-18,2022-08-26,backfill,O:MMM220916C00155000,155.0,2022-09-16,2022-08-19,0.57,0.69,0.44,0.6,100,29,0.57,,monthly_30d_25d_otm,weekly_2_strike0,29,238
MMM,2022-08-18,2022-08-26,backfill,O:MMM220916C00155000,155.0,2022-09-16,2022-08-22,0.52,0.57,0.35,0.42,60,12,0.52,,monthly_30d_25d_otm,weekly_2_strike0,29,238
MMM,2022-08-18,2022-08-26,backfill,O:MMM220916C00155000,155.0,2022-09-16,2022-08-23,0.29,0.45,0.29,0.36,66,15,0.29,,monthly_30d_25d_otm,weekly_2_strike0,29,238
MMM,2022-08-18,2022-08-26,backfill,O:MMM220916C00155000,155.0,2022-09-16,2022-08-24,0.28,0.31,0.2,0.25,61,16,0.28,,monthly_30d_25d_otm,weekly_2_strike0,29,238
MMM,2022-08-18,2022-08-26,backfill,O:MMM220916C00155000,155.0,2022-09-16,2022-08-25,0.3,0.53,0.2,0.53,513,85,0.3,,monthly_30d_25d_otm,weekly_2_strike0,29,238
MMM,2022-08-18,2022-08-26,backfill,O:MMM220916C00155000,155.0,2022-09-16,2022-08-26,0.42,0.49,0.15,0.25,165,31,0.42,,monthly_30d_25d_otm,weekly_2_strike0,29,238
MMM,2022-11-17,2022-12-15,backfill,O:MMM221216C00130000,130.0,2022-12-16,2022-11-17,2.56,2.56,1.8,2.18,235,40,2.56,,monthly_30d_35d_otm,weekly_2_strike0,29,235
MMM,2022-11-17,2022-12-15,backfill,O:MMM221216C00130000,130.0,2022-12-16,2022-11-18,2.8,2.96,2.01,2.08,107,35,2.8,,monthly_30d_35d_otm,weekly_2_strike0,29,235
MMM,2022-11-17,2022-12-15,backfill,O:MMM221216C00130000,130.0,2022-12-16,2022-11-21,2.1,2.33,1.89,2.3,90,28,2.1,,monthly_30d_35d_otm,weekly_2_strike0,29,235
MMM,2022-11-17,2022-12-15,backfill,O:MMM221216C00130000,130.0,2022-12-16,2022-11-22,2.31,2.44,2.08,2.44,84,21,2.31,,monthly_30d_35d_otm,weekly_2_strike0,29,235
MMM,2022-11-17,2022-12-15,backfill,O:MMM221216C00130000,130.0,2022-12-16,2022-11-23,2.5,2.57,1.98,2.1,118,18,2.5,,monthly_30d_35d_otm,weekly_2_strike0,29,235
MMM,2022-11-17,2022-12-15,backfill,O:MMM221216C00130000,130.0,2022-12-16,2022-11-25,2.65,2.91,2.4,2.4,212,56,2.65,,monthly_30d_35d_otm,weekly_2_strike0,29,235
MMM,2022-11-17,2022-12-15,backfill,O:MMM221216C00130000,130.0,2022-12-16,2022-11-28,2.17,2.4,0.91,0.95,143,44,2.17,,monthly_30d_35d_otm,weekly_2_strike0,29,235
MMM,2022-11-17,2022-12-15,backfill,O:MMM221216C00130000,130.0,2022-12-16,2022-11-29,0.97,1.38,0.97,1.15,65,20,0.97,,monthly_30d_35d_otm,weekly_2_strike0,29,235
MMM,2022-11-17,2022-12-15,backfill,O:MMM221216C00130000,130.0,2022-12-16,2022-11-30,1.08,1.17,0.43,1.17,253,51,1.08,,monthly_30d_35d_otm,weekly_2_strike0,29,235
MMM,2022-11-17,2022-12-15,backfill,O:MMM221216C00130000,130.0,2022-12-16,2022-12-01,1.25,2.01,0.95,1.09,67,23,1.25,,monthly_30d_35d_otm,weekly_2_strike0,29,235
MMM,2022-11-17,2022-12-15,backfill,O:MMM221216C00130000,130.0,2022-12-16,2022-12-02,0.68,1.27,0.68,1.25,16,10,0.68,,monthly_30d_35d_otm,weekly_2_strike0,29,235
MMM,2022-11-17,2022-12-15,backfill,O:MMM221216C00130000,130.0,2022-12-16,2022-12-05,0.72,0.72,0.56,0.6,60,22,0.72,,monthly_30d_35d_otm,weekly_2_strike0,29,235
MMM,2022-11-17,2022-12-15,backfill,O:MMM221216C00130000,130.0,2022-12-16,2022-12-06,0.61,0.62,0.43,0.54,52,15,0.61,,monthly_30d_35d_otm,weekly_2_strike0,29,235
MMM,2022-11-17,2022-12-15,backfill,O:MMM221216C00130000,130.0,2022-12-16,2022-12-07,0.55,1.25,0.55,1.03,58,26,0.55,,monthly_30d_35d_otm,weekly_2_strike0,29,235
MMM,2022-11-17,2022-12-15,backfill,O:MMM221216C00130000,130.0,2022-12-16,2022-12-08,1.23,2.09,0.8,0.81,156,33,1.23,,monthly_30d_35d_otm,weekly_2_strike0,29,235
MMM,2022-11-17,2022-12-15,backfill,O:MMM221216C00130000,130.0,2022-12-16,2022-12-09,1.1,1.17,0.62,0.62,197,49,1.1,,monthly_30d_35d_otm,weekly_2_strike0,29,235
MMM,2022-11-17,2022-12-15,backfill,O:MMM221216C00130000,130.0,2022-12-16,2022-12-12,0.64,0.79,0.32,0.79,119,40,0.64,,monthly_30d_35d_otm,weekly_2_strike0,29,235
MMM,2022-11-17,2022-12-15,backfill,O:MMM221216C00130000,130.0,2022-12-16,2022-12-13,1.36,1.37,0.44,0.55,144,38,1.36,,monthly_30d_35d_otm,weekly_2_strike0,29,235
MMM,2022-11-17,2022-12-15,backfill,O:MMM221216C00130000,130.0,2022-12-16,2022-12-14,0.55,0.78,0.12,0.12,142,38,0.55,,monthly_30d_35d_otm,weekly_2_strike0,29,235
MMM,2022-11-17,2022-12-15,backfill,O:MMM221216C00130000,130.0,2022-12-16,2022-12-15,0.06,0.08,0.03,0.07,149,22,0.06,,monthly_30d_35d_otm,weekly_2_strike0,29,235
MMM,2025-02-04,2025-03-04,backfill,O:MMM250321C00160000,160.0,2025-03-21,2025-02-04,1.82,2.27,1.82,2.09,144,12,1.82,,monthly_30d_20d_otm,weekly_2_strike0,45,144
MMM,2025-02-04,2025-03-04,backfill,O:MMM250321C00160000,160.0,2025-03-21,2025-02-05,2.2,2.49,1.85,2.2,125,9,2.2,,monthly_30d_20d_otm,weekly_2_strike0,45,144
MMM,2025-02-04,2025-03-04,backfill,O:MMM250321C00160000,160.0,2025-03-21,2025-02-06,2.08,2.22,1.72,1.72,27,9,2.08,,monthly_30d_20d_otm,weekly_2_strike0,45,144
MMM,2025-02-04,2025-03-04,backfill,O:MMM250321C00160000,160.0,2025-03-21,2025-02-07,1.76,1.76,1.17,1.17,69,14,1.76,,monthly_30d_20d_otm,weekly_2_strike0,45,144
MMM,2025-02-04,2025-03-04,backfill,O:MMM250321C00160000,160.0,2025-03-21,2025-02-10,1.3,1.3,0.88,1.12,40,14,1.3,,monthly_30d_20d_otm,weekly_2_strike0,45,144
MMM,2025-02-04,2025-03-04,backfill,O:MMM250321C00160000,160.0,2025-03-21,2025-02-11,1.03,1.15,1.03,1.11,36,19,1.03,,monthly_30d_20d_otm,weekly_2_strike0,45,144
MMM,2025-02-04,2025-03-04,backfill,O:MMM250321C00160000,160.0,2025-03-21,2025-02-12,0.9,1.2,0.87,1.01,32,11,0.9,,monthly_30d_20d_otm,weekly_2_strike0,45,144
MMM,2025-02-04,2025-03-04,backfill,O:MMM250321C00160000,160.0,2025-03-21,2025-02-13,1.03,1.03,0.75,0.84,26,12,1.03,,monthly_30d_20d_otm,weekly_2_strike0,45,144
MMM,2025-02-04,2025-03-04,backfill,O:MMM250321C00160000,160.0,2025-03-21,2025-02-14,0.86,1.16,0.86,1.03,265,22,0.86,,monthly_30d_20d_otm,weekly_2_strike0,45,144
MMM,2025-02-04,2025-03-04,backfill,O:MMM250321C00160000,160.0,2025-03-21,2025-02-18,1.08,1.13,0.94,1.01,29,12,1.08,,monthly_30d_20d_otm,weekly_2_strike0,45,144
MMM,2025-02-04,2025-03-04,backfill,O:MMM250321C00160000,160.0,2025-03-21,2025-02-19,1.0,1.16,1.0,1.1,16,8,1.0,,monthly_30d_20d_otm,weekly_2_strike0,45,144
MMM,2025-02-04,2025-03-04,backfill,O:MMM250321C00160000,160.0,2025-03-21,2025-02-20,1.1,1.1,0.83,0.88,218,31,1.1,,monthly_30d_20d_otm,weekly_2_strike0,45,144
MMM,2025-02-04,2025-03-04,backfill,O:MMM250321C00160000,160.0,2025-03-21,2025-02-21,0.99,1.0,0.5,0.6,653,42,0.99,,monthly_30d_20d_otm,weekly_2_strike0,45,144
MMM,2025-02-04,2025-03-04,backfill,O:MMM250321C00160000,160.0,2025-03-21,2025-02-24,0.5,0.65,0.47,0.61,581,23,0.5,,monthly_30d_20d_otm,weekly_2_strike0,45,144
MMM,2025-02-04,2025-03-04,backfill,O:MMM250321C00160000,160.0,2025-03-21,2025-02-25,0.72,1.04,0.72,0.99,402,27,0.72,,monthly_30d_20d_otm,weekly_2_strike0,45,144
MMM,2025-02-04,2025-03-04,backfill,O:MMM250321C00160000,160.0,2025-03-21,2025-02-26,0.43,0.65,0.19,0.42,236,35,0.43,,monthly_30d_20d_otm,weekly_2_strike0,45,144
MMM,2025-02-04,2025-03-04,backfill,O:MMM250321C00160000,160.0,2025-03-21,2025-02-27,0.48,1.1,0.41,0.83,112,41,0.48,,monthly_30d_20d_otm,weekly_2_strike0,45,144
MMM,2025-02-04,2025-03-04,backfill,O:MMM250321C00160000,160.0,2025-03-21,2025-02-28,0.97,1.92,0.97,1.66,412,46,0.97,,monthly_30d_20d_otm,weekly_2_strike0,45,144
MMM,2025-02-04,2025-03-04,backfill,O:MMM250321C00160000,160.0,2025-03-21,2025-03-03,1.83,2.05,0.99,1.19,212,51,1.83,,monthly_30d_20d_otm,weekly_2_strike0,45,144
MMM,2025-02-04,2025-03-04,backfill,O:MMM250321C00160000,160.0,2025-03-21,2025-03-04,0.81,0.82,0.3,0.3,161,27,0.81,,monthly_30d_20d_otm,weekly_2_strike0,45,144
MMM,2025-12-03,2025-12-22,backfill,O:MMM260116C00175000,175.0,2026-01-16,2025-12-03,5.07,6.3,4.2,5.2,276,69,5.07,,monthly_30d_40d_otm,weekly_2_strike1,44,276
MMM,2025-12-03,2025-12-22,backfill,O:MMM260116C00175000,175.0,2026-01-16,2025-12-04,4.47,4.47,3.15,3.15,91,37,4.47,,monthly_30d_40d_otm,weekly_2_strike1,44,276
MMM,2025-12-03,2025-12-22,backfill,O:MMM260116C00175000,175.0,2026-01-16,2025-12-05,3.14,3.14,2.07,2.66,221,38,3.14,,monthly_30d_40d_otm,weekly_2_strike1,44,276
MMM,2025-12-03,2025-12-22,backfill,O:MMM260116C00175000,175.0,2026-01-16,2025-12-08,1.65,1.81,1.42,1.57,81,33,1.65,,monthly_30d_40d_otm,weekly_2_strike1,44,276
MMM,2025-12-03,2025-12-22,backfill,O:MMM260116C00175000,175.0,2026-01-16,2025-12-09,1.7,2.03,1.65,1.9,93,25,1.7,,monthly_30d_40d_otm,weekly_2_strike1,44,276
MMM,2025-12-03,2025-12-22,backfill,O:MMM260116C00175000,175.0,2026-01-16,2025-12-10,1.9,2.22,1.65,2.05,77,17,1.9,,monthly_30d_40d_otm,weekly_2_strike1,44,276
MMM,2025-12-03,2025-12-22,backfill,O:MMM260116C00175000,175.0,2026-01-16,2025-12-11,2.45,3.12,2.45,2.81,113,21,2.45,,monthly_30d_40d_otm,weekly_2_strike1,44,276
MMM,2025-12-03,2025-12-22,backfill,O:MMM260116C00175000,175.0,2026-01-16,2025-12-12,2.6,2.92,2.4,2.58,30,15,2.6,,monthly_30d_40d_otm,weekly_2_strike1,44,276
MMM,2025-12-03,2025-12-22,backfill,O:MMM260116C00175000,175.0,2026-01-16,2025-12-15,2.7,2.7,1.58,1.61,125,30,2.7,,monthly_30d_40d_otm,weekly_2_strike1,44,276
MMM,2025-12-03,2025-12-22,backfill,O:MMM260116C00175000,175.0,2026-01-16,2025-12-16,1.66,1.78,0.99,1.09,585,31,1.66,,monthly_30d_40d_otm,weekly_2_strike1,44,276
MMM,2025-12-03,2025-12-22,backfill,O:MMM260116C00175000,175.0,2026-01-16,2025-12-17,0.99,0.99,0.7,0.79,44,14,0.99,,monthly_30d_40d_otm,weekly_2_strike1,44,276
MMM,2025-12-03,2025-12-22,backfill,O:MMM260116C00175000,175.0,2026-01-16,2025-12-18,1.01,1.01,0.67,0.75,60,17,1.01,,monthly_30d_40d_otm,weekly_2_strike1,44,276
MMM,2025-12-03,2025-12-22,backfill,O:MMM260116C00175000,175.0,2026-01-16,2025-12-19,0.73,0.89,0.59,0.6,45,15,0.73,,monthly_30d_40d_otm,weekly_2_strike1,44,276
MMM,2025-12-03,2025-12-22,backfill,O:MMM260116C00175000,175.0,2026-01-16,2025-12-22,0.59,0.59,0.26,0.31,54,24,0.59,,monthly_30d_40d_otm,weekly_2_strike1,44,276
MP,2023-03-10,2023-04-06,backfill,O:MP230421C00030000,30.0,2023-04-21,2023-03-10,2.1,2.5,1.85,1.95,349,31,2.1,,monthly_30d_atm,weekly_1_strike0,42,349
MP,2023-03-10,2023-04-06,backfill,O:MP230421C00030000,30.0,2023-04-21,2023-03-13,1.72,2.4,1.5,1.95,244,27,1.72,,monthly_30d_atm,weekly_1_strike0,42,349
MP,2023-03-10,2023-04-06,backfill,O:MP230421C00030000,30.0,2023-04-21,2023-03-14,2.22,2.22,1.55,1.75,210,26,2.22,,monthly_30d_atm,weekly_1_strike0,42,349
MP,2023-03-10,2023-04-06,backfill,O:MP230421C00030000,30.0,2023-04-21,2023-03-15,1.5,1.55,1.0,1.19,418,46,1.5,,monthly_30d_atm,weekly_1_strike0,42,349
MP,2023-03-10,2023-04-06,backfill,O:MP230421C00030000,30.0,2023-04-21,2023-03-16,1.0,1.13,0.81,1.05,352,51,1.0,,monthly_30d_atm,weekly_1_strike0,42,349
MP,2023-03-10,2023-04-06,backfill,O:MP230421C00030000,30.0,2023-04-21,2023-03-17,1.1,1.1,0.62,0.85,2197,68,1.1,,monthly_30d_atm,weekly_1_strike0,42,349
MP,2023-03-10,2023-04-06,backfill,O:MP230421C00030000,30.0,2023-04-21,2023-03-20,0.9,0.97,0.65,0.7,597,88,0.9,,monthly_30d_atm,weekly_1_strike0,42,349
MP,2023-03-10,2023-04-06,backfill,O:MP230421C00030000,30.0,2023-04-21,2023-03-21,0.85,0.95,0.75,0.85,323,62,0.85,,monthly_30d_atm,weekly_1_strike0,42,349
MP,2023-03-10,2023-04-06,backfill,O:MP230421C00030000,30.0,2023-04-21,2023-03-22,0.85,0.85,0.5,0.5,605,63,0.85,,monthly_30d_atm,weekly_1_strike0,42,349
MP,2023-03-10,2023-04-06,backfill,O:MP230421C00030000,30.0,2023-04-21,2023-03-23,0.55,0.65,0.41,0.5,223,56,0.55,,monthly_30d_atm,weekly_1_strike0,42,349
MP,2023-03-10,2023-04-06,backfill,O:MP230421C00030000,30.0,2023-04-21,2023-03-24,0.4,0.45,0.3,0.32,278,40,0.4,,monthly_30d_atm,weekly_1_strike0,42,349
MP,2023-03-10,2023-04-06,backfill,O:MP230421C00030000,30.0,2023-04-21,2023-03-27,0.4,0.5,0.25,0.45,1049,42,0.4,,monthly_30d_atm,weekly_1_strike0,42,349
MP,2023-03-10,2023-04-06,backfill,O:MP230421C00030000,30.0,2023-04-21,2023-03-28,0.45,0.5,0.35,0.37,477,43,0.45,,monthly_30d_atm,weekly_1_strike0,42,349
MP,2023-03-10,2023-04-06,backfill,O:MP230421C00030000,30.0,2023-04-21,2023-03-29,0.35,0.65,0.35,0.6,622,58,0.35,,monthly_30d_atm,weekly_1_strike0,42,349
MP,2023-03-10,2023-04-06,backfill,O:MP230421C00030000,30.0,2023-04-21,2023-03-30,0.6,0.75,0.41,0.5,243,43,0.6,,monthly_30d_atm,weekly_1_strike0,42,349
MP,2023-03-10,2023-04-06,backfill,O:MP230421C00030000,30.0,2023-04-21,2023-03-31,0.5,0.75,0.46,0.62,115,41,0.5,,monthly_30d_atm,weekly_1_strike0,42,349
MP,2023-03-10,2023-04-06,backfill,O:MP230421C00030000,30.0,2023-04-21,2023-04-03,0.65,0.8,0.35,0.47,105,32,0.65,,monthly_30d_atm,weekly_1_strike0,42,349
MP,2023-03-10,2023-04-06,backfill,O:MP230421C00030000,30.0,2023-04-21,2023-04-04,0.5,0.5,0.26,0.26,149,29,0.5,,monthly_30d_atm,weekly_1_strike0,42,349
MP,2023-03-10,2023-04-06,backfill,O:MP230421C00030000,30.0,2023-04-21,2023-04-05,0.25,0.9,0.1,0.26,21631,197,0.25,,monthly_30d_atm,weekly_1_strike0,42,349
MP,2023-03-10,2023-04-06,backfill,O:MP230421C00030000,30.0,2023-04-21,2023-04-06,0.3,0.3,0.2,0.25,1384,103,0.3,,monthly_30d_atm,weekly_1_strike0,42,349
MP,2024-10-01,2024-10-28,backfill,O:MP241115C00020000,20.0,2024-11-15,2024-10-01,0.73,0.79,0.55,0.6,79,19,0.73,,monthly_45d_30d_otm,weekly_3_strike0,45,79
MP,2024-10-01,2024-10-28,backfill,O:MP241115C00020000,20.0,2024-11-15,2024-10-02,0.61,0.65,0.4,0.46,114,23,0.61,,monthly_45d_30d_otm,weekly_3_strike0,45,79
MP,2024-10-01,2024-10-28,backfill,O:MP241115C00020000,20.0,2024-11-15,2024-10-03,0.5,0.55,0.5,0.55,31,9,0.5,,monthly_45d_30d_otm,weekly_3_strike0,45,79
MP,2024-10-01,2024-10-28,backfill,O:MP241115C00020000,20.0,2024-11-15,2024-10-04,0.45,0.65,0.45,0.55,18,5,0.45,,monthly_45d_30d_otm,weekly_3_strike0,45,79
MP,2024-10-01,2024-10-28,backfill,O:MP241115C00020000,20.0,2024-11-15,2024-10-07,0.54,0.68,0.54,0.6,87,14,0.54,,monthly_45d_30d_otm,weekly_3_strike0,45,79
MP,2024-10-01,2024-10-28,backfill,O:MP241115C00020000,20.0,2024-11-15,2024-10-08,0.45,0.5,0.39,0.4,85,11,0.45,,monthly_45d_30d_otm,weekly_3_strike0,45,79
MP,2024-10-01,2024-10-28,backfill,O:MP241115C00020000,20.0,2024-11-15,2024-10-09,0.45,0.45,0.32,0.38,21,9,0.45,,monthly_45d_30d_otm,weekly_3_strike0,45,79
MP,2024-10-01,2024-10-28,backfill,O:MP241115C00020000,20.0,2024-11-15,2024-10-10,0.45,0.5,0.45,0.45,11,6,0.45,,monthly_45d_30d_otm,weekly_3_strike0,45,79
MP,2024-10-01,2024-10-28,backfill,O:MP241115C00020000,20.0,2024-11-15,2024-10-11,0.4,0.6,0.4,0.55,65,25,0.4,,monthly_45d_30d_otm,weekly_3_strike0,45,79
MP,2024-10-01,2024-10-28,backfill,O:MP241115C00020000,20.0,2024-11-15,2024-10-14,0.42,0.51,0.4,0.44,44,13,0.42,,monthly_45d_30d_otm,weekly_3_strike0,45,79
MP,2024-10-01,2024-10-28,backfill,O:MP241115C00020000,20.0,2024-11-15,2024-10-15,0.49,0.5,0.41,0.45,92,20,0.49,,monthly_45d_30d_otm,weekly_3_strike0,45,79
MP,2024-10-01,2024-10-28,backfill,O:MP241115C00020000,20.0,2024-11-15,2024-10-16,0.65,0.92,0.55,0.9,342,56,0.65,,monthly_45d_30d_otm,weekly_3_strike0,45,79
MP,2024-10-01,2024-10-28,backfill,O:MP241115C00020000,20.0,2024-11-15,2024-10-17,0.8,0.85,0.6,0.61,90,20,0.8,,monthly_45d_30d_otm,weekly_3_strike0,45,79
MP,2024-10-01,2024-10-28,backfill,O:MP241115C00020000,20.0,2024-11-15,2024-10-18,0.67,0.75,0.65,0.7,88,28,0.67,,monthly_45d_30d_otm,weekly_3_strike0,45,79
MP,2024-10-01,2024-10-28,backfill,O:MP241115C00020000,20.0,2024-11-15,2024-10-21,0.65,0.65,0.4,0.5,569,26,0.65,,monthly_45d_30d_otm,weekly_3_strike0,45,79
MP,2024-10-01,2024-10-28,backfill,O:MP241115C00020000,20.0,2024-11-15,2024-10-22,0.45,0.57,0.4,0.55,90,12,0.45,,monthly_45d_30d_otm,weekly_3_strike0,45,79
MP,2024-10-01,2024-10-28,backfill,O:MP241115C00020000,20.0,2024-11-15,2024-10-23,0.45,0.45,0.38,0.4,20,6,0.45,,monthly_45d_30d_otm,weekly_3_strike0,45,79
MP,2024-10-01,2024-10-28,backfill,O:MP241115C00020000,20.0,2024-11-15,2024-10-24,0.4,0.7,0.4,0.6,270,17,0.4,,monthly_45d_30d_otm,weekly_3_strike0,45,79
MP,2024-10-01,2024-10-28,backfill,O:MP241115C00020000,20.0,2024-11-15,2024-10-25,0.6,0.64,0.5,0.6,46,12,0.6,,monthly_45d_30d_otm,weekly_3_strike0,45,79
MP,2024-10-01,2024-10-28,backfill,O:MP241115C00020000,20.0,2024-11-15,2024-10-28,0.65,0.88,0.65,0.7,275,34,0.65,,monthly_45d_30d_otm,weekly_3_strike0,45,79
MP,2024-12-03,2024-12-18,backfill,O:MP250117C00025000,25.0,2025-01-17,2024-12-03,0.9,1.55,0.75,1.2,4520,125,0.9,,monthly_30d_35d_otm,weekly_3_strike2,45,4520
MP,2024-12-03,2024-12-18,backfill,O:MP250117C00025000,25.0,2025-01-17,2024-12-04,1.2,1.5,0.49,0.55,1707,88,1.2,,monthly_30d_35d_otm,weekly_3_strike2,45,4520
MP,2024-12-03,2024-12-18,backfill,O:MP250117C00025000,25.0,2025-01-17,2024-12-05,0.6,0.6,0.35,0.39,364,34,0.6,,monthly_30d_35d_otm,weekly_3_strike2,45,4520
MP,2024-12-03,2024-12-18,backfill,O:MP250117C00025000,25.0,2025-01-17,2024-12-06,0.52,0.52,0.25,0.25,2480,36,0.52,,monthly_30d_35d_otm,weekly_3_strike2,45,4520
MP,2024-12-03,2024-12-18,backfill,O:MP250117C00025000,25.0,2025-01-17,2024-12-09,0.31,0.5,0.31,0.35,1765,40,0.31,,monthly_30d_35d_otm,weekly_3_strike2,45,4520
MP,2024-12-03,2024-12-18,backfill,O:MP250117C00025000,25.0,2025-01-17,2024-12-10,0.3,0.35,0.21,0.25,1613,20,0.3,,monthly_30d_35d_otm,weekly_3_strike2,45,4520
MP,2024-12-03,2024-12-18,backfill,O:MP250117C00025000,25.0,2025-01-17,2024-12-11,0.25,0.25,0.16,0.21,194,17,0.25,,monthly_30d_35d_otm,weekly_3_strike2,45,4520
MP,2024-12-03,2024-12-18,backfill,O:MP250117C00025000,25.0,2025-01-17,2024-12-12,0.25,0.25,0.15,0.15,29,6,0.25,,monthly_30d_35d_otm,weekly_3_strike2,45,4520
MP,2024-12-03,2024-12-18,backfill,O:MP250117C00025000,25.0,2025-01-17,2024-12-13,0.15,0.2,0.15,0.2,253,9,0.15,,monthly_30d_35d_otm,weekly_3_strike2,45,4520
MP,2024-12-03,2024-12-18,backfill,O:MP250117C00025000,25.0,2025-01-17,2024-12-16,0.2,0.2,0.15,0.15,44,8,0.2,,monthly_30d_35d_otm,weekly_3_strike2,45,4520
MP,2024-12-03,2024-12-18,backfill,O:MP250117C00025000,25.0,2025-01-17,2024-12-17,0.19,0.19,0.15,0.19,71,7,0.19,,monthly_30d_35d_otm,weekly_3_strike2,45,4520
MP,2024-12-03,2024-12-18,backfill,O:MP250117C00025000,25.0,2025-01-17,2024-12-18,0.15,0.23,0.1,0.11,32,7,0.15,,monthly_30d_35d_otm,weekly_3_strike2,45,4520
MPC,2021-10-05,2021-11-01,backfill,O:MPC211119C00070000,70.0,2021-11-19,2021-10-05,1.07,1.15,0.71,0.92,99,16,1.07,,monthly_30d_20d_otm,weekly_2_strike0,45,99
MPC,2021-10-05,2021-11-01,backfill,O:MPC211119C00070000,70.0,2021-11-19,2021-10-06,0.67,0.73,0.62,0.73,10,3,0.67,,monthly_30d_20d_otm,weekly_2_strike0,45,99
MPC,2021-10-05,2021-11-01,backfill,O:MPC211119C00070000,70.0,2021-11-19,2021-10-07,0.94,1.0,0.85,0.87,80,17,0.94,,monthly_30d_20d_otm,weekly_2_strike0,45,99
MPC,2021-10-05,2021-11-01,backfill,O:MPC211119C00070000,70.0,2021-11-19,2021-10-08,0.91,1.19,0.87,1.16,232,24,0.91,,monthly_30d_20d_otm,weekly_2_strike0,45,99
MPC,2021-10-05,2021-11-01,backfill,O:MPC211119C00070000,70.0,2021-11-19,2021-10-11,1.38,1.4,0.96,0.96,147,24,1.38,,monthly_30d_20d_otm,weekly_2_strike0,45,99
MPC,2021-10-05,2021-11-01,backfill,O:MPC211119C00070000,70.0,2021-11-19,2021-10-12,0.97,1.1,0.95,0.95,371,16,0.97,,monthly_30d_20d_otm,weekly_2_strike0,45,99
MPC,2021-10-05,2021-11-01,backfill,O:MPC211119C00070000,70.0,2021-11-19,2021-10-13,0.85,0.98,0.77,0.97,30,6,0.85,,monthly_30d_20d_otm,weekly_2_strike0,45,99
MPC,2021-10-05,2021-11-01,backfill,O:MPC211119C00070000,70.0,2021-11-19,2021-10-14,1.08,1.22,1.06,1.18,251,29,1.08,,monthly_30d_20d_otm,weekly_2_strike0,45,99
MPC,2021-10-05,2021-11-01,backfill,O:MPC211119C00070000,70.0,2021-11-19,2021-10-15,1.33,1.49,1.16,1.16,94,13,1.33,,monthly_30d_20d_otm,weekly_2_strike0,45,99
MPC,2021-10-05,2021-11-01,backfill,O:MPC211119C00070000,70.0,2021-11-19,2021-10-18,1.3,1.3,0.86,0.89,778,18,1.3,,monthly_30d_20d_otm,weekly_2_strike0,45,99
MPC,2021-10-05,2021-11-01,backfill,O:MPC211119C00070000,70.0,2021-11-19,2021-10-19,1.06,1.1,1.01,1.03,138,10,1.06,,monthly_30d_20d_otm,weekly_2_strike0,45,99
MPC,2021-10-05,2021-11-01,backfill,O:MPC211119C00070000,70.0,2021-11-19,2021-10-20,0.86,1.15,0.74,1.14,187,12,0.86,,monthly_30d_20d_otm,weekly_2_strike0,45,99
MPC,2021-10-05,2021-11-01,backfill,O:MPC211119C00070000,70.0,2021-11-19,2021-10-21,1.34,1.34,0.92,1.02,24,5,1.34,,monthly_30d_20d_otm,weekly_2_strike0,45,99
MPC,2021-10-05,2021-11-01,backfill,O:MPC211119C00070000,70.0,2021-11-19,2021-10-22,1.12,1.15,1.08,1.15,6,4,1.12,,monthly_30d_20d_otm,weekly_2_strike0,45,99
MPC,2021-10-05,2021-11-01,backfill,O:MPC211119C00070000,70.0,2021-11-19,2021-10-25,1.4,1.55,1.25,1.3,87,16,1.4,,monthly_30d_20d_otm,weekly_2_strike0,45,99
MPC,2021-10-05,2021-11-01,backfill,O:MPC211119C00070000,70.0,2021-11-19,2021-10-26,1.35,1.65,1.22,1.6,367,30,1.35,,monthly_30d_20d_otm,weekly_2_strike0,45,99
MPC,2021-10-05,2021-11-01,backfill,O:MPC211119C00070000,70.0,2021-11-19,2021-10-27,1.29,1.29,0.8,0.8,99,16,1.29,,monthly_30d_20d_otm,weekly_2_strike0,45,99
MPC,2021-10-05,2021-11-01,backfill,O:MPC211119C00070000,70.0,2021-11-19,2021-10-28,1.06,1.06,0.73,0.78,51,12,1.06,,monthly_30d_20d_otm,weekly_2_strike0,45,99
MPC,2021-10-05,2021-11-01,backfill,O:MPC211119C00070000,70.0,2021-11-19,2021-10-29,0.77,0.77,0.59,0.6,179,11,0.77,,monthly_30d_20d_otm,weekly_2_strike0,45,99
MPC,2021-10-05,2021-11-01,backfill,O:MPC211119C00070000,70.0,2021-11-19,2021-11-01,0.96,0.96,0.84,0.87,128,13,0.96,,monthly_30d_20d_otm,weekly_2_strike0,45,99
MPC,2022-04-13,2022-05-11,backfill,O:MPC220520C00090000,90.0,2022-05-20,2022-04-13,1.96,2.37,1.93,2.37,156,28,1.96,,monthly_30d_30d_otm,weekly_2_strike0,37,156
MPC,2022-04-13,2022-05-11,backfill,O:MPC220520C00090000,90.0,2022-05-20,2022-04-14,2.55,2.56,2.27,2.29,381,14,2.55,,monthly_30d_30d_otm,weekly_2_strike0,37,156
MPC,2022-04-13,2022-05-11,backfill,O:MPC220520C00090000,90.0,2022-05-20,2022-04-18,2.5,3.74,2.5,3.38,2765,63,2.5,,monthly_30d_30d_otm,weekly_2_strike0,37,156
MPC,2022-04-13,2022-05-11,backfill,O:MPC220520C00090000,90.0,2022-05-20,2022-04-19,3.24,4.1,3.24,3.53,135,19,3.24,,monthly_30d_30d_otm,weekly_2_strike0,37,156
MPC,2022-04-13,2022-05-11,backfill,O:MPC220520C00090000,90.0,2022-05-20,2022-04-20,4.11,4.25,3.7,3.75,49,14,4.11,,monthly_30d_30d_otm,weekly_2_strike0,37,156
MPC,2022-04-13,2022-05-11,backfill,O:MPC220520C00090000,90.0,2022-05-20,2022-04-21,4.25,4.91,2.69,2.69,161,32,4.25,,monthly_30d_30d_otm,weekly_2_strike0,37,156
MPC,2022-04-13,2022-05-11,backfill,O:MPC220520C00090000,90.0,2022-05-20,2022-04-22,2.85,2.92,2.24,2.33,45,18,2.85,,monthly_30d_30d_otm,weekly_2_strike0,37,156
MPC,2022-04-13,2022-05-11,backfill,O:MPC220520C00090000,90.0,2022-05-20,2022-04-25,1.29,1.36,0.87,1.36,60,13,1.29,,monthly_30d_30d_otm,weekly_2_strike0,37,156
MPC,2022-04-13,2022-05-11,backfill,O:MPC220520C00090000,90.0,2022-05-20,2022-04-26,1.5,2.2,1.5,1.93,86,16,1.5,,monthly_30d_30d_otm,weekly_2_strike0,37,156
MPC,2022-04-13,2022-05-11,backfill,O:MPC220520C00090000,90.0,2022-05-20,2022-04-27,1.53,2.7,1.53,2.44,55,13,1.53,,monthly_30d_30d_otm,weekly_2_strike0,37,156
MPC,2022-04-13,2022-05-11,backfill,O:MPC220520C00090000,90.0,2022-05-20,2022-04-28,2.27,3.7,2.27,3.35,2311,85,2.27,,monthly_30d_30d_otm,weekly_2_strike0,37,156
MPC,2022-04-13,2022-05-11,backfill,O:MPC220520C00090000,90.0,2022-05-20,2022-04-29,3.65,3.65,2.23,2.34,724,52,3.65,,monthly_30d_30d_otm,weekly_2_strike0,37,156
MPC,2022-04-13,2022-05-11,backfill,O:MPC220520C00090000,90.0,2022-05-20,2022-05-02,2.3,2.95,1.96,2.95,282,33,2.3,,monthly_30d_30d_otm,weekly_2_strike0,37,156
MPC,2022-04-13,2022-05-11,backfill,O:MPC220520C00090000,90.0,2022-05-20,2022-05-03,2.57,4.92,2.57,4.52,1635,83,2.57,,monthly_30d_30d_otm,weekly_2_strike0,37,156
MPC,2022-04-13,2022-05-11,backfill,O:MPC220520C00090000,90.0,2022-05-20,2022-05-04,5.45,7.13,4.7,7.13,284,40,5.45,,monthly_30d_30d_otm,weekly_2_strike0,37,156
MPC,2022-04-13,2022-05-11,backfill,O:MPC220520C00090000,90.0,2022-05-20,2022-05-05,6.65,7.34,4.5,5.55,57,21,6.65,,monthly_30d_30d_otm,weekly_2_strike0,37,156
MPC,2022-04-13,2022-05-11,backfill,O:MPC220520C00090000,90.0,2022-05-20,2022-05-06,4.2,6.6,4.2,6.6,66,8,4.2,,monthly_30d_30d_otm,weekly_2_strike0,37,156
MPC,2022-04-13,2022-05-11,backfill,O:MPC220520C00090000,90.0,2022-05-20,2022-05-09,4.2,4.41,3.35,3.35,100,15,4.2,,monthly_30d_30d_otm,weekly_2_strike0,37,156
MPC,2022-04-13,2022-05-11,backfill,O:MPC220520C00090000,90.0,2022-05-20,2022-05-10,4.21,5.55,2.6,3.19,90,12,4.21,,monthly_30d_30d_otm,weekly_2_strike0,37,156
MPC,2022-04-13,2022-05-11,backfill,O:MPC220520C00090000,90.0,2022-05-20,2022-05-11,5.6,5.6,4.45,4.5,7,4,5.6,,monthly_30d_30d_otm,weekly_2_strike0,37,156
MPC,2022-10-11,2022-11-07,backfill,O:MPC221118C00115000,115.0,2022-11-18,2022-10-11,2.33,2.33,2.02,2.3,46,5,2.33,,monthly_30d_25d_otm,weekly_2_strike0,38,46
MPC,2022-10-11,2022-11-07,backfill,O:MPC221118C00115000,115.0,2022-11-18,2022-10-12,1.99,2.53,1.8,2.53,35,7,1.99,,monthly_30d_25d_otm,weekly_2_strike0,38,46
MPC,2022-10-11,2022-11-07,backfill,O:MPC221118C00115000,115.0,2022-11-18,2022-10-13,3.1,3.8,3.1,3.62,24,13,3.1,,monthly_30d_25d_otm,weekly_2_strike0,38,46
MPC,2022-10-11,2022-11-07,backfill,O:MPC221118C00115000,115.0,2022-11-18,2022-10-14,3.12,3.12,2.05,2.14,39,10,3.12,,monthly_30d_25d_otm,weekly_2_strike0,38,46
MPC,2022-10-11,2022-11-07,backfill,O:MPC221118C00115000,115.0,2022-11-18,2022-10-17,2.73,2.73,2.1,2.1,38,10,2.73,,monthly_30d_25d_otm,weekly_2_strike0,38,46
MPC,2022-10-11,2022-11-07,backfill,O:MPC221118C00115000,115.0,2022-11-18,2022-10-18,2.98,2.98,2.37,2.9,101,10,2.98,,monthly_30d_25d_otm,weekly_2_strike0,38,46
MPC,2022-10-11,2022-11-07,backfill,O:MPC221118C00115000,115.0,2022-11-18,2022-10-19,2.97,3.35,2.71,2.94,26,10,2.97,,monthly_30d_25d_otm,weekly_2_strike0,38,46
MPC,2022-10-11,2022-11-07,backfill,O:MPC221118C00115000,115.0,2022-11-18,2022-10-20,3.15,3.75,2.8,2.8,162,18,3.15,,monthly_30d_25d_otm,weekly_2_strike0,38,46
MPC,2022-10-11,2022-11-07,backfill,O:MPC221118C00115000,115.0,2022-11-18,2022-10-21,3.31,3.7,2.5,3.6,583,18,3.31,,monthly_30d_25d_otm,weekly_2_strike0,38,46
MPC,2022-10-11,2022-11-07,backfill,O:MPC221118C00115000,115.0,2022-11-18,2022-10-24,3.89,4.0,3.2,3.58,30,7,3.89,,monthly_30d_25d_otm,weekly_2_strike0,38,46
MPC,2022-10-11,2022-11-07,backfill,O:MPC221118C00115000,115.0,2022-11-18,2022-10-25,3.11,3.45,2.9,3.25,63,7,3.11,,monthly_30d_25d_otm,weekly_2_strike0,38,46
MPC,2022-10-11,2022-11-07,backfill,O:MPC221118C00115000,115.0,2022-11-18,2022-10-26,3.38,4.2,3.38,4.0,86,18,3.38,,monthly_30d_25d_otm,weekly_2_strike0,38,46
MPC,2022-10-11,2022-11-07,backfill,O:MPC221118C00115000,115.0,2022-11-18,2022-10-27,4.5,4.9,3.8,4.0,763,32,4.5,,monthly_30d_25d_otm,weekly_2_strike0,38,46
MPC,2022-10-11,2022-11-07,backfill,O:MPC221118C00115000,115.0,2022-11-18,2022-10-28,4.0,4.3,3.55,3.55,25,12,4.0,,monthly_30d_25d_otm,weekly_2_strike0,38,46
MPC,2022-10-11,2022-11-07,backfill,O:MPC221118C00115000,115.0,2022-11-18,2022-10-31,3.35,4.2,3.0,3.51,89,22,3.35,,monthly_30d_25d_otm,weekly_2_strike0,38,46
MPC,2022-10-11,2022-11-07,backfill,O:MPC221118C00115000,115.0,2022-11-18,2022-11-01,3.35,6.45,3.1,6.25,229,32,3.35,,monthly_30d_25d_otm,weekly_2_strike0,38,46
MPC,2022-10-11,2022-11-07,backfill,O:MPC221118C00115000,115.0,2022-11-18,2022-11-02,5.35,6.06,4.2,4.2,18,13,5.35,,monthly_30d_25d_otm,weekly_2_strike0,38,46
MPC,2022-10-11,2022-11-07,backfill,O:MPC221118C00115000,115.0,2022-11-18,2022-11-03,3.83,5.48,3.6,5.48,24,7,3.83,,monthly_30d_25d_otm,weekly_2_strike0,38,46
MPC,2022-10-11,2022-11-07,backfill,O:MPC221118C00115000,115.0,2022-11-18,2022-11-04,6.4,6.55,4.97,4.97,85,11,6.4,,monthly_30d_25d_otm,weekly_2_strike0,38,46
MPC,2022-10-11,2022-11-07,backfill,O:MPC221118C00115000,115.0,2022-11-18,2022-11-07,5.9,6.17,5.9,6.17,14,7,5.9,,monthly_30d_25d_otm,weekly_2_strike0,38,46
MPC,2023-08-07,2023-09-01,backfill,O:MPC230915C00145000,145.0,2023-09-15,2023-08-07,2.76,3.15,2.6,2.6,317,25,2.76,,monthly_30d_20d_otm,weekly_2_strike0,39,317
MPC,2023-08-07,2023-09-01,backfill,O:MPC230915C00145000,145.0,2023-09-15,2023-08-08,2.23,3.7,2.23,3.3,156,29,2.23,,monthly_30d_20d_otm,weekly_2_strike0,39,317
MPC,2023-08-07,2023-09-01,backfill,O:MPC230915C00145000,145.0,2023-09-15,2023-08-09,3.88,6.08,3.88,5.15,1255,37,3.88,,monthly_30d_20d_otm,weekly_2_strike0,39,317
MPC,2023-08-07,2023-09-01,backfill,O:MPC230915C00145000,145.0,2023-09-15,2023-08-10,5.0,6.2,4.6,5.15,1119,33,5.0,,monthly_30d_20d_otm,weekly_2_strike0,39,317
MPC,2023-08-07,2023-09-01,backfill,O:MPC230915C00145000,145.0,2023-09-15,2023-08-11,5.25,7.6,5.15,7.6,135,30,5.25,,monthly_30d_20d_otm,weekly_2_strike0,39,317
MPC,2023-08-07,2023-09-01,backfill,O:MPC230915C00145000,145.0,2023-09-15,2023-08-14,6.98,6.98,6.15,6.7,204,21,6.98,,monthly_30d_20d_otm,weekly_2_strike0,39,317
MPC,2023-08-07,2023-09-01,backfill,O:MPC230915C00145000,145.0,2023-09-15,2023-08-15,4.9,5.3,3.5,3.91,281,44,4.9,,monthly_30d_20d_otm,weekly_2_strike0,39,317
MPC,2023-08-07,2023-09-01,backfill,O:MPC230915C00145000,145.0,2023-09-15,2023-08-16,4.75,4.75,3.05,3.05,162,25,4.75,,monthly_30d_20d_otm,weekly_2_strike0,39,317
MPC,2023-08-07,2023-09-01,backfill,O:MPC230915C00145000,145.0,2023-09-15,2023-08-17,4.3,4.65,3.45,3.56,144,18,4.3,,monthly_30d_20d_otm,weekly_2_strike0,39,317
MPC,2023-08-07,2023-09-01,backfill,O:MPC230915C00145000,145.0,2023-09-15,2023-08-18,3.09,4.3,3.09,4.3,35,10,3.09,,monthly_30d_20d_otm,weekly_2_strike0,39,317
MPC,2023-08-07,2023-09-01,backfill,O:MPC230915C00145000,145.0,2023-09-15,2023-08-21,4.6,4.6,2.71,3.09,126,26,4.6,,monthly_30d_20d_otm,weekly_2_strike0,39,317
MPC,2023-08-07,2023-09-01,backfill,O:MPC230915C00145000,145.0,2023-09-15,2023-08-22,3.6,3.6,3.15,3.35,37,9,3.6,,monthly_30d_20d_otm,weekly_2_strike0,39,317
MPC,2023-08-07,2023-09-01,backfill,O:MPC230915C00145000,145.0,2023-09-15,2023-08-23,2.11,2.96,1.88,2.96,18,11,2.11,,monthly_30d_20d_otm,weekly_2_strike0,39,317
MPC,2023-08-07,2023-09-01,backfill,O:MPC230915C00145000,145.0,2023-09-15,2023-08-24,3.6,3.6,3.23,3.23,15,8,3.6,,monthly_30d_20d_otm,weekly_2_strike0,39,317
MPC,2023-08-07,2023-09-01,backfill,O:MPC230915C00145000,145.0,2023-09-15,2023-08-25,3.85,4.0,2.66,3.6,69,23,3.85,,monthly_30d_20d_otm,weekly_2_strike0,39,317
MPC,2023-08-07,2023-09-01,backfill,O:MPC230915C00145000,145.0,2023-09-15,2023-08-28,3.47,3.7,2.19,2.5,2876,177,3.47,,monthly_30d_20d_otm,weekly_2_strike0,39,317
MPC,2023-08-07,2023-09-01,backfill,O:MPC230915C00145000,145.0,2023-09-15,2023-08-29,2.5,2.5,1.75,2.23,516,135,2.5,,monthly_30d_20d_otm,weekly_2_strike0,39,317
MPC,2023-08-07,2023-09-01,backfill,O:MPC230915C00145000,145.0,2023-09-15,2023-08-30,2.36,2.38,1.94,1.99,327,70,2.36,,monthly_30d_20d_otm,weekly_2_strike0,39,317
MPC,2023-08-07,2023-09-01,backfill,O:MPC230915C00145000,145.0,2023-09-15,2023-08-31,2.0,2.0,0.9,1.72,480,110,2.0,,monthly_30d_20d_otm,weekly_2_strike0,39,317
MPC,2023-08-07,2023-09-01,backfill,O:MPC230915C00145000,145.0,2023-09-15,2023-09-01,2.52,3.75,2.47,3.05,1541,204,2.52,,monthly_30d_20d_otm,weekly_2_strike0,39,317
MPC,2024-03-18,2024-04-15,backfill,O:MPC240419C00205000,205.0,2024-04-19,2024-03-18,2.95,2.95,2.57,2.89,17,8,2.95,,monthly_30d_25d_otm,weekly_3_strike0,32,17
MPC,2024-03-18,2024-04-15,backfill,O:MPC240419C00205000,205.0,2024-04-19,2024-03-19,2.69,3.18,2.56,3.18,39,10,2.69,,monthly_30d_25d_otm,weekly_3_strike0,32,17
MPC,2024-03-18,2024-04-15,backfill,O:MPC240419C00205000,205.0,2024-04-19,2024-03-20,2.71,3.08,2.71,3.08,11,5,2.71,,monthly_30d_25d_otm,weekly_3_strike0,32,17
MPC,2024-03-18,2024-04-15,backfill,O:MPC240419C00205000,205.0,2024-04-19,2024-03-21,3.45,3.45,3.45,3.45,2,1,3.45,,monthly_30d_25d_otm,weekly_3_strike0,32,17
MPC,2024-03-18,2024-04-15,backfill,O:MPC240419C00205000,205.0,2024-04-19,2024-03-22,3.55,3.8,3.47,3.8,9,4,3.55,,monthly_30d_25d_otm,weekly_3_strike0,32,17
MPC,2024-03-18,2024-04-15,backfill,O:MPC240419C00205000,205.0,2024-04-19,2024-03-25,4.41,4.5,3.63,3.63,33,6,4.41,,monthly_30d_25d_otm,weekly_3_strike0,32,17
MPC,2024-03-18,2024-04-15,backfill,O:MPC240419C00205000,205.0,2024-04-19,2024-03-26,3.0,3.0,2.58,2.58,17,4,3.0,,monthly_30d_25d_otm,weekly_3_strike0,32,17
MPC,2024-03-18,2024-04-15,backfill,O:MPC240419C00205000,205.0,2024-04-19,2024-03-27,2.32,2.32,1.96,1.96,5,3,2.32,,monthly_30d_25d_otm,weekly_3_strike0,32,17
MPC,2024-03-18,2024-04-15,backfill,O:MPC240419C00205000,205.0,2024-04-19,2024-03-28,2.01,3.54,2.01,3.54,14,9,2.01,,monthly_30d_25d_otm,weekly_3_strike0,32,17
MPC,2024-03-18,2024-04-15,backfill,O:MPC240419C00205000,205.0,2024-04-19,2024-04-01,3.22,5.22,3.22,4.79,47,23,3.22,,monthly_30d_25d_otm,weekly_3_strike0,32,17
MPC,2024-03-18,2024-04-15,backfill,O:MPC240419C00205000,205.0,2024-04-19,2024-04-02,5.45,9.2,5.0,9.2,49,16,5.45,,monthly_30d_25d_otm,weekly_3_strike0,32,17
MPC,2024-03-18,2024-04-15,backfill,O:MPC240419C00205000,205.0,2024-04-19,2024-04-03,12.65,14.96,12.6,12.6,63,22,12.65,,monthly_30d_25d_otm,weekly_3_strike0,32,17
MPC,2024-03-18,2024-04-15,backfill,O:MPC240419C00205000,205.0,2024-04-19,2024-04-04,14.91,14.91,12.62,12.9,69,12,14.91,,monthly_30d_25d_otm,weekly_3_strike0,32,17
MPC,2024-03-18,2024-04-15,backfill,O:MPC240419C00205000,205.0,2024-04-19,2024-04-05,16.45,16.56,15.3,15.99,76,9,16.45,,monthly_30d_25d_otm,weekly_3_strike0,32,17
MPC,2024-03-18,2024-04-15,backfill,O:MPC240419C00205000,205.0,2024-04-19,2024-04-08,14.53,14.53,14.53,14.53,2,1,14.53,,monthly_30d_25d_otm,weekly_3_strike0,32,17
MPC,2024-03-18,2024-04-15,backfill,O:MPC240419C00205000,205.0,2024-04-19,2024-04-09,9.55,9.55,7.8,7.8,2,2,9.55,,monthly_30d_25d_otm,weekly_3_strike0,32,17
MPC,2024-03-18,2024-04-15,backfill,O:MPC240419C00205000,205.0,2024-04-19,2024-04-10,10.85,11.0,9.52,9.52,7,3,10.85,,monthly_30d_25d_otm,weekly_3_strike0,32,17
MPC,2024-03-18,2024-04-15,backfill,O:MPC240419C00205000,205.0,2024-04-19,2024-04-11,8.16,8.16,8.16,8.16,10,1,8.16,,monthly_30d_25d_otm,weekly_3_strike0,32,17
MPC,2024-03-18,2024-04-15,backfill,O:MPC240419C00205000,205.0,2024-04-19,2024-04-12,6.89,7.65,5.21,5.21,18,7,6.89,,monthly_30d_25d_otm,weekly_3_strike0,32,17
MPC,2024-03-18,2024-04-15,backfill,O:MPC240419C00205000,205.0,2024-04-19,2024-04-15,5.68,6.65,3.9,4.85,37,12,5.68,,monthly_30d_25d_otm,weekly_3_strike0,32,17
MPC,2025-10-31,2025-11-04,backfill,O:MPC251121C00200000,200.0,2025-11-21,2025-10-31,4.66,4.66,3.6,4.45,9,5,4.66,,monthly_30d_40d_otm,weekly_3_strike1,21,9
MPC,2025-10-31,2025-11-04,backfill,O:MPC251121C00200000,200.0,2025-11-21,2025-11-03,4.2,4.4,3.85,4.4,63,14,4.2,,monthly_30d_40d_otm,weekly_3_strike1,21,9
MPC,2025-10-31,2025-11-04,backfill,O:MPC251121C00200000,200.0,2025-11-21,2025-11-04,0.41,0.61,0.17,0.61,92,18,0.41,,monthly_30d_40d_otm,weekly_3_strike1,21,9
MPC,2026-03-10,2026-04-02,backfill,O:MPC260417C00230000,230.0,2026-04-17,2026-03-10,5.2,6.4,5.1,5.7,43,9,5.2,,monthly_30d_30d_otm,weekly_2_strike1,38,43
MPC,2026-03-10,2026-04-02,backfill,O:MPC260417C00230000,230.0,2026-04-17,2026-03-11,6.95,10.41,6.61,10.41,137,39,6.95,,monthly_30d_30d_otm,weekly_2_strike1,38,43
MPC,2026-03-10,2026-04-02,backfill,O:MPC260417C00230000,230.0,2026-04-17,2026-03-12,10.85,15.5,10.85,13.2,342,61,10.85,,monthly_30d_30d_otm,weekly_2_strike1,38,43
MPC,2026-03-10,2026-04-02,backfill,O:MPC260417C00230000,230.0,2026-04-17,2026-03-13,12.7,12.9,10.55,10.55,150,25,12.7,,monthly_30d_30d_otm,weekly_2_strike1,38,43
MPC,2026-03-10,2026-04-02,backfill,O:MPC260417C00230000,230.0,2026-04-17,2026-03-16,10.1,11.17,10.02,10.8,63,30,10.1,,monthly_30d_30d_otm,weekly_2_strike1,38,43
MPC,2026-03-10,2026-04-02,backfill,O:MPC260417C00230000,230.0,2026-04-17,2026-03-17,11.15,13.5,10.48,13.17,81,16,11.15,,monthly_30d_30d_otm,weekly_2_strike1,38,43
MPC,2026-03-10,2026-04-02,backfill,O:MPC260417C00230000,230.0,2026-04-17,2026-03-18,12.9,16.24,12.9,14.59,78,22,12.9,,monthly_30d_30d_otm,weekly_2_strike1,38,43
MPC,2026-03-10,2026-04-02,backfill,O:MPC260417C00230000,230.0,2026-04-17,2026-03-19,17.9,18.73,14.15,14.15,106,16,17.9,,monthly_30d_30d_otm,weekly_2_strike1,38,43
MPC,2026-03-10,2026-04-02,backfill,O:MPC260417C00230000,230.0,2026-04-17,2026-03-20,13.5,15.6,12.1,12.6,165,17,13.5,,monthly_30d_30d_otm,weekly_2_strike1,38,43
MPC,2026-03-10,2026-04-02,backfill,O:MPC260417C00230000,230.0,2026-04-17,2026-03-23,10.05,13.8,10.0,12.84,25,11,10.05,,monthly_30d_30d_otm,weekly_2_strike1,38,43
MPC,2026-03-10,2026-04-02,backfill,O:MPC260417C00230000,230.0,2026-04-17,2026-03-24,15.48,21.9,13.6,19.09,206,27,15.48,,monthly_30d_30d_otm,weekly_2_strike1,38,43
MPC,2026-03-10,2026-04-02,backfill,O:MPC260417C00230000,230.0,2026-04-17,2026-03-25,17.8,19.65,17.8,19.65,5,2,17.8,,monthly_30d_30d_otm,weekly_2_strike1,38,43
MPC,2026-03-10,2026-04-02,backfill,O:MPC260417C00230000,230.0,2026-04-17,2026-03-26,20.1,22.38,20.1,21.53,21,5,20.1,,monthly_30d_30d_otm,weekly_2_strike1,38,43
MPC,2026-03-10,2026-04-02,backfill,O:MPC260417C00230000,230.0,2026-04-17,2026-03-27,24.09,25.5,23.78,24.6,24,14,24.09,,monthly_30d_30d_otm,weekly_2_strike1,38,43
MPC,2026-03-10,2026-04-02,backfill,O:MPC260417C00230000,230.0,2026-04-17,2026-03-30,27.8,27.8,19.92,19.92,519,6,27.8,,monthly_30d_30d_otm,weekly_2_strike1,38,43
MPC,2026-03-10,2026-04-02,backfill,O:MPC260417C00230000,230.0,2026-04-17,2026-03-31,19.2,22.1,19.2,20.19,4,4,19.2,,monthly_30d_30d_otm,weekly_2_strike1,38,43
MPC,2026-03-10,2026-04-02,backfill,O:MPC260417C00230000,230.0,2026-04-17,2026-04-01,13.99,13.99,10.15,12.01,16,5,13.99,,monthly_30d_30d_otm,weekly_2_strike1,38,43
MPC,2026-03-10,2026-04-02,backfill,O:MPC260417C00230000,230.0,2026-04-17,2026-04-02,19.4,19.4,13.69,13.69,504,3,19.4,,monthly_30d_30d_otm,weekly_2_strike1,38,43
MRK,2021-07-15,2021-08-11,backfill,O:MRK210820C00080000,80.0,2021-08-20,2021-07-15,0.89,0.96,0.8,0.93,1768,43,0.89,,monthly_30d_20d_otm,weekly_2_strike0,36,1768
MRK,2021-07-15,2021-08-11,backfill,O:MRK210820C00080000,80.0,2021-08-20,2021-07-16,1.0,1.04,0.82,1.0,11830,101,1.0,,monthly_30d_20d_otm,weekly_2_strike0,36,1768
MRK,2021-07-15,2021-08-11,backfill,O:MRK210820C00080000,80.0,2021-08-20,2021-07-19,1.01,1.11,0.61,0.78,479,81,1.01,,monthly_30d_20d_otm,weekly_2_strike0,36,1768
MRK,2021-07-15,2021-08-11,backfill,O:MRK210820C00080000,80.0,2021-08-20,2021-07-20,0.82,1.08,0.46,0.5,1759,83,0.82,,monthly_30d_20d_otm,weekly_2_strike0,36,1768
MRK,2021-07-15,2021-08-11,backfill,O:MRK210820C00080000,80.0,2021-08-20,2021-07-21,0.49,0.51,0.37,0.44,1126,53,0.49,,monthly_30d_20d_otm,weekly_2_strike0,36,1768
MRK,2021-07-15,2021-08-11,backfill,O:MRK210820C00080000,80.0,2021-08-20,2021-07-22,0.39,0.5,0.38,0.47,297,33,0.39,,monthly_30d_20d_otm,weekly_2_strike0,36,1768
MRK,2021-07-15,2021-08-11,backfill,O:MRK210820C00080000,80.0,2021-08-20,2021-07-23,0.47,0.68,0.47,0.67,758,47,0.47,,monthly_30d_20d_otm,weekly_2_strike0,36,1768
MRK,2021-07-15,2021-08-11,backfill,O:MRK210820C00080000,80.0,2021-08-20,2021-07-26,0.61,0.63,0.52,0.54,464,25,0.61,,monthly_30d_20d_otm,weekly_2_strike0,36,1768
MRK,2021-07-15,2021-08-11,backfill,O:MRK210820C00080000,80.0,2021-08-20,2021-07-27,0.45,0.79,0.45,0.71,227,57,0.45,,monthly_30d_20d_otm,weekly_2_strike0,36,1768
MRK,2021-07-15,2021-08-11,backfill,O:MRK210820C00080000,80.0,2021-08-20,2021-07-28,0.51,0.91,0.51,0.86,845,53,0.51,,monthly_30d_20d_otm,weekly_2_strike0,36,1768
MRK,2021-07-15,2021-08-11,backfill,O:MRK210820C00080000,80.0,2021-08-20,2021-07-29,0.43,0.46,0.23,0.27,894,53,0.43,,monthly_30d_20d_otm,weekly_2_strike0,36,1768
MRK,2021-07-15,2021-08-11,backfill,O:MRK210820C00080000,80.0,2021-08-20,2021-07-30,0.4,0.4,0.25,0.25,207,31,0.4,,monthly_30d_20d_otm,weekly_2_strike0,36,1768
MRK,2021-07-15,2021-08-11,backfill,O:MRK210820C00080000,80.0,2021-08-20,2021-08-02,0.23,0.27,0.15,0.17,190,45,0.23,,monthly_30d_20d_otm,weekly_2_strike0,36,1768
MRK,2021-07-15,2021-08-11,backfill,O:MRK210820C00080000,80.0,2021-08-20,2021-08-03,0.18,0.21,0.16,0.17,146,43,0.18,,monthly_30d_20d_otm,weekly_2_strike0,36,1768
MRK,2021-07-15,2021-08-11,backfill,O:MRK210820C00080000,80.0,2021-08-20,2021-08-04,0.15,0.15,0.1,0.1,108,22,0.15,,monthly_30d_20d_otm,weekly_2_strike0,36,1768
MRK,2021-07-15,2021-08-11,backfill,O:MRK210820C00080000,80.0,2021-08-20,2021-08-05,0.09,0.09,0.06,0.09,290,26,0.09,,monthly_30d_20d_otm,weekly_2_strike0,36,1768
MRK,2021-07-15,2021-08-11,backfill,O:MRK210820C00080000,80.0,2021-08-20,2021-08-06,0.08,0.09,0.05,0.07,241,22,0.08,,monthly_30d_20d_otm,weekly_2_strike0,36,1768
MRK,2021-07-15,2021-08-11,backfill,O:MRK210820C00080000,80.0,2021-08-20,2021-08-09,0.06,0.1,0.06,0.08,109,23,0.06,,monthly_30d_20d_otm,weekly_2_strike0,36,1768
MRK,2021-07-15,2021-08-11,backfill,O:MRK210820C00080000,80.0,2021-08-20,2021-08-10,0.07,0.08,0.05,0.05,315,14,0.07,,monthly_30d_20d_otm,weekly_2_strike0,36,1768
MRK,2021-07-15,2021-08-11,backfill,O:MRK210820C00080000,80.0,2021-08-20,2021-08-11,0.07,0.07,0.04,0.05,88,13,0.07,,monthly_30d_20d_otm,weekly_2_strike0,36,1768
MRK,2021-10-07,2021-11-03,backfill,O:MRK211119C00085000,85.0,2021-11-19,2021-10-07,1.22,1.75,1.22,1.43,1362,107,1.22,,monthly_30d_35d_otm,weekly_2_strike0,43,1362
MRK,2021-10-07,2021-11-03,backfill,O:MRK211119C00085000,85.0,2021-11-19,2021-10-08,1.37,1.37,1.0,1.02,1336,94,1.37,,monthly_30d_35d_otm,weekly_2_strike0,43,1362
MRK,2021-10-07,2021-11-03,backfill,O:MRK211119C00085000,85.0,2021-11-19,2021-10-11,1.02,1.23,0.79,0.81,1778,129,1.02,,monthly_30d_35d_otm,weekly_2_strike0,43,1362
MRK,2021-10-07,2021-11-03,backfill,O:MRK211119C00085000,85.0,2021-11-19,2021-10-12,0.81,0.85,0.67,0.72,2400,98,0.81,,monthly_30d_35d_otm,weekly_2_strike0,43,1362
MRK,2021-10-07,2021-11-03,backfill,O:MRK211119C00085000,85.0,2021-11-19,2021-10-13,0.69,0.7,0.56,0.59,1261,95,0.69,,monthly_30d_35d_otm,weekly_2_strike0,43,1362
MRK,2021-10-07,2021-11-03,backfill,O:MRK211119C00085000,85.0,2021-11-19,2021-10-14,0.59,0.59,0.35,0.39,1006,98,0.59,,monthly_30d_35d_otm,weekly_2_strike0,43,1362
MRK,2021-10-07,2021-11-03,backfill,O:MRK211119C00085000,85.0,2021-11-19,2021-10-15,0.39,0.44,0.3,0.33,3434,98,0.39,,monthly_30d_35d_otm,weekly_2_strike0,43,1362
MRK,2021-10-07,2021-11-03,backfill,O:MRK211119C00085000,85.0,2021-11-19,2021-10-18,0.33,0.34,0.21,0.21,631,65,0.33,,monthly_30d_35d_otm,weekly_2_strike0,43,1362
MRK,2021-10-07,2021-11-03,backfill,O:MRK211119C00085000,85.0,2021-11-19,2021-10-19,0.29,0.37,0.27,0.37,3061,70,0.29,,monthly_30d_35d_otm,weekly_2_strike0,43,1362
MRK,2021-10-07,2021-11-03,backfill,O:MRK211119C00085000,85.0,2021-11-19,2021-10-20,0.34,0.68,0.34,0.59,11546,118,0.34,,monthly_30d_35d_otm,weekly_2_strike0,43,1362
MRK,2021-10-07,2021-11-03,backfill,O:MRK211119C00085000,85.0,2021-11-19,2021-10-21,0.6,0.6,0.47,0.56,807,51,0.6,,monthly_30d_35d_otm,weekly_2_strike0,43,1362
MRK,2021-10-07,2021-11-03,backfill,O:MRK211119C00085000,85.0,2021-11-19,2021-10-22,0.57,0.64,0.5,0.56,296,60,0.57,,monthly_30d_35d_otm,weekly_2_strike0,43,1362
MRK,2021-10-07,2021-11-03,backfill,O:MRK211119C00085000,85.0,2021-11-19,2021-10-25,0.48,0.69,0.35,0.68,613,57,0.48,,monthly_30d_35d_otm,weekly_2_strike0,43,1362
MRK,2021-10-07,2021-11-03,backfill,O:MRK211119C00085000,85.0,2021-11-19,2021-10-26,0.66,0.86,0.66,0.8,4568,98,0.66,,monthly_30d_35d_otm,weekly_2_strike0,43,1362
MRK,2021-10-07,2021-11-03,backfill,O:MRK211119C00085000,85.0,2021-11-19,2021-10-27,0.81,0.81,0.59,0.65,606,54,0.81,,monthly_30d_35d_otm,weekly_2_strike0,43,1362
MRK,2021-10-07,2021-11-03,backfill,O:MRK211119C00085000,85.0,2021-11-19,2021-10-28,1.0,3.17,0.87,2.89,10819,210,1.0,,monthly_30d_35d_otm,weekly_2_strike0,43,1362
MRK,2021-10-07,2021-11-03,backfill,O:MRK211119C00085000,85.0,2021-11-19,2021-10-29,2.85,4.15,2.6,3.85,1864,106,2.85,,monthly_30d_35d_otm,weekly_2_strike0,43,1362
MRK,2021-10-07,2021-11-03,backfill,O:MRK211119C00085000,85.0,2021-11-19,2021-11-01,3.9,4.2,3.25,3.55,1994,55,3.9,,monthly_30d_35d_otm,weekly_2_strike0,43,1362
MRK,2021-10-07,2021-11-03,backfill,O:MRK211119C00085000,85.0,2021-11-19,2021-11-02,3.83,5.7,3.22,4.43,4271,81,3.83,,monthly_30d_35d_otm,weekly_2_strike0,43,1362
MRK,2021-10-07,2021-11-03,backfill,O:MRK211119C00085000,85.0,2021-11-19,2021-11-03,4.3,4.7,3.82,4.15,336,35,4.3,,monthly_30d_35d_otm,weekly_2_strike0,43,1362
MRK,2022-04-13,2022-05-11,backfill,O:MRK220617C00090000,90.0,2022-06-17,2022-04-13,1.36,1.5,1.2,1.48,573,29,1.36,,monthly_60d_20d_otm,weekly_2_strike0,65,573
MRK,2022-04-13,2022-05-11,backfill,O:MRK220617C00090000,90.0,2022-06-17,2022-04-14,1.45,1.98,1.35,1.8,656,44,1.45,,monthly_60d_20d_otm,weekly_2_strike0,65,573
MRK,2022-04-13,2022-05-11,backfill,O:MRK220617C00090000,90.0,2022-06-17,2022-04-18,1.7,1.81,1.38,1.38,56,19,1.7,,monthly_60d_20d_otm,weekly_2_strike0,65,573
MRK,2022-04-13,2022-05-11,backfill,O:MRK220617C00090000,90.0,2022-06-17,2022-04-19,1.18,1.33,1.13,1.2,120,17,1.18,,monthly_60d_20d_otm,weekly_2_strike0,65,573
MRK,2022-04-13,2022-05-11,backfill,O:MRK220617C00090000,90.0,2022-06-17,2022-04-20,1.2,1.4,1.18,1.35,126,16,1.2,,monthly_60d_20d_otm,weekly_2_strike0,65,573
MRK,2022-04-13,2022-05-11,backfill,O:MRK220617C00090000,90.0,2022-06-17,2022-04-21,1.41,1.63,1.08,1.46,735,29,1.41,,monthly_60d_20d_otm,weekly_2_strike0,65,573
MRK,2022-04-13,2022-05-11,backfill,O:MRK220617C00090000,90.0,2022-06-17,2022-04-22,1.24,1.24,0.97,1.01,286,23,1.24,,monthly_60d_20d_otm,weekly_2_strike0,65,573
MRK,2022-04-13,2022-05-11,backfill,O:MRK220617C00090000,90.0,2022-06-17,2022-04-25,0.95,1.34,0.82,1.34,10307,26,0.95,,monthly_60d_20d_otm,weekly_2_strike0,65,573
MRK,2022-04-13,2022-05-11,backfill,O:MRK220617C00090000,90.0,2022-06-17,2022-04-26,1.25,1.33,0.98,1.06,84,19,1.25,,monthly_60d_20d_otm,weekly_2_strike0,65,573
MRK,2022-04-13,2022-05-11,backfill,O:MRK220617C00090000,90.0,2022-06-17,2022-04-27,0.99,1.04,0.99,1.01,55,10,0.99,,monthly_60d_20d_otm,weekly_2_strike0,65,573
MRK,2022-04-13,2022-05-11,backfill,O:MRK220617C00090000,90.0,2022-06-17,2022-04-28,1.21,2.42,1.21,2.07,856,103,1.21,,monthly_60d_20d_otm,weekly_2_strike0,65,573
MRK,2022-04-13,2022-05-11,backfill,O:MRK220617C00090000,90.0,2022-06-17,2022-04-29,2.15,2.84,1.91,2.35,272,48,2.15,,monthly_60d_20d_otm,weekly_2_strike0,65,573
MRK,2022-04-13,2022-05-11,backfill,O:MRK220617C00090000,90.0,2022-06-17,2022-05-02,2.33,2.33,1.48,1.75,302,44,2.33,,monthly_60d_20d_otm,weekly_2_strike0,65,573
MRK,2022-04-13,2022-05-11,backfill,O:MRK220617C00090000,90.0,2022-06-17,2022-05-03,1.32,1.82,1.32,1.45,505,34,1.32,,monthly_60d_20d_otm,weekly_2_strike0,65,573
MRK,2022-04-13,2022-05-11,backfill,O:MRK220617C00090000,90.0,2022-06-17,2022-05-04,1.2,1.89,1.2,1.81,1265,47,1.2,,monthly_60d_20d_otm,weekly_2_strike0,65,573
MRK,2022-04-13,2022-05-11,backfill,O:MRK220617C00090000,90.0,2022-06-17,2022-05-05,1.67,1.85,1.4,1.72,305,33,1.67,,monthly_60d_20d_otm,weekly_2_strike0,65,573
MRK,2022-04-13,2022-05-11,backfill,O:MRK220617C00090000,90.0,2022-06-17,2022-05-06,1.59,2.14,1.59,1.9,508,37,1.59,,monthly_60d_20d_otm,weekly_2_strike0,65,573
MRK,2022-04-13,2022-05-11,backfill,O:MRK220617C00090000,90.0,2022-06-17,2022-05-09,1.69,1.8,1.37,1.7,595,57,1.69,,monthly_60d_20d_otm,weekly_2_strike0,65,573
MRK,2022-04-13,2022-05-11,backfill,O:MRK220617C00090000,90.0,2022-06-17,2022-05-10,1.76,2.21,1.5,1.54,497,70,1.76,,monthly_60d_20d_otm,weekly_2_strike0,65,573
MRK,2022-04-13,2022-05-11,backfill,O:MRK220617C00090000,90.0,2022-06-17,2022-05-11,1.72,3.15,1.72,2.39,2221,119,1.72,,monthly_60d_20d_otm,weekly_2_strike0,65,573
MRK,2022-10-21,2022-11-17,backfill,O:MRK221118C00095000,95.0,2022-11-18,2022-10-21,1.82,3.35,1.82,3.11,814,70,1.82,,monthly_30d_35d_otm,weekly_1_strike0,28,814
MRK,2022-10-21,2022-11-17,backfill,O:MRK221118C00095000,95.0,2022-11-18,2022-10-24,3.6,5.1,3.6,4.39,5110,49,3.6,,monthly_30d_35d_otm,weekly_1_strike0,28,814
MRK,2022-10-21,2022-11-17,backfill,O:MRK221118C00095000,95.0,2022-11-18,2022-10-25,3.8,4.87,3.8,4.65,80,25,3.8,,monthly_30d_35d_otm,weekly_1_strike0,28,814
MRK,2022-10-21,2022-11-17,backfill,O:MRK221118C00095000,95.0,2022-11-18,2022-10-26,5.02,5.45,4.9,5.02,53,15,5.02,,monthly_30d_35d_otm,weekly_1_strike0,28,814
MRK,2022-10-21,2022-11-17,backfill,O:MRK221118C00095000,95.0,2022-11-18,2022-10-27,7.4,7.4,5.73,5.73,168,36,7.4,,monthly_30d_35d_otm,weekly_1_strike0,28,814
MRK,2022-10-21,2022-11-17,backfill,O:MRK221118C00095000,95.0,2022-11-18,2022-10-28,5.2,6.6,4.92,6.5,65,17,5.2,,monthly_30d_35d_otm,weekly_1_strike0,28,814
MRK,2022-10-21,2022-11-17,backfill,O:MRK221118C00095000,95.0,2022-11-18,2022-10-31,5.49,6.85,5.49,6.75,42,15,5.49,,monthly_30d_35d_otm,weekly_1_strike0,28,814
MRK,2022-10-21,2022-11-17,backfill,O:MRK221118C00095000,95.0,2022-11-18,2022-11-01,6.25,6.25,5.0,5.5,86,14,6.25,,monthly_30d_35d_otm,weekly_1_strike0,28,814
MRK,2022-10-21,2022-11-17,backfill,O:MRK221118C00095000,95.0,2022-11-18,2022-11-02,5.2,6.35,5.2,5.2,74,18,5.2,,monthly_30d_35d_otm,weekly_1_strike0,28,814
MRK,2022-10-21,2022-11-17,backfill,O:MRK221118C00095000,95.0,2022-11-18,2022-11-03,4.63,4.75,4.15,4.45,227,10,4.63,,monthly_30d_35d_otm,weekly_1_strike0,28,814
MRK,2022-10-21,2022-11-17,backfill,O:MRK221118C00095000,95.0,2022-11-18,2022-11-04,4.3,4.65,3.9,4.61,150,9,4.3,,monthly_30d_35d_otm,weekly_1_strike0,28,814
MRK,2022-10-21,2022-11-17,backfill,O:MRK221118C00095000,95.0,2022-11-18,2022-11-07,4.4,5.53,4.4,5.53,478,19,4.4,,monthly_30d_35d_otm,weekly_1_strike0,28,814
MRK,2022-10-21,2022-11-17,backfill,O:MRK221118C00095000,95.0,2022-11-18,2022-11-08,5.88,7.14,5.88,6.91,397,15,5.88,,monthly_30d_35d_otm,weekly_1_strike0,28,814
MRK,2022-10-21,2022-11-17,backfill,O:MRK221118C00095000,95.0,2022-11-18,2022-11-09,8.07,8.74,6.75,6.75,114,29,8.07,,monthly_30d_35d_otm,weekly_1_strike0,28,814
MRK,2022-10-21,2022-11-17,backfill,O:MRK221118C00095000,95.0,2022-11-18,2022-11-10,6.9,7.11,5.84,7.04,93,22,6.9,,monthly_30d_35d_otm,weekly_1_strike0,28,814
MRK,2022-10-21,2022-11-17,backfill,O:MRK221118C00095000,95.0,2022-11-18,2022-11-11,5.92,5.92,3.05,3.31,205,35,5.92,,monthly_30d_35d_otm,weekly_1_strike0,28,814
MRK,2022-10-21,2022-11-17,backfill,O:MRK221118C00095000,95.0,2022-11-18,2022-11-14,5.8,6.74,5.5,5.82,587,32,5.8,,monthly_30d_35d_otm,weekly_1_strike0,28,814
MRK,2022-10-21,2022-11-17,backfill,O:MRK221118C00095000,95.0,2022-11-18,2022-11-15,5.31,5.69,3.95,4.35,531,32,5.31,,monthly_30d_35d_otm,weekly_1_strike0,28,814
MRK,2022-10-21,2022-11-17,backfill,O:MRK221118C00095000,95.0,2022-11-18,2022-11-16,5.5,5.85,4.8,5.24,168,20,5.5,,monthly_30d_35d_otm,weekly_1_strike0,28,814
MRK,2022-10-21,2022-11-17,backfill,O:MRK221118C00095000,95.0,2022-11-18,2022-11-17,6.15,7.33,5.92,7.08,149,25,6.15,,monthly_30d_35d_otm,weekly_1_strike0,28,814
MRK,2024-01-11,2024-02-08,backfill,O:MRK240216C00125000,125.0,2024-02-16,2024-01-11,0.78,0.84,0.64,0.7,106,12,0.78,,monthly_30d_20d_otm,weekly_2_strike0,36,106
MRK,2024-01-11,2024-02-08,backfill,O:MRK240216C00125000,125.0,2024-02-16,2024-01-12,0.68,0.71,0.62,0.65,81,11,0.68,,monthly_30d_20d_otm,weekly_2_strike0,36,106
MRK,2024-01-11,2024-02-08,backfill,O:MRK240216C00125000,125.0,2024-02-16,2024-01-16,0.66,0.84,0.61,0.62,272,24,0.66,,monthly_30d_20d_otm,weekly_2_strike0,36,106
MRK,2024-01-11,2024-02-08,backfill,O:MRK240216C00125000,125.0,2024-02-16,2024-01-17,0.72,0.74,0.52,0.52,26,8,0.72,,monthly_30d_20d_otm,weekly_2_strike0,36,106
MRK,2024-01-11,2024-02-08,backfill,O:MRK240216C00125000,125.0,2024-02-16,2024-01-18,0.38,0.71,0.16,0.57,179,18,0.38,,monthly_30d_20d_otm,weekly_2_strike0,36,106
MRK,2024-01-11,2024-02-08,backfill,O:MRK240216C00125000,125.0,2024-02-16,2024-01-19,0.45,0.59,0.45,0.51,190,21,0.45,,monthly_30d_20d_otm,weekly_2_strike0,36,106
MRK,2024-01-11,2024-02-08,backfill,O:MRK240216C00125000,125.0,2024-02-16,2024-01-22,0.54,0.73,0.52,0.65,74,24,0.54,,monthly_30d_20d_otm,weekly_2_strike0,36,106
MRK,2024-01-11,2024-02-08,backfill,O:MRK240216C00125000,125.0,2024-02-16,2024-01-23,0.39,0.67,0.37,0.67,75,15,0.39,,monthly_30d_20d_otm,weekly_2_strike0,36,106
MRK,2024-01-11,2024-02-08,backfill,O:MRK240216C00125000,125.0,2024-02-16,2024-01-24,0.52,0.55,0.44,0.55,29,8,0.52,,monthly_30d_20d_otm,weekly_2_strike0,36,106
MRK,2024-01-11,2024-02-08,backfill,O:MRK240216C00125000,125.0,2024-02-16,2024-01-25,0.51,0.68,0.51,0.67,168,9,0.51,,monthly_30d_20d_otm,weekly_2_strike0,36,106
MRK,2024-01-11,2024-02-08,backfill,O:MRK240216C00125000,125.0,2024-02-16,2024-01-26,0.88,0.88,0.69,0.8,180,17,0.88,,monthly_30d_20d_otm,weekly_2_strike0,36,106
MRK,2024-01-11,2024-02-08,backfill,O:MRK240216C00125000,125.0,2024-02-16,2024-01-29,0.93,0.93,0.69,0.9,143,18,0.93,,monthly_30d_20d_otm,weekly_2_strike0,36,106
MRK,2024-01-11,2024-02-08,backfill,O:MRK240216C00125000,125.0,2024-02-16,2024-01-30,0.74,0.89,0.63,0.84,97,22,0.74,,monthly_30d_20d_otm,weekly_2_strike0,36,106
MRK,2024-01-11,2024-02-08,backfill,O:MRK240216C00125000,125.0,2024-02-16,2024-01-31,1.16,1.16,0.74,0.74,589,37,1.16,,monthly_30d_20d_otm,weekly_2_strike0,36,106
MRK,2024-01-11,2024-02-08,backfill,O:MRK240216C00125000,125.0,2024-02-16,2024-02-01,1.45,2.59,1.05,2.59,1386,93,1.45,,monthly_30d_20d_otm,weekly_2_strike0,36,106
MRK,2024-01-11,2024-02-08,backfill,O:MRK240216C00125000,125.0,2024-02-16,2024-02-02,3.05,3.1,2.45,2.91,287,38,3.05,,monthly_30d_20d_otm,weekly_2_strike0,36,106
MRK,2024-01-11,2024-02-08,backfill,O:MRK240216C00125000,125.0,2024-02-16,2024-02-05,2.39,3.45,2.11,2.57,184,31,2.39,,monthly_30d_20d_otm,weekly_2_strike0,36,106
MRK,2024-01-11,2024-02-08,backfill,O:MRK240216C00125000,125.0,2024-02-16,2024-02-06,2.71,3.14,2.49,2.7,52,12,2.71,,monthly_30d_20d_otm,weekly_2_strike0,36,106
MRK,2024-01-11,2024-02-08,backfill,O:MRK240216C00125000,125.0,2024-02-16,2024-02-07,2.5,3.3,2.5,3.05,34,13,2.5,,monthly_30d_20d_otm,weekly_2_strike0,36,106
MRK,2024-01-11,2024-02-08,backfill,O:MRK240216C00125000,125.0,2024-02-16,2024-02-08,2.42,2.42,1.8,2.13,91,27,2.42,,monthly_30d_20d_otm,weekly_2_strike0,36,106
MRK,2025-04-30,2025-05-14,backfill,O:MRK250620C00090000,90.0,2025-06-20,2025-04-30,1.89,2.2,1.68,1.92,738,52,1.89,,monthly_45d_35d_otm,weekly_2_strike0,51,738
MRK,2025-04-30,2025-05-14,backfill,O:MRK250620C00090000,90.0,2025-06-20,2025-05-01,1.35,1.76,1.35,1.4,627,38,1.35,,monthly_45d_35d_otm,weekly_2_strike0,51,738
MRK,2025-04-30,2025-05-14,backfill,O:MRK250620C00090000,90.0,2025-06-20,2025-05-02,1.55,1.55,1.12,1.17,1191,103,1.55,,monthly_45d_35d_otm,weekly_2_strike0,51,738
MRK,2025-04-30,2025-05-14,backfill,O:MRK250620C00090000,90.0,2025-06-20,2025-05-05,1.21,1.21,0.92,1.04,1010,71,1.21,,monthly_45d_35d_otm,weekly_2_strike0,51,738
MRK,2025-04-30,2025-05-14,backfill,O:MRK250620C00090000,90.0,2025-06-20,2025-05-06,0.84,1.03,0.57,0.59,692,84,0.84,,monthly_45d_35d_otm,weekly_2_strike0,51,738
MRK,2025-04-30,2025-05-14,backfill,O:MRK250620C00090000,90.0,2025-06-20,2025-05-07,0.88,0.88,0.51,0.6,243,48,0.88,,monthly_45d_35d_otm,weekly_2_strike0,51,738
MRK,2025-04-30,2025-05-14,backfill,O:MRK250620C00090000,90.0,2025-06-20,2025-05-08,0.49,0.5,0.35,0.36,301,45,0.49,,monthly_45d_35d_otm,weekly_2_strike0,51,738
MRK,2025-04-30,2025-05-14,backfill,O:MRK250620C00090000,90.0,2025-06-20,2025-05-09,0.4,0.42,0.26,0.27,254,51,0.4,,monthly_45d_35d_otm,weekly_2_strike0,51,738
MRK,2025-04-30,2025-05-14,backfill,O:MRK250620C00090000,90.0,2025-06-20,2025-05-12,0.28,0.62,0.26,0.5,423,76,0.28,,monthly_45d_35d_otm,weekly_2_strike0,51,738
MRK,2025-04-30,2025-05-14,backfill,O:MRK250620C00090000,90.0,2025-06-20,2025-05-13,0.33,0.36,0.26,0.29,352,47,0.33,,monthly_45d_35d_otm,weekly_2_strike0,51,738
MRK,2025-04-30,2025-05-14,backfill,O:MRK250620C00090000,90.0,2025-06-20,2025-05-14,0.24,0.27,0.17,0.18,679,41,0.24,,monthly_45d_35d_otm,weekly_2_strike0,51,738
MRK,2025-07-07,2025-08-01,backfill,O:MRK250815C00085000,85.0,2025-08-15,2025-07-07,1.8,2.24,1.8,2.03,662,69,1.8,,monthly_30d_25d_otm,weekly_2_strike0,39,662
MRK,2025-07-07,2025-08-01,backfill,O:MRK250815C00085000,85.0,2025-08-15,2025-07-08,2.04,2.6,1.85,2.11,823,98,2.04,,monthly_30d_25d_otm,weekly_2_strike0,39,662
MRK,2025-07-07,2025-08-01,backfill,O:MRK250815C00085000,85.0,2025-08-15,2025-07-09,2.38,3.5,2.38,3.14,731,102,2.38,,monthly_30d_25d_otm,weekly_2_strike0,39,662
MRK,2025-07-07,2025-08-01,backfill,O:MRK250815C00085000,85.0,2025-08-15,2025-07-10,2.5,3.75,2.5,3.2,370,73,2.5,,monthly_30d_25d_otm,weekly_2_strike0,39,662
MRK,2025-07-07,2025-08-01,backfill,O:MRK250815C00085000,85.0,2025-08-15,2025-07-11,3.25,3.25,2.34,2.75,147,53,3.25,,monthly_30d_25d_otm,weekly_2_strike0,39,662
MRK,2025-07-07,2025-08-01,backfill,O:MRK250815C00085000,85.0,2025-08-15,2025-07-14,2.7,3.22,2.7,2.89,323,53,2.7,,monthly_30d_25d_otm,weekly_2_strike0,39,662
MRK,2025-07-07,2025-08-01,backfill,O:MRK250815C00085000,85.0,2025-08-15,2025-07-15,3.0,3.1,1.9,2.0,316,72,3.0,,monthly_30d_25d_otm,weekly_2_strike0,39,662
MRK,2025-07-07,2025-08-01,backfill,O:MRK250815C00085000,85.0,2025-08-15,2025-07-16,1.98,2.39,1.98,2.33,659,58,1.98,,monthly_30d_25d_otm,weekly_2_strike0,39,662
MRK,2025-07-07,2025-08-01,backfill,O:MRK250815C00085000,85.0,2025-08-15,2025-07-17,2.3,2.3,1.83,1.88,848,64,2.3,,monthly_30d_25d_otm,weekly_2_strike0,39,662
MRK,2025-07-07,2025-08-01,backfill,O:MRK250815C00085000,85.0,2025-08-15,2025-07-18,1.91,1.91,1.31,1.38,500,68,1.91,,monthly_30d_25d_otm,weekly_2_strike0,39,662
MRK,2025-07-07,2025-08-01,backfill,O:MRK250815C00085000,85.0,2025-08-15,2025-07-21,1.5,1.5,0.98,1.07,570,82,1.5,,monthly_30d_25d_otm,weekly_2_strike0,39,662
MRK,2025-07-07,2025-08-01,backfill,O:MRK250815C00085000,85.0,2025-08-15,2025-07-22,1.29,1.84,1.22,1.79,845,100,1.29,,monthly_30d_25d_otm,weekly_2_strike0,39,662
MRK,2025-07-07,2025-08-01,backfill,O:MRK250815C00085000,85.0,2025-08-15,2025-07-23,2.2,2.78,2.0,2.78,596,88,2.2,,monthly_30d_25d_otm,weekly_2_strike0,39,662
MRK,2025-07-07,2025-08-01,backfill,O:MRK250815C00085000,85.0,2025-08-15,2025-07-24,2.55,2.77,2.38,2.72,157,38,2.55,,monthly_30d_25d_otm,weekly_2_strike0,39,662
MRK,2025-07-07,2025-08-01,backfill,O:MRK250815C00085000,85.0,2025-08-15,2025-07-25,2.61,3.05,2.27,2.84,587,88,2.61,,monthly_30d_25d_otm,weekly_2_strike0,39,662
MRK,2025-07-07,2025-08-01,backfill,O:MRK250815C00085000,85.0,2025-08-15,2025-07-28,2.53,2.88,2.28,2.39,501,79,2.53,,monthly_30d_25d_otm,weekly_2_strike0,39,662
MRK,2025-07-07,2025-08-01,backfill,O:MRK250815C00085000,85.0,2025-08-15,2025-07-29,0.41,1.15,0.2,1.15,1252,135,0.41,,monthly_30d_25d_otm,weekly_2_strike0,39,662
MRK,2025-07-07,2025-08-01,backfill,O:MRK250815C00085000,85.0,2025-08-15,2025-07-30,1.28,1.35,0.71,0.77,455,69,1.28,,monthly_30d_25d_otm,weekly_2_strike0,39,662
MRK,2025-07-07,2025-08-01,backfill,O:MRK250815C00085000,85.0,2025-08-15,2025-07-31,0.45,0.63,0.2,0.21,989,90,0.45,,monthly_30d_25d_otm,weekly_2_strike0,39,662
MRK,2025-07-07,2025-08-01,backfill,O:MRK250815C00085000,85.0,2025-08-15,2025-08-01,0.22,0.39,0.18,0.26,555,33,0.22,,monthly_30d_25d_otm,weekly_2_strike0,39,662
MRK,2025-10-03,2025-10-30,backfill,O:MRK251121C00095000,95.0,2025-11-21,2025-10-03,1.55,2.3,1.51,1.89,1010,78,1.55,,monthly_30d_35d_otm,weekly_1_strike0,49,1010
MRK,2025-10-03,2025-10-30,backfill,O:MRK251121C00095000,95.0,2025-11-21,2025-10-06,1.85,2.25,1.66,1.7,127,39,1.85,,monthly_30d_35d_otm,weekly_1_strike0,49,1010
MRK,2025-10-03,2025-10-30,backfill,O:MRK251121C00095000,95.0,2025-11-21,2025-10-07,1.78,1.78,1.29,1.35,720,49,1.78,,monthly_30d_35d_otm,weekly_1_strike0,49,1010
MRK,2025-10-03,2025-10-30,backfill,O:MRK251121C00095000,95.0,2025-11-21,2025-10-08,1.33,1.44,1.03,1.05,186,38,1.33,,monthly_30d_35d_otm,weekly_1_strike0,49,1010
MRK,2025-10-03,2025-10-30,backfill,O:MRK251121C00095000,95.0,2025-11-21,2025-10-09,1.2,1.41,1.11,1.33,1927,109,1.2,,monthly_30d_35d_otm,weekly_1_strike0,49,1010
MRK,2025-10-03,2025-10-30,backfill,O:MRK251121C00095000,95.0,2025-11-21,2025-10-10,1.39,1.5,0.98,0.99,2472,70,1.39,,monthly_30d_35d_otm,weekly_1_strike0,49,1010
MRK,2025-10-03,2025-10-30,backfill,O:MRK251121C00095000,95.0,2025-11-21,2025-10-13,0.88,1.05,0.8,0.81,917,52,0.88,,monthly_30d_35d_otm,weekly_1_strike0,49,1010
MRK,2025-10-03,2025-10-30,backfill,O:MRK251121C00095000,95.0,2025-11-21,2025-10-14,0.81,0.86,0.62,0.71,291,51,0.81,,monthly_30d_35d_otm,weekly_1_strike0,49,1010
MRK,2025-10-03,2025-10-30,backfill,O:MRK251121C00095000,95.0,2025-11-21,2025-10-15,0.61,0.61,0.5,0.54,237,37,0.61,,monthly_30d_35d_otm,weekly_1_strike0,49,1010
MRK,2025-10-03,2025-10-30,backfill,O:MRK251121C00095000,95.0,2025-11-21,2025-10-16,0.57,0.71,0.52,0.53,254,32,0.57,,monthly_30d_35d_otm,weekly_1_strike0,49,1010
MRK,2025-10-03,2025-10-30,backfill,O:MRK251121C00095000,95.0,2025-11-21,2025-10-17,0.58,0.67,0.45,0.67,576,56,0.58,,monthly_30d_35d_otm,weekly_1_strike0,49,1010
MRK,2025-10-03,2025-10-30,backfill,O:MRK251121C00095000,95.0,2025-11-21,2025-10-20,0.67,0.95,0.67,0.84,871,78,0.67,,monthly_30d_35d_otm,weekly_1_strike0,49,1010
MRK,2025-10-03,2025-10-30,backfill,O:MRK251121C00095000,95.0,2025-11-21,2025-10-21,0.94,0.99,0.82,0.98,121,26,0.94,,monthly_30d_35d_otm,weekly_1_strike0,49,1010
MRK,2025-10-03,2025-10-30,backfill,O:MRK251121C00095000,95.0,2025-11-21,2025-10-22,0.98,1.2,0.9,0.93,1944,55,0.98,,monthly_30d_35d_otm,weekly_1_strike0,49,1010
MRK,2025-10-03,2025-10-30,backfill,O:MRK251121C00095000,95.0,2025-11-21,2025-10-23,0.91,1.16,0.65,0.7,392,62,0.91,,monthly_30d_35d_otm,weekly_1_strike0,49,1010
MRK,2025-10-03,2025-10-30,backfill,O:MRK251121C00095000,95.0,2025-11-21,2025-10-24,0.79,0.82,0.66,0.66,74,24,0.79,,monthly_30d_35d_otm,weekly_1_strike0,49,1010
MRK,2025-10-03,2025-10-30,backfill,O:MRK251121C00095000,95.0,2025-11-21,2025-10-27,0.95,0.95,0.62,0.7,101,31,0.95,,monthly_30d_35d_otm,weekly_1_strike0,49,1010
MRK,2025-10-03,2025-10-30,backfill,O:MRK251121C00095000,95.0,2025-11-21,2025-10-28,0.65,0.68,0.54,0.59,601,32,0.65,,monthly_30d_35d_otm,weekly_1_strike0,49,1010
MRK,2025-10-03,2025-10-30,backfill,O:MRK251121C00095000,95.0,2025-11-21,2025-10-29,0.58,0.65,0.41,0.53,325,38,0.58,,monthly_30d_35d_otm,weekly_1_strike0,49,1010
MRK,2025-10-03,2025-10-30,backfill,O:MRK251121C00095000,95.0,2025-11-21,2025-10-30,0.15,0.35,0.11,0.26,500,53,0.15,,monthly_30d_35d_otm,weekly_1_strike0,49,1010
MRK,2025-11-14,2025-12-12,backfill,O:MRK251219C00095000,95.0,2025-12-19,2025-11-14,2.36,3.15,1.63,2.2,1514,140,2.36,,monthly_30d_35d_otm,weekly_1_strike0,35,1514
MRK,2025-11-14,2025-12-12,backfill,O:MRK251219C00095000,95.0,2025-12-19,2025-11-17,2.25,2.95,2.11,2.13,497,86,2.25,,monthly_30d_35d_otm,weekly_1_strike0,35,1514
MRK,2025-11-14,2025-12-12,backfill,O:MRK251219C00095000,95.0,2025-12-19,2025-11-18,2.11,4.95,2.11,4.05,2141,146,2.11,,monthly_30d_35d_otm,weekly_1_strike0,35,1514
MRK,2025-11-14,2025-12-12,backfill,O:MRK251219C00095000,95.0,2025-12-19,2025-11-19,3.37,4.33,2.5,3.15,2867,91,3.37,,monthly_30d_35d_otm,weekly_1_strike0,35,1514
MRK,2025-11-14,2025-12-12,backfill,O:MRK251219C00095000,95.0,2025-12-19,2025-11-20,3.0,3.2,2.34,2.91,3776,65,3.0,,monthly_30d_35d_otm,weekly_1_strike0,35,1514
MRK,2025-11-14,2025-12-12,backfill,O:MRK251219C00095000,95.0,2025-12-19,2025-11-21,3.3,6.65,3.3,4.5,4555,117,3.3,,monthly_30d_35d_otm,weekly_1_strike0,35,1514
MRK,2025-11-14,2025-12-12,backfill,O:MRK251219C00095000,95.0,2025-12-19,2025-11-24,6.5,8.0,6.5,6.65,487,80,6.5,,monthly_30d_35d_otm,weekly_1_strike0,35,1514
MRK,2025-11-14,2025-12-12,backfill,O:MRK251219C00095000,95.0,2025-12-19,2025-11-25,7.75,10.95,7.75,10.9,381,53,7.75,,monthly_30d_35d_otm,weekly_1_strike0,35,1514
MRK,2025-11-14,2025-12-12,backfill,O:MRK251219C00095000,95.0,2025-12-19,2025-11-26,10.33,11.05,9.92,9.95,612,61,10.33,,monthly_30d_35d_otm,weekly_1_strike0,35,1514
MRK,2025-11-14,2025-12-12,backfill,O:MRK251219C00095000,95.0,2025-12-19,2025-11-28,10.35,10.45,9.61,10.0,94,19,10.35,,monthly_30d_35d_otm,weekly_1_strike0,35,1514
MRK,2025-11-14,2025-12-12,backfill,O:MRK251219C00095000,95.0,2025-12-19,2025-12-01,10.31,10.31,7.5,7.65,76,27,10.31,,monthly_30d_35d_otm,weekly_1_strike0,35,1514
MRK,2025-11-14,2025-12-12,backfill,O:MRK251219C00095000,95.0,2025-12-19,2025-12-02,6.25,6.68,6.0,6.68,37,15,6.25,,monthly_30d_35d_otm,weekly_1_strike0,35,1514
MRK,2025-11-14,2025-12-12,backfill,O:MRK251219C00095000,95.0,2025-12-19,2025-12-03,7.6,8.1,7.34,7.88,40,15,7.6,,monthly_30d_35d_otm,weekly_1_strike0,35,1514
MRK,2025-11-14,2025-12-12,backfill,O:MRK251219C00095000,95.0,2025-12-19,2025-12-04,6.85,7.03,6.0,6.09,179,18,6.85,,monthly_30d_35d_otm,weekly_1_strike0,35,1514
MRK,2025-11-14,2025-12-12,backfill,O:MRK251219C00095000,95.0,2025-12-19,2025-12-05,6.75,6.94,4.89,5.45,129,26,6.75,,monthly_30d_35d_otm,weekly_1_strike0,35,1514
MRK,2025-11-14,2025-12-12,backfill,O:MRK251219C00095000,95.0,2025-12-19,2025-12-08,4.51,4.6,3.35,4.22,296,13,4.51,,monthly_30d_35d_otm,weekly_1_strike0,35,1514
MRK,2025-11-14,2025-12-12,backfill,O:MRK251219C00095000,95.0,2025-12-19,2025-12-09,3.81,3.96,1.92,2.5,651,38,3.81,,monthly_30d_35d_otm,weekly_1_strike0,35,1514
MRK,2025-11-14,2025-12-12,backfill,O:MRK251219C00095000,95.0,2025-12-19,2025-12-10,3.15,3.15,2.09,3.05,96,23,3.15,,monthly_30d_35d_otm,weekly_1_strike0,35,1514
MRK,2025-11-14,2025-12-12,backfill,O:MRK251219C00095000,95.0,2025-12-19,2025-12-11,3.51,4.13,2.9,4.0,169,29,3.51,,monthly_30d_35d_otm,weekly_1_strike0,35,1514
MRK,2025-11-14,2025-12-12,backfill,O:MRK251219C00095000,95.0,2025-12-19,2025-12-12,4.62,5.58,4.37,5.35,75029,57,4.62,,monthly_30d_35d_otm,weekly_1_strike0,35,1514
MRK,2026-04-02,2026-04-02,backfill,O:MRK260515C00125000,125.0,2026-05-15,2026-04-02,4.05,4.05,3.09,3.35,549,25,4.05,,monthly_30d_25d_otm,weekly_2_strike0,43,549
MRNA,2020-12-03,2020-12-31,backfill,O:MRNA210115C00165000,165.0,2021-01-15,2020-12-03,17.55,23.97,17.5,23.95,149,43,17.55,,monthly_30d_35d_otm,weekly_2_strike0,43,149
MRNA,2020-12-03,2020-12-31,backfill,O:MRNA210115C00165000,165.0,2021-01-15,2020-12-04,24.45,24.45,18.65,21.1,244,54,24.45,,monthly_30d_35d_otm,weekly_2_strike0,43,149
MRNA,2020-12-03,2020-12-31,backfill,O:MRNA210115C00165000,165.0,2021-01-15,2020-12-07,21.5,26.29,21.1,23.62,564,123,21.5,,monthly_30d_35d_otm,weekly_2_strike0,43,149
MRNA,2020-12-03,2020-12-31,backfill,O:MRNA210115C00165000,165.0,2021-01-15,2020-12-08,26.27,29.75,25.05,27.99,539,127,26.27,,monthly_30d_35d_otm,weekly_2_strike0,43,149
MRNA,2020-12-03,2020-12-31,backfill,O:MRNA210115C00165000,165.0,2021-01-15,2020-12-09,28.3,28.3,14.95,20.4,930,162,28.3,,monthly_30d_35d_otm,weekly_2_strike0,43,149
MRNA,2020-12-03,2020-12-31,backfill,O:MRNA210115C00165000,165.0,2021-01-15,2020-12-10,17.47,21.5,15.83,19.0,264,47,17.47,,monthly_30d_35d_otm,weekly_2_strike0,43,149
MRNA,2020-12-03,2020-12-31,backfill,O:MRNA210115C00165000,165.0,2021-01-15,2020-12-11,20.72,22.56,18.01,18.35,307,64,20.72,,monthly_30d_35d_otm,weekly_2_strike0,43,149
MRNA,2020-12-03,2020-12-31,backfill,O:MRNA210115C00165000,165.0,2021-01-15,2020-12-14,21.5,21.5,15.39,16.15,235,71,21.5,,monthly_30d_35d_otm,weekly_2_strike0,43,149
MRNA,2020-12-03,2020-12-31,backfill,O:MRNA210115C00165000,165.0,2021-01-15,2020-12-15,17.49,17.49,11.0,12.45,302,84,17.49,,monthly_30d_35d_otm,weekly_2_strike0,43,149
MRNA,2020-12-03,2020-12-31,backfill,O:MRNA210115C00165000,165.0,2021-01-15,2020-12-16,8.15,10.4,6.85,8.25,338,81,8.15,,monthly_30d_35d_otm,weekly_2_strike0,43,149
MRNA,2020-12-03,2020-12-31,backfill,O:MRNA210115C00165000,165.0,2021-01-15,2020-12-17,8.45,11.9,8.45,10.26,226,66,8.45,,monthly_30d_35d_otm,weekly_2_strike0,43,149
MRNA,2020-12-03,2020-12-31,backfill,O:MRNA210115C00165000,165.0,2021-01-15,2020-12-18,9.71,9.71,7.5,8.0,196,79,9.71,,monthly_30d_35d_otm,weekly_2_strike0,43,149
MRNA,2020-12-03,2020-12-31,backfill,O:MRNA210115C00165000,165.0,2021-01-15,2020-12-21,9.36,10.89,5.2,5.2,137,56,9.36,,monthly_30d_35d_otm,weekly_2_strike0,43,149
MRNA,2020-12-03,2020-12-31,backfill,O:MRNA210115C00165000,165.0,2021-01-15,2020-12-22,5.55,5.55,2.48,3.0,466,84,5.55,,monthly_30d_35d_otm,weekly_2_strike0,43,149
MRNA,2020-12-03,2020-12-31,backfill,O:MRNA210115C00165000,165.0,2021-01-15,2020-12-23,1.99,3.52,1.53,2.98,272,57,1.99,,monthly_30d_35d_otm,weekly_2_strike0,43,149
MRNA,2020-12-03,2020-12-31,backfill,O:MRNA210115C00165000,165.0,2021-01-15,2020-12-24,2.28,2.54,1.89,1.89,75,23,2.28,,monthly_30d_35d_otm,weekly_2_strike0,43,149
MRNA,2020-12-03,2020-12-31,backfill,O:MRNA210115C00165000,165.0,2021-01-15,2020-12-28,1.54,1.59,0.58,0.65,155,54,1.54,,monthly_30d_35d_otm,weekly_2_strike0,43,149
MRNA,2020-12-03,2020-12-31,backfill,O:MRNA210115C00165000,165.0,2021-01-15,2020-12-29,0.4,0.66,0.4,0.55,177,31,0.4,,monthly_30d_35d_otm,weekly_2_strike0,43,149
MRNA,2020-12-03,2020-12-31,backfill,O:MRNA210115C00165000,165.0,2021-01-15,2020-12-30,0.69,0.9,0.38,0.44,57,19,0.69,,monthly_30d_35d_otm,weekly_2_strike0,43,149
MRNA,2020-12-03,2020-12-31,backfill,O:MRNA210115C00165000,165.0,2021-01-15,2020-12-31,0.41,0.42,0.22,0.29,137,32,0.41,,monthly_30d_35d_otm,weekly_2_strike0,43,149
MRNA,2021-06-10,2021-07-08,backfill,O:MRNA210716C00240000,240.0,2021-07-16,2021-06-10,7.4,9.24,5.0,7.25,1990,68,7.4,,monthly_30d_25d_otm,weekly_2_strike1,36,1990
MRNA,2021-06-10,2021-07-08,backfill,O:MRNA210716C00240000,240.0,2021-07-16,2021-06-11,6.05,7.0,5.91,7.0,217,25,6.05,,monthly_30d_25d_otm,weekly_2_strike1,36,1990
MRNA,2021-06-10,2021-07-08,backfill,O:MRNA210716C00240000,240.0,2021-07-16,2021-06-14,5.5,5.8,2.95,3.05,318,66,5.5,,monthly_30d_25d_otm,weekly_2_strike1,36,1990
MRNA,2021-06-10,2021-07-08,backfill,O:MRNA210716C00240000,240.0,2021-07-16,2021-06-15,2.67,3.3,1.83,2.38,154,32,2.67,,monthly_30d_25d_otm,weekly_2_strike1,36,1990
MRNA,2021-06-10,2021-07-08,backfill,O:MRNA210716C00240000,240.0,2021-07-16,2021-06-16,2.09,2.7,1.55,2.01,166,23,2.09,,monthly_30d_25d_otm,weekly_2_strike1,36,1990
MRNA,2021-06-10,2021-07-08,backfill,O:MRNA210716C00240000,240.0,2021-07-16,2021-06-17,2.26,2.32,1.95,2.0,23,8,2.26,,monthly_30d_25d_otm,weekly_2_strike1,36,1990
MRNA,2021-06-10,2021-07-08,backfill,O:MRNA210716C00240000,240.0,2021-07-16,2021-06-18,1.84,1.84,0.91,1.5,1408,34,1.84,,monthly_30d_25d_otm,weekly_2_strike1,36,1990
MRNA,2021-06-10,2021-07-08,backfill,O:MRNA210716C00240000,240.0,2021-07-16,2021-06-21,1.96,2.97,1.95,2.65,306,57,1.96,,monthly_30d_25d_otm,weekly_2_strike1,36,1990
MRNA,2021-06-10,2021-07-08,backfill,O:MRNA210716C00240000,240.0,2021-07-16,2021-06-22,3.0,6.0,3.0,5.85,511,80,3.0,,monthly_30d_25d_otm,weekly_2_strike1,36,1990
MRNA,2021-06-10,2021-07-08,backfill,O:MRNA210716C00240000,240.0,2021-07-16,2021-06-23,5.47,6.4,1.99,3.1,492,86,5.47,,monthly_30d_25d_otm,weekly_2_strike1,36,1990
MRNA,2021-06-10,2021-07-08,backfill,O:MRNA210716C00240000,240.0,2021-07-16,2021-06-24,3.6,5.1,3.3,4.5,384,59,3.6,,monthly_30d_25d_otm,weekly_2_strike1,36,1990
MRNA,2021-06-10,2021-07-08,backfill,O:MRNA210716C00240000,240.0,2021-07-16,2021-06-25,4.35,6.3,3.45,4.22,979,88,4.35,,monthly_30d_25d_otm,weekly_2_strike1,36,1990
MRNA,2021-06-10,2021-07-08,backfill,O:MRNA210716C00240000,240.0,2021-07-16,2021-06-28,5.19,5.39,3.15,4.6,140,50,5.19,,monthly_30d_25d_otm,weekly_2_strike1,36,1990
MRNA,2021-06-10,2021-07-08,backfill,O:MRNA210716C00240000,240.0,2021-07-16,2021-06-29,4.2,12.15,4.2,9.1,1514,176,4.2,,monthly_30d_25d_otm,weekly_2_strike1,36,1990
MRNA,2021-06-10,2021-07-08,backfill,O:MRNA210716C00240000,240.0,2021-07-16,2021-06-30,10.0,15.35,7.0,8.0,1557,163,10.0,,monthly_30d_25d_otm,weekly_2_strike1,36,1990
MRNA,2021-06-10,2021-07-08,backfill,O:MRNA210716C00240000,240.0,2021-07-16,2021-07-01,8.45,8.47,5.65,7.78,541,82,8.45,,monthly_30d_25d_otm,weekly_2_strike1,36,1990
MRNA,2021-06-10,2021-07-08,backfill,O:MRNA210716C00240000,240.0,2021-07-16,2021-07-02,8.01,8.95,5.15,6.5,497,95,8.01,,monthly_30d_25d_otm,weekly_2_strike1,36,1990
MRNA,2021-06-10,2021-07-08,backfill,O:MRNA210716C00240000,240.0,2021-07-16,2021-07-06,4.5,5.81,3.15,5.35,1173,132,4.5,,monthly_30d_25d_otm,weekly_2_strike1,36,1990
MRNA,2021-06-10,2021-07-08,backfill,O:MRNA210716C00240000,240.0,2021-07-16,2021-07-07,4.3,4.3,1.88,2.04,497,101,4.3,,monthly_30d_25d_otm,weekly_2_strike1,36,1990
MRNA,2021-06-10,2021-07-08,backfill,O:MRNA210716C00240000,240.0,2021-07-16,2021-07-08,0.64,6.3,0.64,4.5,2495,199,0.64,,monthly_30d_25d_otm,weekly_2_strike1,36,1990
MRNA,2022-06-23,2022-07-21,backfill,O:MRNA220715C00155000,155.0,2022-07-15,2022-06-23,2.86,4.6,2.67,4.6,272,29,2.86,,monthly_30d_25d_otm,weekly_2_strike0,22,272
MRNA,2022-06-23,2022-07-21,backfill,O:MRNA220715C00155000,155.0,2022-07-15,2022-06-24,5.0,5.0,3.2,4.51,223,35,5.0,,monthly_30d_25d_otm,weekly_2_strike0,22,272
MRNA,2022-06-23,2022-07-21,backfill,O:MRNA220715C00155000,155.0,2022-07-15,2022-06-27,3.74,5.1,3.05,4.7,488,27,3.74,,monthly_30d_25d_otm,weekly_2_strike0,22,272
MRNA,2022-06-23,2022-07-21,backfill,O:MRNA220715C00155000,155.0,2022-07-15,2022-06-28,5.9,5.9,3.15,3.55,717,26,5.9,,monthly_30d_25d_otm,weekly_2_strike0,22,272
MRNA,2022-06-23,2022-07-21,backfill,O:MRNA220715C00155000,155.0,2022-07-15,2022-06-29,3.55,4.02,2.96,3.72,71,12,3.55,,monthly_30d_25d_otm,weekly_2_strike0,22,272
MRNA,2022-06-23,2022-07-21,backfill,O:MRNA220715C00155000,155.0,2022-07-15,2022-06-30,3.08,4.5,3.08,3.63,75,10,3.08,,monthly_30d_25d_otm,weekly_2_strike0,22,272
MRNA,2022-06-23,2022-07-21,backfill,O:MRNA220715C00155000,155.0,2022-07-15,2022-07-01,4.22,6.12,4.22,5.75,566,60,4.22,,monthly_30d_25d_otm,weekly_2_strike0,22,272
MRNA,2022-06-23,2022-07-21,backfill,O:MRNA220715C00155000,155.0,2022-07-15,2022-07-05,5.5,10.2,4.35,7.75,522,82,5.5,,monthly_30d_25d_otm,weekly_2_strike0,22,272
MRNA,2022-06-23,2022-07-21,backfill,O:MRNA220715C00155000,155.0,2022-07-15,2022-07-06,6.56,10.4,5.8,9.3,349,58,6.56,,monthly_30d_25d_otm,weekly_2_strike0,22,272
MRNA,2022-06-23,2022-07-21,backfill,O:MRNA220715C00155000,155.0,2022-07-15,2022-07-07,9.22,19.69,9.22,17.98,89,43,9.22,,monthly_30d_25d_otm,weekly_2_strike0,22,272
MRNA,2022-06-23,2022-07-21,backfill,O:MRNA220715C00155000,155.0,2022-07-15,2022-07-08,17.09,26.05,17.09,22.2,117,36,17.09,,monthly_30d_25d_otm,weekly_2_strike0,22,272
MRNA,2022-06-23,2022-07-21,backfill,O:MRNA220715C00155000,155.0,2022-07-15,2022-07-11,18.95,24.48,17.8,20.56,117,23,18.95,,monthly_30d_25d_otm,weekly_2_strike0,22,272
MRNA,2022-06-23,2022-07-21,backfill,O:MRNA220715C00155000,155.0,2022-07-15,2022-07-12,20.35,21.17,16.45,17.54,27,12,20.35,,monthly_30d_25d_otm,weekly_2_strike0,22,272
MRNA,2022-06-23,2022-07-21,backfill,O:MRNA220715C00155000,155.0,2022-07-15,2022-07-13,19.82,21.75,17.07,17.3,60,17,19.82,,monthly_30d_25d_otm,weekly_2_strike0,22,272
MRNA,2022-06-23,2022-07-21,backfill,O:MRNA220715C00155000,155.0,2022-07-15,2022-07-14,11.42,11.42,3.7,5.4,137,41,11.42,,monthly_30d_25d_otm,weekly_2_strike0,22,272
MRNA,2022-06-23,2022-07-21,backfill,O:MRNA220715C00155000,155.0,2022-07-15,2022-07-15,6.07,11.5,2.19,11.45,115,45,6.07,,monthly_30d_25d_otm,weekly_2_strike0,22,272
MRNA,2022-11-04,2022-12-02,backfill,O:MRNA221216C00175000,175.0,2022-12-16,2022-11-04,4.0,8.05,4.0,7.62,180,27,4.0,,monthly_30d_25d_otm,weekly_1_strike0,42,180
MRNA,2022-11-04,2022-12-02,backfill,O:MRNA221216C00175000,175.0,2022-12-16,2022-11-07,8.4,10.4,8.4,9.45,63,22,8.4,,monthly_30d_25d_otm,weekly_1_strike0,42,180
MRNA,2022-11-04,2022-12-02,backfill,O:MRNA221216C00175000,175.0,2022-12-16,2022-11-08,8.1,10.45,7.9,9.35,29,11,8.1,,monthly_30d_25d_otm,weekly_1_strike0,42,180
MRNA,2022-11-04,2022-12-02,backfill,O:MRNA221216C00175000,175.0,2022-12-16,2022-11-09,11.2,11.36,9.85,9.85,216,9,11.2,,monthly_30d_25d_otm,weekly_1_strike0,42,180
MRNA,2022-11-04,2022-12-02,backfill,O:MRNA221216C00175000,175.0,2022-12-16,2022-11-10,9.82,10.55,8.0,10.55,87,21,9.82,,monthly_30d_25d_otm,weekly_1_strike0,42,180
MRNA,2022-11-04,2022-12-02,backfill,O:MRNA221216C00175000,175.0,2022-12-16,2022-11-11,8.5,11.64,8.21,11.55,104,23,8.5,,monthly_30d_25d_otm,weekly_1_strike0,42,180
MRNA,2022-11-04,2022-12-02,backfill,O:MRNA221216C00175000,175.0,2022-12-16,2022-11-14,14.8,18.45,14.2,15.72,188,55,14.8,,monthly_30d_25d_otm,weekly_1_strike0,42,180
MRNA,2022-11-04,2022-12-02,backfill,O:MRNA221216C00175000,175.0,2022-12-16,2022-11-15,18.7,21.37,17.25,20.45,95,19,18.7,,monthly_30d_25d_otm,weekly_1_strike0,42,180
MRNA,2022-11-04,2022-12-02,backfill,O:MRNA221216C00175000,175.0,2022-12-16,2022-11-16,19.95,19.95,18.35,19.36,32,8,19.95,,monthly_30d_25d_otm,weekly_1_strike0,42,180
MRNA,2022-11-04,2022-12-02,backfill,O:MRNA221216C00175000,175.0,2022-12-16,2022-11-17,18.1,18.1,16.49,16.49,22,8,18.1,,monthly_30d_25d_otm,weekly_1_strike0,42,180
MRNA,2022-11-04,2022-12-02,backfill,O:MRNA221216C00175000,175.0,2022-12-16,2022-11-18,18.95,21.27,16.95,17.7,47,14,18.95,,monthly_30d_25d_otm,weekly_1_strike0,42,180
MRNA,2022-11-04,2022-12-02,backfill,O:MRNA221216C00175000,175.0,2022-12-16,2022-11-21,14.0,14.28,12.35,12.41,960,27,14.0,,monthly_30d_25d_otm,weekly_1_strike0,42,180
MRNA,2022-11-04,2022-12-02,backfill,O:MRNA221216C00175000,175.0,2022-12-16,2022-11-22,12.9,14.07,9.9,14.07,42,18,12.9,,monthly_30d_25d_otm,weekly_1_strike0,42,180
MRNA,2022-11-04,2022-12-02,backfill,O:MRNA221216C00175000,175.0,2022-12-16,2022-11-23,12.27,12.27,11.6,11.9,47,9,12.27,,monthly_30d_25d_otm,weekly_1_strike0,42,180
MRNA,2022-11-04,2022-12-02,backfill,O:MRNA221216C00175000,175.0,2022-12-16,2022-11-25,12.55,12.55,11.14,11.14,10,4,12.55,,monthly_30d_25d_otm,weekly_1_strike0,42,180
MRNA,2022-11-04,2022-12-02,backfill,O:MRNA221216C00175000,175.0,2022-12-16,2022-11-28,12.45,15.2,10.75,10.75,223,23,12.45,,monthly_30d_25d_otm,weekly_1_strike0,42,180
MRNA,2022-11-04,2022-12-02,backfill,O:MRNA221216C00175000,175.0,2022-12-16,2022-11-29,10.4,12.15,9.35,9.95,126,14,10.4,,monthly_30d_25d_otm,weekly_1_strike0,42,180
MRNA,2022-11-04,2022-12-02,backfill,O:MRNA221216C00175000,175.0,2022-12-16,2022-11-30,8.0,10.2,7.04,9.7,102,28,8.0,,monthly_30d_25d_otm,weekly_1_strike0,42,180
MRNA,2022-11-04,2022-12-02,backfill,O:MRNA221216C00175000,175.0,2022-12-16,2022-12-01,8.35,15.15,8.35,12.85,53,14,8.35,,monthly_30d_25d_otm,weekly_1_strike0,42,180
MRNA,2022-11-04,2022-12-02,backfill,O:MRNA221216C00175000,175.0,2022-12-16,2022-12-02,12.8,13.5,11.63,13.5,23,9,12.8,,monthly_30d_25d_otm,weekly_1_strike0,42,180
MRNA,2024-01-08,2024-02-05,backfill,O:MRNA240216C00125000,125.0,2024-02-16,2024-01-08,3.98,4.63,3.0,4.4,322,64,3.98,,monthly_30d_30d_otm,weekly_2_strike0,39,322
MRNA,2024-01-08,2024-02-05,backfill,O:MRNA240216C00125000,125.0,2024-02-16,2024-01-09,3.7,3.85,2.28,2.54,191,55,3.7,,monthly_30d_30d_otm,weekly_2_strike0,39,322
MRNA,2024-01-08,2024-02-05,backfill,O:MRNA240216C00125000,125.0,2024-02-16,2024-01-10,1.95,2.19,1.77,2.19,133,40,1.95,,monthly_30d_30d_otm,weekly_2_strike0,39,322
MRNA,2024-01-08,2024-02-05,backfill,O:MRNA240216C00125000,125.0,2024-02-16,2024-01-11,1.8,2.03,1.44,1.48,127,45,1.8,,monthly_30d_30d_otm,weekly_2_strike0,39,322
MRNA,2024-01-08,2024-02-05,backfill,O:MRNA240216C00125000,125.0,2024-02-16,2024-01-12,1.89,2.41,1.28,1.28,96,40,1.89,,monthly_30d_30d_otm,weekly_2_strike0,39,322
MRNA,2024-01-08,2024-02-05,backfill,O:MRNA240216C00125000,125.0,2024-02-16,2024-01-16,1.34,1.34,0.47,0.72,202,68,1.34,,monthly_30d_30d_otm,weekly_2_strike0,39,322
MRNA,2024-01-08,2024-02-05,backfill,O:MRNA240216C00125000,125.0,2024-02-16,2024-01-17,0.47,0.73,0.41,0.57,97,36,0.47,,monthly_30d_30d_otm,weekly_2_strike0,39,322
MRNA,2024-01-08,2024-02-05,backfill,O:MRNA240216C00125000,125.0,2024-02-16,2024-01-18,0.46,0.46,0.32,0.42,93,32,0.46,,monthly_30d_30d_otm,weekly_2_strike0,39,322
MRNA,2024-01-08,2024-02-05,backfill,O:MRNA240216C00125000,125.0,2024-02-16,2024-01-19,0.49,0.54,0.36,0.44,124,26,0.49,,monthly_30d_30d_otm,weekly_2_strike0,39,322
MRNA,2024-01-08,2024-02-05,backfill,O:MRNA240216C00125000,125.0,2024-02-16,2024-01-22,0.57,0.58,0.3,0.36,76,30,0.57,,monthly_30d_30d_otm,weekly_2_strike0,39,322
MRNA,2024-01-08,2024-02-05,backfill,O:MRNA240216C00125000,125.0,2024-02-16,2024-01-23,0.3,0.43,0.28,0.42,142,22,0.3,,monthly_30d_30d_otm,weekly_2_strike0,39,322
MRNA,2024-01-08,2024-02-05,backfill,O:MRNA240216C00125000,125.0,2024-02-16,2024-01-24,0.45,0.5,0.33,0.33,31,16,0.45,,monthly_30d_30d_otm,weekly_2_strike0,39,322
MRNA,2024-01-08,2024-02-05,backfill,O:MRNA240216C00125000,125.0,2024-02-16,2024-01-25,0.41,0.44,0.3,0.37,67,13,0.41,,monthly_30d_30d_otm,weekly_2_strike0,39,322
MRNA,2024-01-08,2024-02-05,backfill,O:MRNA240216C00125000,125.0,2024-02-16,2024-01-26,0.42,0.42,0.26,0.31,37,15,0.42,,monthly_30d_30d_otm,weekly_2_strike0,39,322
MRNA,2024-01-08,2024-02-05,backfill,O:MRNA240216C00125000,125.0,2024-02-16,2024-01-29,0.27,0.52,0.18,0.41,24,13,0.27,,monthly_30d_30d_otm,weekly_2_strike0,39,322
MRNA,2024-01-08,2024-02-05,backfill,O:MRNA240216C00125000,125.0,2024-02-16,2024-01-30,0.22,0.25,0.22,0.22,14,4,0.22,,monthly_30d_30d_otm,weekly_2_strike0,39,322
MRNA,2024-01-08,2024-02-05,backfill,O:MRNA240216C00125000,125.0,2024-02-16,2024-01-31,0.23,0.24,0.18,0.18,11,7,0.23,,monthly_30d_30d_otm,weekly_2_strike0,39,322
MRNA,2024-01-08,2024-02-05,backfill,O:MRNA240216C00125000,125.0,2024-02-16,2024-02-01,0.09,0.13,0.06,0.1,31,6,0.09,,monthly_30d_30d_otm,weekly_2_strike0,39,322
MRNA,2024-01-08,2024-02-05,backfill,O:MRNA240216C00125000,125.0,2024-02-16,2024-02-02,0.05,0.1,0.05,0.06,25,7,0.05,,monthly_30d_30d_otm,weekly_2_strike0,39,322
MRNA,2024-01-08,2024-02-05,backfill,O:MRNA240216C00125000,125.0,2024-02-16,2024-02-05,0.07,0.07,0.02,0.05,39,7,0.07,,monthly_30d_30d_otm,weekly_2_strike0,39,322
MRVL,2021-11-19,2021-12-17,backfill,O:MRVL211217C00075000,75.0,2021-12-17,2021-11-19,3.31,3.98,3.2,3.29,488,89,3.31,,monthly_30d_atm,weekly_1_strike0,28,488
MRVL,2021-11-19,2021-12-17,backfill,O:MRVL211217C00075000,75.0,2021-12-17,2021-11-22,3.7,4.05,2.25,2.83,381,92,3.7,,monthly_30d_atm,weekly_1_strike0,28,488
MRVL,2021-11-19,2021-12-17,backfill,O:MRVL211217C00075000,75.0,2021-12-17,2021-11-23,2.43,2.9,1.9,2.7,180,39,2.43,,monthly_30d_atm,weekly_1_strike0,28,488
MRVL,2021-11-19,2021-12-17,backfill,O:MRVL211217C00075000,75.0,2021-12-17,2021-11-24,2.33,2.97,2.21,2.95,78,28,2.33,,monthly_30d_atm,weekly_1_strike0,28,488
MRVL,2021-11-19,2021-12-17,backfill,O:MRVL211217C00075000,75.0,2021-12-17,2021-11-26,2.65,3.2,2.25,2.25,166,31,2.65,,monthly_30d_atm,weekly_1_strike0,28,488
MRVL,2021-11-19,2021-12-17,backfill,O:MRVL211217C00075000,75.0,2021-12-17,2021-11-29,2.7,3.57,2.51,3.4,1032,91,2.7,,monthly_30d_atm,weekly_1_strike0,28,488
MRVL,2021-11-19,2021-12-17,backfill,O:MRVL211217C00075000,75.0,2021-12-17,2021-11-30,3.21,3.65,2.1,2.13,817,109,3.21,,monthly_30d_atm,weekly_1_strike0,28,488
MRVL,2021-11-19,2021-12-17,backfill,O:MRVL211217C00075000,75.0,2021-12-17,2021-12-01,2.64,3.65,2.15,2.45,517,100,2.64,,monthly_30d_atm,weekly_1_strike0,28,488
MRVL,2021-11-19,2021-12-17,backfill,O:MRVL211217C00075000,75.0,2021-12-17,2021-12-02,2.3,2.86,1.9,2.06,396,84,2.3,,monthly_30d_atm,weekly_1_strike0,28,488
MRVL,2021-11-19,2021-12-17,backfill,O:MRVL211217C00075000,75.0,2021-12-17,2021-12-03,11.35,13.6,6.95,9.5,2003,140,11.35,,monthly_30d_atm,weekly_1_strike0,28,488
MRVL,2021-11-19,2021-12-17,backfill,O:MRVL211217C00075000,75.0,2021-12-17,2021-12-06,9.05,12.15,6.62,11.25,317,47,9.05,,monthly_30d_atm,weekly_1_strike0,28,488
MRVL,2021-11-19,2021-12-17,backfill,O:MRVL211217C00075000,75.0,2021-12-17,2021-12-07,12.94,17.27,12.4,16.1,4181,79,12.94,,monthly_30d_atm,weekly_1_strike0,28,488
MRVL,2021-11-19,2021-12-17,backfill,O:MRVL211217C00075000,75.0,2021-12-17,2021-12-08,15.75,18.6,15.75,16.87,1317,23,15.75,,monthly_30d_atm,weekly_1_strike0,28,488
MRVL,2021-11-19,2021-12-17,backfill,O:MRVL211217C00075000,75.0,2021-12-17,2021-12-09,15.8,17.6,15.8,16.17,10,6,15.8,,monthly_30d_atm,weekly_1_strike0,28,488
MRVL,2021-11-19,2021-12-17,backfill,O:MRVL211217C00075000,75.0,2021-12-17,2021-12-10,16.3,16.3,13.5,13.5,334,9,16.3,,monthly_30d_atm,weekly_1_strike0,28,488
MRVL,2021-11-19,2021-12-17,backfill,O:MRVL211217C00075000,75.0,2021-12-17,2021-12-13,14.55,14.55,12.3,12.31,27,11,14.55,,monthly_30d_atm,weekly_1_strike0,28,488
MRVL,2021-11-19,2021-12-17,backfill,O:MRVL211217C00075000,75.0,2021-12-17,2021-12-14,10.0,10.85,9.55,10.62,74,16,10.0,,monthly_30d_atm,weekly_1_strike0,28,488
MRVL,2021-11-19,2021-12-17,backfill,O:MRVL211217C00075000,75.0,2021-12-17,2021-12-15,9.75,13.2,9.44,13.2,80,30,9.75,,monthly_30d_atm,weekly_1_strike0,28,488
MRVL,2021-11-19,2021-12-17,backfill,O:MRVL211217C00075000,75.0,2021-12-17,2021-12-16,13.0,13.0,8.11,8.7,1150,21,13.0,,monthly_30d_atm,weekly_1_strike0,28,488
MRVL,2021-11-19,2021-12-17,backfill,O:MRVL211217C00075000,75.0,2021-12-17,2021-12-17,8.15,10.35,8.15,9.0,65,22,8.15,,monthly_30d_atm,weekly_1_strike0,28,488
MRVL,2023-02-03,2023-03-03,backfill,O:MRVL230317C00050000,50.0,2023-03-17,2023-02-03,2.24,2.86,2.15,2.15,378,24,2.24,,monthly_30d_35d_otm,weekly_1_strike0,42,378
MRVL,2023-02-03,2023-03-03,backfill,O:MRVL230317C00050000,50.0,2023-03-17,2023-02-06,1.84,2.15,1.52,1.52,78,20,1.84,,monthly_30d_35d_otm,weekly_1_strike0,42,378
MRVL,2023-02-03,2023-03-03,backfill,O:MRVL230317C00050000,50.0,2023-03-17,2023-02-07,1.61,2.16,1.45,2.11,123,28,1.61,,monthly_30d_35d_otm,weekly_1_strike0,42,378
MRVL,2023-02-03,2023-03-03,backfill,O:MRVL230317C00050000,50.0,2023-03-17,2023-02-08,1.95,2.1,1.55,1.55,137,17,1.95,,monthly_30d_35d_otm,weekly_1_strike0,42,378
MRVL,2023-02-03,2023-03-03,backfill,O:MRVL230317C00050000,50.0,2023-03-17,2023-02-09,1.77,1.89,1.47,1.52,72,12,1.77,,monthly_30d_35d_otm,weekly_1_strike0,42,378
MRVL,2023-02-03,2023-03-03,backfill,O:MRVL230317C00050000,50.0,2023-03-17,2023-02-10,1.3,1.4,1.14,1.38,218,50,1.3,,monthly_30d_35d_otm,weekly_1_strike0,42,378
MRVL,2023-02-03,2023-03-03,backfill,O:MRVL230317C00050000,50.0,2023-03-17,2023-02-13,1.43,1.73,1.43,1.65,101,18,1.43,,monthly_30d_35d_otm,weekly_1_strike0,42,378
MRVL,2023-02-03,2023-03-03,backfill,O:MRVL230317C00050000,50.0,2023-03-17,2023-02-14,1.4,2.2,1.3,2.2,439,56,1.4,,monthly_30d_35d_otm,weekly_1_strike0,42,378
MRVL,2023-02-03,2023-03-03,backfill,O:MRVL230317C00050000,50.0,2023-03-17,2023-02-15,1.78,2.02,1.45,1.76,186,86,1.78,,monthly_30d_35d_otm,weekly_1_strike0,42,378
MRVL,2023-02-03,2023-03-03,backfill,O:MRVL230317C00050000,50.0,2023-03-17,2023-02-16,1.58,1.93,1.48,1.48,197,41,1.58,,monthly_30d_35d_otm,weekly_1_strike0,42,378
MRVL,2023-02-03,2023-03-03,backfill,O:MRVL230317C00050000,50.0,2023-03-17,2023-02-17,1.19,1.19,0.9,0.97,200,40,1.19,,monthly_30d_35d_otm,weekly_1_strike0,42,378
MRVL,2023-02-03,2023-03-03,backfill,O:MRVL230317C00050000,50.0,2023-03-17,2023-02-21,0.75,0.91,0.62,0.66,107,38,0.75,,monthly_30d_35d_otm,weekly_1_strike0,42,378
MRVL,2023-02-03,2023-03-03,backfill,O:MRVL230317C00050000,50.0,2023-03-17,2023-02-22,0.68,0.76,0.55,0.63,425,47,0.68,,monthly_30d_35d_otm,weekly_1_strike0,42,378
MRVL,2023-02-03,2023-03-03,backfill,O:MRVL230317C00050000,50.0,2023-03-17,2023-02-23,1.2,1.2,0.82,1.08,318,41,1.2,,monthly_30d_35d_otm,weekly_1_strike0,42,378
MRVL,2023-02-03,2023-03-03,backfill,O:MRVL230317C00050000,50.0,2023-03-17,2023-02-24,0.83,0.94,0.64,0.65,111,21,0.83,,monthly_30d_35d_otm,weekly_1_strike0,42,378
MRVL,2023-02-03,2023-03-03,backfill,O:MRVL230317C00050000,50.0,2023-03-17,2023-02-27,0.82,0.83,0.68,0.68,53,25,0.82,,monthly_30d_35d_otm,weekly_1_strike0,42,378
MRVL,2023-02-03,2023-03-03,backfill,O:MRVL230317C00050000,50.0,2023-03-17,2023-02-28,0.73,0.93,0.73,0.88,111,27,0.73,,monthly_30d_35d_otm,weekly_1_strike0,42,378
MRVL,2023-02-03,2023-03-03,backfill,O:MRVL230317C00050000,50.0,2023-03-17,2023-03-01,1.0,1.09,0.85,0.89,792,15,1.0,,monthly_30d_35d_otm,weekly_1_strike0,42,378
MRVL,2023-02-03,2023-03-03,backfill,O:MRVL230317C00050000,50.0,2023-03-17,2023-03-02,0.76,1.14,0.61,1.04,704,117,0.76,,monthly_30d_35d_otm,weekly_1_strike0,42,378
MRVL,2023-02-03,2023-03-03,backfill,O:MRVL230317C00050000,50.0,2023-03-17,2023-03-03,0.22,0.23,0.04,0.11,1602,88,0.22,,monthly_30d_35d_otm,weekly_1_strike0,42,378
MRVL,2024-10-18,2024-11-14,backfill,O:MRVL241115C00085000,85.0,2024-11-15,2024-10-18,2.09,2.33,1.81,2.02,1682,58,2.09,,monthly_30d_30d_otm,weekly_1_strike0,28,1682
MRVL,2024-10-18,2024-11-14,backfill,O:MRVL241115C00085000,85.0,2024-11-15,2024-10-21,1.96,3.1,1.96,2.58,1733,59,1.96,,monthly_30d_30d_otm,weekly_1_strike0,28,1682
MRVL,2024-10-18,2024-11-14,backfill,O:MRVL241115C00085000,85.0,2024-11-15,2024-10-22,2.4,3.35,2.4,3.25,127,37,2.4,,monthly_30d_30d_otm,weekly_1_strike0,28,1682
MRVL,2024-10-18,2024-11-14,backfill,O:MRVL241115C00085000,85.0,2024-11-15,2024-10-23,2.9,2.9,1.66,2.5,666,35,2.9,,monthly_30d_30d_otm,weekly_1_strike0,28,1682
MRVL,2024-10-18,2024-11-14,backfill,O:MRVL241115C00085000,85.0,2024-11-15,2024-10-24,2.58,2.63,2.21,2.4,221,51,2.58,,monthly_30d_30d_otm,weekly_1_strike0,28,1682
MRVL,2024-10-18,2024-11-14,backfill,O:MRVL241115C00085000,85.0,2024-11-15,2024-10-25,2.47,2.93,2.27,2.35,218,47,2.47,,monthly_30d_30d_otm,weekly_1_strike0,28,1682
MRVL,2024-10-18,2024-11-14,backfill,O:MRVL241115C00085000,85.0,2024-11-15,2024-10-28,2.28,2.97,2.25,2.81,1063,70,2.28,,monthly_30d_30d_otm,weekly_1_strike0,28,1682
MRVL,2024-10-18,2024-11-14,backfill,O:MRVL241115C00085000,85.0,2024-11-15,2024-10-29,2.9,3.62,2.85,3.5,583,70,2.9,,monthly_30d_30d_otm,weekly_1_strike0,28,1682
MRVL,2024-10-18,2024-11-14,backfill,O:MRVL241115C00085000,85.0,2024-11-15,2024-10-30,3.0,3.0,2.14,2.35,319,51,3.0,,monthly_30d_30d_otm,weekly_1_strike0,28,1682
MRVL,2024-10-18,2024-11-14,backfill,O:MRVL241115C00085000,85.0,2024-11-15,2024-10-31,1.5,1.72,1.11,1.4,210,33,1.5,,monthly_30d_30d_otm,weekly_1_strike0,28,1682
MRVL,2024-10-18,2024-11-14,backfill,O:MRVL241115C00085000,85.0,2024-11-15,2024-11-01,3.0,4.6,2.76,2.9,340,68,3.0,,monthly_30d_30d_otm,weekly_1_strike0,28,1682
MRVL,2024-10-18,2024-11-14,backfill,O:MRVL241115C00085000,85.0,2024-11-15,2024-11-04,3.05,3.48,2.5,2.66,203,22,3.05,,monthly_30d_30d_otm,weekly_1_strike0,28,1682
MRVL,2024-10-18,2024-11-14,backfill,O:MRVL241115C00085000,85.0,2024-11-15,2024-11-05,3.1,4.65,3.1,3.9,147,14,3.1,,monthly_30d_30d_otm,weekly_1_strike0,28,1682
MRVL,2024-10-18,2024-11-14,backfill,O:MRVL241115C00085000,85.0,2024-11-15,2024-11-06,5.4,7.2,5.09,6.8,124,28,5.4,,monthly_30d_30d_otm,weekly_1_strike0,28,1682
MRVL,2024-10-18,2024-11-14,backfill,O:MRVL241115C00085000,85.0,2024-11-15,2024-11-07,7.57,9.21,7.57,9.21,39,15,7.57,,monthly_30d_30d_otm,weekly_1_strike0,28,1682
MRVL,2024-10-18,2024-11-14,backfill,O:MRVL241115C00085000,85.0,2024-11-15,2024-11-08,9.45,10.04,8.15,9.15,77,19,9.45,,monthly_30d_30d_otm,weekly_1_strike0,28,1682
MRVL,2024-10-18,2024-11-14,backfill,O:MRVL241115C00085000,85.0,2024-11-15,2024-11-11,8.73,8.73,5.9,7.33,37,12,8.73,,monthly_30d_30d_otm,weekly_1_strike0,28,1682
MRVL,2024-10-18,2024-11-14,backfill,O:MRVL241115C00085000,85.0,2024-11-15,2024-11-12,8.9,8.92,6.93,7.6,102,17,8.9,,monthly_30d_30d_otm,weekly_1_strike0,28,1682
MRVL,2024-10-18,2024-11-14,backfill,O:MRVL241115C00085000,85.0,2024-11-15,2024-11-13,7.69,7.69,5.05,5.9,212,25,7.69,,monthly_30d_30d_otm,weekly_1_strike0,28,1682
MRVL,2024-10-18,2024-11-14,backfill,O:MRVL241115C00085000,85.0,2024-11-15,2024-11-14,5.7,6.75,5.7,5.85,71,17,5.7,,monthly_30d_30d_otm,weekly_1_strike0,28,1682
MRVL,2025-11-24,2025-12-22,backfill,O:MRVL251219C00085000,85.0,2025-12-19,2025-11-24,4.0,6.6,4.0,6.5,916,89,4.0,,monthly_30d_30d_otm,weekly_2_strike0,25,916
MRVL,2025-11-24,2025-12-22,backfill,O:MRVL251219C00085000,85.0,2025-12-19,2025-11-25,6.07,6.1,5.0,6.1,159,40,6.07,,monthly_30d_30d_otm,weekly_2_strike0,25,916
MRVL,2025-11-24,2025-12-22,backfill,O:MRVL251219C00085000,85.0,2025-12-19,2025-11-26,7.0,9.3,6.69,8.54,239,56,7.0,,monthly_30d_30d_otm,weekly_2_strike0,25,916
MRVL,2025-11-24,2025-12-22,backfill,O:MRVL251219C00085000,85.0,2025-12-19,2025-11-28,7.18,9.15,6.5,9.15,116,27,7.18,,monthly_30d_30d_otm,weekly_2_strike0,25,916
MRVL,2025-11-24,2025-12-22,backfill,O:MRVL251219C00085000,85.0,2025-12-19,2025-12-01,8.67,11.1,7.56,9.8,2480,48,8.67,,monthly_30d_30d_otm,weekly_2_strike0,25,916
MRVL,2025-11-24,2025-12-22,backfill,O:MRVL251219C00085000,85.0,2025-12-19,2025-12-02,11.8,12.25,10.75,11.35,1630,69,11.8,,monthly_30d_30d_otm,weekly_2_strike0,25,916
MRVL,2025-11-24,2025-12-22,backfill,O:MRVL251219C00085000,85.0,2025-12-19,2025-12-03,14.05,17.5,12.4,15.51,2385,88,14.05,,monthly_30d_30d_otm,weekly_2_strike0,25,916
MRVL,2025-11-24,2025-12-22,backfill,O:MRVL251219C00085000,85.0,2025-12-19,2025-12-04,15.3,17.07,13.75,13.75,168,27,15.3,,monthly_30d_30d_otm,weekly_2_strike0,25,916
MRVL,2025-11-24,2025-12-22,backfill,O:MRVL251219C00085000,85.0,2025-12-19,2025-12-05,16.06,17.95,13.9,14.65,29,12,16.06,,monthly_30d_30d_otm,weekly_2_strike0,25,916
MRVL,2025-11-24,2025-12-22,backfill,O:MRVL251219C00085000,85.0,2025-12-19,2025-12-08,7.39,8.65,6.2,8.35,167,23,7.39,,monthly_30d_30d_otm,weekly_2_strike0,25,916
MRVL,2025-11-24,2025-12-22,backfill,O:MRVL251219C00085000,85.0,2025-12-19,2025-12-09,7.0,7.05,5.19,5.19,262,32,7.0,,monthly_30d_30d_otm,weekly_2_strike0,25,916
MRVL,2025-11-24,2025-12-22,backfill,O:MRVL251219C00085000,85.0,2025-12-19,2025-12-10,7.8,8.05,6.75,7.4,66,18,7.8,,monthly_30d_30d_otm,weekly_2_strike0,25,916
MRVL,2025-11-24,2025-12-22,backfill,O:MRVL251219C00085000,85.0,2025-12-19,2025-12-11,6.82,7.0,4.42,5.4,95,32,6.82,,monthly_30d_30d_otm,weekly_2_strike0,25,916
MRVL,2025-11-24,2025-12-22,backfill,O:MRVL251219C00085000,85.0,2025-12-19,2025-12-12,4.2,4.8,1.9,2.07,1766,144,4.2,,monthly_30d_30d_otm,weekly_2_strike0,25,916
MRVL,2025-11-24,2025-12-22,backfill,O:MRVL251219C00085000,85.0,2025-12-19,2025-12-15,2.1,2.54,1.48,1.72,3253,138,2.1,,monthly_30d_30d_otm,weekly_2_strike0,25,916
MRVL,2025-11-24,2025-12-22,backfill,O:MRVL251219C00085000,85.0,2025-12-19,2025-12-16,1.27,1.51,0.88,1.45,6471,122,1.27,,monthly_30d_30d_otm,weekly_2_strike0,25,916
MRVL,2025-11-24,2025-12-22,backfill,O:MRVL251219C00085000,85.0,2025-12-19,2025-12-17,2.37,3.0,0.44,0.5,2300,124,2.37,,monthly_30d_30d_otm,weekly_2_strike0,25,916
MRVL,2025-11-24,2025-12-22,backfill,O:MRVL251219C00085000,85.0,2025-12-19,2025-12-18,1.21,1.51,0.55,0.72,3731,113,1.21,,monthly_30d_30d_otm,weekly_2_strike0,25,916
MRVL,2025-11-24,2025-12-22,backfill,O:MRVL251219C00085000,85.0,2025-12-19,2025-12-19,0.88,1.4,0.01,0.01,4981,232,0.88,,monthly_30d_30d_otm,weekly_2_strike0,25,916
MS,2020-12-29,2021-01-27,backfill,O:MS210219C00075000,75.0,2021-02-19,2020-12-29,1.09,1.1,0.94,1.1,51,10,1.09,,monthly_45d_20d_otm,weekly_2_strike0,52,51
MS,2020-12-29,2021-01-27,backfill,O:MS210219C00075000,75.0,2021-02-19,2020-12-30,1.09,1.09,0.94,0.95,147,16,1.09,,monthly_45d_20d_otm,weekly_2_strike0,52,51
MS,2020-12-29,2021-01-27,backfill,O:MS210219C00075000,75.0,2021-02-19,2020-12-31,0.83,1.18,0.83,1.18,214,17,0.83,,monthly_45d_20d_otm,weekly_2_strike0,52,51
MS,2020-12-29,2021-01-27,backfill,O:MS210219C00075000,75.0,2021-02-19,2021-01-04,1.29,1.48,1.06,1.16,223,34,1.29,,monthly_45d_20d_otm,weekly_2_strike0,52,51
MS,2020-12-29,2021-01-27,backfill,O:MS210219C00075000,75.0,2021-02-19,2021-01-05,1.29,1.46,1.11,1.3,204,34,1.29,,monthly_45d_20d_otm,weekly_2_strike0,52,51
MS,2020-12-29,2021-01-27,backfill,O:MS210219C00075000,75.0,2021-02-19,2021-01-06,1.57,3.3,1.57,2.8,2728,137,1.57,,monthly_45d_20d_otm,weekly_2_strike0,52,51
MS,2020-12-29,2021-01-27,backfill,O:MS210219C00075000,75.0,2021-02-19,2021-01-07,3.0,4.26,3.0,3.43,985,107,3.0,,monthly_45d_20d_otm,weekly_2_strike0,52,51
MS,2020-12-29,2021-01-27,backfill,O:MS210219C00075000,75.0,2021-02-19,2021-01-08,3.41,3.5,2.81,3.46,1830,76,3.41,,monthly_45d_20d_otm,weekly_2_strike0,52,51
MS,2020-12-29,2021-01-27,backfill,O:MS210219C00075000,75.0,2021-02-19,2021-01-11,3.12,4.15,2.91,3.89,354,51,3.12,,monthly_45d_20d_otm,weekly_2_strike0,52,51
MS,2020-12-29,2021-01-27,backfill,O:MS210219C00075000,75.0,2021-02-19,2021-01-12,4.3,4.5,3.5,3.65,538,58,4.3,,monthly_45d_20d_otm,weekly_2_strike0,52,51
MS,2020-12-29,2021-01-27,backfill,O:MS210219C00075000,75.0,2021-02-19,2021-01-13,3.55,3.7,3.22,3.54,192,38,3.55,,monthly_45d_20d_otm,weekly_2_strike0,52,51
MS,2020-12-29,2021-01-27,backfill,O:MS210219C00075000,75.0,2021-02-19,2021-01-14,3.55,4.16,3.55,4.03,580,53,3.55,,monthly_45d_20d_otm,weekly_2_strike0,52,51
MS,2020-12-29,2021-01-27,backfill,O:MS210219C00075000,75.0,2021-02-19,2021-01-15,3.3,3.4,2.74,3.1,812,95,3.3,,monthly_45d_20d_otm,weekly_2_strike0,52,51
MS,2020-12-29,2021-01-27,backfill,O:MS210219C00075000,75.0,2021-02-19,2021-01-19,3.55,3.62,2.62,2.68,1044,87,3.55,,monthly_45d_20d_otm,weekly_2_strike0,52,51
MS,2020-12-29,2021-01-27,backfill,O:MS210219C00075000,75.0,2021-02-19,2021-01-20,3.35,4.01,2.15,2.32,1402,86,3.35,,monthly_45d_20d_otm,weekly_2_strike0,52,51
MS,2020-12-29,2021-01-27,backfill,O:MS210219C00075000,75.0,2021-02-19,2021-01-21,2.23,2.81,1.5,2.25,749,49,2.23,,monthly_45d_20d_otm,weekly_2_strike0,52,51
MS,2020-12-29,2021-01-27,backfill,O:MS210219C00075000,75.0,2021-02-19,2021-01-22,1.28,2.13,1.28,2.02,262,38,1.28,,monthly_45d_20d_otm,weekly_2_strike0,52,51
MS,2020-12-29,2021-01-27,backfill,O:MS210219C00075000,75.0,2021-02-19,2021-01-25,1.67,1.81,1.23,1.3,2813,79,1.67,,monthly_45d_20d_otm,weekly_2_strike0,52,51
MS,2020-12-29,2021-01-27,backfill,O:MS210219C00075000,75.0,2021-02-19,2021-01-26,1.39,1.41,0.94,0.94,351,39,1.39,,monthly_45d_20d_otm,weekly_2_strike0,52,51
MS,2020-12-29,2021-01-27,backfill,O:MS210219C00075000,75.0,2021-02-19,2021-01-27,0.58,0.82,0.44,0.67,766,80,0.58,,monthly_45d_20d_otm,weekly_2_strike0,52,51
MS,2024-04-29,2024-05-24,backfill,O:MS240621C00095000,95.0,2024-06-21,2024-04-29,1.77,2.2,1.77,1.95,536,23,1.77,,monthly_45d_35d_otm,weekly_2_strike0,53,536
MS,2024-04-29,2024-05-24,backfill,O:MS240621C00095000,95.0,2024-06-21,2024-04-30,1.47,1.71,1.43,1.56,161,26,1.47,,monthly_45d_35d_otm,weekly_2_strike0,53,536
MS,2024-04-29,2024-05-24,backfill,O:MS240621C00095000,95.0,2024-06-21,2024-05-01,1.58,2.01,1.53,1.74,133,18,1.58,,monthly_45d_35d_otm,weekly_2_strike0,53,536
MS,2024-04-29,2024-05-24,backfill,O:MS240621C00095000,95.0,2024-06-21,2024-05-02,2.0,2.16,1.8,2.11,197,13,2.0,,monthly_45d_35d_otm,weekly_2_strike0,53,536
MS,2024-04-29,2024-05-24,backfill,O:MS240621C00095000,95.0,2024-06-21,2024-05-03,2.36,2.71,2.31,2.32,516,36,2.36,,monthly_45d_35d_otm,weekly_2_strike0,53,536
MS,2024-04-29,2024-05-24,backfill,O:MS240621C00095000,95.0,2024-06-21,2024-05-06,2.92,3.0,2.46,2.9,340,53,2.92,,monthly_45d_35d_otm,weekly_2_strike0,53,536
MS,2024-04-29,2024-05-24,backfill,O:MS240621C00095000,95.0,2024-06-21,2024-05-07,2.94,3.5,2.94,3.45,290,26,2.94,,monthly_45d_35d_otm,weekly_2_strike0,53,536
MS,2024-04-29,2024-05-24,backfill,O:MS240621C00095000,95.0,2024-06-21,2024-05-08,3.05,3.45,3.0,3.25,363,27,3.05,,monthly_45d_35d_otm,weekly_2_strike0,53,536
MS,2024-04-29,2024-05-24,backfill,O:MS240621C00095000,95.0,2024-06-21,2024-05-09,3.25,4.9,3.25,4.85,310,68,3.25,,monthly_45d_35d_otm,weekly_2_strike0,53,536
MS,2024-04-29,2024-05-24,backfill,O:MS240621C00095000,95.0,2024-06-21,2024-05-10,5.3,5.35,4.48,5.0,490,31,5.3,,monthly_45d_35d_otm,weekly_2_strike0,53,536
MS,2024-04-29,2024-05-24,backfill,O:MS240621C00095000,95.0,2024-06-21,2024-05-13,5.3,5.45,5.17,5.2,170,14,5.3,,monthly_45d_35d_otm,weekly_2_strike0,53,536
MS,2024-04-29,2024-05-24,backfill,O:MS240621C00095000,95.0,2024-06-21,2024-05-14,5.9,6.45,5.77,5.77,70,18,5.9,,monthly_45d_35d_otm,weekly_2_strike0,53,536
MS,2024-04-29,2024-05-24,backfill,O:MS240621C00095000,95.0,2024-06-21,2024-05-15,6.3,7.0,6.2,6.53,100,24,6.3,,monthly_45d_35d_otm,weekly_2_strike0,53,536
MS,2024-04-29,2024-05-24,backfill,O:MS240621C00095000,95.0,2024-06-21,2024-05-16,5.88,6.4,5.87,5.87,73,20,5.88,,monthly_45d_35d_otm,weekly_2_strike0,53,536
MS,2024-04-29,2024-05-24,backfill,O:MS240621C00095000,95.0,2024-06-21,2024-05-17,5.77,6.25,5.5,6.22,114,16,5.77,,monthly_45d_35d_otm,weekly_2_strike0,53,536
MS,2024-04-29,2024-05-24,backfill,O:MS240621C00095000,95.0,2024-06-21,2024-05-20,6.05,6.73,5.78,6.15,408,14,6.05,,monthly_45d_35d_otm,weekly_2_strike0,53,536
MS,2024-04-29,2024-05-24,backfill,O:MS240621C00095000,95.0,2024-06-21,2024-05-21,7.17,8.15,7.0,7.32,504,38,7.17,,monthly_45d_35d_otm,weekly_2_strike0,53,536
MS,2024-04-29,2024-05-24,backfill,O:MS240621C00095000,95.0,2024-06-21,2024-05-22,7.06,7.95,6.3,6.45,64,11,7.06,,monthly_45d_35d_otm,weekly_2_strike0,53,536
MS,2024-04-29,2024-05-24,backfill,O:MS240621C00095000,95.0,2024-06-21,2024-05-23,5.76,5.76,4.8,4.82,65,13,5.76,,monthly_45d_35d_otm,weekly_2_strike0,53,536
MS,2024-04-29,2024-05-24,backfill,O:MS240621C00095000,95.0,2024-06-21,2024-05-24,5.5,5.75,5.1,5.1,70,10,5.5,,monthly_45d_35d_otm,weekly_2_strike0,53,536
MSFT,2020-07-15,2020-08-11,backfill,O:MSFT200821C00220000,220.0,2020-08-21,2020-07-15,5.8,6.37,4.52,5.3,2846,260,5.8,,monthly_30d_25d_otm,weekly_2_strike0,37,2846
MSFT,2020-07-15,2020-08-11,backfill,O:MSFT200821C00220000,220.0,2020-08-21,2020-07-16,4.26,4.6,3.75,3.95,3411,272,4.26,,monthly_30d_25d_otm,weekly_2_strike0,37,2846
MSFT,2020-07-15,2020-08-11,backfill,O:MSFT200821C00220000,220.0,2020-08-21,2020-07-17,4.25,4.25,2.5,2.99,4447,290,4.25,,monthly_30d_25d_otm,weekly_2_strike0,37,2846
MSFT,2020-07-15,2020-08-11,backfill,O:MSFT200821C00220000,220.0,2020-08-21,2020-07-20,3.4,5.5,2.9,5.12,7338,349,3.4,,monthly_30d_25d_otm,weekly_2_strike0,37,2846
MSFT,2020-07-15,2020-08-11,backfill,O:MSFT200821C00220000,220.0,2020-08-21,2020-07-21,5.95,5.95,4.11,4.58,9279,321,5.95,,monthly_30d_25d_otm,weekly_2_strike0,37,2846
MSFT,2020-07-15,2020-08-11,backfill,O:MSFT200821C00220000,220.0,2020-08-21,2020-07-22,4.73,5.0,3.85,4.62,8408,322,4.73,,monthly_30d_25d_otm,weekly_2_strike0,37,2846
MSFT,2020-07-15,2020-08-11,backfill,O:MSFT200821C00220000,220.0,2020-08-21,2020-07-23,3.0,3.8,1.79,2.17,17752,362,3.0,,monthly_30d_25d_otm,weekly_2_strike0,37,2846
MSFT,2020-07-15,2020-08-11,backfill,O:MSFT200821C00220000,220.0,2020-08-21,2020-07-24,1.72,1.81,1.26,1.48,5206,291,1.72,,monthly_30d_25d_otm,weekly_2_strike0,37,2846
MSFT,2020-07-15,2020-08-11,backfill,O:MSFT200821C00220000,220.0,2020-08-21,2020-07-27,1.54,1.59,1.14,1.38,3219,271,1.54,,monthly_30d_25d_otm,weekly_2_strike0,37,2846
MSFT,2020-07-15,2020-08-11,backfill,O:MSFT200821C00220000,220.0,2020-08-21,2020-07-28,1.34,1.49,1.03,1.05,2028,205,1.34,,monthly_30d_25d_otm,weekly_2_strike0,37,2846
MSFT,2020-07-15,2020-08-11,backfill,O:MSFT200821C00220000,220.0,2020-08-21,2020-07-29,1.06,1.18,0.93,1.0,1751,212,1.06,,monthly_30d_25d_otm,weekly_2_strike0,37,2846
MSFT,2020-07-15,2020-08-11,backfill,O:MSFT200821C00220000,220.0,2020-08-21,2020-07-30,0.74,1.08,0.73,1.0,8214,201,0.74,,monthly_30d_25d_otm,weekly_2_strike0,37,2846
MSFT,2020-07-15,2020-08-11,backfill,O:MSFT200821C00220000,220.0,2020-08-21,2020-07-31,1.05,1.28,0.6,1.26,13733,283,1.05,,monthly_30d_25d_otm,weekly_2_strike0,37,2846
MSFT,2020-07-15,2020-08-11,backfill,O:MSFT200821C00220000,220.0,2020-08-21,2020-08-03,3.4,5.75,2.31,5.15,26253,382,3.4,,monthly_30d_25d_otm,weekly_2_strike0,37,2846
MSFT,2020-07-15,2020-08-11,backfill,O:MSFT200821C00220000,220.0,2020-08-21,2020-08-04,4.4,4.4,2.55,3.2,7898,349,4.4,,monthly_30d_25d_otm,weekly_2_strike0,37,2846
MSFT,2020-07-15,2020-08-11,backfill,O:MSFT200821C00220000,220.0,2020-08-21,2020-08-05,3.59,3.9,2.4,2.77,5349,304,3.59,,monthly_30d_25d_otm,weekly_2_strike0,37,2846
MSFT,2020-07-15,2020-08-11,backfill,O:MSFT200821C00220000,220.0,2020-08-21,2020-08-06,2.59,3.85,2.2,3.51,8230,345,2.59,,monthly_30d_25d_otm,weekly_2_strike0,37,2846
MSFT,2020-07-15,2020-08-11,backfill,O:MSFT200821C00220000,220.0,2020-08-21,2020-08-07,3.2,3.35,2.0,2.24,7953,332,3.2,,monthly_30d_25d_otm,weekly_2_strike0,37,2846
MSFT,2020-07-15,2020-08-11,backfill,O:MSFT200821C00220000,220.0,2020-08-21,2020-08-10,2.3,2.3,0.9,1.08,5320,326,2.3,,monthly_30d_25d_otm,weekly_2_strike0,37,2846
MSFT,2020-07-15,2020-08-11,backfill,O:MSFT200821C00220000,220.0,2020-08-21,2020-08-11,0.95,0.95,0.51,0.6,4394,266,0.95,,monthly_30d_25d_otm,weekly_2_strike0,37,2846
MSFT,2021-02-16,2021-02-25,backfill,O:MSFT210319C00255000,255.0,2021-03-19,2021-02-16,2.89,3.15,2.28,2.5,738,132,2.89,,monthly_30d_30d_otm,weekly_2_strike0,31,738
MSFT,2021-02-16,2021-02-25,backfill,O:MSFT210319C00255000,255.0,2021-03-19,2021-02-17,1.92,2.62,1.92,2.62,807,100,1.92,,monthly_30d_30d_otm,weekly_2_strike0,31,738
MSFT,2021-02-16,2021-02-25,backfill,O:MSFT210319C00255000,255.0,2021-03-19,2021-02-18,2.04,2.43,1.96,2.36,1086,129,2.04,,monthly_30d_30d_otm,weekly_2_strike0,31,738
MSFT,2021-02-16,2021-02-25,backfill,O:MSFT210319C00255000,255.0,2021-03-19,2021-02-19,2.4,2.4,1.51,1.64,3837,178,2.4,,monthly_30d_30d_otm,weekly_2_strike0,31,738
MSFT,2021-02-16,2021-02-25,backfill,O:MSFT210319C00255000,255.0,2021-03-19,2021-02-22,1.19,1.55,0.68,0.86,2242,229,1.19,,monthly_30d_30d_otm,weekly_2_strike0,31,738
MSFT,2021-02-16,2021-02-25,backfill,O:MSFT210319C00255000,255.0,2021-03-19,2021-02-23,0.48,0.75,0.47,0.63,2753,128,0.48,,monthly_30d_30d_otm,weekly_2_strike0,31,738
MSFT,2021-02-16,2021-02-25,backfill,O:MSFT210319C00255000,255.0,2021-03-19,2021-02-24,0.48,1.05,0.46,1.02,1142,103,0.48,,monthly_30d_30d_otm,weekly_2_strike0,31,738
MSFT,2021-02-16,2021-02-25,backfill,O:MSFT210319C00255000,255.0,2021-03-19,2021-02-25,0.9,1.02,0.33,0.61,1103,97,0.9,,monthly_30d_30d_otm,weekly_2_strike0,31,738
MSFT,2021-07-15,2021-08-11,backfill,O:MSFT210820C00290000,290.0,2021-08-20,2021-07-15,4.0,4.1,3.3,3.57,648,100,4.0,,monthly_30d_25d_otm,weekly_2_strike0,36,648
MSFT,2021-07-15,2021-08-11,backfill,O:MSFT210820C00290000,290.0,2021-08-20,2021-07-16,3.87,4.55,3.1,3.54,1153,159,3.87,,monthly_30d_25d_otm,weekly_2_strike0,36,648
MSFT,2021-07-15,2021-08-11,backfill,O:MSFT210820C00290000,290.0,2021-08-20,2021-07-19,3.35,3.35,2.15,2.52,3082,143,3.35,,monthly_30d_25d_otm,weekly_2_strike0,36,648
MSFT,2021-07-15,2021-08-11,backfill,O:MSFT210820C00290000,290.0,2021-08-20,2021-07-20,2.71,3.0,2.17,2.63,744,111,2.71,,monthly_30d_25d_otm,weekly_2_strike0,36,648
MSFT,2021-07-15,2021-08-11,backfill,O:MSFT210820C00290000,290.0,2021-08-20,2021-07-21,2.33,2.83,2.22,2.82,503,72,2.33,,monthly_30d_25d_otm,weekly_2_strike0,36,648
MSFT,2021-07-15,2021-08-11,backfill,O:MSFT210820C00290000,290.0,2021-08-20,2021-07-22,3.75,5.01,3.5,4.85,4062,220,3.75,,monthly_30d_25d_otm,weekly_2_strike0,36,648
MSFT,2021-07-15,2021-08-11,backfill,O:MSFT210820C00290000,290.0,2021-08-20,2021-07-23,5.46,6.45,4.9,6.3,3738,258,5.46,,monthly_30d_25d_otm,weekly_2_strike0,36,648
MSFT,2021-07-15,2021-08-11,backfill,O:MSFT210820C00290000,290.0,2021-08-20,2021-07-26,6.1,6.1,4.88,5.92,2709,235,6.1,,monthly_30d_25d_otm,weekly_2_strike0,36,648
MSFT,2021-07-15,2021-08-11,backfill,O:MSFT210820C00290000,290.0,2021-08-20,2021-07-27,6.0,6.06,3.67,5.0,4639,296,6.0,,monthly_30d_25d_otm,weekly_2_strike0,36,648
MSFT,2021-07-15,2021-08-11,backfill,O:MSFT210820C00290000,290.0,2021-08-20,2021-07-28,5.0,5.3,2.73,3.25,3581,242,5.0,,monthly_30d_25d_otm,weekly_2_strike0,36,648
MSFT,2021-07-15,2021-08-11,backfill,O:MSFT210820C00290000,290.0,2021-08-20,2021-07-29,3.11,4.1,2.8,2.8,2116,182,3.11,,monthly_30d_25d_otm,weekly_2_strike0,36,648
MSFT,2021-07-15,2021-08-11,backfill,O:MSFT210820C00290000,290.0,2021-08-20,2021-07-30,2.61,3.0,1.84,2.14,5021,248,2.61,,monthly_30d_25d_otm,weekly_2_strike0,36,648
MSFT,2021-07-15,2021-08-11,backfill,O:MSFT210820C00290000,290.0,2021-08-20,2021-08-02,2.56,2.56,1.75,1.86,3720,229,2.56,,monthly_30d_25d_otm,weekly_2_strike0,36,648
MSFT,2021-07-15,2021-08-11,backfill,O:MSFT210820C00290000,290.0,2021-08-20,2021-08-03,2.06,2.58,1.74,2.38,4333,286,2.06,,monthly_30d_25d_otm,weekly_2_strike0,36,648
MSFT,2021-07-15,2021-08-11,backfill,O:MSFT210820C00290000,290.0,2021-08-20,2021-08-04,2.1,2.62,1.67,2.27,4466,269,2.1,,monthly_30d_25d_otm,weekly_2_strike0,36,648
MSFT,2021-07-15,2021-08-11,backfill,O:MSFT210820C00290000,290.0,2021-08-20,2021-08-05,2.21,3.25,2.04,3.2,4423,284,2.21,,monthly_30d_25d_otm,weekly_2_strike0,36,648
MSFT,2021-07-15,2021-08-11,backfill,O:MSFT210820C00290000,290.0,2021-08-20,2021-08-06,2.56,3.1,2.11,2.77,3981,251,2.56,,monthly_30d_25d_otm,weekly_2_strike0,36,648
MSFT,2021-07-15,2021-08-11,backfill,O:MSFT210820C00290000,290.0,2021-08-20,2021-08-09,2.85,3.9,1.93,2.12,5267,307,2.85,,monthly_30d_25d_otm,weekly_2_strike0,36,648
MSFT,2021-07-15,2021-08-11,backfill,O:MSFT210820C00290000,290.0,2021-08-20,2021-08-10,2.29,2.32,1.04,1.38,6600,301,2.29,,monthly_30d_25d_otm,weekly_2_strike0,36,648
MSFT,2021-07-15,2021-08-11,backfill,O:MSFT210820C00290000,290.0,2021-08-20,2021-08-11,1.48,1.97,1.03,1.18,3471,262,1.48,,monthly_30d_25d_otm,weekly_2_strike0,36,648
MSFT,2021-11-09,2021-12-03,backfill,O:MSFT211217C00350000,350.0,2021-12-17,2021-11-09,3.6,3.8,2.92,3.1,4779,99,3.6,,monthly_30d_25d_otm,weekly_2_strike0,38,4779
MSFT,2021-11-09,2021-12-03,backfill,O:MSFT211217C00350000,350.0,2021-12-17,2021-11-10,2.6,2.8,1.74,2.09,2837,187,2.6,,monthly_30d_25d_otm,weekly_2_strike0,38,4779
MSFT,2021-11-09,2021-12-03,backfill,O:MSFT211217C00350000,350.0,2021-12-17,2021-11-11,2.01,2.27,1.82,1.88,893,116,2.01,,monthly_30d_25d_otm,weekly_2_strike0,38,4779
MSFT,2021-11-09,2021-12-03,backfill,O:MSFT211217C00350000,350.0,2021-12-17,2021-11-12,2.28,2.7,2.1,2.64,2300,166,2.28,,monthly_30d_25d_otm,weekly_2_strike0,38,4779
MSFT,2021-11-09,2021-12-03,backfill,O:MSFT211217C00350000,350.0,2021-12-17,2021-11-15,2.71,2.88,2.07,2.37,4291,124,2.71,,monthly_30d_25d_otm,weekly_2_strike0,38,4779
MSFT,2021-11-09,2021-12-03,backfill,O:MSFT211217C00350000,350.0,2021-12-17,2021-11-16,2.36,3.65,2.26,3.0,14262,279,2.36,,monthly_30d_25d_otm,weekly_2_strike0,38,4779
MSFT,2021-11-09,2021-12-03,backfill,O:MSFT211217C00350000,350.0,2021-12-17,2021-11-17,3.28,3.95,2.8,2.95,3621,241,3.28,,monthly_30d_25d_otm,weekly_2_strike0,38,4779
MSFT,2021-11-09,2021-12-03,backfill,O:MSFT211217C00350000,350.0,2021-12-17,2021-11-18,2.85,4.17,2.33,3.85,9243,223,2.85,,monthly_30d_25d_otm,weekly_2_strike0,38,4779
MSFT,2021-11-09,2021-12-03,backfill,O:MSFT211217C00350000,350.0,2021-12-17,2021-11-19,4.12,5.44,3.95,4.15,3315,245,4.12,,monthly_30d_25d_otm,weekly_2_strike0,38,4779
MSFT,2021-11-09,2021-12-03,backfill,O:MSFT211217C00350000,350.0,2021-12-17,2021-11-22,4.4,6.9,3.34,3.35,16443,315,4.4,,monthly_30d_25d_otm,weekly_2_strike0,38,4779
MSFT,2021-11-09,2021-12-03,backfill,O:MSFT211217C00350000,350.0,2021-12-17,2021-11-23,2.71,3.35,1.94,2.74,3826,259,2.71,,monthly_30d_25d_otm,weekly_2_strike0,38,4779
MSFT,2021-11-09,2021-12-03,backfill,O:MSFT211217C00350000,350.0,2021-12-17,2021-11-24,2.3,2.52,1.94,2.41,1707,195,2.3,,monthly_30d_25d_otm,weekly_2_strike0,38,4779
MSFT,2021-11-09,2021-12-03,backfill,O:MSFT211217C00350000,350.0,2021-12-17,2021-11-26,1.91,2.85,1.6,1.92,1752,156,1.91,,monthly_30d_25d_otm,weekly_2_strike0,38,4779
MSFT,2021-11-09,2021-12-03,backfill,O:MSFT211217C00350000,350.0,2021-12-17,2021-11-29,2.16,2.58,1.69,1.78,3485,244,2.16,,monthly_30d_25d_otm,weekly_2_strike0,38,4779
MSFT,2021-11-09,2021-12-03,backfill,O:MSFT211217C00350000,350.0,2021-12-17,2021-11-30,1.65,2.03,0.98,1.2,3228,242,1.65,,monthly_30d_25d_otm,weekly_2_strike0,38,4779
MSFT,2021-11-09,2021-12-03,backfill,O:MSFT211217C00350000,350.0,2021-12-17,2021-12-01,1.83,2.61,1.23,1.3,7563,274,1.83,,monthly_30d_25d_otm,weekly_2_strike0,38,4779
MSFT,2021-11-09,2021-12-03,backfill,O:MSFT211217C00350000,350.0,2021-12-17,2021-12-02,1.3,1.56,0.91,0.98,2320,175,1.3,,monthly_30d_25d_otm,weekly_2_strike0,38,4779
MSFT,2021-11-09,2021-12-03,backfill,O:MSFT211217C00350000,350.0,2021-12-17,2021-12-03,1.04,1.24,0.42,0.54,3110,214,1.04,,monthly_30d_25d_otm,weekly_2_strike0,38,4779
MSFT,2023-02-15,2023-03-01,backfill,O:MSFT230317C00290000,290.0,2023-03-17,2023-02-15,2.0,2.4,1.55,1.85,2438,168,2.0,,monthly_30d_20d_otm,weekly_2_strike0,30,2438
MSFT,2023-02-15,2023-03-01,backfill,O:MSFT230317C00290000,290.0,2023-03-17,2023-02-16,1.28,1.43,0.95,0.99,1635,159,1.28,,monthly_30d_20d_otm,weekly_2_strike0,30,2438
MSFT,2023-02-15,2023-03-01,backfill,O:MSFT230317C00290000,290.0,2023-03-17,2023-02-17,0.78,0.84,0.52,0.53,10645,178,0.78,,monthly_30d_20d_otm,weekly_2_strike0,30,2438
MSFT,2023-02-15,2023-03-01,backfill,O:MSFT230317C00290000,290.0,2023-03-17,2023-02-21,0.4,0.45,0.32,0.34,1415,129,0.4,,monthly_30d_20d_otm,weekly_2_strike0,30,2438
MSFT,2023-02-15,2023-03-01,backfill,O:MSFT230317C00290000,290.0,2023-03-17,2023-02-22,0.36,0.36,0.23,0.24,2592,104,0.36,,monthly_30d_20d_otm,weekly_2_strike0,30,2438
MSFT,2023-02-15,2023-03-01,backfill,O:MSFT230317C00290000,290.0,2023-03-17,2023-02-23,0.24,0.4,0.17,0.25,776,77,0.24,,monthly_30d_20d_otm,weekly_2_strike0,30,2438
MSFT,2023-02-15,2023-03-01,backfill,O:MSFT230317C00290000,290.0,2023-03-17,2023-02-24,0.16,0.18,0.12,0.14,630,70,0.16,,monthly_30d_20d_otm,weekly_2_strike0,30,2438
MSFT,2023-02-15,2023-03-01,backfill,O:MSFT230317C00290000,290.0,2023-03-17,2023-02-27,0.17,0.17,0.1,0.12,1265,46,0.17,,monthly_30d_20d_otm,weekly_2_strike0,30,2438
MSFT,2023-02-15,2023-03-01,backfill,O:MSFT230317C00290000,290.0,2023-03-17,2023-02-28,0.1,0.11,0.09,0.09,355,28,0.1,,monthly_30d_20d_otm,weekly_2_strike0,30,2438
MSFT,2023-02-15,2023-03-01,backfill,O:MSFT230317C00290000,290.0,2023-03-17,2023-03-01,0.11,0.11,0.07,0.07,126,23,0.11,,monthly_30d_20d_otm,weekly_2_strike0,30,2438
MSFT,2024-07-10,2024-07-18,backfill,O:MSFT240816C00470000,470.0,2024-08-16,2024-07-10,11.33,13.78,10.39,13.66,1949,135,11.33,,monthly_30d_35d_otm,weekly_2_strike0,37,1949
MSFT,2024-07-10,2024-07-18,backfill,O:MSFT240816C00470000,470.0,2024-08-16,2024-07-11,11.87,12.95,7.8,9.09,1929,136,11.87,,monthly_30d_35d_otm,weekly_2_strike0,37,1949
MSFT,2024-07-10,2024-07-18,backfill,O:MSFT240816C00470000,470.0,2024-08-16,2024-07-12,7.8,9.01,7.35,7.95,4243,147,7.8,,monthly_30d_35d_otm,weekly_2_strike0,37,1949
MSFT,2024-07-10,2024-07-18,backfill,O:MSFT240816C00470000,470.0,2024-08-16,2024-07-15,7.93,9.14,7.3,7.75,550,98,7.93,,monthly_30d_35d_otm,weekly_2_strike0,37,1949
MSFT,2024-07-10,2024-07-18,backfill,O:MSFT240816C00470000,470.0,2024-08-16,2024-07-16,8.05,8.05,5.5,6.15,1360,129,8.05,,monthly_30d_35d_otm,weekly_2_strike0,37,1949
MSFT,2024-07-10,2024-07-18,backfill,O:MSFT240816C00470000,470.0,2024-08-16,2024-07-17,4.22,5.15,4.07,4.6,6615,155,4.22,,monthly_30d_35d_otm,weekly_2_strike0,37,1949
MSFT,2024-07-10,2024-07-18,backfill,O:MSFT240816C00470000,470.0,2024-08-16,2024-07-18,4.55,4.6,3.1,4.0,857,152,4.55,,monthly_30d_35d_otm,weekly_2_strike0,37,1949
MSTR,2022-04-08,2022-04-29,backfill,O:MSTR220520C00460000,460.0,2022-05-20,2022-04-08,49.6,49.76,43.3,44.7,114,9,49.6,,monthly_30d_atm,weekly_2_strike0,42,114
MSTR,2022-04-08,2022-04-29,backfill,O:MSTR220520C00460000,460.0,2022-05-20,2022-04-11,34.55,35.9,34.55,35.9,2,2,34.55,,monthly_30d_atm,weekly_2_strike0,42,114
MSTR,2022-04-08,2022-04-29,backfill,O:MSTR220520C00460000,460.0,2022-05-20,2022-04-13,39.02,42.36,39.02,42.36,3,3,39.02,,monthly_30d_atm,weekly_2_strike0,42,114
MSTR,2022-04-08,2022-04-29,backfill,O:MSTR220520C00460000,460.0,2022-05-20,2022-04-14,38.6,38.6,38.6,38.6,1,1,38.6,,monthly_30d_atm,weekly_2_strike0,42,114
MSTR,2022-04-08,2022-04-29,backfill,O:MSTR220520C00460000,460.0,2022-05-20,2022-04-18,30.0,30.0,30.0,30.0,2,2,30.0,,monthly_30d_atm,weekly_2_strike0,42,114
MSTR,2022-04-08,2022-04-29,backfill,O:MSTR220520C00460000,460.0,2022-05-20,2022-04-19,42.23,42.23,42.23,42.23,1,1,42.23,,monthly_30d_atm,weekly_2_strike0,42,114
MSTR,2022-04-08,2022-04-29,backfill,O:MSTR220520C00460000,460.0,2022-05-20,2022-04-21,37.79,37.79,22.9,22.9,15,10,37.79,,monthly_30d_atm,weekly_2_strike0,42,114
MSTR,2022-04-08,2022-04-29,backfill,O:MSTR220520C00460000,460.0,2022-05-20,2022-04-22,23.25,23.46,17.48,17.6,11,5,23.25,,monthly_30d_atm,weekly_2_strike0,42,114
MSTR,2022-04-08,2022-04-29,backfill,O:MSTR220520C00460000,460.0,2022-05-20,2022-04-26,17.47,17.47,13.0,13.0,2,2,17.47,,monthly_30d_atm,weekly_2_strike0,42,114
MSTR,2022-04-08,2022-04-29,backfill,O:MSTR220520C00460000,460.0,2022-05-20,2022-04-27,12.9,12.9,12.0,12.0,2,2,12.9,,monthly_30d_atm,weekly_2_strike0,42,114
MSTR,2022-04-08,2022-04-29,backfill,O:MSTR220520C00460000,460.0,2022-05-20,2022-04-28,7.63,11.85,7.63,11.85,6,2,7.63,,monthly_30d_atm,weekly_2_strike0,42,114
MSTR,2022-04-08,2022-04-29,backfill,O:MSTR220520C00460000,460.0,2022-05-20,2022-04-29,6.0,6.0,5.5,5.5,3,2,6.0,,monthly_30d_atm,weekly_2_strike0,42,114
MSTR,2023-02-03,2023-03-03,backfill,O:MSTR230317C00330000,330.0,2023-03-17,2023-02-03,20.95,20.95,15.57,15.77,28,6,20.95,,monthly_30d_25d_otm,weekly_1_strike0,42,28
MSTR,2023-02-03,2023-03-03,backfill,O:MSTR230317C00330000,330.0,2023-03-17,2023-02-06,12.3,12.3,12.3,12.3,50,1,12.3,,monthly_30d_25d_otm,weekly_1_strike0,42,28
MSTR,2023-02-03,2023-03-03,backfill,O:MSTR230317C00330000,330.0,2023-03-17,2023-02-07,12.75,13.6,12.75,13.6,8,2,12.75,,monthly_30d_25d_otm,weekly_1_strike0,42,28
MSTR,2023-02-03,2023-03-03,backfill,O:MSTR230317C00330000,330.0,2023-03-17,2023-02-08,10.33,10.33,9.35,9.35,2,2,10.33,,monthly_30d_25d_otm,weekly_1_strike0,42,28
MSTR,2023-02-03,2023-03-03,backfill,O:MSTR230317C00330000,330.0,2023-03-17,2023-02-09,7.3,7.3,5.35,5.35,7,5,7.3,,monthly_30d_25d_otm,weekly_1_strike0,42,28
MSTR,2023-02-03,2023-03-03,backfill,O:MSTR230317C00330000,330.0,2023-03-17,2023-02-10,5.0,5.0,5.0,5.0,1,1,5.0,,monthly_30d_25d_otm,weekly_1_strike0,42,28
MSTR,2023-02-03,2023-03-03,backfill,O:MSTR230317C00330000,330.0,2023-03-17,2023-02-13,3.5,3.5,3.19,3.19,4,2,3.5,,monthly_30d_25d_otm,weekly_1_strike0,42,28
MSTR,2023-02-03,2023-03-03,backfill,O:MSTR230317C00330000,330.0,2023-03-17,2023-02-14,4.9,6.1,4.9,5.35,5,5,4.9,,monthly_30d_25d_otm,weekly_1_strike0,42,28
MSTR,2023-02-03,2023-03-03,backfill,O:MSTR230317C00330000,330.0,2023-03-17,2023-02-15,8.45,14.75,8.27,14.27,20,10,8.45,,monthly_30d_25d_otm,weekly_1_strike0,42,28
MSTR,2023-02-03,2023-03-03,backfill,O:MSTR230317C00330000,330.0,2023-03-17,2023-02-16,15.09,19.8,13.3,13.3,12,9,15.09,,monthly_30d_25d_otm,weekly_1_strike0,42,28
MSTR,2023-02-03,2023-03-03,backfill,O:MSTR230317C00330000,330.0,2023-03-17,2023-02-17,10.05,13.34,9.25,12.55,17,12,10.05,,monthly_30d_25d_otm,weekly_1_strike0,42,28
MSTR,2023-02-03,2023-03-03,backfill,O:MSTR230317C00330000,330.0,2023-03-17,2023-02-21,11.9,11.93,7.43,7.43,43,8,11.9,,monthly_30d_25d_otm,weekly_1_strike0,42,28
MSTR,2023-02-03,2023-03-03,backfill,O:MSTR230317C00330000,330.0,2023-03-17,2023-02-22,6.3,6.3,5.6,5.6,3,3,6.3,,monthly_30d_25d_otm,weekly_1_strike0,42,28
MSTR,2023-02-03,2023-03-03,backfill,O:MSTR230317C00330000,330.0,2023-03-17,2023-02-23,6.92,6.92,4.6,4.6,6,2,6.92,,monthly_30d_25d_otm,weekly_1_strike0,42,28
MSTR,2023-02-03,2023-03-03,backfill,O:MSTR230317C00330000,330.0,2023-03-17,2023-02-24,3.55,3.55,2.5,2.5,11,2,3.55,,monthly_30d_25d_otm,weekly_1_strike0,42,28
MSTR,2023-02-03,2023-03-03,backfill,O:MSTR230317C00330000,330.0,2023-03-17,2023-02-27,3.18,3.18,2.03,2.03,8,3,3.18,,monthly_30d_25d_otm,weekly_1_strike0,42,28
MSTR,2023-02-03,2023-03-03,backfill,O:MSTR230317C00330000,330.0,2023-03-17,2023-02-28,2.64,2.93,2.49,2.5,11,4,2.64,,monthly_30d_25d_otm,weekly_1_strike0,42,28
MSTR,2023-02-03,2023-03-03,backfill,O:MSTR230317C00330000,330.0,2023-03-17,2023-03-01,2.59,2.59,1.43,1.45,7,4,2.59,,monthly_30d_25d_otm,weekly_1_strike0,42,28
MSTR,2023-02-03,2023-03-03,backfill,O:MSTR230317C00330000,330.0,2023-03-17,2023-03-02,1.09,1.09,1.09,1.09,1,1,1.09,,monthly_30d_25d_otm,weekly_1_strike0,42,28
MSTR,2023-02-03,2023-03-03,backfill,O:MSTR230317C00330000,330.0,2023-03-17,2023-03-03,0.8,0.82,0.8,0.82,5,3,0.8,,monthly_30d_25d_otm,weekly_1_strike0,42,28
MSTR,2023-10-31,2023-11-28,backfill,O:MSTR231215C00500000,500.0,2023-12-15,2023-10-31,18.9,19.7,17.35,19.7,89,8,18.9,,monthly_45d_20d_otm,weekly_2_strike1,45,89
MSTR,2023-10-31,2023-11-28,backfill,O:MSTR231215C00500000,500.0,2023-12-15,2023-11-01,16.0,18.1,16.0,17.93,87,15,16.0,,monthly_45d_20d_otm,weekly_2_strike1,45,89
MSTR,2023-10-31,2023-11-28,backfill,O:MSTR231215C00500000,500.0,2023-12-15,2023-11-02,19.15,25.64,18.0,25.64,212,33,19.15,,monthly_45d_20d_otm,weekly_2_strike1,45,89
MSTR,2023-10-31,2023-11-28,backfill,O:MSTR231215C00500000,500.0,2023-12-15,2023-11-03,22.1,28.0,21.4,23.4,62,24,22.1,,monthly_45d_20d_otm,weekly_2_strike1,45,89
MSTR,2023-10-31,2023-11-28,backfill,O:MSTR231215C00500000,500.0,2023-12-15,2023-11-06,29.0,29.0,21.0,23.9,155,51,29.0,,monthly_45d_20d_otm,weekly_2_strike1,45,89
MSTR,2023-10-31,2023-11-28,backfill,O:MSTR231215C00500000,500.0,2023-12-15,2023-11-07,20.65,27.24,19.68,27.24,129,35,20.65,,monthly_45d_20d_otm,weekly_2_strike1,45,89
MSTR,2023-10-31,2023-11-28,backfill,O:MSTR231215C00500000,500.0,2023-12-15,2023-11-08,22.0,29.56,22.0,28.9,40,22,22.0,,monthly_45d_20d_otm,weekly_2_strike1,45,89
MSTR,2023-10-31,2023-11-28,backfill,O:MSTR231215C00500000,500.0,2023-12-15,2023-11-09,39.2,67.0,36.6,40.99,295,77,39.2,,monthly_45d_20d_otm,weekly_2_strike1,45,89
MSTR,2023-10-31,2023-11-28,backfill,O:MSTR231215C00500000,500.0,2023-12-15,2023-11-10,44.99,49.64,43.58,48.16,48,21,44.99,,monthly_45d_20d_otm,weekly_2_strike1,45,89
MSTR,2023-10-31,2023-11-28,backfill,O:MSTR231215C00500000,500.0,2023-12-15,2023-11-13,43.25,43.85,35.94,38.85,18,12,43.25,,monthly_45d_20d_otm,weekly_2_strike1,45,89
MSTR,2023-10-31,2023-11-28,backfill,O:MSTR231215C00500000,500.0,2023-12-15,2023-11-14,37.5,37.5,22.0,27.36,126,37,37.5,,monthly_45d_20d_otm,weekly_2_strike1,45,89
MSTR,2023-10-31,2023-11-28,backfill,O:MSTR231215C00500000,500.0,2023-12-15,2023-11-15,33.05,46.0,32.52,45.8,109,41,33.05,,monthly_45d_20d_otm,weekly_2_strike1,45,89
MSTR,2023-10-31,2023-11-28,backfill,O:MSTR231215C00500000,500.0,2023-12-15,2023-11-16,36.0,39.3,30.35,31.83,58,15,36.0,,monthly_45d_20d_otm,weekly_2_strike1,45,89
MSTR,2023-10-31,2023-11-28,backfill,O:MSTR231215C00500000,500.0,2023-12-15,2023-11-17,30.5,30.5,28.5,28.5,13,6,30.5,,monthly_45d_20d_otm,weekly_2_strike1,45,89
MSTR,2023-10-31,2023-11-28,backfill,O:MSTR231215C00500000,500.0,2023-12-15,2023-11-20,30.25,38.58,30.25,35.96,118,23,30.25,,monthly_45d_20d_otm,weekly_2_strike1,45,89
MSTR,2023-10-31,2023-11-28,backfill,O:MSTR231215C00500000,500.0,2023-12-15,2023-11-21,28.3,32.0,24.0,26.4,71,30,28.3,,monthly_45d_20d_otm,weekly_2_strike1,45,89
MSTR,2023-10-31,2023-11-28,backfill,O:MSTR231215C00500000,500.0,2023-12-15,2023-11-22,26.25,33.5,21.6,33.5,91,28,26.25,,monthly_45d_20d_otm,weekly_2_strike1,45,89
MSTR,2023-10-31,2023-11-28,backfill,O:MSTR231215C00500000,500.0,2023-12-15,2023-11-24,35.75,45.75,35.75,37.8,276,23,35.75,,monthly_45d_20d_otm,weekly_2_strike1,45,89
MSTR,2023-10-31,2023-11-28,backfill,O:MSTR231215C00500000,500.0,2023-12-15,2023-11-27,30.15,34.0,24.83,24.83,41,22,30.15,,monthly_45d_20d_otm,weekly_2_strike1,45,89
MSTR,2023-10-31,2023-11-28,backfill,O:MSTR231215C00500000,500.0,2023-12-15,2023-11-28,30.0,34.55,29.78,30.08,9,8,30.0,,monthly_45d_20d_otm,weekly_2_strike1,45,89
MSTR,2024-03-04,2024-04-01,backfill,O:MSTR240419C01420000,1420.0,2024-04-19,2024-03-04,228.0,261.1,220.15,261.1,8,6,228.0,,monthly_30d_35d_otm,weekly_2_strike0,46,8
MSTR,2024-03-04,2024-04-01,backfill,O:MSTR240419C01420000,1420.0,2024-04-19,2024-03-05,205.17,240.0,169.0,169.0,6,5,205.17,,monthly_30d_35d_otm,weekly_2_strike0,46,8
MSTR,2024-03-04,2024-04-01,backfill,O:MSTR240419C01420000,1420.0,2024-04-19,2024-03-06,201.51,208.94,201.51,208.94,3,3,201.51,,monthly_30d_35d_otm,weekly_2_strike0,46,8
MSTR,2024-03-04,2024-04-01,backfill,O:MSTR240419C01420000,1420.0,2024-04-19,2024-03-08,200.2,281.49,200.2,278.25,9,4,200.2,,monthly_30d_35d_otm,weekly_2_strike0,46,8
MSTR,2024-03-04,2024-04-01,backfill,O:MSTR240419C01420000,1420.0,2024-04-19,2024-03-12,339.2,342.95,339.2,342.95,3,2,339.2,,monthly_30d_35d_otm,weekly_2_strike0,46,8
MSTR,2024-03-04,2024-04-01,backfill,O:MSTR240419C01420000,1420.0,2024-04-19,2024-03-20,228.8,228.8,228.8,228.8,1,1,228.8,,monthly_30d_35d_otm,weekly_2_strike0,46,8
MSTR,2024-03-04,2024-04-01,backfill,O:MSTR240419C01420000,1420.0,2024-04-19,2024-03-21,352.9,352.9,352.9,352.9,1,1,352.9,,monthly_30d_35d_otm,weekly_2_strike0,46,8
MSTR,2024-03-04,2024-04-01,backfill,O:MSTR240419C01420000,1420.0,2024-04-19,2024-03-25,387.27,437.0,387.27,437.0,2,2,387.27,,monthly_30d_35d_otm,weekly_2_strike0,46,8
MSTR,2024-03-04,2024-04-01,backfill,O:MSTR240419C01420000,1420.0,2024-04-19,2024-03-26,550.0,550.0,550.0,550.0,1,1,550.0,,monthly_30d_35d_otm,weekly_2_strike0,46,8
MSTR,2024-03-04,2024-04-01,backfill,O:MSTR240419C01420000,1420.0,2024-04-19,2024-03-28,366.15,406.95,366.15,406.95,6,2,366.15,,monthly_30d_35d_otm,weekly_2_strike0,46,8
MSTR,2024-03-04,2024-04-01,backfill,O:MSTR240419C01420000,1420.0,2024-04-19,2024-04-01,315.0,315.0,293.95,310.5,18,5,315.0,,monthly_30d_35d_otm,weekly_2_strike0,46,8
MSTR,2025-05-01,2025-05-29,backfill,O:MSTR250620C00495000,495.0,2025-06-20,2025-05-01,15.2,16.63,13.86,14.07,19,7,15.2,,monthly_45d_30d_otm,weekly_2_strike0,50,19
MSTR,2025-05-01,2025-05-29,backfill,O:MSTR250620C00495000,495.0,2025-06-20,2025-05-02,12.83,13.95,12.83,13.95,4,3,12.83,,monthly_45d_30d_otm,weekly_2_strike0,50,19
MSTR,2025-05-01,2025-05-29,backfill,O:MSTR250620C00495000,495.0,2025-06-20,2025-05-05,10.45,10.55,9.6,10.55,13,7,10.45,,monthly_45d_30d_otm,weekly_2_strike0,50,19
MSTR,2025-05-01,2025-05-29,backfill,O:MSTR250620C00495000,495.0,2025-06-20,2025-05-06,10.51,10.51,10.3,10.3,6,2,10.51,,monthly_45d_30d_otm,weekly_2_strike0,50,19
MSTR,2025-05-01,2025-05-29,backfill,O:MSTR250620C00495000,495.0,2025-06-20,2025-05-07,11.48,12.05,10.45,10.45,27,5,11.48,,monthly_45d_30d_otm,weekly_2_strike0,50,19
MSTR,2025-05-01,2025-05-29,backfill,O:MSTR250620C00495000,495.0,2025-06-20,2025-05-08,13.45,18.42,13.45,15.75,57,19,13.45,,monthly_45d_30d_otm,weekly_2_strike0,50,19
MSTR,2025-05-01,2025-05-29,backfill,O:MSTR250620C00495000,495.0,2025-06-20,2025-05-09,18.5,20.1,14.3,16.51,40,15,18.5,,monthly_45d_30d_otm,weekly_2_strike0,50,19
MSTR,2025-05-01,2025-05-29,backfill,O:MSTR250620C00495000,495.0,2025-06-20,2025-05-12,15.87,16.05,13.55,13.55,10,8,15.87,,monthly_45d_30d_otm,weekly_2_strike0,50,19
MSTR,2025-05-01,2025-05-29,backfill,O:MSTR250620C00495000,495.0,2025-06-20,2025-05-13,12.85,17.65,12.85,17.65,98,8,12.85,,monthly_45d_30d_otm,weekly_2_strike0,50,19
MSTR,2025-05-01,2025-05-29,backfill,O:MSTR250620C00495000,495.0,2025-06-20,2025-05-14,18.9,18.9,16.42,16.42,62,6,18.9,,monthly_45d_30d_otm,weekly_2_strike0,50,19
MSTR,2025-05-01,2025-05-29,backfill,O:MSTR250620C00495000,495.0,2025-06-20,2025-05-15,14.9,14.9,10.97,10.97,85,8,14.9,,monthly_45d_30d_otm,weekly_2_strike0,50,19
MSTR,2025-05-01,2025-05-29,backfill,O:MSTR250620C00495000,495.0,2025-06-20,2025-05-16,9.5,11.09,9.44,9.5,40,9,9.5,,monthly_45d_30d_otm,weekly_2_strike0,50,19
MSTR,2025-05-01,2025-05-29,backfill,O:MSTR250620C00495000,495.0,2025-06-20,2025-05-19,10.0,10.69,10.0,10.69,19,6,10.0,,monthly_45d_30d_otm,weekly_2_strike0,50,19
MSTR,2025-05-01,2025-05-29,backfill,O:MSTR250620C00495000,495.0,2025-06-20,2025-05-20,10.18,10.5,9.46,10.5,13,6,10.18,,monthly_45d_30d_otm,weekly_2_strike0,50,19
MSTR,2025-05-01,2025-05-29,backfill,O:MSTR250620C00495000,495.0,2025-06-20,2025-05-21,10.0,12.35,7.37,8.08,94,18,10.0,,monthly_45d_30d_otm,weekly_2_strike0,50,19
MSTR,2025-05-01,2025-05-29,backfill,O:MSTR250620C00495000,495.0,2025-06-20,2025-05-22,10.7,10.75,7.65,7.8,70,10,10.7,,monthly_45d_30d_otm,weekly_2_strike0,50,19
MSTR,2025-05-01,2025-05-29,backfill,O:MSTR250620C00495000,495.0,2025-06-20,2025-05-23,5.43,5.75,4.65,4.98,33,14,5.43,,monthly_45d_30d_otm,weekly_2_strike0,50,19
MSTR,2025-05-01,2025-05-29,backfill,O:MSTR250620C00495000,495.0,2025-06-20,2025-05-27,4.33,4.45,2.9,3.07,200,17,4.33,,monthly_45d_30d_otm,weekly_2_strike0,50,19
MSTR,2025-05-01,2025-05-29,backfill,O:MSTR250620C00495000,495.0,2025-06-20,2025-05-28,2.51,2.51,2.1,2.28,37,3,2.51,,monthly_45d_30d_otm,weekly_2_strike0,50,19
MSTR,2025-05-01,2025-05-29,backfill,O:MSTR250620C00495000,495.0,2025-06-20,2025-05-29,1.79,1.79,1.55,1.55,62,5,1.79,,monthly_45d_30d_otm,weekly_2_strike0,50,19
MU,2021-12-07,2022-01-04,backfill,O:MU220121C00090000,90.0,2022-01-21,2021-12-07,2.9,4.0,2.6,3.5,2065,155,2.9,,monthly_30d_35d_otm,weekly_2_strike0,45,2065
MU,2021-12-07,2022-01-04,backfill,O:MU220121C00090000,90.0,2022-01-21,2021-12-08,3.35,3.65,3.0,3.55,4370,109,3.35,,monthly_30d_35d_otm,weekly_2_strike0,45,2065
MU,2021-12-07,2022-01-04,backfill,O:MU220121C00090000,90.0,2022-01-21,2021-12-09,3.26,3.65,2.87,2.97,1111,101,3.26,,monthly_30d_35d_otm,weekly_2_strike0,45,2065
MU,2021-12-07,2022-01-04,backfill,O:MU220121C00090000,90.0,2022-01-21,2021-12-10,2.9,3.05,2.59,3.0,846,109,2.9,,monthly_30d_35d_otm,weekly_2_strike0,45,2065
MU,2021-12-07,2022-01-04,backfill,O:MU220121C00090000,90.0,2022-01-21,2021-12-13,3.48,3.75,2.68,2.68,3195,228,3.48,,monthly_30d_35d_otm,weekly_2_strike0,45,2065
MU,2021-12-07,2022-01-04,backfill,O:MU220121C00090000,90.0,2022-01-21,2021-12-14,2.42,2.8,2.17,2.25,1594,169,2.42,,monthly_30d_35d_otm,weekly_2_strike0,45,2065
MU,2021-12-07,2022-01-04,backfill,O:MU220121C00090000,90.0,2022-01-21,2021-12-15,2.28,2.96,1.9,2.95,1914,175,2.28,,monthly_30d_35d_otm,weekly_2_strike0,45,2065
MU,2021-12-07,2022-01-04,backfill,O:MU220121C00090000,90.0,2022-01-21,2021-12-16,3.0,3.09,2.06,2.29,6333,186,3.0,,monthly_30d_35d_otm,weekly_2_strike0,45,2065
MU,2021-12-07,2022-01-04,backfill,O:MU220121C00090000,90.0,2022-01-21,2021-12-17,2.03,2.39,1.87,2.38,2034,167,2.03,,monthly_30d_35d_otm,weekly_2_strike0,45,2065
MU,2021-12-07,2022-01-04,backfill,O:MU220121C00090000,90.0,2022-01-21,2021-12-20,2.13,2.6,1.95,2.27,2887,242,2.13,,monthly_30d_35d_otm,weekly_2_strike0,45,2065
MU,2021-12-07,2022-01-04,backfill,O:MU220121C00090000,90.0,2022-01-21,2021-12-21,4.15,4.86,3.13,4.65,11696,323,4.15,,monthly_30d_35d_otm,weekly_2_strike0,45,2065
MU,2021-12-07,2022-01-04,backfill,O:MU220121C00090000,90.0,2022-01-21,2021-12-22,4.25,4.35,3.5,4.0,1726,183,4.25,,monthly_30d_35d_otm,weekly_2_strike0,45,2065
MU,2021-12-07,2022-01-04,backfill,O:MU220121C00090000,90.0,2022-01-21,2021-12-23,4.1,7.0,4.05,6.43,6328,258,4.1,,monthly_30d_35d_otm,weekly_2_strike0,45,2065
MU,2021-12-07,2022-01-04,backfill,O:MU220121C00090000,90.0,2022-01-21,2021-12-27,6.0,6.8,5.25,6.29,943,104,6.0,,monthly_30d_35d_otm,weekly_2_strike0,45,2065
MU,2021-12-07,2022-01-04,backfill,O:MU220121C00090000,90.0,2022-01-21,2021-12-28,5.9,5.9,4.55,5.06,397,68,5.9,,monthly_30d_35d_otm,weekly_2_strike0,45,2065
MU,2021-12-07,2022-01-04,backfill,O:MU220121C00090000,90.0,2022-01-21,2021-12-29,5.8,7.93,5.8,7.43,1268,144,5.8,,monthly_30d_35d_otm,weekly_2_strike0,45,2065
MU,2021-12-07,2022-01-04,backfill,O:MU220121C00090000,90.0,2022-01-21,2021-12-30,6.03,6.8,5.4,5.5,1294,98,6.03,,monthly_30d_35d_otm,weekly_2_strike0,45,2065
MU,2021-12-07,2022-01-04,backfill,O:MU220121C00090000,90.0,2022-01-21,2021-12-31,5.5,5.82,4.85,4.86,436,41,5.5,,monthly_30d_35d_otm,weekly_2_strike0,45,2065
MU,2021-12-07,2022-01-04,backfill,O:MU220121C00090000,90.0,2022-01-21,2022-01-03,5.67,6.85,5.1,6.75,733,96,5.67,,monthly_30d_35d_otm,weekly_2_strike0,45,2065
MU,2021-12-07,2022-01-04,backfill,O:MU220121C00090000,90.0,2022-01-21,2022-01-04,6.75,7.32,5.05,7.3,4149,94,6.75,,monthly_30d_35d_otm,weekly_2_strike0,45,2065
MU,2023-02-16,2023-03-13,backfill,O:MU230317C00065000,65.0,2023-03-17,2023-02-16,1.05,1.21,0.82,0.9,4310,79,1.05,,monthly_30d_30d_otm,weekly_2_strike0,29,4310
MU,2023-02-16,2023-03-13,backfill,O:MU230317C00065000,65.0,2023-03-17,2023-02-17,0.86,0.86,0.56,0.63,3254,186,0.86,,monthly_30d_30d_otm,weekly_2_strike0,29,4310
MU,2023-02-16,2023-03-13,backfill,O:MU230317C00065000,65.0,2023-03-17,2023-02-21,0.52,0.73,0.35,0.37,2141,138,0.52,,monthly_30d_30d_otm,weekly_2_strike0,29,4310
MU,2023-02-16,2023-03-13,backfill,O:MU230317C00065000,65.0,2023-03-17,2023-02-22,0.37,0.46,0.25,0.25,2607,98,0.37,,monthly_30d_30d_otm,weekly_2_strike0,29,4310
MU,2023-02-16,2023-03-13,backfill,O:MU230317C00065000,65.0,2023-03-17,2023-02-23,0.51,0.62,0.3,0.4,3297,74,0.51,,monthly_30d_30d_otm,weekly_2_strike0,29,4310
MU,2023-02-16,2023-03-13,backfill,O:MU230317C00065000,65.0,2023-03-17,2023-02-24,0.29,0.32,0.24,0.32,2559,54,0.29,,monthly_30d_30d_otm,weekly_2_strike0,29,4310
MU,2023-02-16,2023-03-13,backfill,O:MU230317C00065000,65.0,2023-03-17,2023-02-27,0.38,0.4,0.21,0.21,1163,36,0.38,,monthly_30d_30d_otm,weekly_2_strike0,29,4310
MU,2023-02-16,2023-03-13,backfill,O:MU230317C00065000,65.0,2023-03-17,2023-02-28,0.2,0.25,0.17,0.19,172,37,0.2,,monthly_30d_30d_otm,weekly_2_strike0,29,4310
MU,2023-02-16,2023-03-13,backfill,O:MU230317C00065000,65.0,2023-03-17,2023-03-01,0.2,0.23,0.15,0.16,132,34,0.2,,monthly_30d_30d_otm,weekly_2_strike0,29,4310
MU,2023-02-16,2023-03-13,backfill,O:MU230317C00065000,65.0,2023-03-17,2023-03-02,0.19,0.36,0.04,0.08,1395,51,0.19,,monthly_30d_30d_otm,weekly_2_strike0,29,4310
MU,2023-02-16,2023-03-13,backfill,O:MU230317C00065000,65.0,2023-03-17,2023-03-03,0.07,0.07,0.04,0.05,2229,32,0.07,,monthly_30d_30d_otm,weekly_2_strike0,29,4310
MU,2023-02-16,2023-03-13,backfill,O:MU230317C00065000,65.0,2023-03-17,2023-03-06,0.06,0.1,0.04,0.05,154,44,0.06,,monthly_30d_30d_otm,weekly_2_strike0,29,4310
MU,2023-02-16,2023-03-13,backfill,O:MU230317C00065000,65.0,2023-03-17,2023-03-07,0.05,0.05,0.02,0.03,1843,20,0.05,,monthly_30d_30d_otm,weekly_2_strike0,29,4310
MU,2023-02-16,2023-03-13,backfill,O:MU230317C00065000,65.0,2023-03-17,2023-03-08,0.03,0.04,0.02,0.03,356,12,0.03,,monthly_30d_30d_otm,weekly_2_strike0,29,4310
MU,2023-02-16,2023-03-13,backfill,O:MU230317C00065000,65.0,2023-03-17,2023-03-09,0.04,0.05,0.03,0.04,408,18,0.04,,monthly_30d_30d_otm,weekly_2_strike0,29,4310
MU,2023-02-16,2023-03-13,backfill,O:MU230317C00065000,65.0,2023-03-17,2023-03-10,0.02,0.04,0.02,0.03,1148,18,0.02,,monthly_30d_30d_otm,weekly_2_strike0,29,4310
MU,2023-02-16,2023-03-13,backfill,O:MU230317C00065000,65.0,2023-03-17,2023-03-13,0.03,0.03,0.01,0.02,82,11,0.03,,monthly_30d_30d_otm,weekly_2_strike0,29,4310
MU,2023-11-02,2023-11-30,backfill,O:MU231215C00075000,75.0,2023-12-15,2023-11-02,1.54,1.65,1.35,1.5,3332,86,1.54,,monthly_30d_25d_otm,weekly_2_strike0,43,3332
MU,2023-11-02,2023-11-30,backfill,O:MU231215C00075000,75.0,2023-12-15,2023-11-03,1.8,2.47,1.8,2.2,768,83,1.8,,monthly_30d_25d_otm,weekly_2_strike0,43,3332
MU,2023-11-02,2023-11-30,backfill,O:MU231215C00075000,75.0,2023-12-15,2023-11-06,2.17,2.27,1.95,2.23,1236,85,2.17,,monthly_30d_25d_otm,weekly_2_strike0,43,3332
MU,2023-11-02,2023-11-30,backfill,O:MU231215C00075000,75.0,2023-12-15,2023-11-07,2.05,2.26,1.75,2.09,1628,84,2.05,,monthly_30d_25d_otm,weekly_2_strike0,43,3332
MU,2023-11-02,2023-11-30,backfill,O:MU231215C00075000,75.0,2023-12-15,2023-11-08,2.0,2.02,1.67,1.87,1406,41,2.0,,monthly_30d_25d_otm,weekly_2_strike0,43,3332
MU,2023-11-02,2023-11-30,backfill,O:MU231215C00075000,75.0,2023-12-15,2023-11-09,2.5,3.75,2.36,2.49,3124,195,2.5,,monthly_30d_25d_otm,weekly_2_strike0,43,3332
MU,2023-11-02,2023-11-30,backfill,O:MU231215C00075000,75.0,2023-12-15,2023-11-10,2.7,3.6,2.39,3.32,1347,111,2.7,,monthly_30d_25d_otm,weekly_2_strike0,43,3332
MU,2023-11-02,2023-11-30,backfill,O:MU231215C00075000,75.0,2023-12-15,2023-11-13,2.66,2.99,2.28,2.85,763,86,2.66,,monthly_30d_25d_otm,weekly_2_strike0,43,3332
MU,2023-11-02,2023-11-30,backfill,O:MU231215C00075000,75.0,2023-12-15,2023-11-14,3.3,4.35,2.95,4.1,9302,124,3.3,,monthly_30d_25d_otm,weekly_2_strike0,43,3332
MU,2023-11-02,2023-11-30,backfill,O:MU231215C00075000,75.0,2023-12-15,2023-11-15,4.2,4.2,3.65,4.0,339,41,4.2,,monthly_30d_25d_otm,weekly_2_strike0,43,3332
MU,2023-11-02,2023-11-30,backfill,O:MU231215C00075000,75.0,2023-12-15,2023-11-16,3.75,4.2,3.72,3.85,98,22,3.75,,monthly_30d_25d_otm,weekly_2_strike0,43,3332
MU,2023-11-02,2023-11-30,backfill,O:MU231215C00075000,75.0,2023-12-15,2023-11-17,3.97,4.5,3.9,4.2,2646,50,3.97,,monthly_30d_25d_otm,weekly_2_strike0,43,3332
MU,2023-11-02,2023-11-30,backfill,O:MU231215C00075000,75.0,2023-12-15,2023-11-20,4.15,5.0,3.95,4.89,151,42,4.15,,monthly_30d_25d_otm,weekly_2_strike0,43,3332
MU,2023-11-02,2023-11-30,backfill,O:MU231215C00075000,75.0,2023-12-15,2023-11-21,3.9,3.95,3.15,3.45,133,43,3.9,,monthly_30d_25d_otm,weekly_2_strike0,43,3332
MU,2023-11-02,2023-11-30,backfill,O:MU231215C00075000,75.0,2023-12-15,2023-11-22,4.25,4.45,3.56,3.56,124,19,4.25,,monthly_30d_25d_otm,weekly_2_strike0,43,3332
MU,2023-11-02,2023-11-30,backfill,O:MU231215C00075000,75.0,2023-12-15,2023-11-24,3.2,3.31,3.05,3.21,50,17,3.2,,monthly_30d_25d_otm,weekly_2_strike0,43,3332
MU,2023-11-02,2023-11-30,backfill,O:MU231215C00075000,75.0,2023-12-15,2023-11-27,3.35,4.35,3.15,3.75,170,36,3.35,,monthly_30d_25d_otm,weekly_2_strike0,43,3332
MU,2023-11-02,2023-11-30,backfill,O:MU231215C00075000,75.0,2023-12-15,2023-11-28,2.26,2.8,1.5,2.6,1107,116,2.26,,monthly_30d_25d_otm,weekly_2_strike0,43,3332
MU,2023-11-02,2023-11-30,backfill,O:MU231215C00075000,75.0,2023-12-15,2023-11-29,3.47,4.71,2.8,2.96,243,34,3.47,,monthly_30d_25d_otm,weekly_2_strike0,43,3332
MU,2023-11-02,2023-11-30,backfill,O:MU231215C00075000,75.0,2023-12-15,2023-11-30,3.02,3.02,1.86,2.43,203,44,3.02,,monthly_30d_25d_otm,weekly_2_strike0,43,3332
MU,2024-03-25,2024-04-22,backfill,O:MU240419C00120000,120.0,2024-04-19,2024-03-25,1.31,6.7,1.31,4.2,17063,333,1.31,,monthly_30d_30d_otm,weekly_2_strike0,25,17063
MU,2024-03-25,2024-04-22,backfill,O:MU240419C00120000,120.0,2024-04-19,2024-03-26,5.0,7.05,4.39,4.63,6440,228,5.0,,monthly_30d_30d_otm,weekly_2_strike0,25,17063
MU,2024-03-25,2024-04-22,backfill,O:MU240419C00120000,120.0,2024-04-19,2024-03-27,4.81,5.07,3.6,4.12,2848,167,4.81,,monthly_30d_30d_otm,weekly_2_strike0,25,17063
MU,2024-03-25,2024-04-22,backfill,O:MU240419C00120000,120.0,2024-04-19,2024-03-28,4.15,4.19,3.18,3.34,4685,143,4.15,,monthly_30d_30d_otm,weekly_2_strike0,25,17063
MU,2024-03-25,2024-04-22,backfill,O:MU240419C00120000,120.0,2024-04-19,2024-04-01,3.8,9.28,3.8,6.95,8614,187,3.8,,monthly_30d_30d_otm,weekly_2_strike0,25,17063
MU,2024-03-25,2024-04-22,backfill,O:MU240419C00120000,120.0,2024-04-19,2024-04-02,5.76,6.25,4.85,5.77,574,89,5.76,,monthly_30d_30d_otm,weekly_2_strike0,25,17063
MU,2024-03-25,2024-04-22,backfill,O:MU240419C00120000,120.0,2024-04-19,2024-04-03,5.0,9.85,5.0,9.85,1004,140,5.0,,monthly_30d_30d_otm,weekly_2_strike0,25,17063
MU,2024-03-25,2024-04-22,backfill,O:MU240419C00120000,120.0,2024-04-19,2024-04-04,11.3,11.5,6.55,6.75,669,88,11.3,,monthly_30d_30d_otm,weekly_2_strike0,25,17063
MU,2024-03-25,2024-04-22,backfill,O:MU240419C00120000,120.0,2024-04-19,2024-04-05,6.7,6.88,4.97,5.65,592,57,6.7,,monthly_30d_30d_otm,weekly_2_strike0,25,17063
MU,2024-03-25,2024-04-22,backfill,O:MU240419C00120000,120.0,2024-04-19,2024-04-08,10.2,10.22,5.1,5.4,1926,75,10.2,,monthly_30d_30d_otm,weekly_2_strike0,25,17063
MU,2024-03-25,2024-04-22,backfill,O:MU240419C00120000,120.0,2024-04-19,2024-04-09,6.0,7.3,4.2,4.5,898,53,6.0,,monthly_30d_30d_otm,weekly_2_strike0,25,17063
MU,2024-03-25,2024-04-22,backfill,O:MU240419C00120000,120.0,2024-04-19,2024-04-10,3.31,5.87,3.24,4.35,1715,143,3.31,,monthly_30d_30d_otm,weekly_2_strike0,25,17063
MU,2024-03-25,2024-04-22,backfill,O:MU240419C00120000,120.0,2024-04-19,2024-04-11,4.7,8.15,4.35,8.15,3302,117,4.7,,monthly_30d_30d_otm,weekly_2_strike0,25,17063
MU,2024-03-25,2024-04-22,backfill,O:MU240419C00120000,120.0,2024-04-19,2024-04-12,6.0,6.1,3.88,4.31,380,74,6.0,,monthly_30d_30d_otm,weekly_2_strike0,25,17063
MU,2024-03-25,2024-04-22,backfill,O:MU240419C00120000,120.0,2024-04-19,2024-04-15,4.64,5.55,2.77,3.2,627,84,4.64,,monthly_30d_30d_otm,weekly_2_strike0,25,17063
MU,2024-03-25,2024-04-22,backfill,O:MU240419C00120000,120.0,2024-04-19,2024-04-16,1.7,3.5,1.46,3.05,9407,220,1.7,,monthly_30d_30d_otm,weekly_2_strike0,25,17063
MU,2024-03-25,2024-04-22,backfill,O:MU240419C00120000,120.0,2024-04-19,2024-04-17,3.5,4.8,0.4,0.42,15846,282,3.5,,monthly_30d_30d_otm,weekly_2_strike0,25,17063
MU,2024-03-25,2024-04-22,backfill,O:MU240419C00120000,120.0,2024-04-19,2024-04-18,0.37,0.59,0.03,0.04,18575,222,0.37,,monthly_30d_30d_otm,weekly_2_strike0,25,17063
MU,2024-03-25,2024-04-22,backfill,O:MU240419C00120000,120.0,2024-04-19,2024-04-19,0.01,0.02,0.01,0.01,72,14,0.01,,monthly_30d_30d_otm,weekly_2_strike0,25,17063
MU,2025-06-12,2025-07-11,backfill,O:MU250718C00120000,120.0,2025-07-18,2025-06-12,5.75,6.65,5.65,6.6,1782,100,5.75,,monthly_30d_30d_otm,weekly_2_strike0,36,1782
MU,2025-06-12,2025-07-11,backfill,O:MU250718C00120000,120.0,2025-07-18,2025-06-13,5.59,6.9,5.59,6.17,1334,118,5.59,,monthly_30d_30d_otm,weekly_2_strike0,36,1782
MU,2025-06-12,2025-07-11,backfill,O:MU250718C00120000,120.0,2025-07-18,2025-06-16,7.1,8.75,6.87,8.17,4371,165,7.1,,monthly_30d_30d_otm,weekly_2_strike0,36,1782
MU,2025-06-12,2025-07-11,backfill,O:MU250718C00120000,120.0,2025-07-18,2025-06-17,8.1,10.58,8.1,8.45,5293,161,8.1,,monthly_30d_30d_otm,weekly_2_strike0,36,1782
MU,2025-06-12,2025-07-11,backfill,O:MU250718C00120000,120.0,2025-07-18,2025-06-18,8.6,9.4,8.4,8.8,907,98,8.6,,monthly_30d_30d_otm,weekly_2_strike0,36,1782
MU,2025-06-12,2025-07-11,backfill,O:MU250718C00120000,120.0,2025-07-18,2025-06-20,9.4,10.0,7.9,9.7,2270,109,9.4,,monthly_30d_30d_otm,weekly_2_strike0,36,1782
MU,2025-06-12,2025-07-11,backfill,O:MU250718C00120000,120.0,2025-07-18,2025-06-23,9.7,9.85,7.31,8.25,607,115,9.7,,monthly_30d_30d_otm,weekly_2_strike0,36,1782
MU,2025-06-12,2025-07-11,backfill,O:MU250718C00120000,120.0,2025-07-18,2025-06-24,9.9,12.0,9.9,11.91,1807,123,9.9,,monthly_30d_30d_otm,weekly_2_strike0,36,1782
MU,2025-06-12,2025-07-11,backfill,O:MU250718C00120000,120.0,2025-07-18,2025-06-25,11.0,11.35,10.05,11.35,3897,117,11.0,,monthly_30d_30d_otm,weekly_2_strike0,36,1782
MU,2025-06-12,2025-07-11,backfill,O:MU250718C00120000,120.0,2025-07-18,2025-06-26,11.1,11.1,7.05,8.6,1001,150,11.1,,monthly_30d_30d_otm,weekly_2_strike0,36,1782
MU,2025-06-12,2025-07-11,backfill,O:MU250718C00120000,120.0,2025-07-18,2025-06-27,7.55,9.52,6.6,7.25,538,71,7.55,,monthly_30d_30d_otm,weekly_2_strike0,36,1782
MU,2025-06-12,2025-07-11,backfill,O:MU250718C00120000,120.0,2025-07-18,2025-06-30,7.22,7.22,5.45,5.9,505,64,7.22,,monthly_30d_30d_otm,weekly_2_strike0,36,1782
MU,2025-06-12,2025-07-11,backfill,O:MU250718C00120000,120.0,2025-07-18,2025-07-01,5.95,5.95,3.8,4.52,645,74,5.95,,monthly_30d_30d_otm,weekly_2_strike0,36,1782
MU,2025-06-12,2025-07-11,backfill,O:MU250718C00120000,120.0,2025-07-18,2025-07-02,4.55,5.7,3.15,4.75,1297,117,4.55,,monthly_30d_30d_otm,weekly_2_strike0,36,1782
MU,2025-06-12,2025-07-11,backfill,O:MU250718C00120000,120.0,2025-07-18,2025-07-03,5.2,5.8,4.83,4.9,524,50,5.2,,monthly_30d_30d_otm,weekly_2_strike0,36,1782
MU,2025-06-12,2025-07-11,backfill,O:MU250718C00120000,120.0,2025-07-18,2025-07-07,4.24,4.3,3.0,3.35,1757,103,4.24,,monthly_30d_30d_otm,weekly_2_strike0,36,1782
MU,2025-06-12,2025-07-11,backfill,O:MU250718C00120000,120.0,2025-07-18,2025-07-08,4.7,6.88,4.3,5.92,2025,87,4.7,,monthly_30d_30d_otm,weekly_2_strike0,36,1782
MU,2025-06-12,2025-07-11,backfill,O:MU250718C00120000,120.0,2025-07-18,2025-07-09,6.28,7.0,3.75,4.1,6019,65,6.28,,monthly_30d_30d_otm,weekly_2_strike0,36,1782
MU,2025-06-12,2025-07-11,backfill,O:MU250718C00120000,120.0,2025-07-18,2025-07-10,5.6,5.6,3.9,4.4,366,51,5.6,,monthly_30d_30d_otm,weekly_2_strike0,36,1782
MU,2025-06-12,2025-07-11,backfill,O:MU250718C00120000,120.0,2025-07-18,2025-07-11,3.5,5.6,3.33,5.4,602,70,3.5,,monthly_30d_30d_otm,weekly_2_strike0,36,1782
MU,2025-09-19,2025-10-16,backfill,O:MU251121C00180000,180.0,2025-11-21,2025-09-19,8.28,8.9,7.5,8.6,243,61,8.28,,monthly_45d_30d_otm,weekly_1_strike4,63,243
MU,2025-09-19,2025-10-16,backfill,O:MU251121C00180000,180.0,2025-11-21,2025-09-22,8.85,10.45,8.3,9.65,265,72,8.85,,monthly_45d_30d_otm,weekly_1_strike4,63,243
MU,2025-09-19,2025-10-16,backfill,O:MU251121C00180000,180.0,2025-11-21,2025-09-23,9.88,10.9,9.85,10.45,687,120,9.88,,monthly_45d_30d_otm,weekly_1_strike4,63,243
MU,2025-09-19,2025-10-16,backfill,O:MU251121C00180000,180.0,2025-11-21,2025-09-24,7.9,8.8,5.35,6.43,535,113,7.9,,monthly_45d_30d_otm,weekly_1_strike4,63,243
MU,2025-09-19,2025-10-16,backfill,O:MU251121C00180000,180.0,2025-11-21,2025-09-25,5.75,5.75,4.35,4.64,166,64,5.75,,monthly_45d_30d_otm,weekly_1_strike4,63,243
MU,2025-09-19,2025-10-16,backfill,O:MU251121C00180000,180.0,2025-11-21,2025-09-26,4.75,4.95,3.9,4.05,391,43,4.75,,monthly_45d_30d_otm,weekly_1_strike4,63,243
MU,2025-09-19,2025-10-16,backfill,O:MU251121C00180000,180.0,2025-11-21,2025-09-29,5.7,7.25,5.7,6.29,667,62,5.7,,monthly_45d_30d_otm,weekly_1_strike4,63,243
MU,2025-09-19,2025-10-16,backfill,O:MU251121C00180000,180.0,2025-11-21,2025-09-30,6.7,8.25,6.45,7.8,3333,50,6.7,,monthly_45d_30d_otm,weekly_1_strike4,63,243
MU,2025-09-19,2025-10-16,backfill,O:MU251121C00180000,180.0,2025-11-21,2025-10-01,8.0,15.86,7.75,15.75,1197,205,8.0,,monthly_45d_30d_otm,weekly_1_strike4,63,243
MU,2025-09-19,2025-10-16,backfill,O:MU251121C00180000,180.0,2025-11-21,2025-10-02,17.71,19.01,15.3,16.78,680,115,17.71,,monthly_45d_30d_otm,weekly_1_strike4,63,243
MU,2025-09-19,2025-10-16,backfill,O:MU251121C00180000,180.0,2025-11-21,2025-10-03,16.75,22.37,16.75,19.49,450,76,16.75,,monthly_45d_30d_otm,weekly_1_strike4,63,243
MU,2025-09-19,2025-10-16,backfill,O:MU251121C00180000,180.0,2025-11-21,2025-10-06,25.0,29.85,21.4,22.01,3480,66,25.0,,monthly_45d_30d_otm,weekly_1_strike4,63,243
MU,2025-09-19,2025-10-16,backfill,O:MU251121C00180000,180.0,2025-11-21,2025-10-07,23.55,24.4,17.1,17.82,256,47,23.55,,monthly_45d_30d_otm,weekly_1_strike4,63,243
MU,2025-09-19,2025-10-16,backfill,O:MU251121C00180000,180.0,2025-11-21,2025-10-08,21.15,25.8,20.85,25.8,225,48,21.15,,monthly_45d_30d_otm,weekly_1_strike4,63,243
MU,2025-09-19,2025-10-16,backfill,O:MU251121C00180000,180.0,2025-11-21,2025-10-09,23.55,25.68,21.39,22.52,138,29,23.55,,monthly_45d_30d_otm,weekly_1_strike4,63,243
MU,2025-09-19,2025-10-16,backfill,O:MU251121C00180000,180.0,2025-11-21,2025-10-10,22.2,22.2,15.4,16.35,222,50,22.2,,monthly_45d_30d_otm,weekly_1_strike4,63,243
MU,2025-09-19,2025-10-16,backfill,O:MU251121C00180000,180.0,2025-11-21,2025-10-13,21.67,23.0,19.5,22.5,234,25,21.67,,monthly_45d_30d_otm,weekly_1_strike4,63,243
MU,2025-09-19,2025-10-16,backfill,O:MU251121C00180000,180.0,2025-11-21,2025-10-14,19.0,22.05,18.55,18.55,68,17,19.0,,monthly_45d_30d_otm,weekly_1_strike4,63,243
MU,2025-09-19,2025-10-16,backfill,O:MU251121C00180000,180.0,2025-11-21,2025-10-15,20.3,22.2,19.42,22.2,237,42,20.3,,monthly_45d_30d_otm,weekly_1_strike4,63,243
MU,2025-09-19,2025-10-16,backfill,O:MU251121C00180000,180.0,2025-11-21,2025-10-16,27.77,32.67,25.47,30.93,184,36,27.77,,monthly_45d_30d_otm,weekly_1_strike4,63,243
MU,2026-01-06,2026-02-03,backfill,O:MU260220C00380000,380.0,2026-02-20,2026-01-06,9.7,17.75,9.45,17.72,980,122,9.7,,monthly_30d_25d_otm,weekly_2_strike0,45,980
MU,2026-01-06,2026-02-03,backfill,O:MU260220C00380000,380.0,2026-02-20,2026-01-07,17.15,18.0,14.65,15.4,252,77,17.15,,monthly_30d_25d_otm,weekly_2_strike0,45,980
MU,2026-01-06,2026-02-03,backfill,O:MU260220C00380000,380.0,2026-02-20,2026-01-08,14.0,14.1,9.5,10.39,524,78,14.0,,monthly_30d_25d_otm,weekly_2_strike0,45,980
MU,2026-01-06,2026-02-03,backfill,O:MU260220C00380000,380.0,2026-02-20,2026-01-09,11.82,15.31,10.55,15.1,833,84,11.82,,monthly_30d_25d_otm,weekly_2_strike0,45,980
MU,2026-01-06,2026-02-03,backfill,O:MU260220C00380000,380.0,2026-02-20,2026-01-12,13.75,16.7,13.5,14.6,449,72,13.75,,monthly_30d_25d_otm,weekly_2_strike0,45,980
MU,2026-01-06,2026-02-03,backfill,O:MU260220C00380000,380.0,2026-02-20,2026-01-13,15.0,16.5,10.95,11.22,328,58,15.0,,monthly_30d_25d_otm,weekly_2_strike0,45,980
MU,2026-01-06,2026-02-03,backfill,O:MU260220C00380000,380.0,2026-02-20,2026-01-14,10.23,11.9,8.85,9.3,191,59,10.23,,monthly_30d_25d_otm,weekly_2_strike0,45,980
MU,2026-01-06,2026-02-03,backfill,O:MU260220C00380000,380.0,2026-02-20,2026-01-15,12.8,12.99,9.6,9.6,306,68,12.8,,monthly_30d_25d_otm,weekly_2_strike0,45,980
MU,2026-01-06,2026-02-03,backfill,O:MU260220C00380000,380.0,2026-02-20,2026-01-16,14.7,20.4,14.0,17.95,1094,128,14.7,,monthly_30d_25d_otm,weekly_2_strike0,45,980
MU,2026-01-06,2026-02-03,backfill,O:MU260220C00380000,380.0,2026-02-20,2026-01-20,20.06,29.46,19.07,21.75,1464,176,20.06,,monthly_30d_25d_otm,weekly_2_strike0,45,980
MU,2026-01-06,2026-02-03,backfill,O:MU260220C00380000,380.0,2026-02-20,2026-01-21,23.29,37.34,22.0,34.0,1517,180,23.29,,monthly_30d_25d_otm,weekly_2_strike0,45,980
MU,2026-01-06,2026-02-03,backfill,O:MU260220C00380000,380.0,2026-02-20,2026-01-22,37.87,38.05,26.47,37.5,864,116,37.87,,monthly_30d_25d_otm,weekly_2_strike0,45,980
MU,2026-01-06,2026-02-03,backfill,O:MU260220C00380000,380.0,2026-02-20,2026-01-23,37.44,49.27,35.25,39.75,442,86,37.44,,monthly_30d_25d_otm,weekly_2_strike0,45,980
MU,2026-01-06,2026-02-03,backfill,O:MU260220C00380000,380.0,2026-02-20,2026-01-26,36.15,37.5,29.1,31.5,545,64,36.15,,monthly_30d_25d_otm,weekly_2_strike0,45,980
MU,2026-01-06,2026-02-03,backfill,O:MU260220C00380000,380.0,2026-02-20,2026-01-27,40.45,50.0,38.6,44.56,902,88,40.45,,monthly_30d_25d_otm,weekly_2_strike0,45,980
MU,2026-01-06,2026-02-03,backfill,O:MU260220C00380000,380.0,2026-02-20,2026-01-28,53.15,68.6,53.15,65.94,1401,82,53.15,,monthly_30d_25d_otm,weekly_2_strike0,45,980
MU,2026-01-06,2026-02-03,backfill,O:MU260220C00380000,380.0,2026-02-20,2026-01-29,66.9,69.95,53.65,65.73,100,32,66.9,,monthly_30d_25d_otm,weekly_2_strike0,45,980
MU,2026-01-06,2026-02-03,backfill,O:MU260220C00380000,380.0,2026-02-20,2026-01-30,78.73,81.33,45.05,50.45,136,39,78.73,,monthly_30d_25d_otm,weekly_2_strike0,45,980
MU,2026-01-06,2026-02-03,backfill,O:MU260220C00380000,380.0,2026-02-20,2026-02-02,55.0,69.6,51.45,65.32,102,33,55.0,,monthly_30d_25d_otm,weekly_2_strike0,45,980
MU,2026-01-06,2026-02-03,backfill,O:MU260220C00380000,380.0,2026-02-20,2026-02-03,59.41,59.6,43.8,49.2,119,26,59.41,,monthly_30d_25d_otm,weekly_2_strike0,45,980
NCLH,2020-10-09,2020-11-05,backfill,O:NCLH201120C00020000,20.0,2020-11-20,2020-10-09,1.8,1.95,1.55,1.86,537,58,1.8,,monthly_30d_35d_otm,weekly_1_strike0,42,537
NCLH,2020-10-09,2020-11-05,backfill,O:NCLH201120C00020000,20.0,2020-11-20,2020-10-12,1.37,1.66,1.31,1.32,414,69,1.37,,monthly_30d_35d_otm,weekly_1_strike0,42,537
NCLH,2020-10-09,2020-11-05,backfill,O:NCLH201120C00020000,20.0,2020-11-20,2020-10-13,0.97,1.02,0.71,0.76,1728,62,0.97,,monthly_30d_35d_otm,weekly_1_strike0,42,537
NCLH,2020-10-09,2020-11-05,backfill,O:NCLH201120C00020000,20.0,2020-11-20,2020-10-14,0.72,0.9,0.65,0.69,3463,63,0.72,,monthly_30d_35d_otm,weekly_1_strike0,42,537
NCLH,2020-10-09,2020-11-05,backfill,O:NCLH201120C00020000,20.0,2020-11-20,2020-10-15,0.6,0.6,0.48,0.58,137,36,0.6,,monthly_30d_35d_otm,weekly_1_strike0,42,537
NCLH,2020-10-09,2020-11-05,backfill,O:NCLH201120C00020000,20.0,2020-11-20,2020-10-16,0.58,0.62,0.46,0.55,933,55,0.58,,monthly_30d_35d_otm,weekly_1_strike0,42,537
NCLH,2020-10-09,2020-11-05,backfill,O:NCLH201120C00020000,20.0,2020-11-20,2020-10-19,0.55,0.58,0.5,0.57,864,42,0.55,,monthly_30d_35d_otm,weekly_1_strike0,42,537
NCLH,2020-10-09,2020-11-05,backfill,O:NCLH201120C00020000,20.0,2020-11-20,2020-10-20,0.6,0.78,0.58,0.76,69,20,0.6,,monthly_30d_35d_otm,weekly_1_strike0,42,537
NCLH,2020-10-09,2020-11-05,backfill,O:NCLH201120C00020000,20.0,2020-11-20,2020-10-21,0.66,0.79,0.61,0.71,152,23,0.66,,monthly_30d_35d_otm,weekly_1_strike0,42,537
NCLH,2020-10-09,2020-11-05,backfill,O:NCLH201120C00020000,20.0,2020-11-20,2020-10-22,0.79,0.95,0.74,0.91,737,33,0.79,,monthly_30d_35d_otm,weekly_1_strike0,42,537
NCLH,2020-10-09,2020-11-05,backfill,O:NCLH201120C00020000,20.0,2020-11-20,2020-10-23,0.93,1.3,0.85,1.3,726,61,0.93,,monthly_30d_35d_otm,weekly_1_strike0,42,537
NCLH,2020-10-09,2020-11-05,backfill,O:NCLH201120C00020000,20.0,2020-11-20,2020-10-26,1.06,1.06,0.6,0.73,393,43,1.06,,monthly_30d_35d_otm,weekly_1_strike0,42,537
NCLH,2020-10-09,2020-11-05,backfill,O:NCLH201120C00020000,20.0,2020-11-20,2020-10-27,0.73,0.82,0.6,0.6,225,18,0.73,,monthly_30d_35d_otm,weekly_1_strike0,42,537
NCLH,2020-10-09,2020-11-05,backfill,O:NCLH201120C00020000,20.0,2020-11-20,2020-10-28,0.4,0.49,0.34,0.34,364,44,0.4,,monthly_30d_35d_otm,weekly_1_strike0,42,537
NCLH,2020-10-09,2020-11-05,backfill,O:NCLH201120C00020000,20.0,2020-11-20,2020-10-29,0.3,0.42,0.3,0.39,147,19,0.3,,monthly_30d_35d_otm,weekly_1_strike0,42,537
NCLH,2020-10-09,2020-11-05,backfill,O:NCLH201120C00020000,20.0,2020-11-20,2020-10-30,0.37,0.9,0.31,0.66,1189,54,0.37,,monthly_30d_35d_otm,weekly_1_strike0,42,537
NCLH,2020-10-09,2020-11-05,backfill,O:NCLH201120C00020000,20.0,2020-11-20,2020-11-02,0.45,0.46,0.24,0.37,164,30,0.45,,monthly_30d_35d_otm,weekly_1_strike0,42,537
NCLH,2020-10-09,2020-11-05,backfill,O:NCLH201120C00020000,20.0,2020-11-20,2020-11-03,0.35,0.43,0.26,0.4,307,39,0.35,,monthly_30d_35d_otm,weekly_1_strike0,42,537
NCLH,2020-10-09,2020-11-05,backfill,O:NCLH201120C00020000,20.0,2020-11-20,2020-11-04,0.3,0.34,0.18,0.27,281,31,0.3,,monthly_30d_35d_otm,weekly_1_strike0,42,537
NCLH,2020-10-09,2020-11-05,backfill,O:NCLH201120C00020000,20.0,2020-11-20,2020-11-05,0.33,0.36,0.23,0.29,543,47,0.33,,monthly_30d_35d_otm,weekly_1_strike0,42,537
NCLH,2023-06-07,2023-07-06,backfill,O:NCLH230721C00018000,18.0,2023-07-21,2023-06-07,0.6,0.72,0.55,0.64,271,47,0.6,,monthly_30d_30d_otm,weekly_2_strike0,44,271
NCLH,2023-06-07,2023-07-06,backfill,O:NCLH230721C00018000,18.0,2023-07-21,2023-06-08,0.58,0.6,0.53,0.58,48,8,0.58,,monthly_30d_30d_otm,weekly_2_strike0,44,271
NCLH,2023-06-07,2023-07-06,backfill,O:NCLH230721C00018000,18.0,2023-07-21,2023-06-09,0.63,0.76,0.61,0.66,179,18,0.63,,monthly_30d_30d_otm,weekly_2_strike0,44,271
NCLH,2023-06-07,2023-07-06,backfill,O:NCLH230721C00018000,18.0,2023-07-21,2023-06-12,0.9,1.61,0.79,1.38,403,49,0.9,,monthly_30d_30d_otm,weekly_2_strike0,44,271
NCLH,2023-06-07,2023-07-06,backfill,O:NCLH230721C00018000,18.0,2023-07-21,2023-06-13,1.36,2.17,1.36,2.17,121,23,1.36,,monthly_30d_30d_otm,weekly_2_strike0,44,271
NCLH,2023-06-07,2023-07-06,backfill,O:NCLH230721C00018000,18.0,2023-07-21,2023-06-14,2.15,2.15,1.81,1.97,104,14,2.15,,monthly_30d_30d_otm,weekly_2_strike0,44,271
NCLH,2023-06-07,2023-07-06,backfill,O:NCLH230721C00018000,18.0,2023-07-21,2023-06-15,1.79,2.17,1.79,2.08,118,23,1.79,,monthly_30d_30d_otm,weekly_2_strike0,44,271
NCLH,2023-06-07,2023-07-06,backfill,O:NCLH230721C00018000,18.0,2023-07-21,2023-06-16,1.91,1.96,1.7,1.7,35,6,1.91,,monthly_30d_30d_otm,weekly_2_strike0,44,271
NCLH,2023-06-07,2023-07-06,backfill,O:NCLH230721C00018000,18.0,2023-07-21,2023-06-20,1.72,1.72,1.69,1.69,9,3,1.72,,monthly_30d_30d_otm,weekly_2_strike0,44,271
NCLH,2023-06-07,2023-07-06,backfill,O:NCLH230721C00018000,18.0,2023-07-21,2023-06-21,1.78,1.79,1.48,1.75,30,7,1.78,,monthly_30d_30d_otm,weekly_2_strike0,44,271
NCLH,2023-06-07,2023-07-06,backfill,O:NCLH230721C00018000,18.0,2023-07-21,2023-06-22,1.55,1.7,1.53,1.53,26,7,1.55,,monthly_30d_30d_otm,weekly_2_strike0,44,271
NCLH,2023-06-07,2023-07-06,backfill,O:NCLH230721C00018000,18.0,2023-07-21,2023-06-23,1.66,2.0,1.66,1.85,46,5,1.66,,monthly_30d_30d_otm,weekly_2_strike0,44,271
NCLH,2023-06-07,2023-07-06,backfill,O:NCLH230721C00018000,18.0,2023-07-21,2023-06-26,1.47,1.47,0.92,1.17,191,20,1.47,,monthly_30d_30d_otm,weekly_2_strike0,44,271
NCLH,2023-06-07,2023-07-06,backfill,O:NCLH230721C00018000,18.0,2023-07-21,2023-06-27,1.36,1.75,1.36,1.75,14,6,1.36,,monthly_30d_30d_otm,weekly_2_strike0,44,271
NCLH,2023-06-07,2023-07-06,backfill,O:NCLH230721C00018000,18.0,2023-07-21,2023-06-28,2.26,3.44,2.21,3.25,61,13,2.26,,monthly_30d_30d_otm,weekly_2_strike0,44,271
NCLH,2023-06-07,2023-07-06,backfill,O:NCLH230721C00018000,18.0,2023-07-21,2023-06-29,3.42,3.42,3.05,3.05,24,8,3.42,,monthly_30d_30d_otm,weekly_2_strike0,44,271
NCLH,2023-06-07,2023-07-06,backfill,O:NCLH230721C00018000,18.0,2023-07-21,2023-06-30,3.5,3.97,3.39,3.95,67,8,3.5,,monthly_30d_30d_otm,weekly_2_strike0,44,271
NCLH,2023-06-07,2023-07-06,backfill,O:NCLH230721C00018000,18.0,2023-07-21,2023-07-03,3.93,4.0,3.87,4.0,9,4,3.93,,monthly_30d_30d_otm,weekly_2_strike0,44,271
NCLH,2023-06-07,2023-07-06,backfill,O:NCLH230721C00018000,18.0,2023-07-21,2023-07-05,4.09,4.37,4.06,4.36,93,5,4.09,,monthly_30d_30d_otm,weekly_2_strike0,44,271
NCLH,2023-06-07,2023-07-06,backfill,O:NCLH230721C00018000,18.0,2023-07-21,2023-07-06,3.47,3.9,3.47,3.9,6,5,3.47,,monthly_30d_30d_otm,weekly_2_strike0,44,271
NCLH,2024-10-16,2024-11-12,backfill,O:NCLH241115C00027000,27.0,2024-11-15,2024-10-16,0.52,0.6,0.51,0.59,26,3,0.52,,monthly_30d_25d_otm,weekly_2_strike0,30,26
NCLH,2024-10-16,2024-11-12,backfill,O:NCLH241115C00027000,27.0,2024-11-15,2024-10-17,0.52,0.52,0.43,0.43,56,4,0.52,,monthly_30d_25d_otm,weekly_2_strike0,30,26
NCLH,2024-10-16,2024-11-12,backfill,O:NCLH241115C00027000,27.0,2024-11-15,2024-10-18,0.43,0.43,0.36,0.36,27,5,0.43,,monthly_30d_25d_otm,weekly_2_strike0,30,26
NCLH,2024-10-16,2024-11-12,backfill,O:NCLH241115C00027000,27.0,2024-11-15,2024-10-21,0.32,0.34,0.32,0.33,4,3,0.32,,monthly_30d_25d_otm,weekly_2_strike0,30,26
NCLH,2024-10-16,2024-11-12,backfill,O:NCLH241115C00027000,27.0,2024-11-15,2024-10-22,0.35,0.4,0.35,0.4,66,7,0.35,,monthly_30d_25d_otm,weekly_2_strike0,30,26
NCLH,2024-10-16,2024-11-12,backfill,O:NCLH241115C00027000,27.0,2024-11-15,2024-10-23,0.39,0.39,0.29,0.31,255,5,0.39,,monthly_30d_25d_otm,weekly_2_strike0,30,26
NCLH,2024-10-16,2024-11-12,backfill,O:NCLH241115C00027000,27.0,2024-11-15,2024-10-24,0.25,0.25,0.25,0.25,5,1,0.25,,monthly_30d_25d_otm,weekly_2_strike0,30,26
NCLH,2024-10-16,2024-11-12,backfill,O:NCLH241115C00027000,27.0,2024-11-15,2024-10-25,0.21,0.22,0.2,0.2,14,3,0.21,,monthly_30d_25d_otm,weekly_2_strike0,30,26
NCLH,2024-10-16,2024-11-12,backfill,O:NCLH241115C00027000,27.0,2024-11-15,2024-10-28,0.32,0.33,0.32,0.33,8,3,0.32,,monthly_30d_25d_otm,weekly_2_strike0,30,26
NCLH,2024-10-16,2024-11-12,backfill,O:NCLH241115C00027000,27.0,2024-11-15,2024-10-29,0.3,0.43,0.3,0.36,64,4,0.3,,monthly_30d_25d_otm,weekly_2_strike0,30,26
NCLH,2024-10-16,2024-11-12,backfill,O:NCLH241115C00027000,27.0,2024-11-15,2024-10-30,0.26,0.26,0.26,0.26,60,1,0.26,,monthly_30d_25d_otm,weekly_2_strike0,30,26
NCLH,2024-10-16,2024-11-12,backfill,O:NCLH241115C00027000,27.0,2024-11-15,2024-10-31,0.87,1.06,0.52,0.52,619,22,0.87,,monthly_30d_25d_otm,weekly_2_strike0,30,26
NCLH,2024-10-16,2024-11-12,backfill,O:NCLH241115C00027000,27.0,2024-11-15,2024-11-01,0.3,0.3,0.21,0.22,120,8,0.3,,monthly_30d_25d_otm,weekly_2_strike0,30,26
NCLH,2024-10-16,2024-11-12,backfill,O:NCLH241115C00027000,27.0,2024-11-15,2024-11-04,0.19,0.27,0.16,0.26,18,11,0.19,,monthly_30d_25d_otm,weekly_2_strike0,30,26
NCLH,2024-10-16,2024-11-12,backfill,O:NCLH241115C00027000,27.0,2024-11-15,2024-11-05,0.42,0.42,0.32,0.4,64,9,0.42,,monthly_30d_25d_otm,weekly_2_strike0,30,26
NCLH,2024-10-16,2024-11-12,backfill,O:NCLH241115C00027000,27.0,2024-11-15,2024-11-06,0.98,1.26,0.8,1.13,157,35,0.98,,monthly_30d_25d_otm,weekly_2_strike0,30,26
NCLH,2024-10-16,2024-11-12,backfill,O:NCLH241115C00027000,27.0,2024-11-15,2024-11-07,0.92,1.07,0.69,0.72,188,21,0.92,,monthly_30d_25d_otm,weekly_2_strike0,30,26
NCLH,2024-10-16,2024-11-12,backfill,O:NCLH241115C00027000,27.0,2024-11-15,2024-11-08,0.7,0.9,0.68,0.74,156,22,0.7,,monthly_30d_25d_otm,weekly_2_strike0,30,26
NCLH,2024-10-16,2024-11-12,backfill,O:NCLH241115C00027000,27.0,2024-11-15,2024-11-11,0.79,1.0,0.46,0.91,274,30,0.79,,monthly_30d_25d_otm,weekly_2_strike0,30,26
NCLH,2024-10-16,2024-11-12,backfill,O:NCLH241115C00027000,27.0,2024-11-15,2024-11-12,0.95,1.11,0.92,1.03,172,21,0.95,,monthly_30d_25d_otm,weekly_2_strike0,30,26
NEM,2024-04-09,2024-05-06,backfill,O:NEM240517C00040000,40.0,2024-05-17,2024-04-09,2.43,2.55,1.77,1.83,928,89,2.43,,monthly_30d_atm,weekly_2_strike0,38,928
NEM,2024-04-09,2024-05-06,backfill,O:NEM240517C00040000,40.0,2024-05-17,2024-04-10,1.4,1.59,1.24,1.49,1024,98,1.4,,monthly_30d_atm,weekly_2_strike0,38,928
NEM,2024-04-09,2024-05-06,backfill,O:NEM240517C00040000,40.0,2024-05-17,2024-04-11,1.76,1.76,1.19,1.51,966,76,1.76,,monthly_30d_atm,weekly_2_strike0,38,928
NEM,2024-04-09,2024-05-06,backfill,O:NEM240517C00040000,40.0,2024-05-17,2024-04-12,2.18,2.87,1.31,1.46,2707,137,2.18,,monthly_30d_atm,weekly_2_strike0,38,928
NEM,2024-04-09,2024-05-06,backfill,O:NEM240517C00040000,40.0,2024-05-17,2024-04-15,1.44,1.48,1.09,1.36,2940,126,1.44,,monthly_30d_atm,weekly_2_strike0,38,928
NEM,2024-04-09,2024-05-06,backfill,O:NEM240517C00040000,40.0,2024-05-17,2024-04-16,1.15,1.32,0.94,1.14,2590,109,1.15,,monthly_30d_atm,weekly_2_strike0,38,928
NEM,2024-04-09,2024-05-06,backfill,O:NEM240517C00040000,40.0,2024-05-17,2024-04-17,1.29,1.49,1.07,1.26,1229,100,1.29,,monthly_30d_atm,weekly_2_strike0,38,928
NEM,2024-04-09,2024-05-06,backfill,O:NEM240517C00040000,40.0,2024-05-17,2024-04-18,1.43,1.55,1.07,1.17,2499,59,1.43,,monthly_30d_atm,weekly_2_strike0,38,928
NEM,2024-04-09,2024-05-06,backfill,O:NEM240517C00040000,40.0,2024-05-17,2024-04-19,1.14,1.45,1.05,1.35,2173,75,1.14,,monthly_30d_atm,weekly_2_strike0,38,928
NEM,2024-04-09,2024-05-06,backfill,O:NEM240517C00040000,40.0,2024-05-17,2024-04-22,0.75,0.94,0.64,0.64,1015,77,0.75,,monthly_30d_atm,weekly_2_strike0,38,928
NEM,2024-04-09,2024-05-06,backfill,O:NEM240517C00040000,40.0,2024-05-17,2024-04-23,0.49,0.72,0.46,0.7,823,54,0.49,,monthly_30d_atm,weekly_2_strike0,38,928
NEM,2024-04-09,2024-05-06,backfill,O:NEM240517C00040000,40.0,2024-05-17,2024-04-24,0.63,1.01,0.6,0.99,701,62,0.63,,monthly_30d_atm,weekly_2_strike0,38,928
NEM,2024-04-09,2024-05-06,backfill,O:NEM240517C00040000,40.0,2024-05-17,2024-04-25,1.46,4.32,1.46,3.85,3383,204,1.46,,monthly_30d_atm,weekly_2_strike0,38,928
NEM,2024-04-09,2024-05-06,backfill,O:NEM240517C00040000,40.0,2024-05-17,2024-04-26,3.65,3.65,3.12,3.12,609,45,3.65,,monthly_30d_atm,weekly_2_strike0,38,928
NEM,2024-04-09,2024-05-06,backfill,O:NEM240517C00040000,40.0,2024-05-17,2024-04-29,3.1,3.2,2.22,2.69,458,30,3.1,,monthly_30d_atm,weekly_2_strike0,38,928
NEM,2024-04-09,2024-05-06,backfill,O:NEM240517C00040000,40.0,2024-05-17,2024-04-30,2.0,2.02,1.52,1.57,134,21,2.0,,monthly_30d_atm,weekly_2_strike0,38,928
NEM,2024-04-09,2024-05-06,backfill,O:NEM240517C00040000,40.0,2024-05-17,2024-05-01,1.61,2.2,1.55,1.7,351,31,1.61,,monthly_30d_atm,weekly_2_strike0,38,928
NEM,2024-04-09,2024-05-06,backfill,O:NEM240517C00040000,40.0,2024-05-17,2024-05-02,1.43,1.9,1.36,1.74,502,20,1.43,,monthly_30d_atm,weekly_2_strike0,38,928
NEM,2024-04-09,2024-05-06,backfill,O:NEM240517C00040000,40.0,2024-05-17,2024-05-03,1.7,1.7,1.36,1.43,75,12,1.7,,monthly_30d_atm,weekly_2_strike0,38,928
NEM,2024-04-09,2024-05-06,backfill,O:NEM240517C00040000,40.0,2024-05-17,2024-05-06,2.0,2.07,1.62,1.8,185,30,2.0,,monthly_30d_atm,weekly_2_strike0,38,928
NEM,2024-07-08,2024-08-02,backfill,O:NEM240816C00045000,45.0,2024-08-16,2024-07-08,1.93,1.93,1.4,1.66,628,47,1.93,,monthly_30d_40d_otm,weekly_2_strike0,39,628
NEM,2024-07-08,2024-08-02,backfill,O:NEM240816C00045000,45.0,2024-08-16,2024-07-09,1.71,1.72,1.47,1.52,896,103,1.71,,monthly_30d_40d_otm,weekly_2_strike0,39,628
NEM,2024-07-08,2024-08-02,backfill,O:NEM240816C00045000,45.0,2024-08-16,2024-07-10,2.0,2.59,2.0,2.36,1046,102,2.0,,monthly_30d_40d_otm,weekly_2_strike0,39,628
NEM,2024-07-08,2024-08-02,backfill,O:NEM240816C00045000,45.0,2024-08-16,2024-07-11,2.87,3.48,2.33,3.45,1728,96,2.87,,monthly_30d_40d_otm,weekly_2_strike0,39,628
NEM,2024-07-08,2024-08-02,backfill,O:NEM240816C00045000,45.0,2024-08-16,2024-07-12,3.23,3.97,3.22,3.6,297,54,3.23,,monthly_30d_40d_otm,weekly_2_strike0,39,628
NEM,2024-07-08,2024-08-02,backfill,O:NEM240816C00045000,45.0,2024-08-16,2024-07-15,3.25,4.05,3.25,3.42,683,40,3.25,,monthly_30d_40d_otm,weekly_2_strike0,39,628
NEM,2024-07-08,2024-08-02,backfill,O:NEM240816C00045000,45.0,2024-08-16,2024-07-16,3.59,4.4,3.5,4.24,270,46,3.59,,monthly_30d_40d_otm,weekly_2_strike0,39,628
NEM,2024-07-08,2024-08-02,backfill,O:NEM240816C00045000,45.0,2024-08-16,2024-07-17,4.25,4.62,4.1,4.2,207,23,4.25,,monthly_30d_40d_otm,weekly_2_strike0,39,628
NEM,2024-07-08,2024-08-02,backfill,O:NEM240816C00045000,45.0,2024-08-16,2024-07-18,3.8,4.25,3.4,3.54,393,30,3.8,,monthly_30d_40d_otm,weekly_2_strike0,39,628
NEM,2024-07-08,2024-08-02,backfill,O:NEM240816C00045000,45.0,2024-08-16,2024-07-19,2.65,3.34,2.55,3.15,142,22,2.65,,monthly_30d_40d_otm,weekly_2_strike0,39,628
NEM,2024-07-08,2024-08-02,backfill,O:NEM240816C00045000,45.0,2024-08-16,2024-07-22,3.04,3.35,2.85,3.35,597,21,3.04,,monthly_30d_40d_otm,weekly_2_strike0,39,628
NEM,2024-07-08,2024-08-02,backfill,O:NEM240816C00045000,45.0,2024-08-16,2024-07-23,3.15,3.3,2.96,3.2,51,11,3.15,,monthly_30d_40d_otm,weekly_2_strike0,39,628
NEM,2024-07-08,2024-08-02,backfill,O:NEM240816C00045000,45.0,2024-08-16,2024-07-24,3.7,4.0,3.49,3.6,54,15,3.7,,monthly_30d_40d_otm,weekly_2_strike0,39,628
NEM,2024-07-08,2024-08-02,backfill,O:NEM240816C00045000,45.0,2024-08-16,2024-07-25,2.12,2.31,1.52,1.83,388,49,2.12,,monthly_30d_40d_otm,weekly_2_strike0,39,628
NEM,2024-07-08,2024-08-02,backfill,O:NEM240816C00045000,45.0,2024-08-16,2024-07-26,2.5,2.66,2.17,2.39,204,27,2.5,,monthly_30d_40d_otm,weekly_2_strike0,39,628
NEM,2024-07-08,2024-08-02,backfill,O:NEM240816C00045000,45.0,2024-08-16,2024-07-29,2.6,2.78,2.45,2.78,82,14,2.6,,monthly_30d_40d_otm,weekly_2_strike0,39,628
NEM,2024-07-08,2024-08-02,backfill,O:NEM240816C00045000,45.0,2024-08-16,2024-07-30,2.96,3.1,2.79,3.05,26,9,2.96,,monthly_30d_40d_otm,weekly_2_strike0,39,628
NEM,2024-07-08,2024-08-02,backfill,O:NEM240816C00045000,45.0,2024-08-16,2024-07-31,3.45,4.5,3.45,4.44,240,37,3.45,,monthly_30d_40d_otm,weekly_2_strike0,39,628
NEM,2024-07-08,2024-08-02,backfill,O:NEM240816C00045000,45.0,2024-08-16,2024-08-01,4.41,5.25,3.97,4.75,143,21,4.41,,monthly_30d_40d_otm,weekly_2_strike0,39,628
NEM,2024-07-08,2024-08-02,backfill,O:NEM240816C00045000,45.0,2024-08-16,2024-08-02,5.17,5.17,3.21,3.45,72,14,5.17,,monthly_30d_40d_otm,weekly_2_strike0,39,628
NEM,2025-03-18,2025-04-14,backfill,O:NEM250516C00050000,50.0,2025-05-16,2025-03-18,2.35,2.45,2.09,2.15,655,44,2.35,,monthly_45d_40d_otm,weekly_2_strike0,59,655
NEM,2025-03-18,2025-04-14,backfill,O:NEM250516C00050000,50.0,2025-05-16,2025-03-19,2.1,2.32,1.98,2.23,428,30,2.1,,monthly_45d_40d_otm,weekly_2_strike0,59,655
NEM,2025-03-18,2025-04-14,backfill,O:NEM250516C00050000,50.0,2025-05-16,2025-03-20,2.07,2.16,1.91,2.03,220,31,2.07,,monthly_45d_40d_otm,weekly_2_strike0,59,655
NEM,2025-03-18,2025-04-14,backfill,O:NEM250516C00050000,50.0,2025-05-16,2025-03-21,1.62,1.69,1.43,1.69,346,36,1.62,,monthly_45d_40d_otm,weekly_2_strike0,59,655
NEM,2025-03-18,2025-04-14,backfill,O:NEM250516C00050000,50.0,2025-05-16,2025-03-24,1.81,1.81,1.44,1.44,1052,45,1.81,,monthly_45d_40d_otm,weekly_2_strike0,59,655
NEM,2025-03-18,2025-04-14,backfill,O:NEM250516C00050000,50.0,2025-05-16,2025-03-25,1.7,1.95,1.7,1.75,808,47,1.7,,monthly_45d_40d_otm,weekly_2_strike0,59,655
NEM,2025-03-18,2025-04-14,backfill,O:NEM250516C00050000,50.0,2025-05-16,2025-03-26,1.88,1.88,1.56,1.6,322,19,1.88,,monthly_45d_40d_otm,weekly_2_strike0,59,655
NEM,2025-03-18,2025-04-14,backfill,O:NEM250516C00050000,50.0,2025-05-16,2025-03-27,1.91,2.05,1.49,2.03,432,54,1.91,,monthly_45d_40d_otm,weekly_2_strike0,59,655
NEM,2025-03-18,2025-04-14,backfill,O:NEM250516C00050000,50.0,2025-05-16,2025-03-28,2.3,2.52,1.83,1.89,716,64,2.3,,monthly_45d_40d_otm,weekly_2_strike0,59,655
NEM,2025-03-18,2025-04-14,backfill,O:NEM250516C00050000,50.0,2025-05-16,2025-03-31,2.0,2.04,1.58,1.92,468,49,2.0,,monthly_45d_40d_otm,weekly_2_strike0,59,655
NEM,2025-03-18,2025-04-14,backfill,O:NEM250516C00050000,50.0,2025-05-16,2025-04-01,2.01,2.12,1.75,1.9,244,25,2.01,,monthly_45d_40d_otm,weekly_2_strike0,59,655
NEM,2025-03-18,2025-04-14,backfill,O:NEM250516C00050000,50.0,2025-05-16,2025-04-02,2.11,2.13,1.79,1.99,324,18,2.11,,monthly_45d_40d_otm,weekly_2_strike0,59,655
NEM,2025-03-18,2025-04-14,backfill,O:NEM250516C00050000,50.0,2025-05-16,2025-04-03,1.36,2.4,0.93,2.06,343,43,1.36,,monthly_45d_40d_otm,weekly_2_strike0,59,655
NEM,2025-03-18,2025-04-14,backfill,O:NEM250516C00050000,50.0,2025-05-16,2025-04-04,1.65,1.65,0.96,1.24,1678,55,1.65,,monthly_45d_40d_otm,weekly_2_strike0,59,655
NEM,2025-03-18,2025-04-14,backfill,O:NEM250516C00050000,50.0,2025-05-16,2025-04-07,0.85,1.52,0.85,1.37,455,30,0.85,,monthly_45d_40d_otm,weekly_2_strike0,59,655
NEM,2025-03-18,2025-04-14,backfill,O:NEM250516C00050000,50.0,2025-05-16,2025-04-08,1.4,1.57,1.22,1.34,3685,43,1.4,,monthly_45d_40d_otm,weekly_2_strike0,59,655
NEM,2025-03-18,2025-04-14,backfill,O:NEM250516C00050000,50.0,2025-05-16,2025-04-09,2.0,2.94,1.71,2.52,1816,54,2.0,,monthly_45d_40d_otm,weekly_2_strike0,59,655
NEM,2025-03-18,2025-04-14,backfill,O:NEM250516C00050000,50.0,2025-05-16,2025-04-10,2.9,4.2,2.71,3.65,951,100,2.9,,monthly_45d_40d_otm,weekly_2_strike0,59,655
NEM,2025-03-18,2025-04-14,backfill,O:NEM250516C00050000,50.0,2025-05-16,2025-04-11,5.8,7.34,5.8,6.85,864,82,5.8,,monthly_45d_40d_otm,weekly_2_strike0,59,655
NEM,2025-03-18,2025-04-14,backfill,O:NEM250516C00050000,50.0,2025-05-16,2025-04-14,5.85,6.5,5.2,6.05,497,30,5.85,,monthly_45d_40d_otm,weekly_2_strike0,59,655
NEM,2026-01-15,2026-02-12,backfill,O:NEM260220C00125000,125.0,2026-02-20,2026-01-15,3.3,3.56,2.92,3.4,52,21,3.3,,monthly_30d_20d_otm,weekly_2_strike0,36,52
NEM,2026-01-15,2026-02-12,backfill,O:NEM260220C00125000,125.0,2026-02-20,2026-01-16,3.2,3.25,2.59,3.08,321,16,3.2,,monthly_30d_20d_otm,weekly_2_strike0,36,52
NEM,2026-01-15,2026-02-12,backfill,O:NEM260220C00125000,125.0,2026-02-20,2026-01-20,4.2,5.0,4.0,5.0,228,34,4.2,,monthly_30d_20d_otm,weekly_2_strike0,36,52
NEM,2026-01-15,2026-02-12,backfill,O:NEM260220C00125000,125.0,2026-02-20,2026-01-21,5.8,5.8,4.7,4.85,241,46,5.8,,monthly_30d_20d_otm,weekly_2_strike0,36,52
NEM,2026-01-15,2026-02-12,backfill,O:NEM260220C00125000,125.0,2026-02-20,2026-01-22,5.1,6.7,4.95,5.99,288,54,5.1,,monthly_30d_20d_otm,weekly_2_strike0,36,52
NEM,2026-01-15,2026-02-12,backfill,O:NEM260220C00125000,125.0,2026-02-20,2026-01-23,6.2,7.35,6.2,7.2,266,52,6.2,,monthly_30d_20d_otm,weekly_2_strike0,36,52
NEM,2026-01-15,2026-02-12,backfill,O:NEM260220C00125000,125.0,2026-02-20,2026-01-26,8.61,10.15,8.4,8.4,764,63,8.61,,monthly_30d_20d_otm,weekly_2_strike0,36,52
NEM,2026-01-15,2026-02-12,backfill,O:NEM260220C00125000,125.0,2026-02-20,2026-01-27,8.1,8.72,6.2,8.72,559,43,8.1,,monthly_30d_20d_otm,weekly_2_strike0,36,52
NEM,2026-01-15,2026-02-12,backfill,O:NEM260220C00125000,125.0,2026-02-20,2026-01-28,9.6,12.1,9.35,11.84,440,58,9.6,,monthly_30d_20d_otm,weekly_2_strike0,36,52
NEM,2026-01-15,2026-02-12,backfill,O:NEM260220C00125000,125.0,2026-02-20,2026-01-29,13.5,13.83,7.28,9.04,914,66,13.5,,monthly_30d_20d_otm,weekly_2_strike0,36,52
NEM,2026-01-15,2026-02-12,backfill,O:NEM260220C00125000,125.0,2026-02-20,2026-01-30,4.7,5.9,2.62,2.64,344,63,4.7,,monthly_30d_20d_otm,weekly_2_strike0,36,52
NEM,2026-01-15,2026-02-12,backfill,O:NEM260220C00125000,125.0,2026-02-20,2026-02-02,3.3,3.78,2.15,2.43,195,31,3.3,,monthly_30d_20d_otm,weekly_2_strike0,36,52
NEM,2026-01-15,2026-02-12,backfill,O:NEM260220C00125000,125.0,2026-02-20,2026-02-03,4.25,4.35,3.37,3.75,244,32,4.25,,monthly_30d_20d_otm,weekly_2_strike0,36,52
NEM,2026-01-15,2026-02-12,backfill,O:NEM260220C00125000,125.0,2026-02-20,2026-02-04,4.62,4.62,2.66,3.35,212,37,4.62,,monthly_30d_20d_otm,weekly_2_strike0,36,52
NEM,2026-01-15,2026-02-12,backfill,O:NEM260220C00125000,125.0,2026-02-20,2026-02-05,2.55,2.7,1.3,1.3,216,31,2.55,,monthly_30d_20d_otm,weekly_2_strike0,36,52
NEM,2026-01-15,2026-02-12,backfill,O:NEM260220C00125000,125.0,2026-02-20,2026-02-06,2.0,2.41,2.0,2.33,124,32,2.0,,monthly_30d_20d_otm,weekly_2_strike0,36,52
NEM,2026-01-15,2026-02-12,backfill,O:NEM260220C00125000,125.0,2026-02-20,2026-02-09,2.8,3.75,2.8,3.7,489,52,2.8,,monthly_30d_20d_otm,weekly_2_strike0,36,52
NEM,2026-01-15,2026-02-12,backfill,O:NEM260220C00125000,125.0,2026-02-20,2026-02-10,3.5,3.84,3.2,3.46,125,30,3.5,,monthly_30d_20d_otm,weekly_2_strike0,36,52
NEM,2026-01-15,2026-02-12,backfill,O:NEM260220C00125000,125.0,2026-02-20,2026-02-11,5.0,5.06,3.75,4.84,51,26,5.0,,monthly_30d_20d_otm,weekly_2_strike0,36,52
NEM,2026-01-15,2026-02-12,backfill,O:NEM260220C00125000,125.0,2026-02-20,2026-02-12,4.63,5.1,2.29,2.3,80,32,4.63,,monthly_30d_20d_otm,weekly_2_strike0,36,52
NEM,2026-02-20,2026-03-19,backfill,O:NEM260320C00140000,140.0,2026-03-20,2026-02-20,1.98,2.6,1.31,1.86,112,41,1.98,,monthly_30d_25d_otm,weekly_1_strike0,28,112
NEM,2026-02-20,2026-03-19,backfill,O:NEM260320C00140000,140.0,2026-03-20,2026-02-23,1.87,2.5,1.7,2.06,308,37,1.87,,monthly_30d_25d_otm,weekly_1_strike0,28,112
NEM,2026-02-20,2026-03-19,backfill,O:NEM260320C00140000,140.0,2026-03-20,2026-02-24,1.39,2.05,1.25,1.99,42,23,1.39,,monthly_30d_25d_otm,weekly_1_strike0,28,112
NEM,2026-02-20,2026-03-19,backfill,O:NEM260320C00140000,140.0,2026-03-20,2026-02-25,2.04,2.39,1.79,1.92,409,44,2.04,,monthly_30d_25d_otm,weekly_1_strike0,28,112
NEM,2026-02-20,2026-03-19,backfill,O:NEM260320C00140000,140.0,2026-03-20,2026-02-26,1.59,2.26,1.45,2.15,51,22,1.59,,monthly_30d_25d_otm,weekly_1_strike0,28,112
NEM,2026-02-20,2026-03-19,backfill,O:NEM260320C00140000,140.0,2026-03-20,2026-02-27,2.7,3.05,2.6,2.8,456,48,2.7,,monthly_30d_25d_otm,weekly_1_strike0,28,112
NEM,2026-02-20,2026-03-19,backfill,O:NEM260320C00140000,140.0,2026-03-20,2026-03-02,3.15,3.29,1.72,2.55,468,45,3.15,,monthly_30d_25d_otm,weekly_1_strike0,28,112
NEM,2026-02-20,2026-03-19,backfill,O:NEM260320C00140000,140.0,2026-03-20,2026-03-03,1.06,1.3,0.6,0.85,209,25,1.06,,monthly_30d_25d_otm,weekly_1_strike0,28,112
NEM,2026-02-20,2026-03-19,backfill,O:NEM260320C00140000,140.0,2026-03-20,2026-03-04,1.21,1.21,0.8,0.8,114,18,1.21,,monthly_30d_25d_otm,weekly_1_strike0,28,112
NEM,2026-02-20,2026-03-19,backfill,O:NEM260320C00140000,140.0,2026-03-20,2026-03-05,0.67,0.67,0.35,0.42,58,20,0.67,,monthly_30d_25d_otm,weekly_1_strike0,28,112
NEM,2026-02-20,2026-03-19,backfill,O:NEM260320C00140000,140.0,2026-03-20,2026-03-06,0.39,0.5,0.29,0.35,39,11,0.39,,monthly_30d_25d_otm,weekly_1_strike0,28,112
NEM,2026-02-20,2026-03-19,backfill,O:NEM260320C00140000,140.0,2026-03-20,2026-03-09,0.25,0.58,0.16,0.23,75,17,0.25,,monthly_30d_25d_otm,weekly_1_strike0,28,112
NEM,2026-02-20,2026-03-19,backfill,O:NEM260320C00140000,140.0,2026-03-20,2026-03-10,0.28,0.32,0.23,0.23,21,15,0.28,,monthly_30d_25d_otm,weekly_1_strike0,28,112
NEM,2026-02-20,2026-03-19,backfill,O:NEM260320C00140000,140.0,2026-03-20,2026-03-11,0.17,0.2,0.11,0.11,154,7,0.17,,monthly_30d_25d_otm,weekly_1_strike0,28,112
NEM,2026-02-20,2026-03-19,backfill,O:NEM260320C00140000,140.0,2026-03-20,2026-03-12,0.06,0.12,0.06,0.07,163,21,0.06,,monthly_30d_25d_otm,weekly_1_strike0,28,112
NEM,2026-02-20,2026-03-19,backfill,O:NEM260320C00140000,140.0,2026-03-20,2026-03-13,0.37,0.37,0.04,0.06,59,8,0.37,,monthly_30d_25d_otm,weekly_1_strike0,28,112
NEM,2026-02-20,2026-03-19,backfill,O:NEM260320C00140000,140.0,2026-03-20,2026-03-16,0.04,0.06,0.01,0.01,180,15,0.04,,monthly_30d_25d_otm,weekly_1_strike0,28,112
NEM,2026-02-20,2026-03-19,backfill,O:NEM260320C00140000,140.0,2026-03-20,2026-03-17,0.15,0.33,0.01,0.01,34,11,0.15,,monthly_30d_25d_otm,weekly_1_strike0,28,112
NEM,2026-02-20,2026-03-19,backfill,O:NEM260320C00140000,140.0,2026-03-20,2026-03-18,0.01,0.01,0.01,0.01,14,2,0.01,,monthly_30d_25d_otm,weekly_1_strike0,28,112
NET,2020-03-05,2020-03-12,backfill,O:NET200417C00025000,25.0,2020-04-17,2020-03-05,1.2,2.2,1.2,1.6,530,56,1.2,,monthly_30d_30d_otm,weekly_3_strike1,43,530
NET,2020-03-05,2020-03-12,backfill,O:NET200417C00025000,25.0,2020-04-17,2020-03-06,1.15,1.7,1.0,1.1,189,23,1.15,,monthly_30d_30d_otm,weekly_3_strike1,43,530
NET,2020-03-05,2020-03-12,backfill,O:NET200417C00025000,25.0,2020-04-17,2020-03-09,1.0,1.4,0.66,0.75,31,11,1.0,,monthly_30d_30d_otm,weekly_3_strike1,43,530
NET,2020-03-05,2020-03-12,backfill,O:NET200417C00025000,25.0,2020-04-17,2020-03-10,0.85,0.85,0.4,0.55,165,19,0.85,,monthly_30d_30d_otm,weekly_3_strike1,43,530
NET,2020-03-05,2020-03-12,backfill,O:NET200417C00025000,25.0,2020-04-17,2020-03-11,0.7,0.7,0.45,0.55,213,5,0.7,,monthly_30d_30d_otm,weekly_3_strike1,43,530
NET,2020-03-05,2020-03-12,backfill,O:NET200417C00025000,25.0,2020-04-17,2020-03-12,0.6,0.65,0.3,0.3,57,14,0.6,,monthly_30d_30d_otm,weekly_3_strike1,43,530
NET,2021-06-21,2021-07-19,backfill,O:NET210716C00105000,105.0,2021-07-16,2021-06-21,3.25,3.3,1.9,2.92,81,26,3.25,,monthly_30d_35d_otm,weekly_2_strike0,25,81
NET,2021-06-21,2021-07-19,backfill,O:NET210716C00105000,105.0,2021-07-16,2021-06-22,3.65,3.93,3.1,3.82,853,54,3.65,,monthly_30d_35d_otm,weekly_2_strike0,25,81
NET,2021-06-21,2021-07-19,backfill,O:NET210716C00105000,105.0,2021-07-16,2021-06-23,3.8,4.1,3.2,3.92,849,50,3.8,,monthly_30d_35d_otm,weekly_2_strike0,25,81
NET,2021-06-21,2021-07-19,backfill,O:NET210716C00105000,105.0,2021-07-16,2021-06-24,4.4,9.0,4.06,4.45,571,69,4.4,,monthly_30d_35d_otm,weekly_2_strike0,25,81
NET,2021-06-21,2021-07-19,backfill,O:NET210716C00105000,105.0,2021-07-16,2021-06-25,4.35,4.95,3.32,4.15,288,47,4.35,,monthly_30d_35d_otm,weekly_2_strike0,25,81
NET,2021-06-21,2021-07-19,backfill,O:NET210716C00105000,105.0,2021-07-16,2021-06-28,4.5,4.95,3.9,4.3,186,42,4.5,,monthly_30d_35d_otm,weekly_2_strike0,25,81
NET,2021-06-21,2021-07-19,backfill,O:NET210716C00105000,105.0,2021-07-16,2021-06-29,4.77,5.25,4.6,5.24,56,22,4.77,,monthly_30d_35d_otm,weekly_2_strike0,25,81
NET,2021-06-21,2021-07-19,backfill,O:NET210716C00105000,105.0,2021-07-16,2021-06-30,4.98,5.1,4.05,4.05,138,32,4.98,,monthly_30d_35d_otm,weekly_2_strike0,25,81
NET,2021-06-21,2021-07-19,backfill,O:NET210716C00105000,105.0,2021-07-16,2021-07-01,3.7,3.9,2.63,3.08,201,43,3.7,,monthly_30d_35d_otm,weekly_2_strike0,25,81
NET,2021-06-21,2021-07-19,backfill,O:NET210716C00105000,105.0,2021-07-16,2021-07-02,4.6,4.6,3.47,3.65,116,35,4.6,,monthly_30d_35d_otm,weekly_2_strike0,25,81
NET,2021-06-21,2021-07-19,backfill,O:NET210716C00105000,105.0,2021-07-16,2021-07-06,4.5,5.55,4.0,5.05,56,22,4.5,,monthly_30d_35d_otm,weekly_2_strike0,25,81
NET,2021-06-21,2021-07-19,backfill,O:NET210716C00105000,105.0,2021-07-16,2021-07-07,6.05,6.57,4.4,5.35,30,16,6.05,,monthly_30d_35d_otm,weekly_2_strike0,25,81
NET,2021-06-21,2021-07-19,backfill,O:NET210716C00105000,105.0,2021-07-16,2021-07-08,2.87,6.0,1.94,5.62,353,33,2.87,,monthly_30d_35d_otm,weekly_2_strike0,25,81
NET,2021-06-21,2021-07-19,backfill,O:NET210716C00105000,105.0,2021-07-16,2021-07-09,3.85,5.27,3.4,4.92,178,15,3.85,,monthly_30d_35d_otm,weekly_2_strike0,25,81
NET,2021-06-21,2021-07-19,backfill,O:NET210716C00105000,105.0,2021-07-16,2021-07-12,6.05,6.05,2.75,3.45,84,8,6.05,,monthly_30d_35d_otm,weekly_2_strike0,25,81
NET,2021-06-21,2021-07-19,backfill,O:NET210716C00105000,105.0,2021-07-16,2021-07-13,3.25,4.04,2.73,2.73,47,17,3.25,,monthly_30d_35d_otm,weekly_2_strike0,25,81
NET,2021-06-21,2021-07-19,backfill,O:NET210716C00105000,105.0,2021-07-16,2021-07-14,3.7,3.7,1.06,1.19,137,47,3.7,,monthly_30d_35d_otm,weekly_2_strike0,25,81
NET,2021-06-21,2021-07-19,backfill,O:NET210716C00105000,105.0,2021-07-16,2021-07-15,0.88,1.8,0.22,0.29,521,63,0.88,,monthly_30d_35d_otm,weekly_2_strike0,25,81
NET,2021-06-21,2021-07-19,backfill,O:NET210716C00105000,105.0,2021-07-16,2021-07-16,0.29,0.5,0.01,0.01,185,29,0.29,,monthly_30d_35d_otm,weekly_2_strike0,25,81
NET,2021-10-21,2021-11-17,backfill,O:NET211217C00190000,190.0,2021-12-17,2021-10-21,11.6,13.43,10.98,12.78,55,18,11.6,,monthly_45d_40d_otm,weekly_2_strike1,57,55
NET,2021-10-21,2021-11-17,backfill,O:NET211217C00190000,190.0,2021-12-17,2021-10-22,13.4,13.4,10.15,11.45,70,16,13.4,,monthly_45d_40d_otm,weekly_2_strike1,57,55
NET,2021-10-21,2021-11-17,backfill,O:NET211217C00190000,190.0,2021-12-17,2021-10-25,11.0,17.79,11.0,16.6,197,43,11.0,,monthly_45d_40d_otm,weekly_2_strike1,57,55
NET,2021-10-21,2021-11-17,backfill,O:NET211217C00190000,190.0,2021-12-17,2021-10-26,17.1,17.1,12.65,14.05,106,33,17.1,,monthly_45d_40d_otm,weekly_2_strike1,57,55
NET,2021-10-21,2021-11-17,backfill,O:NET211217C00190000,190.0,2021-12-17,2021-10-27,11.52,13.21,10.25,10.27,133,21,11.52,,monthly_45d_40d_otm,weekly_2_strike1,57,55
NET,2021-10-21,2021-11-17,backfill,O:NET211217C00190000,190.0,2021-12-17,2021-10-28,10.5,13.61,10.5,12.2,66,14,10.5,,monthly_45d_40d_otm,weekly_2_strike1,57,55
NET,2021-10-21,2021-11-17,backfill,O:NET211217C00190000,190.0,2021-12-17,2021-10-29,13.47,20.4,13.47,20.4,281,50,13.47,,monthly_45d_40d_otm,weekly_2_strike1,57,55
NET,2021-10-21,2021-11-17,backfill,O:NET211217C00190000,190.0,2021-12-17,2021-11-01,19.85,19.85,15.6,18.17,131,26,19.85,,monthly_45d_40d_otm,weekly_2_strike1,57,55
NET,2021-10-21,2021-11-17,backfill,O:NET211217C00190000,190.0,2021-12-17,2021-11-02,18.93,19.5,16.1,16.93,23,14,18.93,,monthly_45d_40d_otm,weekly_2_strike1,57,55
NET,2021-10-21,2021-11-17,backfill,O:NET211217C00190000,190.0,2021-12-17,2021-11-03,17.15,19.5,16.3,19.5,82,27,17.15,,monthly_45d_40d_otm,weekly_2_strike1,57,55
NET,2021-10-21,2021-11-17,backfill,O:NET211217C00190000,190.0,2021-12-17,2021-11-04,19.5,24.8,19.5,23.9,137,38,19.5,,monthly_45d_40d_otm,weekly_2_strike1,57,55
NET,2021-10-21,2021-11-17,backfill,O:NET211217C00190000,190.0,2021-12-17,2021-11-05,30.0,32.74,16.3,17.9,49,19,30.0,,monthly_45d_40d_otm,weekly_2_strike1,57,55
NET,2021-10-21,2021-11-17,backfill,O:NET211217C00190000,190.0,2021-12-17,2021-11-08,18.15,28.3,18.15,28.3,73,24,18.15,,monthly_45d_40d_otm,weekly_2_strike1,57,55
NET,2021-10-21,2021-11-17,backfill,O:NET211217C00190000,190.0,2021-12-17,2021-11-09,24.87,26.4,22.05,22.32,45,18,24.87,,monthly_45d_40d_otm,weekly_2_strike1,57,55
NET,2021-10-21,2021-11-17,backfill,O:NET211217C00190000,190.0,2021-12-17,2021-11-10,21.1,21.1,15.86,17.44,17,11,21.1,,monthly_45d_40d_otm,weekly_2_strike1,57,55
NET,2021-10-21,2021-11-17,backfill,O:NET211217C00190000,190.0,2021-12-17,2021-11-11,19.83,20.5,17.35,17.35,15,6,19.83,,monthly_45d_40d_otm,weekly_2_strike1,57,55
NET,2021-10-21,2021-11-17,backfill,O:NET211217C00190000,190.0,2021-12-17,2021-11-12,19.35,22.72,17.75,22.6,57,24,19.35,,monthly_45d_40d_otm,weekly_2_strike1,57,55
NET,2021-10-21,2021-11-17,backfill,O:NET211217C00190000,190.0,2021-12-17,2021-11-15,24.2,25.0,23.5,24.37,5,5,24.2,,monthly_45d_40d_otm,weekly_2_strike1,57,55
NET,2021-10-21,2021-11-17,backfill,O:NET211217C00190000,190.0,2021-12-17,2021-11-16,25.51,29.6,25.51,27.98,41,13,25.51,,monthly_45d_40d_otm,weekly_2_strike1,57,55
NET,2021-10-21,2021-11-17,backfill,O:NET211217C00190000,190.0,2021-12-17,2021-11-17,27.0,27.4,25.42,25.42,17,5,27.0,,monthly_45d_40d_otm,weekly_2_strike1,57,55
NET,2022-10-04,2022-10-31,backfill,O:NET221118C00070000,70.0,2022-11-18,2022-10-04,3.27,4.0,3.27,3.85,763,53,3.27,,monthly_30d_25d_otm,weekly_2_strike0,45,763
NET,2022-10-04,2022-10-31,backfill,O:NET221118C00070000,70.0,2022-11-18,2022-10-05,3.46,4.3,3.05,4.15,1163,20,3.46,,monthly_30d_25d_otm,weekly_2_strike0,45,763
NET,2022-10-04,2022-10-31,backfill,O:NET221118C00070000,70.0,2022-11-18,2022-10-06,4.22,4.8,3.9,4.05,947,18,4.22,,monthly_30d_25d_otm,weekly_2_strike0,45,763
NET,2022-10-04,2022-10-31,backfill,O:NET221118C00070000,70.0,2022-11-18,2022-10-07,3.15,3.15,2.17,2.17,2123,30,3.15,,monthly_30d_25d_otm,weekly_2_strike0,45,763
NET,2022-10-04,2022-10-31,backfill,O:NET221118C00070000,70.0,2022-11-18,2022-10-10,1.74,1.8,1.16,1.38,287,61,1.74,,monthly_30d_25d_otm,weekly_2_strike0,45,763
NET,2022-10-04,2022-10-31,backfill,O:NET221118C00070000,70.0,2022-11-18,2022-10-11,0.96,1.27,0.8,1.16,102,28,0.96,,monthly_30d_25d_otm,weekly_2_strike0,45,763
NET,2022-10-04,2022-10-31,backfill,O:NET221118C00070000,70.0,2022-11-18,2022-10-12,1.05,1.41,0.95,1.41,132,30,1.05,,monthly_30d_25d_otm,weekly_2_strike0,45,763
NET,2022-10-04,2022-10-31,backfill,O:NET221118C00070000,70.0,2022-11-18,2022-10-13,1.04,1.25,0.75,1.16,83,31,1.04,,monthly_30d_25d_otm,weekly_2_strike0,45,763
NET,2022-10-04,2022-10-31,backfill,O:NET221118C00070000,70.0,2022-11-18,2022-10-14,0.9,0.9,0.61,0.62,62,23,0.9,,monthly_30d_25d_otm,weekly_2_strike0,45,763
NET,2022-10-04,2022-10-31,backfill,O:NET221118C00070000,70.0,2022-11-18,2022-10-17,0.86,1.51,0.72,1.29,265,44,0.86,,monthly_30d_25d_otm,weekly_2_strike0,45,763
NET,2022-10-04,2022-10-31,backfill,O:NET221118C00070000,70.0,2022-11-18,2022-10-18,1.65,1.8,1.24,1.24,100,14,1.65,,monthly_30d_25d_otm,weekly_2_strike0,45,763
NET,2022-10-04,2022-10-31,backfill,O:NET221118C00070000,70.0,2022-11-18,2022-10-19,1.05,1.4,1.04,1.06,73,16,1.05,,monthly_30d_25d_otm,weekly_2_strike0,45,763
NET,2022-10-04,2022-10-31,backfill,O:NET221118C00070000,70.0,2022-11-18,2022-10-20,1.08,1.7,1.08,1.44,38,12,1.08,,monthly_30d_25d_otm,weekly_2_strike0,45,763
NET,2022-10-04,2022-10-31,backfill,O:NET221118C00070000,70.0,2022-11-18,2022-10-21,1.15,1.54,0.92,1.54,26,8,1.15,,monthly_30d_25d_otm,weekly_2_strike0,45,763
NET,2022-10-04,2022-10-31,backfill,O:NET221118C00070000,70.0,2022-11-18,2022-10-24,1.2,1.45,1.11,1.37,23,14,1.2,,monthly_30d_25d_otm,weekly_2_strike0,45,763
NET,2022-10-04,2022-10-31,backfill,O:NET221118C00070000,70.0,2022-11-18,2022-10-25,1.75,2.02,1.7,2.01,623,61,1.75,,monthly_30d_25d_otm,weekly_2_strike0,45,763
NET,2022-10-04,2022-10-31,backfill,O:NET221118C00070000,70.0,2022-11-18,2022-10-26,1.5,2.25,1.5,1.51,268,17,1.5,,monthly_30d_25d_otm,weekly_2_strike0,45,763
NET,2022-10-04,2022-10-31,backfill,O:NET221118C00070000,70.0,2022-11-18,2022-10-27,1.7,1.7,1.44,1.45,50,8,1.7,,monthly_30d_25d_otm,weekly_2_strike0,45,763
NET,2022-10-04,2022-10-31,backfill,O:NET221118C00070000,70.0,2022-11-18,2022-10-28,1.27,1.27,0.76,1.25,145,21,1.27,,monthly_30d_25d_otm,weekly_2_strike0,45,763
NET,2022-10-04,2022-10-31,backfill,O:NET221118C00070000,70.0,2022-11-18,2022-10-31,1.0,1.43,1.0,1.38,17,12,1.0,,monthly_30d_25d_otm,weekly_2_strike0,45,763
NET,2023-03-31,2023-04-28,backfill,O:NET230421C00063000,63.0,2023-04-21,2023-03-31,2.14,3.06,2.07,2.94,113,15,2.14,,monthly_30d_30d_otm,weekly_2_strike0,21,113
NET,2023-03-31,2023-04-28,backfill,O:NET230421C00063000,63.0,2023-04-21,2023-04-03,2.39,2.39,2.2,2.34,22,6,2.39,,monthly_30d_30d_otm,weekly_2_strike0,21,113
NET,2023-03-31,2023-04-28,backfill,O:NET230421C00063000,63.0,2023-04-21,2023-04-04,2.64,3.25,2.41,2.41,104,15,2.64,,monthly_30d_30d_otm,weekly_2_strike0,21,113
NET,2023-03-31,2023-04-28,backfill,O:NET230421C00063000,63.0,2023-04-21,2023-04-05,1.6,1.6,0.89,0.99,17,8,1.6,,monthly_30d_30d_otm,weekly_2_strike0,21,113
NET,2023-03-31,2023-04-28,backfill,O:NET230421C00063000,63.0,2023-04-21,2023-04-06,0.71,1.31,0.71,1.31,20,10,0.71,,monthly_30d_30d_otm,weekly_2_strike0,21,113
NET,2023-03-31,2023-04-28,backfill,O:NET230421C00063000,63.0,2023-04-21,2023-04-10,0.76,1.19,0.76,1.01,61,7,0.76,,monthly_30d_30d_otm,weekly_2_strike0,21,113
NET,2023-03-31,2023-04-28,backfill,O:NET230421C00063000,63.0,2023-04-21,2023-04-11,0.93,1.84,0.89,1.63,113,21,0.93,,monthly_30d_30d_otm,weekly_2_strike0,21,113
NET,2023-03-31,2023-04-28,backfill,O:NET230421C00063000,63.0,2023-04-21,2023-04-12,2.5,3.2,2.2,2.45,272,40,2.5,,monthly_30d_30d_otm,weekly_2_strike0,21,113
NET,2023-03-31,2023-04-28,backfill,O:NET230421C00063000,63.0,2023-04-21,2023-04-13,3.65,3.82,3.13,3.6,59,14,3.65,,monthly_30d_30d_otm,weekly_2_strike0,21,113
NET,2023-03-31,2023-04-28,backfill,O:NET230421C00063000,63.0,2023-04-21,2023-04-14,2.79,3.57,2.16,2.91,143,21,2.79,,monthly_30d_30d_otm,weekly_2_strike0,21,113
NET,2023-03-31,2023-04-28,backfill,O:NET230421C00063000,63.0,2023-04-21,2023-04-17,3.3,3.47,2.4,2.61,22,7,3.3,,monthly_30d_30d_otm,weekly_2_strike0,21,113
NET,2023-03-31,2023-04-28,backfill,O:NET230421C00063000,63.0,2023-04-21,2023-04-18,2.68,2.68,2.0,2.12,68,12,2.68,,monthly_30d_30d_otm,weekly_2_strike0,21,113
NET,2023-03-31,2023-04-28,backfill,O:NET230421C00063000,63.0,2023-04-21,2023-04-19,1.85,1.85,0.98,0.98,89,23,1.85,,monthly_30d_30d_otm,weekly_2_strike0,21,113
NET,2023-03-31,2023-04-28,backfill,O:NET230421C00063000,63.0,2023-04-21,2023-04-20,0.6,0.65,0.28,0.44,240,31,0.6,,monthly_30d_30d_otm,weekly_2_strike0,21,113
NET,2023-03-31,2023-04-28,backfill,O:NET230421C00063000,63.0,2023-04-21,2023-04-21,0.35,0.7,0.05,0.1,159,47,0.35,,monthly_30d_30d_otm,weekly_2_strike0,21,113
NET,2024-12-12,2025-01-13,backfill,O:NET250221C00125000,125.0,2025-02-21,2024-12-12,5.87,6.35,5.87,6.35,54,6,5.87,,monthly_60d_30d_otm,weekly_2_strike0,71,54
NET,2024-12-12,2025-01-13,backfill,O:NET250221C00125000,125.0,2025-02-21,2024-12-13,6.35,6.35,5.65,5.78,14,9,6.35,,monthly_60d_30d_otm,weekly_2_strike0,71,54
NET,2024-12-12,2025-01-13,backfill,O:NET250221C00125000,125.0,2025-02-21,2024-12-16,5.7,6.07,5.65,6.07,13,3,5.7,,monthly_60d_30d_otm,weekly_2_strike0,71,54
NET,2024-12-12,2025-01-13,backfill,O:NET250221C00125000,125.0,2025-02-21,2024-12-17,7.6,7.7,7.15,7.6,40,15,7.6,,monthly_60d_30d_otm,weekly_2_strike0,71,54
NET,2024-12-12,2025-01-13,backfill,O:NET250221C00125000,125.0,2025-02-21,2024-12-18,6.2,6.2,4.54,4.54,25,8,6.2,,monthly_60d_30d_otm,weekly_2_strike0,71,54
NET,2024-12-12,2025-01-13,backfill,O:NET250221C00125000,125.0,2025-02-21,2024-12-19,4.6,4.9,4.0,4.49,26,9,4.6,,monthly_60d_30d_otm,weekly_2_strike0,71,54
NET,2024-12-12,2025-01-13,backfill,O:NET250221C00125000,125.0,2025-02-21,2024-12-20,4.18,5.75,4.18,5.2,49,17,4.18,,monthly_60d_30d_otm,weekly_2_strike0,71,54
NET,2024-12-12,2025-01-13,backfill,O:NET250221C00125000,125.0,2025-02-21,2024-12-23,5.15,5.15,4.64,4.64,3,3,5.15,,monthly_60d_30d_otm,weekly_2_strike0,71,54
NET,2024-12-12,2025-01-13,backfill,O:NET250221C00125000,125.0,2025-02-21,2024-12-24,4.65,4.65,4.59,4.65,8,5,4.65,,monthly_60d_30d_otm,weekly_2_strike0,71,54
NET,2024-12-12,2025-01-13,backfill,O:NET250221C00125000,125.0,2025-02-21,2024-12-26,4.75,4.85,4.75,4.8,7,3,4.75,,monthly_60d_30d_otm,weekly_2_strike0,71,54
NET,2024-12-12,2025-01-13,backfill,O:NET250221C00125000,125.0,2025-02-21,2024-12-27,3.58,3.6,3.35,3.6,27,5,3.58,,monthly_60d_30d_otm,weekly_2_strike0,71,54
NET,2024-12-12,2025-01-13,backfill,O:NET250221C00125000,125.0,2025-02-21,2024-12-30,3.1,3.3,3.1,3.25,7,3,3.1,,monthly_60d_30d_otm,weekly_2_strike0,71,54
NET,2024-12-12,2025-01-13,backfill,O:NET250221C00125000,125.0,2025-02-21,2024-12-31,3.0,3.0,2.8,2.8,17,5,3.0,,monthly_60d_30d_otm,weekly_2_strike0,71,54
NET,2024-12-12,2025-01-13,backfill,O:NET250221C00125000,125.0,2025-02-21,2025-01-02,4.4,4.97,4.2,4.25,41,18,4.4,,monthly_60d_30d_otm,weekly_2_strike0,71,54
NET,2024-12-12,2025-01-13,backfill,O:NET250221C00125000,125.0,2025-02-21,2025-01-03,4.85,4.85,4.3,4.59,20,6,4.85,,monthly_60d_30d_otm,weekly_2_strike0,71,54
NET,2024-12-12,2025-01-13,backfill,O:NET250221C00125000,125.0,2025-02-21,2025-01-06,5.0,5.05,4.28,4.5,99,9,5.0,,monthly_60d_30d_otm,weekly_2_strike0,71,54
NET,2024-12-12,2025-01-13,backfill,O:NET250221C00125000,125.0,2025-02-21,2025-01-07,5.5,6.05,4.65,4.65,98,18,5.5,,monthly_60d_30d_otm,weekly_2_strike0,71,54
NET,2024-12-12,2025-01-13,backfill,O:NET250221C00125000,125.0,2025-02-21,2025-01-08,4.35,5.38,4.13,5.38,28,11,4.35,,monthly_60d_30d_otm,weekly_2_strike0,71,54
NET,2024-12-12,2025-01-13,backfill,O:NET250221C00125000,125.0,2025-02-21,2025-01-10,4.03,4.1,3.75,4.1,12,6,4.03,,monthly_60d_30d_otm,weekly_2_strike0,71,54
NET,2024-12-12,2025-01-13,backfill,O:NET250221C00125000,125.0,2025-02-21,2025-01-13,3.15,3.26,3.09,3.15,7,5,3.15,,monthly_60d_30d_otm,weekly_2_strike0,71,54
NET,2025-05-28,2025-06-25,backfill,O:NET250718C00175000,175.0,2025-07-18,2025-05-28,5.4,5.45,5.3,5.35,27,14,5.4,,monthly_45d_30d_otm,weekly_2_strike1,51,27
NET,2025-05-28,2025-06-25,backfill,O:NET250718C00175000,175.0,2025-07-18,2025-05-29,5.5,5.8,5.13,5.8,9,5,5.5,,monthly_45d_30d_otm,weekly_2_strike1,51,27
NET,2025-05-28,2025-06-25,backfill,O:NET250718C00175000,175.0,2025-07-18,2025-05-30,5.9,5.9,5.9,5.9,1,1,5.9,,monthly_45d_30d_otm,weekly_2_strike1,51,27
NET,2025-05-28,2025-06-25,backfill,O:NET250718C00175000,175.0,2025-07-18,2025-06-02,6.0,7.91,6.0,7.91,15,5,6.0,,monthly_45d_30d_otm,weekly_2_strike1,51,27
NET,2025-05-28,2025-06-25,backfill,O:NET250718C00175000,175.0,2025-07-18,2025-06-03,8.3,9.31,8.17,9.15,21,11,8.3,,monthly_45d_30d_otm,weekly_2_strike1,51,27
NET,2025-05-28,2025-06-25,backfill,O:NET250718C00175000,175.0,2025-07-18,2025-06-04,9.15,10.1,8.35,8.35,61,20,9.15,,monthly_45d_30d_otm,weekly_2_strike1,51,27
NET,2025-05-28,2025-06-25,backfill,O:NET250718C00175000,175.0,2025-07-18,2025-06-05,9.35,14.43,9.24,12.15,44,23,9.35,,monthly_45d_30d_otm,weekly_2_strike1,51,27
NET,2025-05-28,2025-06-25,backfill,O:NET250718C00175000,175.0,2025-07-18,2025-06-06,13.75,14.83,12.4,13.45,45,17,13.75,,monthly_45d_30d_otm,weekly_2_strike1,51,27
NET,2025-05-28,2025-06-25,backfill,O:NET250718C00175000,175.0,2025-07-18,2025-06-09,13.53,13.53,10.98,12.34,15,11,13.53,,monthly_45d_30d_otm,weekly_2_strike1,51,27
NET,2025-05-28,2025-06-25,backfill,O:NET250718C00175000,175.0,2025-07-18,2025-06-10,13.37,13.45,11.27,11.6,16,11,13.37,,monthly_45d_30d_otm,weekly_2_strike1,51,27
NET,2025-05-28,2025-06-25,backfill,O:NET250718C00175000,175.0,2025-07-18,2025-06-11,12.0,13.0,12.0,13.0,9,5,12.0,,monthly_45d_30d_otm,weekly_2_strike1,51,27
NET,2025-05-28,2025-06-25,backfill,O:NET250718C00175000,175.0,2025-07-18,2025-06-12,11.67,12.3,7.26,7.85,135,17,11.67,,monthly_45d_30d_otm,weekly_2_strike1,51,27
NET,2025-05-28,2025-06-25,backfill,O:NET250718C00175000,175.0,2025-07-18,2025-06-13,7.36,9.0,6.5,9.0,71,25,7.36,,monthly_45d_30d_otm,weekly_2_strike1,51,27
NET,2025-05-28,2025-06-25,backfill,O:NET250718C00175000,175.0,2025-07-18,2025-06-16,9.93,11.85,8.75,11.25,52,15,9.93,,monthly_45d_30d_otm,weekly_2_strike1,51,27
NET,2025-05-28,2025-06-25,backfill,O:NET250718C00175000,175.0,2025-07-18,2025-06-17,12.3,14.2,12.05,13.15,41,26,12.3,,monthly_45d_30d_otm,weekly_2_strike1,51,27
NET,2025-05-28,2025-06-25,backfill,O:NET250718C00175000,175.0,2025-07-18,2025-06-18,13.6,13.6,11.66,12.35,24,11,13.6,,monthly_45d_30d_otm,weekly_2_strike1,51,27
NET,2025-05-28,2025-06-25,backfill,O:NET250718C00175000,175.0,2025-07-18,2025-06-20,12.85,12.85,11.25,11.54,11,7,12.85,,monthly_45d_30d_otm,weekly_2_strike1,51,27
NET,2025-05-28,2025-06-25,backfill,O:NET250718C00175000,175.0,2025-07-18,2025-06-23,11.55,13.84,10.6,13.84,7,5,11.55,,monthly_45d_30d_otm,weekly_2_strike1,51,27
NET,2025-05-28,2025-06-25,backfill,O:NET250718C00175000,175.0,2025-07-18,2025-06-24,14.77,15.93,14.34,15.23,19,9,14.77,,monthly_45d_30d_otm,weekly_2_strike1,51,27
NET,2025-05-28,2025-06-25,backfill,O:NET250718C00175000,175.0,2025-07-18,2025-06-25,18.13,18.2,17.49,17.49,5,4,18.13,,monthly_45d_30d_otm,weekly_2_strike1,51,27
NFLX,2025-02-03,2025-03-03,backfill,O:NFLX250321C01030000,1030.0,2025-03-21,2025-02-03,18.0,21.1,16.85,20.3,43,15,18.0,,monthly_30d_35d_otm,weekly_2_strike0,46,43
NFLX,2025-02-03,2025-03-03,backfill,O:NFLX250321C01030000,1030.0,2025-03-21,2025-02-04,21.0,30.1,18.46,24.46,262,53,21.0,,monthly_30d_35d_otm,weekly_2_strike0,46,43
NFLX,2025-02-03,2025-03-03,backfill,O:NFLX250321C01030000,1030.0,2025-03-21,2025-02-05,22.0,31.5,22.0,31.5,189,39,22.0,,monthly_30d_35d_otm,weekly_2_strike0,46,43
NFLX,2025-02-03,2025-03-03,backfill,O:NFLX250321C01030000,1030.0,2025-03-21,2025-02-06,29.7,32.05,27.0,32.0,199,47,29.7,,monthly_30d_35d_otm,weekly_2_strike0,46,43
NFLX,2025-02-03,2025-03-03,backfill,O:NFLX250321C01030000,1030.0,2025-03-21,2025-02-07,31.99,37.9,28.1,31.75,272,59,31.99,,monthly_30d_35d_otm,weekly_2_strike0,46,43
NFLX,2025-02-03,2025-03-03,backfill,O:NFLX250321C01030000,1030.0,2025-03-21,2025-02-10,34.95,40.05,32.1,36.95,258,75,34.95,,monthly_30d_35d_otm,weekly_2_strike0,46,43
NFLX,2025-02-03,2025-03-03,backfill,O:NFLX250321C01030000,1030.0,2025-03-21,2025-02-11,33.85,34.1,25.25,26.05,250,54,33.85,,monthly_30d_35d_otm,weekly_2_strike0,46,43
NFLX,2025-02-03,2025-03-03,backfill,O:NFLX250321C01030000,1030.0,2025-03-21,2025-02-12,25.84,34.8,22.34,34.8,162,45,25.84,,monthly_30d_35d_otm,weekly_2_strike0,46,43
NFLX,2025-02-03,2025-03-03,backfill,O:NFLX250321C01030000,1030.0,2025-03-21,2025-02-13,37.57,44.17,36.0,44.17,221,51,37.57,,monthly_30d_35d_otm,weekly_2_strike0,46,43
NFLX,2025-02-03,2025-03-03,backfill,O:NFLX250321C01030000,1030.0,2025-03-21,2025-02-14,44.14,56.39,42.78,54.2,141,44,44.14,,monthly_30d_35d_otm,weekly_2_strike0,46,43
NFLX,2025-02-03,2025-03-03,backfill,O:NFLX250321C01030000,1030.0,2025-03-21,2025-02-18,52.91,52.91,31.69,37.97,233,82,52.91,,monthly_30d_35d_otm,weekly_2_strike0,46,43
NFLX,2025-02-03,2025-03-03,backfill,O:NFLX250321C01030000,1030.0,2025-03-21,2025-02-19,37.46,41.42,32.55,41.42,211,47,37.46,,monthly_30d_35d_otm,weekly_2_strike0,46,43
NFLX,2025-02-03,2025-03-03,backfill,O:NFLX250321C01030000,1030.0,2025-03-21,2025-02-20,39.4,39.4,26.45,29.05,225,73,39.4,,monthly_30d_35d_otm,weekly_2_strike0,46,43
NFLX,2025-02-03,2025-03-03,backfill,O:NFLX250321C01030000,1030.0,2025-03-21,2025-02-21,30.1,31.74,19.23,19.99,204,44,30.1,,monthly_30d_35d_otm,weekly_2_strike0,46,43
NFLX,2025-02-03,2025-03-03,backfill,O:NFLX250321C01030000,1030.0,2025-03-21,2025-02-24,21.0,21.0,14.0,15.58,458,45,21.0,,monthly_30d_35d_otm,weekly_2_strike0,46,43
NFLX,2025-02-03,2025-03-03,backfill,O:NFLX250321C01030000,1030.0,2025-03-21,2025-02-25,14.28,14.8,7.0,11.65,412,60,14.28,,monthly_30d_35d_otm,weekly_2_strike0,46,43
NFLX,2025-02-03,2025-03-03,backfill,O:NFLX250321C01030000,1030.0,2025-03-21,2025-02-26,12.85,18.27,12.85,15.17,167,31,12.85,,monthly_30d_35d_otm,weekly_2_strike0,46,43
NFLX,2025-02-03,2025-03-03,backfill,O:NFLX250321C01030000,1030.0,2025-03-21,2025-02-27,16.65,16.65,8.95,9.77,308,48,16.65,,monthly_30d_35d_otm,weekly_2_strike0,46,43
NFLX,2025-02-03,2025-03-03,backfill,O:NFLX250321C01030000,1030.0,2025-03-21,2025-02-28,10.2,12.02,8.15,12.02,439,59,10.2,,monthly_30d_35d_otm,weekly_2_strike0,46,43
NFLX,2025-02-03,2025-03-03,backfill,O:NFLX250321C01030000,1030.0,2025-03-21,2025-03-03,12.3,14.25,8.9,9.86,177,53,12.3,,monthly_30d_35d_otm,weekly_2_strike0,46,43
NFLX,2025-05-05,2025-06-02,backfill,O:NFLX250620C01180000,1180.0,2025-06-20,2025-05-05,32.47,40.04,30.08,39.62,73,37,32.47,,monthly_30d_35d_otm,weekly_2_strike0,46,73
NFLX,2025-05-05,2025-06-02,backfill,O:NFLX250620C01180000,1180.0,2025-06-20,2025-05-06,37.5,40.75,36.0,38.77,49,20,37.5,,monthly_30d_35d_otm,weekly_2_strike0,46,73
NFLX,2025-05-05,2025-06-02,backfill,O:NFLX250620C01180000,1180.0,2025-06-20,2025-05-07,39.0,49.0,37.1,43.25,168,45,39.0,,monthly_30d_35d_otm,weekly_2_strike0,46,73
NFLX,2025-05-05,2025-06-02,backfill,O:NFLX250620C01180000,1180.0,2025-06-20,2025-05-08,47.05,47.05,35.75,36.8,69,28,47.05,,monthly_30d_35d_otm,weekly_2_strike0,46,73
NFLX,2025-05-05,2025-06-02,backfill,O:NFLX250620C01180000,1180.0,2025-06-20,2025-05-09,35.9,35.9,31.15,32.39,80,37,35.9,,monthly_30d_35d_otm,weekly_2_strike0,46,73
NFLX,2025-05-05,2025-06-02,backfill,O:NFLX250620C01180000,1180.0,2025-06-20,2025-05-12,22.45,23.65,15.15,16.95,149,67,22.45,,monthly_30d_35d_otm,weekly_2_strike0,46,73
NFLX,2025-05-05,2025-06-02,backfill,O:NFLX250620C01180000,1180.0,2025-06-20,2025-05-13,17.39,30.35,17.39,26.45,322,53,17.39,,monthly_30d_35d_otm,weekly_2_strike0,46,73
NFLX,2025-05-05,2025-06-02,backfill,O:NFLX250620C01180000,1180.0,2025-06-20,2025-05-14,28.72,33.15,27.0,31.8,46,30,28.72,,monthly_30d_35d_otm,weekly_2_strike0,46,73
NFLX,2025-05-05,2025-06-02,backfill,O:NFLX250620C01180000,1180.0,2025-06-20,2025-05-15,31.43,51.46,31.43,45.94,191,90,31.43,,monthly_30d_35d_otm,weekly_2_strike0,46,73
NFLX,2025-05-05,2025-06-02,backfill,O:NFLX250620C01180000,1180.0,2025-06-20,2025-05-16,49.76,56.05,46.6,52.14,456,127,49.76,,monthly_30d_35d_otm,weekly_2_strike0,46,73
NFLX,2025-05-05,2025-06-02,backfill,O:NFLX250620C01180000,1180.0,2025-06-20,2025-05-19,43.45,49.85,41.9,49.7,199,42,43.45,,monthly_30d_35d_otm,weekly_2_strike0,46,73
NFLX,2025-05-05,2025-06-02,backfill,O:NFLX250620C01180000,1180.0,2025-06-20,2025-05-20,45.18,48.58,42.35,48.52,115,46,45.18,,monthly_30d_35d_otm,weekly_2_strike0,46,73
NFLX,2025-05-05,2025-06-02,backfill,O:NFLX250620C01180000,1180.0,2025-06-20,2025-05-21,48.5,60.45,48.5,49.0,83,51,48.5,,monthly_30d_35d_otm,weekly_2_strike0,46,73
NFLX,2025-05-05,2025-06-02,backfill,O:NFLX250620C01180000,1180.0,2025-06-20,2025-05-22,47.95,52.23,47.56,47.76,67,21,47.95,,monthly_30d_35d_otm,weekly_2_strike0,46,73
NFLX,2025-05-05,2025-06-02,backfill,O:NFLX250620C01180000,1180.0,2025-06-20,2025-05-23,45.61,46.75,42.0,44.25,40,19,45.61,,monthly_30d_35d_otm,weekly_2_strike0,46,73
NFLX,2025-05-05,2025-06-02,backfill,O:NFLX250620C01180000,1180.0,2025-06-20,2025-05-27,51.3,54.5,46.7,54.5,118,26,51.3,,monthly_30d_35d_otm,weekly_2_strike0,46,73
NFLX,2025-05-05,2025-06-02,backfill,O:NFLX250620C01180000,1180.0,2025-06-20,2025-05-28,55.86,55.86,52.0,53.0,23,19,55.86,,monthly_30d_35d_otm,weekly_2_strike0,46,73
NFLX,2025-05-05,2025-06-02,backfill,O:NFLX250620C01180000,1180.0,2025-06-20,2025-05-29,45.0,45.0,31.75,34.85,97,57,45.0,,monthly_30d_35d_otm,weekly_2_strike0,46,73
NFLX,2025-05-05,2025-06-02,backfill,O:NFLX250620C01180000,1180.0,2025-06-20,2025-05-30,43.5,51.25,33.17,51.25,86,41,43.5,,monthly_30d_35d_otm,weekly_2_strike0,46,73
NFLX,2025-05-05,2025-06-02,backfill,O:NFLX250620C01180000,1180.0,2025-06-20,2025-06-02,45.05,53.8,43.55,53.8,115,23,45.05,,monthly_30d_35d_otm,weekly_2_strike0,46,73
NFLX,2026-03-31,2026-04-02,backfill,O:NFLX260515C00097000,97.0,2026-05-15,2026-03-31,4.63,5.29,4.4,5.2,544,40,4.63,,monthly_45d_30d_otm,weekly_2_strike0,45,544
NFLX,2026-03-31,2026-04-02,backfill,O:NFLX260515C00097000,97.0,2026-05-15,2026-04-01,5.54,5.54,4.25,4.75,286,38,5.54,,monthly_45d_30d_otm,weekly_2_strike0,45,544
NFLX,2026-03-31,2026-04-02,backfill,O:NFLX260515C00097000,97.0,2026-05-15,2026-04-02,4.7,6.3,4.7,6.3,265,85,4.7,,monthly_45d_30d_otm,weekly_2_strike0,45,544
NIO,2020-06-18,2020-07-16,backfill,O:NIO200717C00008000,8.0,2020-07-17,2020-06-18,0.56,0.84,0.56,0.73,2676,168,0.56,,monthly_30d_30d_otm,weekly_2_strike0,29,2676
NIO,2020-06-18,2020-07-16,backfill,O:NIO200717C00008000,8.0,2020-07-17,2020-06-19,0.81,0.97,0.69,0.7,4715,210,0.81,,monthly_30d_30d_otm,weekly_2_strike0,29,2676
NIO,2020-06-18,2020-07-16,backfill,O:NIO200717C00008000,8.0,2020-07-17,2020-06-22,0.9,0.93,0.66,0.71,5687,214,0.9,,monthly_30d_30d_otm,weekly_2_strike0,29,2676
NIO,2020-06-18,2020-07-16,backfill,O:NIO200717C00008000,8.0,2020-07-17,2020-06-23,0.74,0.79,0.57,0.59,2268,146,0.74,,monthly_30d_30d_otm,weekly_2_strike0,29,2676
NIO,2020-06-18,2020-07-16,backfill,O:NIO200717C00008000,8.0,2020-07-17,2020-06-24,0.51,0.55,0.33,0.49,3126,161,0.51,,monthly_30d_30d_otm,weekly_2_strike0,29,2676
NIO,2020-06-18,2020-07-16,backfill,O:NIO200717C00008000,8.0,2020-07-17,2020-06-25,0.43,0.59,0.42,0.52,961,89,0.43,,monthly_30d_30d_otm,weekly_2_strike0,29,2676
NIO,2020-06-18,2020-07-16,backfill,O:NIO200717C00008000,8.0,2020-07-17,2020-06-26,0.52,0.58,0.39,0.42,1101,78,0.52,,monthly_30d_30d_otm,weekly_2_strike0,29,2676
NIO,2020-06-18,2020-07-16,backfill,O:NIO200717C00008000,8.0,2020-07-17,2020-06-29,0.42,0.44,0.34,0.41,1904,132,0.42,,monthly_30d_30d_otm,weekly_2_strike0,29,2676
NIO,2020-06-18,2020-07-16,backfill,O:NIO200717C00008000,8.0,2020-07-17,2020-06-30,0.4,0.64,0.4,0.63,8377,299,0.4,,monthly_30d_30d_otm,weekly_2_strike0,29,2676
NIO,2020-06-18,2020-07-16,backfill,O:NIO200717C00008000,8.0,2020-07-17,2020-07-01,0.65,0.73,0.56,0.68,6986,271,0.65,,monthly_30d_30d_otm,weekly_2_strike0,29,2676
NIO,2020-06-18,2020-07-16,backfill,O:NIO200717C00008000,8.0,2020-07-17,2020-07-02,1.35,1.87,1.11,1.74,11774,268,1.35,,monthly_30d_30d_otm,weekly_2_strike0,29,2676
NIO,2020-06-18,2020-07-16,backfill,O:NIO200717C00008000,8.0,2020-07-17,2020-07-06,3.22,4.4,2.9,3.65,3018,175,3.22,,monthly_30d_30d_otm,weekly_2_strike0,29,2676
NIO,2020-06-18,2020-07-16,backfill,O:NIO200717C00008000,8.0,2020-07-17,2020-07-07,3.65,5.9,2.89,5.3,1487,128,3.65,,monthly_30d_30d_otm,weekly_2_strike0,29,2676
NIO,2020-06-18,2020-07-16,backfill,O:NIO200717C00008000,8.0,2020-07-17,2020-07-08,6.1,7.3,4.35,5.15,1641,100,6.1,,monthly_30d_30d_otm,weekly_2_strike0,29,2676
NIO,2020-06-18,2020-07-16,backfill,O:NIO200717C00008000,8.0,2020-07-17,2020-07-09,5.56,6.66,5.2,6.66,437,44,5.56,,monthly_30d_30d_otm,weekly_2_strike0,29,2676
NIO,2020-06-18,2020-07-16,backfill,O:NIO200717C00008000,8.0,2020-07-17,2020-07-10,7.64,7.64,6.3,7.15,756,41,7.64,,monthly_30d_30d_otm,weekly_2_strike0,29,2676
NIO,2020-06-18,2020-07-16,backfill,O:NIO200717C00008000,8.0,2020-07-17,2020-07-13,7.25,8.4,5.66,5.82,718,43,7.25,,monthly_30d_30d_otm,weekly_2_strike0,29,2676
NIO,2020-06-18,2020-07-16,backfill,O:NIO200717C00008000,8.0,2020-07-17,2020-07-14,4.85,6.1,4.7,5.8,248,26,4.85,,monthly_30d_30d_otm,weekly_2_strike0,29,2676
NIO,2020-06-18,2020-07-16,backfill,O:NIO200717C00008000,8.0,2020-07-17,2020-07-15,5.8,5.8,4.9,5.5,95,13,5.8,,monthly_30d_30d_otm,weekly_2_strike0,29,2676
NIO,2020-06-18,2020-07-16,backfill,O:NIO200717C00008000,8.0,2020-07-17,2020-07-16,4.75,5.15,4.55,4.95,1176,34,4.75,,monthly_30d_30d_otm,weekly_2_strike0,29,2676
NIO,2022-06-15,2022-07-14,backfill,O:NIO220715C00022500,22.5,2022-07-15,2022-06-15,0.75,1.11,0.58,1.02,4350,166,0.75,,monthly_30d_30d_otm,weekly_2_strike0,30,4350
NIO,2022-06-15,2022-07-14,backfill,O:NIO220715C00022500,22.5,2022-07-15,2022-06-16,0.72,0.96,0.55,0.78,1839,108,0.72,,monthly_30d_30d_otm,weekly_2_strike0,30,4350
NIO,2022-06-15,2022-07-14,backfill,O:NIO220715C00022500,22.5,2022-07-15,2022-06-17,0.85,1.26,0.85,1.23,2682,193,0.85,,monthly_30d_30d_otm,weekly_2_strike0,30,4350
NIO,2022-06-15,2022-07-14,backfill,O:NIO220715C00022500,22.5,2022-07-15,2022-06-21,1.52,2.3,1.4,2.0,3654,167,1.52,,monthly_30d_30d_otm,weekly_2_strike0,30,4350
NIO,2022-06-15,2022-07-14,backfill,O:NIO220715C00022500,22.5,2022-07-15,2022-06-22,1.94,2.23,1.64,1.95,717,88,1.94,,monthly_30d_30d_otm,weekly_2_strike0,30,4350
NIO,2022-06-15,2022-07-14,backfill,O:NIO220715C00022500,22.5,2022-07-15,2022-06-23,2.23,2.3,1.74,2.19,744,80,2.23,,monthly_30d_30d_otm,weekly_2_strike0,30,4350
NIO,2022-06-15,2022-07-14,backfill,O:NIO220715C00022500,22.5,2022-07-15,2022-06-24,2.24,2.8,2.24,2.76,565,84,2.24,,monthly_30d_30d_otm,weekly_2_strike0,30,4350
NIO,2022-06-15,2022-07-14,backfill,O:NIO220715C00022500,22.5,2022-07-15,2022-06-27,2.9,2.9,1.89,1.94,663,71,2.9,,monthly_30d_30d_otm,weekly_2_strike0,30,4350
NIO,2022-06-15,2022-07-14,backfill,O:NIO220715C00022500,22.5,2022-07-15,2022-06-28,1.64,2.16,1.46,1.56,1803,94,1.64,,monthly_30d_30d_otm,weekly_2_strike0,30,4350
NIO,2022-06-15,2022-07-14,backfill,O:NIO220715C00022500,22.5,2022-07-15,2022-06-29,0.84,1.48,0.72,1.3,663,98,0.84,,monthly_30d_30d_otm,weekly_2_strike0,30,4350
NIO,2022-06-15,2022-07-14,backfill,O:NIO220715C00022500,22.5,2022-07-15,2022-06-30,1.2,1.32,0.87,1.19,714,83,1.2,,monthly_30d_30d_otm,weekly_2_strike0,30,4350
NIO,2022-06-15,2022-07-14,backfill,O:NIO220715C00022500,22.5,2022-07-15,2022-07-01,1.1,1.5,0.72,0.83,789,88,1.1,,monthly_30d_30d_otm,weekly_2_strike0,30,4350
NIO,2022-06-15,2022-07-14,backfill,O:NIO220715C00022500,22.5,2022-07-15,2022-07-05,0.7,1.01,0.48,1.01,1011,127,0.7,,monthly_30d_30d_otm,weekly_2_strike0,30,4350
NIO,2022-06-15,2022-07-14,backfill,O:NIO220715C00022500,22.5,2022-07-15,2022-07-06,0.84,0.84,0.34,0.44,2294,161,0.84,,monthly_30d_30d_otm,weekly_2_strike0,30,4350
NIO,2022-06-15,2022-07-14,backfill,O:NIO220715C00022500,22.5,2022-07-15,2022-07-07,0.53,1.45,0.53,1.04,5789,223,0.53,,monthly_30d_30d_otm,weekly_2_strike0,30,4350
NIO,2022-06-15,2022-07-14,backfill,O:NIO220715C00022500,22.5,2022-07-15,2022-07-08,0.85,1.43,0.58,0.93,7049,241,0.85,,monthly_30d_30d_otm,weekly_2_strike0,30,4350
NIO,2022-06-15,2022-07-14,backfill,O:NIO220715C00022500,22.5,2022-07-15,2022-07-11,0.45,0.63,0.2,0.23,6763,237,0.45,,monthly_30d_30d_otm,weekly_2_strike0,30,4350
NIO,2022-06-15,2022-07-14,backfill,O:NIO220715C00022500,22.5,2022-07-15,2022-07-12,0.19,0.28,0.1,0.18,4296,180,0.19,,monthly_30d_30d_otm,weekly_2_strike0,30,4350
NIO,2022-06-15,2022-07-14,backfill,O:NIO220715C00022500,22.5,2022-07-15,2022-07-13,0.12,0.3,0.05,0.11,3338,193,0.12,,monthly_30d_30d_otm,weekly_2_strike0,30,4350
NIO,2022-06-15,2022-07-14,backfill,O:NIO220715C00022500,22.5,2022-07-15,2022-07-14,0.1,0.15,0.03,0.05,3336,164,0.1,,monthly_30d_30d_otm,weekly_2_strike0,30,4350
NIO,2024-09-10,2024-10-07,backfill,O:NIO241018C00006000,6.0,2024-10-18,2024-09-10,0.27,0.32,0.25,0.31,2766,68,0.27,,monthly_30d_30d_otm,weekly_2_strike0,38,2766
NIO,2024-09-10,2024-10-07,backfill,O:NIO241018C00006000,6.0,2024-10-18,2024-09-11,0.32,0.38,0.3,0.34,2254,96,0.32,,monthly_30d_30d_otm,weekly_2_strike0,38,2766
NIO,2024-09-10,2024-10-07,backfill,O:NIO241018C00006000,6.0,2024-10-18,2024-09-12,0.25,0.32,0.19,0.22,6558,84,0.25,,monthly_30d_30d_otm,weekly_2_strike0,38,2766
NIO,2024-09-10,2024-10-07,backfill,O:NIO241018C00006000,6.0,2024-10-18,2024-09-13,0.21,0.3,0.19,0.29,2658,93,0.21,,monthly_30d_30d_otm,weekly_2_strike0,38,2766
NIO,2024-09-10,2024-10-07,backfill,O:NIO241018C00006000,6.0,2024-10-18,2024-09-16,0.3,0.3,0.22,0.23,3159,59,0.3,,monthly_30d_30d_otm,weekly_2_strike0,38,2766
NIO,2024-09-10,2024-10-07,backfill,O:NIO241018C00006000,6.0,2024-10-18,2024-09-17,0.26,0.36,0.23,0.23,2230,90,0.26,,monthly_30d_30d_otm,weekly_2_strike0,38,2766
NIO,2024-09-10,2024-10-07,backfill,O:NIO241018C00006000,6.0,2024-10-18,2024-09-18,0.01,0.27,0.01,0.15,4238,98,0.01,,monthly_30d_30d_otm,weekly_2_strike0,38,2766
NIO,2024-09-10,2024-10-07,backfill,O:NIO241018C00006000,6.0,2024-10-18,2024-09-19,0.2,0.23,0.12,0.22,4600,138,0.2,,monthly_30d_30d_otm,weekly_2_strike0,38,2766
NIO,2024-09-10,2024-10-07,backfill,O:NIO241018C00006000,6.0,2024-10-18,2024-09-20,0.24,0.29,0.18,0.19,2289,79,0.24,,monthly_30d_30d_otm,weekly_2_strike0,38,2766
NIO,2024-09-10,2024-10-07,backfill,O:NIO241018C00006000,6.0,2024-10-18,2024-09-23,0.17,0.25,0.13,0.18,6909,136,0.17,,monthly_30d_30d_otm,weekly_2_strike0,38,2766
NIO,2024-09-10,2024-10-07,backfill,O:NIO241018C00006000,6.0,2024-10-18,2024-09-24,0.36,0.46,0.29,0.46,9564,192,0.36,,monthly_30d_30d_otm,weekly_2_strike0,38,2766
NIO,2024-09-10,2024-10-07,backfill,O:NIO241018C00006000,6.0,2024-10-18,2024-09-25,0.45,0.45,0.28,0.32,3612,126,0.45,,monthly_30d_30d_otm,weekly_2_strike0,38,2766
NIO,2024-09-10,2024-10-07,backfill,O:NIO241018C00006000,6.0,2024-10-18,2024-09-26,0.5,0.61,0.34,0.38,7003,153,0.5,,monthly_30d_30d_otm,weekly_2_strike0,38,2766
NIO,2024-09-10,2024-10-07,backfill,O:NIO241018C00006000,6.0,2024-10-18,2024-09-27,0.49,0.98,0.46,0.84,42139,246,0.49,,monthly_30d_30d_otm,weekly_2_strike0,38,2766
NIO,2024-09-10,2024-10-07,backfill,O:NIO241018C00006000,6.0,2024-10-18,2024-09-30,1.75,2.22,1.01,1.03,3514,162,1.75,,monthly_30d_30d_otm,weekly_2_strike0,38,2766
NIO,2024-09-10,2024-10-07,backfill,O:NIO241018C00006000,6.0,2024-10-18,2024-10-01,1.1,1.31,0.85,1.3,8414,176,1.1,,monthly_30d_30d_otm,weekly_2_strike0,38,2766
NIO,2024-09-10,2024-10-07,backfill,O:NIO241018C00006000,6.0,2024-10-18,2024-10-02,1.43,1.54,1.15,1.36,1198,110,1.43,,monthly_30d_30d_otm,weekly_2_strike0,38,2766
NIO,2024-09-10,2024-10-07,backfill,O:NIO241018C00006000,6.0,2024-10-18,2024-10-03,1.05,1.17,0.94,0.94,506,74,1.05,,monthly_30d_30d_otm,weekly_2_strike0,38,2766
NIO,2024-09-10,2024-10-07,backfill,O:NIO241018C00006000,6.0,2024-10-18,2024-10-04,0.85,0.99,0.75,0.99,2024,68,0.85,,monthly_30d_30d_otm,weekly_2_strike0,38,2766
NIO,2024-09-10,2024-10-07,backfill,O:NIO241018C00006000,6.0,2024-10-18,2024-10-07,1.1,1.1,0.78,0.97,1020,81,1.1,,monthly_30d_30d_otm,weekly_2_strike0,38,2766
NKE,2020-09-16,2020-10-13,backfill,O:NKE201016C00125000,125.0,2020-10-16,2020-09-16,2.58,2.88,2.54,2.6,355,67,2.58,,monthly_30d_20d_otm,weekly_2_strike0,30,355
NKE,2020-09-16,2020-10-13,backfill,O:NKE201016C00125000,125.0,2020-10-16,2020-09-17,1.75,2.63,1.75,2.05,852,87,1.75,,monthly_30d_20d_otm,weekly_2_strike0,30,355
NKE,2020-09-16,2020-10-13,backfill,O:NKE201016C00125000,125.0,2020-10-16,2020-09-18,1.97,2.49,1.65,1.7,508,103,1.97,,monthly_30d_20d_otm,weekly_2_strike0,30,355
NKE,2020-09-16,2020-10-13,backfill,O:NKE201016C00125000,125.0,2020-10-16,2020-09-21,1.38,1.5,1.06,1.3,530,114,1.38,,monthly_30d_20d_otm,weekly_2_strike0,30,355
NKE,2020-09-16,2020-10-13,backfill,O:NKE201016C00125000,125.0,2020-10-16,2020-09-22,1.2,1.87,1.06,1.72,1847,240,1.2,,monthly_30d_20d_otm,weekly_2_strike0,30,355
NKE,2020-09-16,2020-10-13,backfill,O:NKE201016C00125000,125.0,2020-10-16,2020-09-23,5.0,7.55,4.35,5.13,2314,216,5.0,,monthly_30d_20d_otm,weekly_2_strike0,30,355
NKE,2020-09-16,2020-10-13,backfill,O:NKE201016C00125000,125.0,2020-10-16,2020-09-24,4.52,5.5,3.12,4.0,1071,163,4.52,,monthly_30d_20d_otm,weekly_2_strike0,30,355
NKE,2020-09-16,2020-10-13,backfill,O:NKE201016C00125000,125.0,2020-10-16,2020-09-25,3.06,3.85,2.36,3.05,815,123,3.06,,monthly_30d_20d_otm,weekly_2_strike0,30,355
NKE,2020-09-16,2020-10-13,backfill,O:NKE201016C00125000,125.0,2020-10-16,2020-09-28,3.35,3.85,2.75,2.85,645,108,3.35,,monthly_30d_20d_otm,weekly_2_strike0,30,355
NKE,2020-09-16,2020-10-13,backfill,O:NKE201016C00125000,125.0,2020-10-16,2020-09-29,2.75,4.25,2.58,3.88,447,92,2.75,,monthly_30d_20d_otm,weekly_2_strike0,30,355
NKE,2020-09-16,2020-10-13,backfill,O:NKE201016C00125000,125.0,2020-10-16,2020-09-30,3.7,4.0,3.05,3.18,634,65,3.7,,monthly_30d_20d_otm,weekly_2_strike0,30,355
NKE,2020-09-16,2020-10-13,backfill,O:NKE201016C00125000,125.0,2020-10-16,2020-10-01,4.13,4.13,3.05,3.7,338,66,4.13,,monthly_30d_20d_otm,weekly_2_strike0,30,355
NKE,2020-09-16,2020-10-13,backfill,O:NKE201016C00125000,125.0,2020-10-16,2020-10-02,2.72,3.79,2.1,3.59,620,96,2.72,,monthly_30d_20d_otm,weekly_2_strike0,30,355
NKE,2020-09-16,2020-10-13,backfill,O:NKE201016C00125000,125.0,2020-10-16,2020-10-05,4.0,4.73,3.45,4.28,682,92,4.0,,monthly_30d_20d_otm,weekly_2_strike0,30,355
NKE,2020-09-16,2020-10-13,backfill,O:NKE201016C00125000,125.0,2020-10-16,2020-10-06,4.5,6.0,3.7,3.95,386,80,4.5,,monthly_30d_20d_otm,weekly_2_strike0,30,355
NKE,2020-09-16,2020-10-13,backfill,O:NKE201016C00125000,125.0,2020-10-16,2020-10-07,4.7,5.75,4.41,5.53,187,45,4.7,,monthly_30d_20d_otm,weekly_2_strike0,30,355
NKE,2020-09-16,2020-10-13,backfill,O:NKE201016C00125000,125.0,2020-10-16,2020-10-08,5.97,6.25,5.2,5.2,72,20,5.97,,monthly_30d_20d_otm,weekly_2_strike0,30,355
NKE,2020-09-16,2020-10-13,backfill,O:NKE201016C00125000,125.0,2020-10-16,2020-10-09,5.5,6.3,5.0,6.1,148,36,5.5,,monthly_30d_20d_otm,weekly_2_strike0,30,355
NKE,2020-09-16,2020-10-13,backfill,O:NKE201016C00125000,125.0,2020-10-16,2020-10-12,6.03,6.03,4.67,4.7,140,29,6.03,,monthly_30d_20d_otm,weekly_2_strike0,30,355
NKE,2020-09-16,2020-10-13,backfill,O:NKE201016C00125000,125.0,2020-10-16,2020-10-13,3.36,4.9,3.36,4.7,79,25,3.36,,monthly_30d_20d_otm,weekly_2_strike0,30,355
NKE,2021-07-07,2021-08-03,backfill,O:NKE210820C00160000,160.0,2021-08-20,2021-07-07,5.1,5.3,4.1,4.89,1840,79,5.1,,monthly_30d_atm,weekly_2_strike0,44,1840
NKE,2021-07-07,2021-08-03,backfill,O:NKE210820C00160000,160.0,2021-08-20,2021-07-08,4.15,5.28,3.9,5.15,2509,205,4.15,,monthly_30d_atm,weekly_2_strike0,44,1840
NKE,2021-07-07,2021-08-03,backfill,O:NKE210820C00160000,160.0,2021-08-20,2021-07-09,5.6,5.65,4.8,4.99,482,106,5.6,,monthly_30d_atm,weekly_2_strike0,44,1840
NKE,2021-07-07,2021-08-03,backfill,O:NKE210820C00160000,160.0,2021-08-20,2021-07-12,5.5,5.65,4.8,5.3,731,83,5.5,,monthly_30d_atm,weekly_2_strike0,44,1840
NKE,2021-07-07,2021-08-03,backfill,O:NKE210820C00160000,160.0,2021-08-20,2021-07-13,5.0,5.5,4.75,5.1,430,61,5.0,,monthly_30d_atm,weekly_2_strike0,44,1840
NKE,2021-07-07,2021-08-03,backfill,O:NKE210820C00160000,160.0,2021-08-20,2021-07-14,5.35,5.67,4.98,5.1,621,67,5.35,,monthly_30d_atm,weekly_2_strike0,44,1840
NKE,2021-07-07,2021-08-03,backfill,O:NKE210820C00160000,160.0,2021-08-20,2021-07-15,4.7,5.3,4.25,5.3,1039,50,4.7,,monthly_30d_atm,weekly_2_strike0,44,1840
NKE,2021-07-07,2021-08-03,backfill,O:NKE210820C00160000,160.0,2021-08-20,2021-07-16,4.8,4.95,3.9,4.03,4188,84,4.8,,monthly_30d_atm,weekly_2_strike0,44,1840
NKE,2021-07-07,2021-08-03,backfill,O:NKE210820C00160000,160.0,2021-08-20,2021-07-19,3.55,3.55,2.94,3.39,6228,101,3.55,,monthly_30d_atm,weekly_2_strike0,44,1840
NKE,2021-07-07,2021-08-03,backfill,O:NKE210820C00160000,160.0,2021-08-20,2021-07-20,3.4,4.2,3.15,3.9,722,68,3.4,,monthly_30d_atm,weekly_2_strike0,44,1840
NKE,2021-07-07,2021-08-03,backfill,O:NKE210820C00160000,160.0,2021-08-20,2021-07-21,4.32,4.65,3.89,4.25,8985,49,4.32,,monthly_30d_atm,weekly_2_strike0,44,1840
NKE,2021-07-07,2021-08-03,backfill,O:NKE210820C00160000,160.0,2021-08-20,2021-07-22,4.2,5.9,4.2,5.8,8137,121,4.2,,monthly_30d_atm,weekly_2_strike0,44,1840
NKE,2021-07-07,2021-08-03,backfill,O:NKE210820C00160000,160.0,2021-08-20,2021-07-23,6.0,7.85,6.0,7.85,364,111,6.0,,monthly_30d_atm,weekly_2_strike0,44,1840
NKE,2021-07-07,2021-08-03,backfill,O:NKE210820C00160000,160.0,2021-08-20,2021-07-26,7.49,7.85,5.95,6.76,123,40,7.49,,monthly_30d_atm,weekly_2_strike0,44,1840
NKE,2021-07-07,2021-08-03,backfill,O:NKE210820C00160000,160.0,2021-08-20,2021-07-27,6.4,6.6,5.4,6.6,71,30,6.4,,monthly_30d_atm,weekly_2_strike0,44,1840
NKE,2021-07-07,2021-08-03,backfill,O:NKE210820C00160000,160.0,2021-08-20,2021-07-28,6.5,7.1,6.3,7.02,47,24,6.5,,monthly_30d_atm,weekly_2_strike0,44,1840
NKE,2021-07-07,2021-08-03,backfill,O:NKE210820C00160000,160.0,2021-08-20,2021-07-29,7.22,8.0,7.0,7.93,170,33,7.22,,monthly_30d_atm,weekly_2_strike0,44,1840
NKE,2021-07-07,2021-08-03,backfill,O:NKE210820C00160000,160.0,2021-08-20,2021-07-30,7.8,8.75,7.45,8.24,146,45,7.8,,monthly_30d_atm,weekly_2_strike0,44,1840
NKE,2021-07-07,2021-08-03,backfill,O:NKE210820C00160000,160.0,2021-08-20,2021-08-02,9.2,10.44,8.9,9.3,217,64,9.2,,monthly_30d_atm,weekly_2_strike0,44,1840
NKE,2021-07-07,2021-08-03,backfill,O:NKE210820C00160000,160.0,2021-08-20,2021-08-03,9.35,11.9,9.3,11.74,954,134,9.35,,monthly_30d_atm,weekly_2_strike0,44,1840
NKE,2022-12-07,2023-01-05,backfill,O:NKE230217C00115000,115.0,2023-02-17,2022-12-07,5.1,5.4,5.05,5.1,49,8,5.1,,monthly_60d_35d_otm,weekly_2_strike0,72,49
NKE,2022-12-07,2023-01-05,backfill,O:NKE230217C00115000,115.0,2023-02-17,2022-12-08,5.95,6.4,5.6,6.4,1158,16,5.95,,monthly_60d_35d_otm,weekly_2_strike0,72,49
NKE,2022-12-07,2023-01-05,backfill,O:NKE230217C00115000,115.0,2023-02-17,2022-12-09,5.65,5.93,5.65,5.7,39,12,5.65,,monthly_60d_35d_otm,weekly_2_strike0,72,49
NKE,2022-12-07,2023-01-05,backfill,O:NKE230217C00115000,115.0,2023-02-17,2022-12-12,5.95,6.65,5.85,6.65,325,46,5.95,,monthly_60d_35d_otm,weekly_2_strike0,72,49
NKE,2022-12-07,2023-01-05,backfill,O:NKE230217C00115000,115.0,2023-02-17,2022-12-13,7.95,8.0,6.1,6.85,221,37,7.95,,monthly_60d_35d_otm,weekly_2_strike0,72,49
NKE,2022-12-07,2023-01-05,backfill,O:NKE230217C00115000,115.0,2023-02-17,2022-12-14,6.85,6.85,5.7,5.75,244,32,6.85,,monthly_60d_35d_otm,weekly_2_strike0,72,49
NKE,2022-12-07,2023-01-05,backfill,O:NKE230217C00115000,115.0,2023-02-17,2022-12-15,4.99,4.99,4.44,4.75,19,10,4.99,,monthly_60d_35d_otm,weekly_2_strike0,72,49
NKE,2022-12-07,2023-01-05,backfill,O:NKE230217C00115000,115.0,2023-02-17,2022-12-16,3.9,3.9,3.26,3.5,276,5,3.9,,monthly_60d_35d_otm,weekly_2_strike0,72,49
NKE,2022-12-07,2023-01-05,backfill,O:NKE230217C00115000,115.0,2023-02-17,2022-12-19,3.31,3.39,2.5,2.5,60,17,3.31,,monthly_60d_35d_otm,weekly_2_strike0,72,49
NKE,2022-12-07,2023-01-05,backfill,O:NKE230217C00115000,115.0,2023-02-17,2022-12-20,2.45,2.55,2.2,2.46,658,40,2.45,,monthly_60d_35d_otm,weekly_2_strike0,72,49
NKE,2022-12-07,2023-01-05,backfill,O:NKE230217C00115000,115.0,2023-02-17,2022-12-21,7.42,8.85,6.65,6.89,294,61,7.42,,monthly_60d_35d_otm,weekly_2_strike0,72,49
NKE,2022-12-07,2023-01-05,backfill,O:NKE230217C00115000,115.0,2023-02-17,2022-12-22,6.17,7.46,6.15,7.3,100,17,6.17,,monthly_60d_35d_otm,weekly_2_strike0,72,49
NKE,2022-12-07,2023-01-05,backfill,O:NKE230217C00115000,115.0,2023-02-17,2022-12-23,7.18,7.5,6.9,7.1,188,17,7.18,,monthly_60d_35d_otm,weekly_2_strike0,72,49
NKE,2022-12-07,2023-01-05,backfill,O:NKE230217C00115000,115.0,2023-02-17,2022-12-27,6.75,8.1,6.75,7.65,214,20,6.75,,monthly_60d_35d_otm,weekly_2_strike0,72,49
NKE,2022-12-07,2023-01-05,backfill,O:NKE230217C00115000,115.0,2023-02-17,2022-12-28,7.75,7.75,6.15,6.15,63,15,7.75,,monthly_60d_35d_otm,weekly_2_strike0,72,49
NKE,2022-12-07,2023-01-05,backfill,O:NKE230217C00115000,115.0,2023-02-17,2022-12-29,6.61,7.75,6.61,7.3,143,22,6.61,,monthly_60d_35d_otm,weekly_2_strike0,72,49
NKE,2022-12-07,2023-01-05,backfill,O:NKE230217C00115000,115.0,2023-02-17,2022-12-30,6.45,7.1,6.45,6.97,56,12,6.45,,monthly_60d_35d_otm,weekly_2_strike0,72,49
NKE,2022-12-07,2023-01-05,backfill,O:NKE230217C00115000,115.0,2023-02-17,2023-01-03,8.18,8.55,7.25,8.12,233,30,8.18,,monthly_60d_35d_otm,weekly_2_strike0,72,49
NKE,2022-12-07,2023-01-05,backfill,O:NKE230217C00115000,115.0,2023-02-17,2023-01-04,9.0,10.4,8.65,9.51,181,42,9.0,,monthly_60d_35d_otm,weekly_2_strike0,72,49
NKE,2022-12-07,2023-01-05,backfill,O:NKE230217C00115000,115.0,2023-02-17,2023-01-05,9.05,10.44,8.9,9.65,24,12,9.05,,monthly_60d_35d_otm,weekly_2_strike0,72,49
NKE,2023-11-03,2023-12-01,backfill,O:NKE240119C00110000,110.0,2024-01-19,2023-11-03,4.0,4.5,3.84,4.21,354,67,4.0,,monthly_60d_40d_otm,weekly_1_strike0,77,354
NKE,2023-11-03,2023-12-01,backfill,O:NKE240119C00110000,110.0,2024-01-19,2023-11-06,4.13,4.25,3.85,4.25,433,43,4.13,,monthly_60d_40d_otm,weekly_1_strike0,77,354
NKE,2023-11-03,2023-12-01,backfill,O:NKE240119C00110000,110.0,2024-01-19,2023-11-07,4.27,5.29,4.27,5.29,640,61,4.27,,monthly_60d_40d_otm,weekly_1_strike0,77,354
NKE,2023-11-03,2023-12-01,backfill,O:NKE240119C00110000,110.0,2024-01-19,2023-11-08,5.35,6.0,5.2,5.3,750,63,5.35,,monthly_60d_40d_otm,weekly_1_strike0,77,354
NKE,2023-11-03,2023-12-01,backfill,O:NKE240119C00110000,110.0,2024-01-19,2023-11-09,5.25,5.25,4.09,4.14,394,40,5.25,,monthly_60d_40d_otm,weekly_1_strike0,77,354
NKE,2023-11-03,2023-12-01,backfill,O:NKE240119C00110000,110.0,2024-01-19,2023-11-10,4.1,4.45,3.46,3.7,1986,71,4.1,,monthly_60d_40d_otm,weekly_1_strike0,77,354
NKE,2023-11-03,2023-12-01,backfill,O:NKE240119C00110000,110.0,2024-01-19,2023-11-13,3.54,3.54,2.82,2.83,779,73,3.54,,monthly_60d_40d_otm,weekly_1_strike0,77,354
NKE,2023-11-03,2023-12-01,backfill,O:NKE240119C00110000,110.0,2024-01-19,2023-11-14,3.25,3.73,3.25,3.49,400,47,3.25,,monthly_60d_40d_otm,weekly_1_strike0,77,354
NKE,2023-11-03,2023-12-01,backfill,O:NKE240119C00110000,110.0,2024-01-19,2023-11-15,4.22,4.9,4.05,4.35,665,68,4.22,,monthly_60d_40d_otm,weekly_1_strike0,77,354
NKE,2023-11-03,2023-12-01,backfill,O:NKE240119C00110000,110.0,2024-01-19,2023-11-16,3.95,4.2,3.95,4.15,331,26,3.95,,monthly_60d_40d_otm,weekly_1_strike0,77,354
NKE,2023-11-03,2023-12-01,backfill,O:NKE240119C00110000,110.0,2024-01-19,2023-11-17,4.05,4.05,3.2,3.3,235,38,4.05,,monthly_60d_40d_otm,weekly_1_strike0,77,354
NKE,2023-11-03,2023-12-01,backfill,O:NKE240119C00110000,110.0,2024-01-19,2023-11-20,3.3,3.32,2.86,3.19,1061,61,3.3,,monthly_60d_40d_otm,weekly_1_strike0,77,354
NKE,2023-11-03,2023-12-01,backfill,O:NKE240119C00110000,110.0,2024-01-19,2023-11-21,3.28,3.4,2.85,3.3,530,51,3.28,,monthly_60d_40d_otm,weekly_1_strike0,77,354
NKE,2023-11-03,2023-12-01,backfill,O:NKE240119C00110000,110.0,2024-01-19,2023-11-22,3.75,3.9,3.4,3.87,173,44,3.75,,monthly_60d_40d_otm,weekly_1_strike0,77,354
NKE,2023-11-03,2023-12-01,backfill,O:NKE240119C00110000,110.0,2024-01-19,2023-11-24,3.75,3.75,3.55,3.7,133,14,3.75,,monthly_60d_40d_otm,weekly_1_strike0,77,354
NKE,2023-11-03,2023-12-01,backfill,O:NKE240119C00110000,110.0,2024-01-19,2023-11-27,3.35,3.9,3.35,3.8,257,46,3.35,,monthly_60d_40d_otm,weekly_1_strike0,77,354
NKE,2023-11-03,2023-12-01,backfill,O:NKE240119C00110000,110.0,2024-01-19,2023-11-28,4.0,4.8,3.93,4.17,256,64,4.0,,monthly_60d_40d_otm,weekly_1_strike0,77,354
NKE,2023-11-03,2023-12-01,backfill,O:NKE240119C00110000,110.0,2024-01-19,2023-11-29,5.23,6.05,4.92,5.06,634,107,5.23,,monthly_60d_40d_otm,weekly_1_strike0,77,354
NKE,2023-11-03,2023-12-01,backfill,O:NKE240119C00110000,110.0,2024-01-19,2023-11-30,5.1,5.1,4.28,4.85,191,48,5.1,,monthly_60d_40d_otm,weekly_1_strike0,77,354
NKE,2023-11-03,2023-12-01,backfill,O:NKE240119C00110000,110.0,2024-01-19,2023-12-01,5.08,7.14,4.5,7.1,867,111,5.08,,monthly_60d_40d_otm,weekly_1_strike0,77,354
NKE,2024-06-13,2024-06-28,backfill,O:NKE240719C00095000,95.0,2024-07-19,2024-06-13,3.9,4.1,3.85,3.95,196,28,3.9,,monthly_30d_40d_otm,weekly_2_strike0,36,196
NKE,2024-06-13,2024-06-28,backfill,O:NKE240719C00095000,95.0,2024-07-19,2024-06-14,4.05,4.15,3.69,3.7,201,27,4.05,,monthly_30d_40d_otm,weekly_2_strike0,36,196
NKE,2024-06-13,2024-06-28,backfill,O:NKE240719C00095000,95.0,2024-07-19,2024-06-17,3.55,4.45,3.52,4.35,329,47,3.55,,monthly_30d_40d_otm,weekly_2_strike0,36,196
NKE,2024-06-13,2024-06-28,backfill,O:NKE240719C00095000,95.0,2024-07-19,2024-06-18,4.12,4.55,4.12,4.32,819,47,4.12,,monthly_30d_40d_otm,weekly_2_strike0,36,196
NKE,2024-06-13,2024-06-28,backfill,O:NKE240719C00095000,95.0,2024-07-19,2024-06-20,4.3,5.05,3.8,4.8,338,56,4.3,,monthly_30d_40d_otm,weekly_2_strike0,36,196
NKE,2024-06-13,2024-06-28,backfill,O:NKE240719C00095000,95.0,2024-07-19,2024-06-21,5.1,5.65,4.9,5.65,719,68,5.1,,monthly_30d_40d_otm,weekly_2_strike0,36,196
NKE,2024-06-13,2024-06-28,backfill,O:NKE240719C00095000,95.0,2024-07-19,2024-06-24,5.45,6.05,5.4,5.58,221,47,5.45,,monthly_30d_40d_otm,weekly_2_strike0,36,196
NKE,2024-06-13,2024-06-28,backfill,O:NKE240719C00095000,95.0,2024-07-19,2024-06-25,5.6,5.6,3.95,3.98,173,62,5.6,,monthly_30d_40d_otm,weekly_2_strike0,36,196
NKE,2024-06-13,2024-06-28,backfill,O:NKE240719C00095000,95.0,2024-07-19,2024-06-26,3.6,4.11,2.92,3.88,844,99,3.6,,monthly_30d_40d_otm,weekly_2_strike0,36,196
NKE,2024-06-13,2024-06-28,backfill,O:NKE240719C00095000,95.0,2024-07-19,2024-06-27,3.66,4.45,3.23,4.3,2862,218,3.66,,monthly_30d_40d_otm,weekly_2_strike0,36,196
NKE,2024-06-13,2024-06-28,backfill,O:NKE240719C00095000,95.0,2024-07-19,2024-06-28,0.01,0.2,0.01,0.06,5008,117,0.01,,monthly_30d_40d_otm,weekly_2_strike0,36,196
NOC,2020-09-04,2020-09-30,backfill,O:NOC201016C00350000,350.0,2020-10-16,2020-09-04,11.69,12.5,9.8,9.8,9,6,11.69,,monthly_30d_40d_otm,weekly_1_strike0,42,9
NOC,2020-09-04,2020-09-30,backfill,O:NOC201016C00350000,350.0,2020-10-16,2020-09-08,7.84,8.11,7.2,7.8,26,10,7.84,,monthly_30d_40d_otm,weekly_1_strike0,42,9
NOC,2020-09-04,2020-09-30,backfill,O:NOC201016C00350000,350.0,2020-10-16,2020-09-09,8.1,8.84,7.3,7.8,7,7,8.1,,monthly_30d_40d_otm,weekly_1_strike0,42,9
NOC,2020-09-04,2020-09-30,backfill,O:NOC201016C00350000,350.0,2020-10-16,2020-09-10,7.2,7.2,4.2,4.4,34,15,7.2,,monthly_30d_40d_otm,weekly_1_strike0,42,9
NOC,2020-09-04,2020-09-30,backfill,O:NOC201016C00350000,350.0,2020-10-16,2020-09-11,5.2,6.76,5.2,6.76,44,14,5.2,,monthly_30d_40d_otm,weekly_1_strike0,42,9
NOC,2020-09-04,2020-09-30,backfill,O:NOC201016C00350000,350.0,2020-10-16,2020-09-14,6.2,6.96,5.7,6.03,24,13,6.2,,monthly_30d_40d_otm,weekly_1_strike0,42,9
NOC,2020-09-04,2020-09-30,backfill,O:NOC201016C00350000,350.0,2020-10-16,2020-09-15,4.8,5.9,4.8,5.43,4,3,4.8,,monthly_30d_40d_otm,weekly_1_strike0,42,9
NOC,2020-09-04,2020-09-30,backfill,O:NOC201016C00350000,350.0,2020-10-16,2020-09-16,5.68,8.6,5.68,8.0,28,14,5.68,,monthly_30d_40d_otm,weekly_1_strike0,42,9
NOC,2020-09-04,2020-09-30,backfill,O:NOC201016C00350000,350.0,2020-10-16,2020-09-17,6.4,7.2,6.4,7.2,5,2,6.4,,monthly_30d_40d_otm,weekly_1_strike0,42,9
NOC,2020-09-04,2020-09-30,backfill,O:NOC201016C00350000,350.0,2020-10-16,2020-09-18,7.0,7.0,5.5,5.5,39,8,7.0,,monthly_30d_40d_otm,weekly_1_strike0,42,9
NOC,2020-09-04,2020-09-30,backfill,O:NOC201016C00350000,350.0,2020-10-16,2020-09-21,2.8,2.8,1.44,1.5,20,10,2.8,,monthly_30d_40d_otm,weekly_1_strike0,42,9
NOC,2020-09-04,2020-09-30,backfill,O:NOC201016C00350000,350.0,2020-10-16,2020-09-22,2.12,2.21,1.86,1.86,10,4,2.12,,monthly_30d_40d_otm,weekly_1_strike0,42,9
NOC,2020-09-04,2020-09-30,backfill,O:NOC201016C00350000,350.0,2020-10-16,2020-09-23,2.5,2.5,1.6,1.6,14,5,2.5,,monthly_30d_40d_otm,weekly_1_strike0,42,9
NOC,2020-09-04,2020-09-30,backfill,O:NOC201016C00350000,350.0,2020-10-16,2020-09-24,1.5,1.52,1.4,1.52,5,4,1.5,,monthly_30d_40d_otm,weekly_1_strike0,42,9
NOC,2020-09-04,2020-09-30,backfill,O:NOC201016C00350000,350.0,2020-10-16,2020-09-28,2.45,2.45,1.45,1.45,3,2,2.45,,monthly_30d_40d_otm,weekly_1_strike0,42,9
NOC,2020-09-04,2020-09-30,backfill,O:NOC201016C00350000,350.0,2020-10-16,2020-09-29,1.2,1.2,0.7,0.7,6,2,1.2,,monthly_30d_40d_otm,weekly_1_strike0,42,9
NOC,2020-09-04,2020-09-30,backfill,O:NOC201016C00350000,350.0,2020-10-16,2020-09-30,0.45,0.45,0.35,0.38,9,4,0.45,,monthly_30d_40d_otm,weekly_1_strike0,42,9
NOC,2022-03-03,2022-03-30,backfill,O:NOC220520C00510000,510.0,2022-05-20,2022-03-03,6.7,6.8,6.7,6.8,21,2,6.7,,monthly_60d_25d_otm,weekly_2_strike0,78,21
NOC,2022-03-03,2022-03-30,backfill,O:NOC220520C00510000,510.0,2022-05-20,2022-03-04,15.97,15.97,15.86,15.9,5,1,15.97,,monthly_60d_25d_otm,weekly_2_strike0,78,21
NOC,2022-03-03,2022-03-30,backfill,O:NOC220520C00510000,510.0,2022-05-20,2022-03-07,24.99,24.99,20.4,20.4,65,2,24.99,,monthly_60d_25d_otm,weekly_2_strike0,78,21
NOC,2022-03-03,2022-03-30,backfill,O:NOC220520C00510000,510.0,2022-05-20,2022-03-10,10.75,10.75,10.75,10.75,2,1,10.75,,monthly_60d_25d_otm,weekly_2_strike0,78,21
NOC,2022-03-03,2022-03-30,backfill,O:NOC220520C00510000,510.0,2022-05-20,2022-03-29,2.39,2.39,2.27,2.27,6,3,2.39,,monthly_60d_25d_otm,weekly_2_strike0,78,21
NOC,2022-10-27,2022-11-14,backfill,O:NOC221118C00540000,540.0,2022-11-18,2022-10-27,6.0,14.67,6.0,14.67,130,7,6.0,,monthly_30d_30d_otm,weekly_2_strike0,22,130
NOC,2022-10-27,2022-11-14,backfill,O:NOC221118C00540000,540.0,2022-11-18,2022-10-28,15.24,26.84,15.24,25.64,94,7,15.24,,monthly_30d_30d_otm,weekly_2_strike0,22,130
NOC,2022-10-27,2022-11-14,backfill,O:NOC221118C00540000,540.0,2022-11-18,2022-11-02,11.45,12.2,9.73,9.73,36,3,11.45,,monthly_30d_30d_otm,weekly_2_strike0,22,130
NOC,2022-10-27,2022-11-14,backfill,O:NOC221118C00540000,540.0,2022-11-18,2022-11-03,8.0,8.0,8.0,8.0,3,1,8.0,,monthly_30d_30d_otm,weekly_2_strike0,22,130
NOC,2022-10-27,2022-11-14,backfill,O:NOC221118C00540000,540.0,2022-11-18,2022-11-04,4.16,4.36,2.6,2.85,13,9,4.16,,monthly_30d_30d_otm,weekly_2_strike0,22,130
NOC,2022-10-27,2022-11-14,backfill,O:NOC221118C00540000,540.0,2022-11-18,2022-11-07,5.0,8.9,5.0,8.9,14,7,5.0,,monthly_30d_30d_otm,weekly_2_strike0,22,130
NOC,2022-10-27,2022-11-14,backfill,O:NOC221118C00540000,540.0,2022-11-18,2022-11-08,8.76,11.7,8.76,11.7,8,4,8.76,,monthly_30d_30d_otm,weekly_2_strike0,22,130
NOC,2022-10-27,2022-11-14,backfill,O:NOC221118C00540000,540.0,2022-11-18,2022-11-09,9.72,10.9,8.0,8.3,17,7,9.72,,monthly_30d_30d_otm,weekly_2_strike0,22,130
NOC,2022-10-27,2022-11-14,backfill,O:NOC221118C00540000,540.0,2022-11-18,2022-11-10,5.65,5.9,3.4,5.9,9,4,5.65,,monthly_30d_30d_otm,weekly_2_strike0,22,130
NOC,2022-10-27,2022-11-14,backfill,O:NOC221118C00540000,540.0,2022-11-18,2022-11-11,2.1,2.63,0.5,0.5,52,11,2.1,,monthly_30d_30d_otm,weekly_2_strike0,22,130
NOC,2022-10-27,2022-11-14,backfill,O:NOC221118C00540000,540.0,2022-11-18,2022-11-14,0.9,0.9,0.2,0.2,2,2,0.9,,monthly_30d_30d_otm,weekly_2_strike0,22,130
NOC,2024-08-07,2024-09-04,backfill,O:NOC240920C00505000,505.0,2024-09-20,2024-08-07,8.7,9.35,8.7,9.35,12,2,8.7,,monthly_30d_30d_otm,weekly_2_strike1,44,12
NOC,2024-08-07,2024-09-04,backfill,O:NOC240920C00505000,505.0,2024-09-20,2024-08-08,8.9,8.9,8.86,8.86,2,2,8.9,,monthly_30d_30d_otm,weekly_2_strike1,44,12
NOC,2024-08-07,2024-09-04,backfill,O:NOC240920C00505000,505.0,2024-09-20,2024-08-09,7.65,7.65,7.65,7.65,1,1,7.65,,monthly_30d_30d_otm,weekly_2_strike1,44,12
NOC,2024-08-07,2024-09-04,backfill,O:NOC240920C00505000,505.0,2024-09-20,2024-08-12,9.5,10.5,9.5,10.5,4,2,9.5,,monthly_30d_30d_otm,weekly_2_strike1,44,12
NOC,2024-08-07,2024-09-04,backfill,O:NOC240920C00505000,505.0,2024-09-20,2024-08-13,9.8,10.3,8.7,10.2,58,20,9.8,,monthly_30d_30d_otm,weekly_2_strike1,44,12
NOC,2024-08-07,2024-09-04,backfill,O:NOC240920C00505000,505.0,2024-09-20,2024-08-14,12.98,13.64,11.37,11.95,41,16,12.98,,monthly_30d_30d_otm,weekly_2_strike1,44,12
NOC,2024-08-07,2024-09-04,backfill,O:NOC240920C00505000,505.0,2024-09-20,2024-08-15,10.15,10.15,9.3,9.3,29,6,10.15,,monthly_30d_30d_otm,weekly_2_strike1,44,12
NOC,2024-08-07,2024-09-04,backfill,O:NOC240920C00505000,505.0,2024-09-20,2024-08-16,9.92,11.0,9.2,11.0,6,4,9.92,,monthly_30d_30d_otm,weekly_2_strike1,44,12
NOC,2024-08-07,2024-09-04,backfill,O:NOC240920C00505000,505.0,2024-09-20,2024-08-19,10.6,10.6,10.0,10.0,4,2,10.6,,monthly_30d_30d_otm,weekly_2_strike1,44,12
NOC,2024-08-07,2024-09-04,backfill,O:NOC240920C00505000,505.0,2024-09-20,2024-08-20,9.4,9.77,9.4,9.77,5,4,9.4,,monthly_30d_30d_otm,weekly_2_strike1,44,12
NOC,2024-08-07,2024-09-04,backfill,O:NOC240920C00505000,505.0,2024-09-20,2024-08-21,11.5,11.5,10.0,10.0,8,4,11.5,,monthly_30d_30d_otm,weekly_2_strike1,44,12
NOC,2024-08-07,2024-09-04,backfill,O:NOC240920C00505000,505.0,2024-09-20,2024-08-22,11.0,11.3,11.0,11.3,2,2,11.0,,monthly_30d_30d_otm,weekly_2_strike1,44,12
NOC,2024-08-07,2024-09-04,backfill,O:NOC240920C00505000,505.0,2024-09-20,2024-08-23,11.03,11.03,8.85,9.3,16,7,11.03,,monthly_30d_30d_otm,weekly_2_strike1,44,12
NOC,2024-08-07,2024-09-04,backfill,O:NOC240920C00505000,505.0,2024-09-20,2024-08-26,11.3,11.9,11.3,11.9,8,3,11.3,,monthly_30d_30d_otm,weekly_2_strike1,44,12
NOC,2024-08-07,2024-09-04,backfill,O:NOC240920C00505000,505.0,2024-09-20,2024-08-27,9.9,9.9,9.9,9.9,1,1,9.9,,monthly_30d_30d_otm,weekly_2_strike1,44,12
NOC,2024-08-07,2024-09-04,backfill,O:NOC240920C00505000,505.0,2024-09-20,2024-08-28,13.3,14.9,11.43,11.43,10,5,13.3,,monthly_30d_30d_otm,weekly_2_strike1,44,12
NOC,2024-08-07,2024-09-04,backfill,O:NOC240920C00505000,505.0,2024-09-20,2024-08-30,16.88,19.6,16.88,19.6,6,3,16.88,,monthly_30d_30d_otm,weekly_2_strike1,44,12
NOC,2024-08-07,2024-09-04,backfill,O:NOC240920C00505000,505.0,2024-09-20,2024-09-03,21.17,21.17,21.17,21.17,6,1,21.17,,monthly_30d_30d_otm,weekly_2_strike1,44,12
NOC,2024-08-07,2024-09-04,backfill,O:NOC240920C00505000,505.0,2024-09-20,2024-09-04,23.12,23.35,22.94,22.94,8,1,23.12,,monthly_30d_30d_otm,weekly_2_strike1,44,12
NOC,2025-07-31,2025-08-27,backfill,O:NOC250919C00610000,610.0,2025-09-19,2025-07-31,4.2,4.4,4.1,4.2,105,10,4.2,,monthly_45d_30d_otm,weekly_3_strike0,50,105
NOC,2025-07-31,2025-08-27,backfill,O:NOC250919C00610000,610.0,2025-09-19,2025-08-01,7.61,7.61,7.61,7.61,1,1,7.61,,monthly_45d_30d_otm,weekly_3_strike0,50,105
NOC,2025-07-31,2025-08-27,backfill,O:NOC250919C00610000,610.0,2025-09-19,2025-08-04,8.12,8.12,8.12,8.12,25,1,8.12,,monthly_45d_30d_otm,weekly_3_strike0,50,105
NOC,2025-07-31,2025-08-27,backfill,O:NOC250919C00610000,610.0,2025-09-19,2025-08-05,7.8,7.8,6.02,6.02,3,2,7.8,,monthly_45d_30d_otm,weekly_3_strike0,50,105
NOC,2025-07-31,2025-08-27,backfill,O:NOC250919C00610000,610.0,2025-09-19,2025-08-06,8.32,8.32,7.5,7.5,26,2,8.32,,monthly_45d_30d_otm,weekly_3_strike0,50,105
NOC,2025-07-31,2025-08-27,backfill,O:NOC250919C00610000,610.0,2025-09-19,2025-08-07,5.6,5.7,5.6,5.7,50,2,5.6,,monthly_45d_30d_otm,weekly_3_strike0,50,105
NOC,2025-07-31,2025-08-27,backfill,O:NOC250919C00610000,610.0,2025-09-19,2025-08-11,3.2,3.5,3.2,3.5,3,2,3.2,,monthly_45d_30d_otm,weekly_3_strike0,50,105
NOC,2025-07-31,2025-08-27,backfill,O:NOC250919C00610000,610.0,2025-09-19,2025-08-12,3.4,3.4,2.55,3.12,10,6,3.4,,monthly_45d_30d_otm,weekly_3_strike0,50,105
NOC,2025-07-31,2025-08-27,backfill,O:NOC250919C00610000,610.0,2025-09-19,2025-08-13,3.3,3.3,2.9,2.9,12,7,3.3,,monthly_45d_30d_otm,weekly_3_strike0,50,105
NOC,2025-07-31,2025-08-27,backfill,O:NOC250919C00610000,610.0,2025-09-19,2025-08-14,3.76,3.76,3.7,3.7,51,2,3.76,,monthly_45d_30d_otm,weekly_3_strike0,50,105
NOC,2025-07-31,2025-08-27,backfill,O:NOC250919C00610000,610.0,2025-09-19,2025-08-18,4.5,4.5,3.2,3.2,16,5,4.5,,monthly_45d_30d_otm,weekly_3_strike0,50,105
NOC,2025-07-31,2025-08-27,backfill,O:NOC250919C00610000,610.0,2025-09-19,2025-08-19,3.3,3.52,3.26,3.26,3,3,3.3,,monthly_45d_30d_otm,weekly_3_strike0,50,105
NOC,2025-07-31,2025-08-27,backfill,O:NOC250919C00610000,610.0,2025-09-19,2025-08-20,4.1,4.9,4.1,4.9,8,4,4.1,,monthly_45d_30d_otm,weekly_3_strike0,50,105
NOC,2025-07-31,2025-08-27,backfill,O:NOC250919C00610000,610.0,2025-09-19,2025-08-21,4.6,6.2,4.6,5.9,14,9,4.6,,monthly_45d_30d_otm,weekly_3_strike0,50,105
NOC,2025-07-31,2025-08-27,backfill,O:NOC250919C00610000,610.0,2025-09-19,2025-08-22,4.05,4.05,3.5,3.5,3,3,4.05,,monthly_45d_30d_otm,weekly_3_strike0,50,105
NOC,2025-07-31,2025-08-27,backfill,O:NOC250919C00610000,610.0,2025-09-19,2025-08-25,2.92,2.92,2.75,2.75,4,2,2.92,,monthly_45d_30d_otm,weekly_3_strike0,50,105
NOC,2025-07-31,2025-08-27,backfill,O:NOC250919C00610000,610.0,2025-09-19,2025-08-26,4.0,4.4,3.6,3.6,29,7,4.0,,monthly_45d_30d_otm,weekly_3_strike0,50,105
NOC,2025-07-31,2025-08-27,backfill,O:NOC250919C00610000,610.0,2025-09-19,2025-08-27,2.85,2.85,2.48,2.48,12,3,2.85,,monthly_45d_30d_otm,weekly_3_strike0,50,105
NOW,2020-01-30,2020-02-27,backfill,O:NOW200221C00345000,345.0,2020-02-21,2020-01-30,4.0,7.9,3.89,7.2,160,21,4.0,,monthly_30d_35d_otm,weekly_2_strike0,22,160
NOW,2020-01-30,2020-02-27,backfill,O:NOW200221C00345000,345.0,2020-02-21,2020-01-31,6.06,7.0,4.58,6.8,49,21,6.06,,monthly_30d_35d_otm,weekly_2_strike0,22,160
NOW,2020-01-30,2020-02-27,backfill,O:NOW200221C00345000,345.0,2020-02-21,2020-02-03,6.7,8.4,5.9,7.72,57,23,6.7,,monthly_30d_35d_otm,weekly_2_strike0,22,160
NOW,2020-01-30,2020-02-27,backfill,O:NOW200221C00345000,345.0,2020-02-21,2020-02-04,9.3,14.13,9.3,14.11,124,21,9.3,,monthly_30d_35d_otm,weekly_2_strike0,22,160
NOW,2020-01-30,2020-02-27,backfill,O:NOW200221C00345000,345.0,2020-02-21,2020-02-05,11.11,11.11,4.35,5.1,134,27,11.11,,monthly_30d_35d_otm,weekly_2_strike0,22,160
NOW,2020-01-30,2020-02-27,backfill,O:NOW200221C00345000,345.0,2020-02-21,2020-02-06,4.9,6.8,4.9,5.75,94,16,4.9,,monthly_30d_35d_otm,weekly_2_strike0,22,160
NOW,2020-01-30,2020-02-27,backfill,O:NOW200221C00345000,345.0,2020-02-21,2020-02-07,6.1,7.6,5.2,5.2,131,35,6.1,,monthly_30d_35d_otm,weekly_2_strike0,22,160
NOW,2020-01-30,2020-02-27,backfill,O:NOW200221C00345000,345.0,2020-02-21,2020-02-10,5.2,6.9,4.6,5.64,94,27,5.2,,monthly_30d_35d_otm,weekly_2_strike0,22,160
NOW,2020-01-30,2020-02-27,backfill,O:NOW200221C00345000,345.0,2020-02-21,2020-02-11,5.53,6.42,5.1,6.1,240,34,5.53,,monthly_30d_35d_otm,weekly_2_strike0,22,160
NOW,2020-01-30,2020-02-27,backfill,O:NOW200221C00345000,345.0,2020-02-21,2020-02-12,6.5,8.7,3.93,8.7,163,46,6.5,,monthly_30d_35d_otm,weekly_2_strike0,22,160
NOW,2020-01-30,2020-02-27,backfill,O:NOW200221C00345000,345.0,2020-02-21,2020-02-13,8.38,12.5,8.24,9.6,87,24,8.38,,monthly_30d_35d_otm,weekly_2_strike0,22,160
NOW,2020-01-30,2020-02-27,backfill,O:NOW200221C00345000,345.0,2020-02-21,2020-02-14,10.5,12.1,8.73,12.1,54,10,10.5,,monthly_30d_35d_otm,weekly_2_strike0,22,160
NOW,2020-01-30,2020-02-27,backfill,O:NOW200221C00345000,345.0,2020-02-21,2020-02-18,13.05,13.05,10.93,10.93,8,3,13.05,,monthly_30d_35d_otm,weekly_2_strike0,22,160
NOW,2020-01-30,2020-02-27,backfill,O:NOW200221C00345000,345.0,2020-02-21,2020-02-19,14.0,17.45,12.8,12.8,31,8,14.0,,monthly_30d_35d_otm,weekly_2_strike0,22,160
NOW,2020-01-30,2020-02-27,backfill,O:NOW200221C00345000,345.0,2020-02-21,2020-02-20,15.4,15.4,5.8,6.2,67,6,15.4,,monthly_30d_35d_otm,weekly_2_strike0,22,160
NOW,2020-01-30,2020-02-27,backfill,O:NOW200221C00345000,345.0,2020-02-21,2020-02-21,1.95,3.7,0.06,0.08,304,29,1.95,,monthly_30d_35d_otm,weekly_2_strike0,22,160
NOW,2020-05-20,2020-06-17,backfill,O:NOW200619C00390000,390.0,2020-06-19,2020-05-20,18.8,22.0,17.2,19.5,83,27,18.8,,monthly_30d_atm,weekly_2_strike0,30,83
NOW,2020-05-20,2020-06-17,backfill,O:NOW200619C00390000,390.0,2020-06-19,2020-05-21,18.1,21.29,15.8,16.0,26,13,18.1,,monthly_30d_atm,weekly_2_strike0,30,83
NOW,2020-05-20,2020-06-17,backfill,O:NOW200619C00390000,390.0,2020-06-19,2020-05-22,17.0,20.2,16.2,16.2,574,31,17.0,,monthly_30d_atm,weekly_2_strike0,30,83
NOW,2020-05-20,2020-06-17,backfill,O:NOW200619C00390000,390.0,2020-06-19,2020-05-26,19.44,20.0,11.5,11.5,62,17,19.44,,monthly_30d_atm,weekly_2_strike0,30,83
NOW,2020-05-20,2020-06-17,backfill,O:NOW200619C00390000,390.0,2020-06-19,2020-05-27,9.24,9.24,4.2,7.7,62,25,9.24,,monthly_30d_atm,weekly_2_strike0,30,83
NOW,2020-05-20,2020-06-17,backfill,O:NOW200619C00390000,390.0,2020-06-19,2020-05-28,10.0,13.34,8.9,11.5,128,23,10.0,,monthly_30d_atm,weekly_2_strike0,30,83
NOW,2020-05-20,2020-06-17,backfill,O:NOW200619C00390000,390.0,2020-06-19,2020-05-29,13.0,14.0,11.8,14.0,68,15,13.0,,monthly_30d_atm,weekly_2_strike0,30,83
NOW,2020-05-20,2020-06-17,backfill,O:NOW200619C00390000,390.0,2020-06-19,2020-06-01,12.77,13.5,10.5,11.0,40,14,12.77,,monthly_30d_atm,weekly_2_strike0,30,83
NOW,2020-05-20,2020-06-17,backfill,O:NOW200619C00390000,390.0,2020-06-19,2020-06-02,10.2,15.7,7.9,15.7,170,37,10.2,,monthly_30d_atm,weekly_2_strike0,30,83
NOW,2020-05-20,2020-06-17,backfill,O:NOW200619C00390000,390.0,2020-06-19,2020-06-03,14.6,15.3,9.4,12.1,186,42,14.6,,monthly_30d_atm,weekly_2_strike0,30,83
NOW,2020-05-20,2020-06-17,backfill,O:NOW200619C00390000,390.0,2020-06-19,2020-06-04,11.73,13.04,5.84,6.61,207,78,11.73,,monthly_30d_atm,weekly_2_strike0,30,83
NOW,2020-05-20,2020-06-17,backfill,O:NOW200619C00390000,390.0,2020-06-19,2020-06-05,5.06,11.5,4.76,11.5,176,45,5.06,,monthly_30d_atm,weekly_2_strike0,30,83
NOW,2020-05-20,2020-06-17,backfill,O:NOW200619C00390000,390.0,2020-06-19,2020-06-08,10.11,12.25,6.8,10.0,508,92,10.11,,monthly_30d_atm,weekly_2_strike0,30,83
NOW,2020-05-20,2020-06-17,backfill,O:NOW200619C00390000,390.0,2020-06-19,2020-06-09,11.2,16.3,10.6,11.4,254,80,11.2,,monthly_30d_atm,weekly_2_strike0,30,83
NOW,2020-05-20,2020-06-17,backfill,O:NOW200619C00390000,390.0,2020-06-19,2020-06-10,12.5,21.0,12.5,21.0,390,63,12.5,,monthly_30d_atm,weekly_2_strike0,30,83
NOW,2020-05-20,2020-06-17,backfill,O:NOW200619C00390000,390.0,2020-06-19,2020-06-11,13.74,15.03,6.1,6.77,103,38,13.74,,monthly_30d_atm,weekly_2_strike0,30,83
NOW,2020-05-20,2020-06-17,backfill,O:NOW200619C00390000,390.0,2020-06-19,2020-06-12,10.46,12.9,6.9,7.8,498,46,10.46,,monthly_30d_atm,weekly_2_strike0,30,83
NOW,2020-05-20,2020-06-17,backfill,O:NOW200619C00390000,390.0,2020-06-19,2020-06-15,5.1,10.5,4.5,10.49,147,39,5.1,,monthly_30d_atm,weekly_2_strike0,30,83
NOW,2020-05-20,2020-06-17,backfill,O:NOW200619C00390000,390.0,2020-06-19,2020-06-16,15.0,16.0,10.3,13.1,223,22,15.0,,monthly_30d_atm,weekly_2_strike0,30,83
NOW,2020-05-20,2020-06-17,backfill,O:NOW200619C00390000,390.0,2020-06-19,2020-06-17,16.0,18.3,12.06,12.38,124,12,16.0,,monthly_30d_atm,weekly_2_strike0,30,83
NOW,2020-06-18,2020-07-16,backfill,O:NOW200717C00420000,420.0,2020-07-17,2020-06-18,12.65,14.36,11.0,12.0,29,16,12.65,,monthly_30d_35d_otm,weekly_2_strike0,29,29
NOW,2020-06-18,2020-07-16,backfill,O:NOW200717C00420000,420.0,2020-07-17,2020-06-19,12.5,13.5,10.4,11.0,51,26,12.5,,monthly_30d_35d_otm,weekly_2_strike0,29,29
NOW,2020-06-18,2020-07-16,backfill,O:NOW200717C00420000,420.0,2020-07-17,2020-06-22,7.49,11.0,6.8,10.7,138,25,7.49,,monthly_30d_35d_otm,weekly_2_strike0,29,29
NOW,2020-06-18,2020-07-16,backfill,O:NOW200717C00420000,420.0,2020-07-17,2020-06-23,12.7,13.1,9.39,9.39,48,19,12.7,,monthly_30d_35d_otm,weekly_2_strike0,29,29
NOW,2020-06-18,2020-07-16,backfill,O:NOW200717C00420000,420.0,2020-07-17,2020-06-24,10.27,11.31,6.2,9.8,140,16,10.27,,monthly_30d_35d_otm,weekly_2_strike0,29,29
NOW,2020-06-18,2020-07-16,backfill,O:NOW200717C00420000,420.0,2020-07-17,2020-06-25,8.9,9.0,8.0,9.0,53,8,8.9,,monthly_30d_35d_otm,weekly_2_strike0,29,29
NOW,2020-06-18,2020-07-16,backfill,O:NOW200717C00420000,420.0,2020-07-17,2020-06-26,7.95,8.7,7.03,8.7,35,11,7.95,,monthly_30d_35d_otm,weekly_2_strike0,29,29
NOW,2020-06-18,2020-07-16,backfill,O:NOW200717C00420000,420.0,2020-07-17,2020-06-29,6.0,6.0,4.7,4.7,48,7,6.0,,monthly_30d_35d_otm,weekly_2_strike0,29,29
NOW,2020-06-18,2020-07-16,backfill,O:NOW200717C00420000,420.0,2020-07-17,2020-06-30,5.03,7.77,5.03,7.77,166,35,5.03,,monthly_30d_35d_otm,weekly_2_strike0,29,29
NOW,2020-06-18,2020-07-16,backfill,O:NOW200717C00420000,420.0,2020-07-17,2020-07-01,8.3,11.61,6.5,11.59,133,41,8.3,,monthly_30d_35d_otm,weekly_2_strike0,29,29
NOW,2020-06-18,2020-07-16,backfill,O:NOW200717C00420000,420.0,2020-07-17,2020-07-02,15.0,15.0,10.0,10.0,176,39,15.0,,monthly_30d_35d_otm,weekly_2_strike0,29,29
NOW,2020-06-18,2020-07-16,backfill,O:NOW200717C00420000,420.0,2020-07-17,2020-07-06,10.5,11.82,7.66,9.5,101,36,10.5,,monthly_30d_35d_otm,weekly_2_strike0,29,29
NOW,2020-06-18,2020-07-16,backfill,O:NOW200717C00420000,420.0,2020-07-17,2020-07-07,9.7,11.2,7.16,7.16,57,20,9.7,,monthly_30d_35d_otm,weekly_2_strike0,29,29
NOW,2020-06-18,2020-07-16,backfill,O:NOW200717C00420000,420.0,2020-07-17,2020-07-08,8.91,13.8,8.91,13.18,159,46,8.91,,monthly_30d_35d_otm,weekly_2_strike0,29,29
NOW,2020-06-18,2020-07-16,backfill,O:NOW200717C00420000,420.0,2020-07-17,2020-07-09,14.4,16.6,9.0,13.1,218,42,14.4,,monthly_30d_35d_otm,weekly_2_strike0,29,29
NOW,2020-06-18,2020-07-16,backfill,O:NOW200717C00420000,420.0,2020-07-17,2020-07-10,10.9,11.1,8.99,10.22,87,22,10.9,,monthly_30d_35d_otm,weekly_2_strike0,29,29
NOW,2020-06-18,2020-07-16,backfill,O:NOW200717C00420000,420.0,2020-07-17,2020-07-13,11.7,12.4,2.52,2.95,169,40,11.7,,monthly_30d_35d_otm,weekly_2_strike0,29,29
NOW,2020-06-18,2020-07-16,backfill,O:NOW200717C00420000,420.0,2020-07-17,2020-07-14,2.4,4.4,1.4,4.4,108,28,2.4,,monthly_30d_35d_otm,weekly_2_strike0,29,29
NOW,2020-06-18,2020-07-16,backfill,O:NOW200717C00420000,420.0,2020-07-17,2020-07-15,5.0,10.01,4.76,7.83,279,68,5.0,,monthly_30d_35d_otm,weekly_2_strike0,29,29
NOW,2020-06-18,2020-07-16,backfill,O:NOW200717C00420000,420.0,2020-07-17,2020-07-16,3.9,3.9,0.9,1.6,171,39,3.9,,monthly_30d_35d_otm,weekly_2_strike0,29,29
NOW,2021-10-13,2021-11-09,backfill,O:NOW211119C00630000,630.0,2021-11-19,2021-10-13,30.89,32.55,29.9,32.55,6,6,30.89,,monthly_30d_atm,weekly_2_strike0,37,6
NOW,2021-10-13,2021-11-09,backfill,O:NOW211119C00630000,630.0,2021-11-19,2021-10-14,36.0,45.0,36.0,40.53,6,5,36.0,,monthly_30d_atm,weekly_2_strike0,37,6
NOW,2021-10-13,2021-11-09,backfill,O:NOW211119C00630000,630.0,2021-11-19,2021-10-15,46.5,46.5,46.5,46.5,1,1,46.5,,monthly_30d_atm,weekly_2_strike0,37,6
NOW,2021-10-13,2021-11-09,backfill,O:NOW211119C00630000,630.0,2021-11-19,2021-10-18,46.6,46.6,42.61,42.61,11,2,46.6,,monthly_30d_atm,weekly_2_strike0,37,6
NOW,2021-10-13,2021-11-09,backfill,O:NOW211119C00630000,630.0,2021-11-19,2021-10-19,53.07,61.0,53.07,61.0,3,2,53.07,,monthly_30d_atm,weekly_2_strike0,37,6
NOW,2021-10-13,2021-11-09,backfill,O:NOW211119C00630000,630.0,2021-11-19,2021-10-21,60.6,62.5,60.39,61.4,19,6,60.6,,monthly_30d_atm,weekly_2_strike0,37,6
NOW,2021-10-13,2021-11-09,backfill,O:NOW211119C00630000,630.0,2021-11-19,2021-10-25,68.9,68.9,68.9,68.9,1,1,68.9,,monthly_30d_atm,weekly_2_strike0,37,6
NOW,2021-10-13,2021-11-09,backfill,O:NOW211119C00630000,630.0,2021-11-19,2021-10-26,55.4,56.57,54.5,56.57,5,3,55.4,,monthly_30d_atm,weekly_2_strike0,37,6
NOW,2021-10-13,2021-11-09,backfill,O:NOW211119C00630000,630.0,2021-11-19,2021-10-27,54.5,54.5,50.3,50.3,2,2,54.5,,monthly_30d_atm,weekly_2_strike0,37,6
NOW,2021-10-13,2021-11-09,backfill,O:NOW211119C00630000,630.0,2021-11-19,2021-10-28,61.28,61.28,61.28,61.28,1,1,61.28,,monthly_30d_atm,weekly_2_strike0,37,6
NOW,2021-10-13,2021-11-09,backfill,O:NOW211119C00630000,630.0,2021-11-19,2021-10-29,58.1,58.4,58.1,58.4,2,1,58.1,,monthly_30d_atm,weekly_2_strike0,37,6
NOW,2021-10-13,2021-11-09,backfill,O:NOW211119C00630000,630.0,2021-11-19,2021-11-01,74.14,74.15,74.14,74.15,10,1,74.14,,monthly_30d_atm,weekly_2_strike0,37,6
NOW,2021-10-13,2021-11-09,backfill,O:NOW211119C00630000,630.0,2021-11-19,2021-11-02,59.08,59.08,59.08,59.08,1,1,59.08,,monthly_30d_atm,weekly_2_strike0,37,6
NOW,2021-10-13,2021-11-09,backfill,O:NOW211119C00630000,630.0,2021-11-19,2021-11-03,54.8,58.0,54.8,58.0,15,3,54.8,,monthly_30d_atm,weekly_2_strike0,37,6
NOW,2021-10-13,2021-11-09,backfill,O:NOW211119C00630000,630.0,2021-11-19,2021-11-04,67.1,68.9,67.1,68.9,2,2,67.1,,monthly_30d_atm,weekly_2_strike0,37,6
NOW,2022-07-07,2022-07-13,backfill,O:NOW220819C00530000,530.0,2022-08-19,2022-07-07,21.3,21.9,21.3,21.9,6,3,21.3,,monthly_30d_35d_otm,weekly_2_strike0,43,6
NOW,2022-07-07,2022-07-13,backfill,O:NOW220819C00530000,530.0,2022-08-19,2022-07-08,18.75,18.75,18.75,18.75,1,1,18.75,,monthly_30d_35d_otm,weekly_2_strike0,43,6
NOW,2022-07-07,2022-07-13,backfill,O:NOW220819C00530000,530.0,2022-08-19,2022-07-11,18.15,18.15,18.15,18.15,1,1,18.15,,monthly_30d_35d_otm,weekly_2_strike0,43,6
NOW,2022-07-07,2022-07-13,backfill,O:NOW220819C00530000,530.0,2022-08-19,2022-07-12,8.65,8.65,4.53,4.54,12,4,8.65,,monthly_30d_35d_otm,weekly_2_strike0,43,6
NOW,2022-07-07,2022-07-13,backfill,O:NOW220819C00530000,530.0,2022-08-19,2022-07-13,3.76,4.4,3.76,3.87,4,3,3.76,,monthly_30d_35d_otm,weekly_2_strike0,43,6
NOW,2023-01-25,2023-02-22,backfill,O:NOW230217C00460000,460.0,2023-02-17,2023-01-25,12.0,18.7,11.7,18.4,81,28,12.0,,monthly_30d_25d_otm,weekly_2_strike2,23,81
NOW,2023-01-25,2023-02-22,backfill,O:NOW230217C00460000,460.0,2023-02-17,2023-01-26,20.39,30.07,12.88,19.55,165,36,20.39,,monthly_30d_25d_otm,weekly_2_strike2,23,81
NOW,2023-01-25,2023-02-22,backfill,O:NOW230217C00460000,460.0,2023-02-17,2023-01-27,16.74,22.38,16.74,17.71,168,27,16.74,,monthly_30d_25d_otm,weekly_2_strike2,23,81
NOW,2023-01-25,2023-02-22,backfill,O:NOW230217C00460000,460.0,2023-02-17,2023-01-30,13.0,13.3,10.3,10.3,20,11,13.0,,monthly_30d_25d_otm,weekly_2_strike2,23,81
NOW,2023-01-25,2023-02-22,backfill,O:NOW230217C00460000,460.0,2023-02-17,2023-01-31,11.8,15.4,10.1,15.4,14,10,11.8,,monthly_30d_25d_otm,weekly_2_strike2,23,81
NOW,2023-01-25,2023-02-22,backfill,O:NOW230217C00460000,460.0,2023-02-17,2023-02-01,17.6,24.5,14.92,24.5,37,4,17.6,,monthly_30d_25d_otm,weekly_2_strike2,23,81
NOW,2023-01-25,2023-02-22,backfill,O:NOW230217C00460000,460.0,2023-02-17,2023-02-02,30.4,39.78,30.4,35.4,29,11,30.4,,monthly_30d_25d_otm,weekly_2_strike2,23,81
NOW,2023-01-25,2023-02-22,backfill,O:NOW230217C00460000,460.0,2023-02-17,2023-02-03,30.56,30.7,21.6,21.6,21,8,30.56,,monthly_30d_25d_otm,weekly_2_strike2,23,81
NOW,2023-01-25,2023-02-22,backfill,O:NOW230217C00460000,460.0,2023-02-17,2023-02-06,13.67,17.5,11.7,11.7,258,53,13.67,,monthly_30d_25d_otm,weekly_2_strike2,23,81
NOW,2023-01-25,2023-02-22,backfill,O:NOW230217C00460000,460.0,2023-02-17,2023-02-07,12.3,15.6,10.7,15.6,124,29,12.3,,monthly_30d_25d_otm,weekly_2_strike2,23,81
NOW,2023-01-25,2023-02-22,backfill,O:NOW230217C00460000,460.0,2023-02-17,2023-02-08,15.3,17.8,13.9,14.6,80,23,15.3,,monthly_30d_25d_otm,weekly_2_strike2,23,81
NOW,2023-01-25,2023-02-22,backfill,O:NOW230217C00460000,460.0,2023-02-17,2023-02-09,18.0,19.4,14.9,14.9,25,7,18.0,,monthly_30d_25d_otm,weekly_2_strike2,23,81
NOW,2023-01-25,2023-02-22,backfill,O:NOW230217C00460000,460.0,2023-02-17,2023-02-10,12.36,13.1,10.4,11.25,48,18,12.36,,monthly_30d_25d_otm,weekly_2_strike2,23,81
NOW,2023-01-25,2023-02-22,backfill,O:NOW230217C00460000,460.0,2023-02-17,2023-02-13,9.9,12.62,8.7,10.9,60,24,9.9,,monthly_30d_25d_otm,weekly_2_strike2,23,81
NOW,2023-01-25,2023-02-22,backfill,O:NOW230217C00460000,460.0,2023-02-17,2023-02-14,9.08,12.3,7.3,7.86,53,18,9.08,,monthly_30d_25d_otm,weekly_2_strike2,23,81
NOW,2023-01-25,2023-02-22,backfill,O:NOW230217C00460000,460.0,2023-02-17,2023-02-15,8.0,9.1,5.32,7.32,114,22,8.0,,monthly_30d_25d_otm,weekly_2_strike2,23,81
NOW,2023-01-25,2023-02-22,backfill,O:NOW230217C00460000,460.0,2023-02-17,2023-02-16,2.76,5.5,1.68,1.81,129,34,2.76,,monthly_30d_25d_otm,weekly_2_strike2,23,81
NOW,2023-01-25,2023-02-22,backfill,O:NOW230217C00460000,460.0,2023-02-17,2023-02-17,0.88,0.88,0.05,0.05,32,11,0.88,,monthly_30d_25d_otm,weekly_2_strike2,23,81
NOW,2023-03-08,2023-04-04,backfill,O:NOW230421C00460000,460.0,2023-04-21,2023-03-08,17.42,19.5,17.1,17.1,13,4,17.42,,monthly_30d_35d_otm,weekly_2_strike0,44,13
NOW,2023-03-08,2023-04-04,backfill,O:NOW230421C00460000,460.0,2023-04-21,2023-03-09,16.8,16.9,15.8,15.8,42,7,16.8,,monthly_30d_35d_otm,weekly_2_strike0,44,13
NOW,2023-03-08,2023-04-04,backfill,O:NOW230421C00460000,460.0,2023-04-21,2023-03-10,10.79,10.79,8.1,8.42,18,5,10.79,,monthly_30d_35d_otm,weekly_2_strike0,44,13
NOW,2023-03-08,2023-04-04,backfill,O:NOW230421C00460000,460.0,2023-04-21,2023-03-13,8.2,9.1,7.0,8.35,30,8,8.2,,monthly_30d_35d_otm,weekly_2_strike0,44,13
NOW,2023-03-08,2023-04-04,backfill,O:NOW230421C00460000,460.0,2023-04-21,2023-03-14,9.0,9.0,7.05,7.3,23,6,9.0,,monthly_30d_35d_otm,weekly_2_strike0,44,13
NOW,2023-03-08,2023-04-04,backfill,O:NOW230421C00460000,460.0,2023-04-21,2023-03-15,7.6,7.6,7.5,7.5,2,2,7.6,,monthly_30d_35d_otm,weekly_2_strike0,44,13
NOW,2023-03-08,2023-04-04,backfill,O:NOW230421C00460000,460.0,2023-04-21,2023-03-16,10.0,13.8,10.0,13.75,14,5,10.0,,monthly_30d_35d_otm,weekly_2_strike0,44,13
NOW,2023-03-08,2023-04-04,backfill,O:NOW230421C00460000,460.0,2023-04-21,2023-03-17,12.46,13.8,11.77,13.8,33,9,12.46,,monthly_30d_35d_otm,weekly_2_strike0,44,13
NOW,2023-03-08,2023-04-04,backfill,O:NOW230421C00460000,460.0,2023-04-21,2023-03-20,9.0,10.2,9.0,10.2,22,3,9.0,,monthly_30d_35d_otm,weekly_2_strike0,44,13
NOW,2023-03-08,2023-04-04,backfill,O:NOW230421C00460000,460.0,2023-04-21,2023-03-21,10.32,13.55,10.32,13.55,45,7,10.32,,monthly_30d_35d_otm,weekly_2_strike0,44,13
NOW,2023-03-08,2023-04-04,backfill,O:NOW230421C00460000,460.0,2023-04-21,2023-03-22,11.8,11.8,11.8,11.8,3,1,11.8,,monthly_30d_35d_otm,weekly_2_strike0,44,13
NOW,2023-03-08,2023-04-04,backfill,O:NOW230421C00460000,460.0,2023-04-21,2023-03-23,11.8,14.8,10.8,11.31,32,8,11.8,,monthly_30d_35d_otm,weekly_2_strike0,44,13
NOW,2023-03-08,2023-04-04,backfill,O:NOW230421C00460000,460.0,2023-04-21,2023-03-24,9.7,9.7,7.53,7.7,32,8,9.7,,monthly_30d_35d_otm,weekly_2_strike0,44,13
NOW,2023-03-08,2023-04-04,backfill,O:NOW230421C00460000,460.0,2023-04-21,2023-03-27,7.8,7.8,6.49,6.49,106,13,7.8,,monthly_30d_35d_otm,weekly_2_strike0,44,13
NOW,2023-03-08,2023-04-04,backfill,O:NOW230421C00460000,460.0,2023-04-21,2023-03-28,5.8,5.8,5.1,5.1,71,8,5.8,,monthly_30d_35d_otm,weekly_2_strike0,44,13
NOW,2023-03-08,2023-04-04,backfill,O:NOW230421C00460000,460.0,2023-04-21,2023-03-29,5.4,6.6,5.1,6.6,52,13,5.4,,monthly_30d_35d_otm,weekly_2_strike0,44,13
NOW,2023-03-08,2023-04-04,backfill,O:NOW230421C00460000,460.0,2023-04-21,2023-03-30,7.0,7.75,6.0,6.0,52,13,7.0,,monthly_30d_35d_otm,weekly_2_strike0,44,13
NOW,2023-03-08,2023-04-04,backfill,O:NOW230421C00460000,460.0,2023-04-21,2023-03-31,10.0,18.0,10.0,17.92,302,55,10.0,,monthly_30d_35d_otm,weekly_2_strike0,44,13
NOW,2023-03-08,2023-04-04,backfill,O:NOW230421C00460000,460.0,2023-04-21,2023-04-03,16.49,17.6,13.5,17.6,55,17,16.49,,monthly_30d_35d_otm,weekly_2_strike0,44,13
NOW,2023-03-08,2023-04-04,backfill,O:NOW230421C00460000,460.0,2023-04-21,2023-04-04,22.31,27.0,22.0,24.6,47,16,22.31,,monthly_30d_35d_otm,weekly_2_strike0,44,13
NOW,2023-04-13,2023-04-27,backfill,O:NOW230519C00460000,460.0,2023-05-19,2023-04-13,33.99,40.4,33.99,40.4,7,5,33.99,,monthly_30d_slight_itm,weekly_2_strike0,36,7
NOW,2023-04-13,2023-04-27,backfill,O:NOW230519C00460000,460.0,2023-05-19,2023-04-14,27.66,30.2,23.13,26.88,44,16,27.66,,monthly_30d_slight_itm,weekly_2_strike0,36,7
NOW,2023-04-13,2023-04-27,backfill,O:NOW230519C00460000,460.0,2023-05-19,2023-04-17,30.4,30.4,28.63,29.6,45,8,30.4,,monthly_30d_slight_itm,weekly_2_strike0,36,7
NOW,2023-04-13,2023-04-27,backfill,O:NOW230519C00460000,460.0,2023-05-19,2023-04-18,32.4,33.12,31.7,33.12,43,6,32.4,,monthly_30d_slight_itm,weekly_2_strike0,36,7
NOW,2023-04-13,2023-04-27,backfill,O:NOW230519C00460000,460.0,2023-05-19,2023-04-19,31.4,33.8,31.4,33.8,6,2,31.4,,monthly_30d_slight_itm,weekly_2_strike0,36,7
NOW,2023-04-13,2023-04-27,backfill,O:NOW230519C00460000,460.0,2023-05-19,2023-04-20,30.87,30.87,26.94,26.94,6,4,30.87,,monthly_30d_slight_itm,weekly_2_strike0,36,7
NOW,2023-04-13,2023-04-27,backfill,O:NOW230519C00460000,460.0,2023-05-19,2023-04-21,28.1,29.55,27.8,28.8,18,8,28.1,,monthly_30d_slight_itm,weekly_2_strike0,36,7
NOW,2023-04-13,2023-04-27,backfill,O:NOW230519C00460000,460.0,2023-05-19,2023-04-24,25.3,28.8,25.3,28.8,5,2,25.3,,monthly_30d_slight_itm,weekly_2_strike0,36,7
NOW,2023-04-13,2023-04-27,backfill,O:NOW230519C00460000,460.0,2023-05-19,2023-04-25,21.64,22.6,14.8,14.8,78,20,21.64,,monthly_30d_slight_itm,weekly_2_strike0,36,7
NOW,2023-04-13,2023-04-27,backfill,O:NOW230519C00460000,460.0,2023-05-19,2023-04-26,16.44,19.1,16.44,18.25,50,16,16.44,,monthly_30d_slight_itm,weekly_2_strike0,36,7
NOW,2023-04-13,2023-04-27,backfill,O:NOW230519C00460000,460.0,2023-05-19,2023-04-27,15.0,16.1,9.2,15.4,30,16,15.0,,monthly_30d_slight_itm,weekly_2_strike0,36,7
NUE,2020-09-18,2020-10-15,backfill,O:NUE201016C00050000,50.0,2020-10-16,2020-09-18,1.1,1.45,1.0,1.1,503,44,1.1,,monthly_30d_35d_otm,weekly_1_strike0,28,503
NUE,2020-09-18,2020-10-15,backfill,O:NUE201016C00050000,50.0,2020-10-16,2020-09-21,0.57,0.57,0.15,0.2,275,18,0.57,,monthly_30d_35d_otm,weekly_1_strike0,28,503
NUE,2020-09-18,2020-10-15,backfill,O:NUE201016C00050000,50.0,2020-10-16,2020-09-22,1.21,1.21,0.15,0.15,14,5,1.21,,monthly_30d_35d_otm,weekly_1_strike0,28,503
NUE,2020-09-18,2020-10-15,backfill,O:NUE201016C00050000,50.0,2020-10-16,2020-09-23,0.15,0.19,0.11,0.11,65,5,0.15,,monthly_30d_35d_otm,weekly_1_strike0,28,503
NUE,2020-09-18,2020-10-15,backfill,O:NUE201016C00050000,50.0,2020-10-16,2020-09-24,0.1,0.17,0.07,0.17,143,5,0.1,,monthly_30d_35d_otm,weekly_1_strike0,28,503
NUE,2020-09-18,2020-10-15,backfill,O:NUE201016C00050000,50.0,2020-10-16,2020-09-25,0.11,0.12,0.11,0.12,3,2,0.11,,monthly_30d_35d_otm,weekly_1_strike0,28,503
NUE,2020-09-18,2020-10-15,backfill,O:NUE201016C00050000,50.0,2020-10-16,2020-09-28,0.12,0.23,0.12,0.15,19,5,0.12,,monthly_30d_35d_otm,weekly_1_strike0,28,503
NUE,2020-09-18,2020-10-15,backfill,O:NUE201016C00050000,50.0,2020-10-16,2020-09-29,0.1,0.1,0.1,0.1,13,2,0.1,,monthly_30d_35d_otm,weekly_1_strike0,28,503
NUE,2020-09-18,2020-10-15,backfill,O:NUE201016C00050000,50.0,2020-10-16,2020-09-30,0.1,0.1,0.07,0.07,4,2,0.1,,monthly_30d_35d_otm,weekly_1_strike0,28,503
NUE,2020-09-18,2020-10-15,backfill,O:NUE201016C00050000,50.0,2020-10-16,2020-10-02,0.08,0.2,0.08,0.15,102,6,0.08,,monthly_30d_35d_otm,weekly_1_strike0,28,503
NUE,2020-09-18,2020-10-15,backfill,O:NUE201016C00050000,50.0,2020-10-16,2020-10-05,0.23,0.25,0.2,0.2,143,11,0.23,,monthly_30d_35d_otm,weekly_1_strike0,28,503
NUE,2020-09-18,2020-10-15,backfill,O:NUE201016C00050000,50.0,2020-10-16,2020-10-06,0.25,0.31,0.09,0.09,29,6,0.25,,monthly_30d_35d_otm,weekly_1_strike0,28,503
NUE,2020-09-18,2020-10-15,backfill,O:NUE201016C00050000,50.0,2020-10-16,2020-10-07,0.35,0.45,0.35,0.4,147,10,0.35,,monthly_30d_35d_otm,weekly_1_strike0,28,503
NUE,2020-09-18,2020-10-15,backfill,O:NUE201016C00050000,50.0,2020-10-16,2020-10-08,0.45,0.55,0.4,0.4,213,9,0.45,,monthly_30d_35d_otm,weekly_1_strike0,28,503
NUE,2020-09-18,2020-10-15,backfill,O:NUE201016C00050000,50.0,2020-10-16,2020-10-09,0.7,0.7,0.3,0.3,207,11,0.7,,monthly_30d_35d_otm,weekly_1_strike0,28,503
NUE,2020-09-18,2020-10-15,backfill,O:NUE201016C00050000,50.0,2020-10-16,2020-10-12,0.2,0.35,0.2,0.35,23,6,0.2,,monthly_30d_35d_otm,weekly_1_strike0,28,503
NUE,2020-09-18,2020-10-15,backfill,O:NUE201016C00050000,50.0,2020-10-16,2020-10-13,0.15,0.23,0.08,0.08,255,6,0.15,,monthly_30d_35d_otm,weekly_1_strike0,28,503
NUE,2020-09-18,2020-10-15,backfill,O:NUE201016C00050000,50.0,2020-10-16,2020-10-14,0.2,0.25,0.15,0.2,38,8,0.2,,monthly_30d_35d_otm,weekly_1_strike0,28,503
NUE,2020-09-18,2020-10-15,backfill,O:NUE201016C00050000,50.0,2020-10-16,2020-10-15,0.05,0.06,0.05,0.06,18,4,0.05,,monthly_30d_35d_otm,weekly_1_strike0,28,503
NUE,2022-03-10,2022-04-06,backfill,O:NUE220520C00130000,130.0,2022-05-20,2022-03-10,12.3,13.8,11.9,13.8,55,13,12.3,,monthly_60d_atm,weekly_2_strike0,71,55
NUE,2022-03-10,2022-04-06,backfill,O:NUE220520C00130000,130.0,2022-05-20,2022-03-11,13.62,16.25,12.95,15.72,87,11,13.62,,monthly_60d_atm,weekly_2_strike0,71,55
NUE,2022-03-10,2022-04-06,backfill,O:NUE220520C00130000,130.0,2022-05-20,2022-03-14,13.85,13.85,12.17,12.34,29,7,13.85,,monthly_60d_atm,weekly_2_strike0,71,55
NUE,2022-03-10,2022-04-06,backfill,O:NUE220520C00130000,130.0,2022-05-20,2022-03-15,11.1,14.45,10.95,14.45,26,7,11.1,,monthly_60d_atm,weekly_2_strike0,71,55
NUE,2022-03-10,2022-04-06,backfill,O:NUE220520C00130000,130.0,2022-05-20,2022-03-16,15.8,15.8,12.96,12.96,11,2,15.8,,monthly_60d_atm,weekly_2_strike0,71,55
NUE,2022-03-10,2022-04-06,backfill,O:NUE220520C00130000,130.0,2022-05-20,2022-03-17,12.8,13.0,11.4,11.96,58,8,12.8,,monthly_60d_atm,weekly_2_strike0,71,55
NUE,2022-03-10,2022-04-06,backfill,O:NUE220520C00130000,130.0,2022-05-20,2022-03-18,12.83,13.09,11.19,13.08,220,6,12.83,,monthly_60d_atm,weekly_2_strike0,71,55
NUE,2022-03-10,2022-04-06,backfill,O:NUE220520C00130000,130.0,2022-05-20,2022-03-21,16.95,18.3,16.95,18.3,54,8,16.95,,monthly_60d_atm,weekly_2_strike0,71,55
NUE,2022-03-10,2022-04-06,backfill,O:NUE220520C00130000,130.0,2022-05-20,2022-03-22,18.36,19.22,18.36,18.45,4,3,18.36,,monthly_60d_atm,weekly_2_strike0,71,55
NUE,2022-03-10,2022-04-06,backfill,O:NUE220520C00130000,130.0,2022-05-20,2022-03-23,20.5,22.24,20.5,21.77,18,6,20.5,,monthly_60d_atm,weekly_2_strike0,71,55
NUE,2022-03-10,2022-04-06,backfill,O:NUE220520C00130000,130.0,2022-05-20,2022-03-24,24.3,26.45,24.3,26.38,28,9,24.3,,monthly_60d_atm,weekly_2_strike0,71,55
NUE,2022-03-10,2022-04-06,backfill,O:NUE220520C00130000,130.0,2022-05-20,2022-03-25,28.7,29.44,28.7,29.44,21,4,28.7,,monthly_60d_atm,weekly_2_strike0,71,55
NUE,2022-03-10,2022-04-06,backfill,O:NUE220520C00130000,130.0,2022-05-20,2022-03-28,26.3,26.31,25.29,25.9,8,3,26.3,,monthly_60d_atm,weekly_2_strike0,71,55
NUE,2022-03-10,2022-04-06,backfill,O:NUE220520C00130000,130.0,2022-05-20,2022-03-29,21.05,22.3,19.13,22.25,17,7,21.05,,monthly_60d_atm,weekly_2_strike0,71,55
NUE,2022-03-10,2022-04-06,backfill,O:NUE220520C00130000,130.0,2022-05-20,2022-03-30,23.0,23.0,23.0,23.0,2,1,23.0,,monthly_60d_atm,weekly_2_strike0,71,55
NUE,2022-03-10,2022-04-06,backfill,O:NUE220520C00130000,130.0,2022-05-20,2022-03-31,25.18,25.18,25.18,25.18,5,1,25.18,,monthly_60d_atm,weekly_2_strike0,71,55
NUE,2022-03-10,2022-04-06,backfill,O:NUE220520C00130000,130.0,2022-05-20,2022-04-01,20.95,20.95,20.95,20.95,3,1,20.95,,monthly_60d_atm,weekly_2_strike0,71,55
NUE,2022-03-10,2022-04-06,backfill,O:NUE220520C00130000,130.0,2022-05-20,2022-04-04,22.4,22.4,22.4,22.4,1,1,22.4,,monthly_60d_atm,weekly_2_strike0,71,55
NUE,2022-03-10,2022-04-06,backfill,O:NUE220520C00130000,130.0,2022-05-20,2022-04-05,25.14,25.14,22.25,22.25,6,2,25.14,,monthly_60d_atm,weekly_2_strike0,71,55
NUE,2022-03-10,2022-04-06,backfill,O:NUE220520C00130000,130.0,2022-05-20,2022-04-06,21.85,21.85,18.3,20.13,21,5,21.85,,monthly_60d_atm,weekly_2_strike0,71,55
NVDA,2022-11-25,2022-12-22,backfill,O:NVDA221216C00170000,170.0,2022-12-16,2022-11-25,5.05,5.76,4.7,4.75,879,126,5.05,,monthly_30d_40d_otm,weekly_1_strike2,21,879
NVDA,2022-11-25,2022-12-22,backfill,O:NVDA221216C00170000,170.0,2022-12-16,2022-11-28,3.95,5.01,2.79,3.03,1140,182,3.95,,monthly_30d_40d_otm,weekly_1_strike2,21,879
NVDA,2022-11-25,2022-12-22,backfill,O:NVDA221216C00170000,170.0,2022-12-16,2022-11-29,2.84,3.3,2.31,2.5,830,126,2.84,,monthly_30d_40d_otm,weekly_1_strike2,21,879
NVDA,2022-11-25,2022-12-22,backfill,O:NVDA221216C00170000,170.0,2022-12-16,2022-11-30,2.58,6.95,2.33,6.91,2906,204,2.58,,monthly_30d_40d_otm,weekly_1_strike2,21,879
NVDA,2022-11-25,2022-12-22,backfill,O:NVDA221216C00170000,170.0,2022-12-16,2022-12-01,7.25,8.75,5.6,8.0,3347,263,7.25,,monthly_30d_40d_otm,weekly_1_strike2,21,879
NVDA,2022-11-25,2022-12-22,backfill,O:NVDA221216C00170000,170.0,2022-12-16,2022-12-02,5.52,6.33,4.65,6.01,2058,233,5.52,,monthly_30d_40d_otm,weekly_1_strike2,21,879
NVDA,2022-11-25,2022-12-22,backfill,O:NVDA221216C00170000,170.0,2022-12-16,2022-12-05,5.25,6.6,4.33,4.74,3741,281,5.25,,monthly_30d_40d_otm,weekly_1_strike2,21,879
NVDA,2022-11-25,2022-12-22,backfill,O:NVDA221216C00170000,170.0,2022-12-16,2022-12-06,4.42,4.5,2.28,2.7,2938,253,4.42,,monthly_30d_40d_otm,weekly_1_strike2,21,879
NVDA,2022-11-25,2022-12-22,backfill,O:NVDA221216C00170000,170.0,2022-12-16,2022-12-07,2.17,3.24,1.98,3.0,4122,276,2.17,,monthly_30d_40d_otm,weekly_1_strike2,21,879
NVDA,2022-11-25,2022-12-22,backfill,O:NVDA221216C00170000,170.0,2022-12-16,2022-12-08,3.45,7.4,2.58,7.35,10578,362,3.45,,monthly_30d_40d_otm,weekly_1_strike2,21,879
NVDA,2022-11-25,2022-12-22,backfill,O:NVDA221216C00170000,170.0,2022-12-16,2022-12-09,7.3,9.5,5.9,6.0,5959,306,7.3,,monthly_30d_40d_otm,weekly_1_strike2,21,879
NVDA,2022-11-25,2022-12-22,backfill,O:NVDA221216C00170000,170.0,2022-12-16,2022-12-12,6.05,9.05,5.1,9.05,8357,334,6.05,,monthly_30d_40d_otm,weekly_1_strike2,21,879
NVDA,2022-11-25,2022-12-22,backfill,O:NVDA221216C00170000,170.0,2022-12-16,2022-12-13,15.85,18.45,9.3,11.9,5148,188,15.85,,monthly_30d_40d_otm,weekly_1_strike2,21,879
NVDA,2022-11-25,2022-12-22,backfill,O:NVDA221216C00170000,170.0,2022-12-16,2022-12-14,11.1,13.25,6.6,7.97,3595,161,11.1,,monthly_30d_40d_otm,weekly_1_strike2,21,879
NVDA,2022-11-25,2022-12-22,backfill,O:NVDA221216C00170000,170.0,2022-12-16,2022-12-15,3.78,4.6,1.33,2.0,27424,385,3.78,,monthly_30d_40d_otm,weekly_1_strike2,21,879
NVDA,2022-11-25,2022-12-22,backfill,O:NVDA221216C00170000,170.0,2022-12-16,2022-12-16,1.46,1.9,0.01,0.01,26770,334,1.46,,monthly_30d_40d_otm,weekly_1_strike2,21,879
NVDA,2023-01-24,2023-02-21,backfill,O:NVDA230217C00200000,200.0,2023-02-17,2023-01-24,5.35,8.1,5.35,7.14,2293,202,5.35,,monthly_30d_35d_otm,weekly_2_strike2,24,2293
NVDA,2023-01-24,2023-02-21,backfill,O:NVDA230217C00200000,200.0,2023-02-17,2023-01-25,5.7,7.25,4.7,7.1,1459,163,5.7,,monthly_30d_35d_otm,weekly_2_strike2,24,2293
NVDA,2023-01-24,2023-02-21,backfill,O:NVDA230217C00200000,200.0,2023-02-17,2023-01-26,8.75,11.3,6.7,8.9,5696,262,8.75,,monthly_30d_35d_otm,weekly_2_strike2,24,2293
NVDA,2023-01-24,2023-02-21,backfill,O:NVDA230217C00200000,200.0,2023-02-17,2023-01-27,7.15,13.6,7.0,12.0,5297,307,7.15,,monthly_30d_35d_otm,weekly_2_strike2,24,2293
NVDA,2023-01-24,2023-02-21,backfill,O:NVDA230217C00200000,200.0,2023-02-17,2023-01-30,9.73,10.51,5.6,5.65,2885,266,9.73,,monthly_30d_35d_otm,weekly_2_strike2,24,2293
NVDA,2023-01-24,2023-02-21,backfill,O:NVDA230217C00200000,200.0,2023-02-17,2023-01-31,5.65,7.97,4.87,7.1,3401,194,5.65,,monthly_30d_35d_otm,weekly_2_strike2,24,2293
NVDA,2023-01-24,2023-02-21,backfill,O:NVDA230217C00200000,200.0,2023-02-17,2023-02-01,8.3,16.3,7.42,14.59,6185,281,8.3,,monthly_30d_35d_otm,weekly_2_strike2,24,2293
NVDA,2023-01-24,2023-02-21,backfill,O:NVDA230217C00200000,200.0,2023-02-17,2023-02-02,14.8,22.5,14.56,20.0,1982,218,14.8,,monthly_30d_35d_otm,weekly_2_strike2,24,2293
NVDA,2023-01-24,2023-02-21,backfill,O:NVDA230217C00200000,200.0,2023-02-17,2023-02-03,14.7,20.0,13.75,15.4,802,124,14.7,,monthly_30d_35d_otm,weekly_2_strike2,24,2293
NVDA,2023-01-24,2023-02-21,backfill,O:NVDA230217C00200000,200.0,2023-02-17,2023-02-06,12.99,18.5,12.99,15.0,893,130,12.99,,monthly_30d_35d_otm,weekly_2_strike2,24,2293
NVDA,2023-01-24,2023-02-21,backfill,O:NVDA230217C00200000,200.0,2023-02-17,2023-02-07,16.7,23.82,15.5,23.2,1409,129,16.7,,monthly_30d_35d_otm,weekly_2_strike2,24,2293
NVDA,2023-01-24,2023-02-21,backfill,O:NVDA230217C00200000,200.0,2023-02-17,2023-02-08,25.15,28.65,22.3,23.55,1221,88,25.15,,monthly_30d_35d_otm,weekly_2_strike2,24,2293
NVDA,2023-01-24,2023-02-21,backfill,O:NVDA230217C00200000,200.0,2023-02-17,2023-02-09,27.2,31.0,23.1,25.35,284,91,27.2,,monthly_30d_35d_otm,weekly_2_strike2,24,2293
NVDA,2023-01-24,2023-02-21,backfill,O:NVDA230217C00200000,200.0,2023-02-17,2023-02-10,20.07,22.0,12.33,15.28,1980,167,20.07,,monthly_30d_35d_otm,weekly_2_strike2,24,2293
NVDA,2023-01-24,2023-02-21,backfill,O:NVDA230217C00200000,200.0,2023-02-17,2023-02-13,16.3,20.9,13.1,18.11,553,97,16.3,,monthly_30d_35d_otm,weekly_2_strike2,24,2293
NVDA,2023-01-24,2023-02-21,backfill,O:NVDA230217C00200000,200.0,2023-02-17,2023-02-14,16.4,30.5,15.5,29.7,572,76,16.4,,monthly_30d_35d_otm,weekly_2_strike2,24,2293
NVDA,2023-01-24,2023-02-21,backfill,O:NVDA230217C00200000,200.0,2023-02-17,2023-02-15,27.87,28.0,22.5,27.8,251,84,27.87,,monthly_30d_35d_otm,weekly_2_strike2,24,2293
NVDA,2023-01-24,2023-02-21,backfill,O:NVDA230217C00200000,200.0,2023-02-17,2023-02-16,23.0,25.2,19.94,20.45,377,86,23.0,,monthly_30d_35d_otm,weekly_2_strike2,24,2293
NVDA,2023-01-24,2023-02-21,backfill,O:NVDA230217C00200000,200.0,2023-02-17,2023-02-17,16.75,16.97,9.9,13.93,1410,167,16.75,,monthly_30d_35d_otm,weekly_2_strike2,24,2293
NVDA,2023-05-30,2023-06-27,backfill,O:NVDA230721C00500000,500.0,2023-07-21,2023-05-30,5.85,11.75,5.83,6.01,8478,235,5.85,,monthly_45d_25d_otm,weekly_2_strike0,52,8478
NVDA,2023-05-30,2023-06-27,backfill,O:NVDA230721C00500000,500.0,2023-07-21,2023-05-31,5.0,5.75,3.1,3.19,29398,287,5.0,,monthly_45d_25d_otm,weekly_2_strike0,52,8478
NVDA,2023-05-30,2023-06-27,backfill,O:NVDA230721C00500000,500.0,2023-07-21,2023-06-01,3.5,5.45,3.5,4.81,2830,206,3.5,,monthly_45d_25d_otm,weekly_2_strike0,52,8478
NVDA,2023-05-30,2023-06-27,backfill,O:NVDA230721C00500000,500.0,2023-07-21,2023-06-02,5.03,5.6,3.14,3.22,1751,167,5.03,,monthly_45d_25d_otm,weekly_2_strike0,52,8478
NVDA,2023-05-30,2023-06-27,backfill,O:NVDA230721C00500000,500.0,2023-07-21,2023-06-05,2.69,3.3,2.07,2.22,848,140,2.69,,monthly_45d_25d_otm,weekly_2_strike0,52,8478
NVDA,2023-05-30,2023-06-27,backfill,O:NVDA230721C00500000,500.0,2023-07-21,2023-06-06,1.93,2.15,1.29,1.55,3339,168,1.93,,monthly_45d_25d_otm,weekly_2_strike0,52,8478
NVDA,2023-05-30,2023-06-27,backfill,O:NVDA230721C00500000,500.0,2023-07-21,2023-06-07,1.58,2.06,0.94,0.98,4178,173,1.58,,monthly_45d_25d_otm,weekly_2_strike0,52,8478
NVDA,2023-05-30,2023-06-27,backfill,O:NVDA230721C00500000,500.0,2023-07-21,2023-06-08,1.0,1.75,0.97,1.51,7696,189,1.0,,monthly_45d_25d_otm,weekly_2_strike0,52,8478
NVDA,2023-05-30,2023-06-27,backfill,O:NVDA230721C00500000,500.0,2023-07-21,2023-06-09,1.84,2.38,1.39,1.51,1448,182,1.84,,monthly_45d_25d_otm,weekly_2_strike0,52,8478
NVDA,2023-05-30,2023-06-27,backfill,O:NVDA230721C00500000,500.0,2023-07-21,2023-06-12,1.74,2.15,1.48,2.1,1212,126,1.74,,monthly_45d_25d_otm,weekly_2_strike0,52,8478
NVDA,2023-05-30,2023-06-27,backfill,O:NVDA230721C00500000,500.0,2023-07-21,2023-06-13,2.5,3.9,2.35,3.8,3747,237,2.5,,monthly_45d_25d_otm,weekly_2_strike0,52,8478
NVDA,2023-05-30,2023-06-27,backfill,O:NVDA230721C00500000,500.0,2023-07-21,2023-06-14,3.5,8.06,3.3,8.05,7330,301,3.5,,monthly_45d_25d_otm,weekly_2_strike0,52,8478
NVDA,2023-05-30,2023-06-27,backfill,O:NVDA230721C00500000,500.0,2023-07-21,2023-06-15,7.45,8.35,6.62,6.65,5241,278,7.45,,monthly_45d_25d_otm,weekly_2_strike0,52,8478
NVDA,2023-05-30,2023-06-27,backfill,O:NVDA230721C00500000,500.0,2023-07-21,2023-06-16,8.13,8.45,5.3,5.35,27189,295,8.13,,monthly_45d_25d_otm,weekly_2_strike0,52,8478
NVDA,2023-05-30,2023-06-27,backfill,O:NVDA230721C00500000,500.0,2023-07-21,2023-06-20,5.6,6.6,4.35,6.2,8911,258,5.6,,monthly_45d_25d_otm,weekly_2_strike0,52,8478
NVDA,2023-05-30,2023-06-27,backfill,O:NVDA230721C00500000,500.0,2023-07-21,2023-06-21,5.59,5.72,3.25,4.22,13354,270,5.59,,monthly_45d_25d_otm,weekly_2_strike0,52,8478
NVDA,2023-05-30,2023-06-27,backfill,O:NVDA230721C00500000,500.0,2023-07-21,2023-06-22,3.55,4.26,2.95,3.25,5995,188,3.55,,monthly_45d_25d_otm,weekly_2_strike0,52,8478
NVDA,2023-05-30,2023-06-27,backfill,O:NVDA230721C00500000,500.0,2023-07-21,2023-06-23,2.67,3.15,2.0,2.0,1370,183,2.67,,monthly_45d_25d_otm,weekly_2_strike0,52,8478
NVDA,2023-05-30,2023-06-27,backfill,O:NVDA230721C00500000,500.0,2023-07-21,2023-06-26,2.18,2.26,0.95,1.05,2350,247,2.18,,monthly_45d_25d_otm,weekly_2_strike0,52,8478
NVDA,2023-05-30,2023-06-27,backfill,O:NVDA230721C00500000,500.0,2023-07-21,2023-06-27,1.09,1.51,0.94,1.49,1302,170,1.09,,monthly_45d_25d_otm,weekly_2_strike0,52,8478
NVDA,2025-07-14,2025-08-08,backfill,O:NVDA250815C00170000,170.0,2025-08-15,2025-07-14,5.4,5.5,4.12,4.48,6223,294,5.4,,monthly_30d_35d_otm,weekly_2_strike0,32,6223
NVDA,2025-07-14,2025-08-08,backfill,O:NVDA250815C00170000,170.0,2025-08-15,2025-07-15,8.35,8.92,7.29,7.75,19674,347,8.35,,monthly_30d_35d_otm,weekly_2_strike0,32,6223
NVDA,2025-07-14,2025-08-08,backfill,O:NVDA250815C00170000,170.0,2025-08-15,2025-07-16,7.75,8.25,6.9,7.99,11152,338,7.75,,monthly_30d_35d_otm,weekly_2_strike0,32,6223
NVDA,2025-07-14,2025-08-08,backfill,O:NVDA250815C00170000,170.0,2025-08-15,2025-07-17,8.25,9.65,7.65,8.8,15041,335,8.25,,monthly_30d_35d_otm,weekly_2_strike0,32,6223
NVDA,2025-07-14,2025-08-08,backfill,O:NVDA250815C00170000,170.0,2025-08-15,2025-07-18,9.15,9.45,7.62,8.0,9928,308,9.15,,monthly_30d_35d_otm,weekly_2_strike0,32,6223
NVDA,2025-07-14,2025-08-08,backfill,O:NVDA250815C00170000,170.0,2025-08-15,2025-07-21,8.1,8.51,7.0,7.1,5975,258,8.1,,monthly_30d_35d_otm,weekly_2_strike0,32,6223
NVDA,2025-07-14,2025-08-08,backfill,O:NVDA250815C00170000,170.0,2025-08-15,2025-07-22,7.0,7.0,4.2,4.75,24174,334,7.0,,monthly_30d_35d_otm,weekly_2_strike0,32,6223
NVDA,2025-07-14,2025-08-08,backfill,O:NVDA250815C00170000,170.0,2025-08-15,2025-07-23,5.9,6.72,5.09,6.5,19162,341,5.9,,monthly_30d_35d_otm,weekly_2_strike0,32,6223
NVDA,2025-07-14,2025-08-08,backfill,O:NVDA250815C00170000,170.0,2025-08-15,2025-07-24,7.3,7.92,6.5,7.8,21039,312,7.3,,monthly_30d_35d_otm,weekly_2_strike0,32,6223
NVDA,2025-07-14,2025-08-08,backfill,O:NVDA250815C00170000,170.0,2025-08-15,2025-07-25,7.64,8.2,6.82,7.35,5620,281,7.64,,monthly_30d_35d_otm,weekly_2_strike0,32,6223
NVDA,2025-07-14,2025-08-08,backfill,O:NVDA250815C00170000,170.0,2025-08-15,2025-07-28,7.4,9.5,7.4,9.45,8355,304,7.4,,monthly_30d_35d_otm,weekly_2_strike0,32,6223
NVDA,2025-07-14,2025-08-08,backfill,O:NVDA250815C00170000,170.0,2025-08-15,2025-07-29,10.55,11.5,8.45,8.65,10677,258,10.55,,monthly_30d_35d_otm,weekly_2_strike0,32,6223
NVDA,2025-07-14,2025-08-08,backfill,O:NVDA250815C00170000,170.0,2025-08-15,2025-07-30,9.3,11.95,9.1,11.5,15975,310,9.3,,monthly_30d_35d_otm,weekly_2_strike0,32,6223
NVDA,2025-07-14,2025-08-08,backfill,O:NVDA250815C00170000,170.0,2025-08-15,2025-07-31,14.0,14.7,9.2,10.6,6938,285,14.0,,monthly_30d_35d_otm,weekly_2_strike0,32,6223
NVDA,2025-07-14,2025-08-08,backfill,O:NVDA250815C00170000,170.0,2025-08-15,2025-08-01,7.75,9.35,6.0,7.5,18393,317,7.75,,monthly_30d_35d_otm,weekly_2_strike0,32,6223
NVDA,2025-07-14,2025-08-08,backfill,O:NVDA250815C00170000,170.0,2025-08-15,2025-08-04,8.24,11.56,7.5,11.55,4634,278,8.24,,monthly_30d_35d_otm,weekly_2_strike0,32,6223
NVDA,2025-07-14,2025-08-08,backfill,O:NVDA250815C00170000,170.0,2025-08-15,2025-08-05,11.2,11.67,8.54,10.05,3576,235,11.2,,monthly_30d_35d_otm,weekly_2_strike0,32,6223
NVDA,2025-07-14,2025-08-08,backfill,O:NVDA250815C00170000,170.0,2025-08-15,2025-08-06,8.4,11.1,8.4,10.65,3176,245,8.4,,monthly_30d_35d_otm,weekly_2_strike0,32,6223
NVDA,2025-07-14,2025-08-08,backfill,O:NVDA250815C00170000,170.0,2025-08-15,2025-08-07,12.35,14.5,10.18,11.7,3770,257,12.35,,monthly_30d_35d_otm,weekly_2_strike0,32,6223
NVDA,2025-07-14,2025-08-08,backfill,O:NVDA250815C00170000,170.0,2025-08-15,2025-08-08,12.25,13.8,11.16,13.25,5965,272,12.25,,monthly_30d_35d_otm,weekly_2_strike0,32,6223
NVO,2025-07-16,2025-07-29,backfill,O:NVO250815C00070000,70.0,2025-08-15,2025-07-16,2.72,2.9,2.5,2.5,219,45,2.72,,monthly_30d_35d_otm,weekly_2_strike0,30,219
NVO,2025-07-16,2025-07-29,backfill,O:NVO250815C00070000,70.0,2025-08-15,2025-07-17,2.09,2.11,1.61,1.77,428,91,2.09,,monthly_30d_35d_otm,weekly_2_strike0,30,219
NVO,2025-07-16,2025-07-29,backfill,O:NVO250815C00070000,70.0,2025-08-15,2025-07-18,1.9,1.9,1.32,1.4,952,98,1.9,,monthly_30d_35d_otm,weekly_2_strike0,30,219
NVO,2025-07-16,2025-07-29,backfill,O:NVO250815C00070000,70.0,2025-08-15,2025-07-21,1.39,1.45,1.1,1.26,1357,129,1.39,,monthly_30d_35d_otm,weekly_2_strike0,30,219
NVO,2025-07-16,2025-07-29,backfill,O:NVO250815C00070000,70.0,2025-08-15,2025-07-22,1.45,1.98,1.45,1.9,683,89,1.45,,monthly_30d_35d_otm,weekly_2_strike0,30,219
NVO,2025-07-16,2025-07-29,backfill,O:NVO250815C00070000,70.0,2025-08-15,2025-07-23,2.93,3.6,2.77,3.5,981,105,2.93,,monthly_30d_35d_otm,weekly_2_strike0,30,219
NVO,2025-07-16,2025-07-29,backfill,O:NVO250815C00070000,70.0,2025-08-15,2025-07-24,3.4,4.13,3.4,3.9,536,46,3.4,,monthly_30d_35d_otm,weekly_2_strike0,30,219
NVO,2025-07-16,2025-07-29,backfill,O:NVO250815C00070000,70.0,2025-08-15,2025-07-25,3.65,4.35,3.65,4.22,1253,39,3.65,,monthly_30d_35d_otm,weekly_2_strike0,30,219
NVO,2025-07-16,2025-07-29,backfill,O:NVO250815C00070000,70.0,2025-08-15,2025-07-28,3.81,3.81,2.5,2.65,306,39,3.81,,monthly_30d_35d_otm,weekly_2_strike0,30,219
NVO,2025-07-16,2025-07-29,backfill,O:NVO250815C00070000,70.0,2025-08-15,2025-07-29,0.7,0.81,0.08,0.24,1738,114,0.7,,monthly_30d_35d_otm,weekly_2_strike0,30,219
NVO,2025-10-15,2025-10-30,backfill,O:NVO251121C00060000,60.0,2025-11-21,2025-10-15,3.0,3.15,2.84,3.0,314,68,3.0,,monthly_30d_30d_otm,weekly_2_strike0,37,314
NVO,2025-10-15,2025-10-30,backfill,O:NVO251121C00060000,60.0,2025-11-21,2025-10-16,3.0,3.35,2.71,2.73,584,57,3.0,,monthly_30d_30d_otm,weekly_2_strike0,37,314
NVO,2025-10-15,2025-10-30,backfill,O:NVO251121C00060000,60.0,2025-11-21,2025-10-17,2.12,2.33,1.89,2.11,1529,136,2.12,,monthly_30d_30d_otm,weekly_2_strike0,37,314
NVO,2025-10-15,2025-10-30,backfill,O:NVO251121C00060000,60.0,2025-11-21,2025-10-20,2.27,2.65,2.24,2.5,1322,109,2.27,,monthly_30d_30d_otm,weekly_2_strike0,37,314
NVO,2025-10-15,2025-10-30,backfill,O:NVO251121C00060000,60.0,2025-11-21,2025-10-21,2.23,2.27,2.03,2.11,301,62,2.23,,monthly_30d_30d_otm,weekly_2_strike0,37,314
NVO,2025-10-15,2025-10-30,backfill,O:NVO251121C00060000,60.0,2025-11-21,2025-10-22,1.81,1.81,1.56,1.67,964,85,1.81,,monthly_30d_30d_otm,weekly_2_strike0,37,314
NVO,2025-10-15,2025-10-30,backfill,O:NVO251121C00060000,60.0,2025-11-21,2025-10-23,1.52,1.68,1.51,1.63,453,68,1.52,,monthly_30d_30d_otm,weekly_2_strike0,37,314
NVO,2025-10-15,2025-10-30,backfill,O:NVO251121C00060000,60.0,2025-11-21,2025-10-24,1.65,1.65,1.45,1.48,598,72,1.65,,monthly_30d_30d_otm,weekly_2_strike0,37,314
NVO,2025-10-15,2025-10-30,backfill,O:NVO251121C00060000,60.0,2025-11-21,2025-10-27,1.38,1.47,1.3,1.42,1096,72,1.38,,monthly_30d_30d_otm,weekly_2_strike0,37,314
NVO,2025-10-15,2025-10-30,backfill,O:NVO251121C00060000,60.0,2025-11-21,2025-10-28,1.42,1.42,1.09,1.12,351,66,1.42,,monthly_30d_30d_otm,weekly_2_strike0,37,314
NVO,2025-10-15,2025-10-30,backfill,O:NVO251121C00060000,60.0,2025-11-21,2025-10-29,1.3,1.34,1.02,1.05,413,53,1.3,,monthly_30d_30d_otm,weekly_2_strike0,37,314
NVO,2025-10-15,2025-10-30,backfill,O:NVO251121C00060000,60.0,2025-11-21,2025-10-30,0.68,0.97,0.68,0.76,675,92,0.68,,monthly_30d_30d_otm,weekly_2_strike0,37,314
NVO,2026-01-08,2026-02-03,backfill,O:NVO260220C00060000,60.0,2026-02-20,2026-01-08,2.62,2.85,2.5,2.69,5052,143,2.62,,monthly_30d_35d_otm,weekly_2_strike0,43,5052
NVO,2026-01-08,2026-02-03,backfill,O:NVO260220C00060000,60.0,2026-02-20,2026-01-09,3.65,4.35,3.35,3.35,2464,190,3.65,,monthly_30d_35d_otm,weekly_2_strike0,43,5052
NVO,2026-01-08,2026-02-03,backfill,O:NVO260220C00060000,60.0,2026-02-20,2026-01-12,3.66,4.0,3.4,3.74,1682,137,3.66,,monthly_30d_35d_otm,weekly_2_strike0,43,5052
NVO,2026-01-08,2026-02-03,backfill,O:NVO260220C00060000,60.0,2026-02-20,2026-01-13,4.04,4.04,3.3,3.5,1447,98,4.04,,monthly_30d_35d_otm,weekly_2_strike0,43,5052
NVO,2026-01-08,2026-02-03,backfill,O:NVO260220C00060000,60.0,2026-02-20,2026-01-14,3.15,3.51,2.85,3.05,1897,114,3.15,,monthly_30d_35d_otm,weekly_2_strike0,43,5052
NVO,2026-01-08,2026-02-03,backfill,O:NVO260220C00060000,60.0,2026-02-20,2026-01-15,2.35,2.35,1.94,2.25,2002,153,2.35,,monthly_30d_35d_otm,weekly_2_strike0,43,5052
NVO,2026-01-08,2026-02-03,backfill,O:NVO260220C00060000,60.0,2026-02-20,2026-01-16,3.41,5.28,3.2,5.2,3721,243,3.41,,monthly_30d_35d_otm,weekly_2_strike0,43,5052
NVO,2026-01-08,2026-02-03,backfill,O:NVO260220C00060000,60.0,2026-02-20,2026-01-20,3.9,5.2,3.7,4.3,852,112,3.9,,monthly_30d_35d_otm,weekly_2_strike0,43,5052
NVO,2026-01-08,2026-02-03,backfill,O:NVO260220C00060000,60.0,2026-02-20,2026-01-21,4.0,4.05,2.67,3.65,1264,139,4.0,,monthly_30d_35d_otm,weekly_2_strike0,43,5052
NVO,2026-01-08,2026-02-03,backfill,O:NVO260220C00060000,60.0,2026-02-20,2026-01-22,4.6,5.2,4.45,5.01,637,102,4.6,,monthly_30d_35d_otm,weekly_2_strike0,43,5052
NVO,2026-01-08,2026-02-03,backfill,O:NVO260220C00060000,60.0,2026-02-20,2026-01-23,5.75,6.3,4.8,4.83,1038,97,5.75,,monthly_30d_35d_otm,weekly_2_strike0,43,5052
NVO,2026-01-08,2026-02-03,backfill,O:NVO260220C00060000,60.0,2026-02-20,2026-01-26,5.5,6.0,5.45,5.8,998,84,5.5,,monthly_30d_35d_otm,weekly_2_strike0,43,5052
NVO,2026-01-08,2026-02-03,backfill,O:NVO260220C00060000,60.0,2026-02-20,2026-01-27,5.23,5.59,4.87,5.1,411,42,5.23,,monthly_30d_35d_otm,weekly_2_strike0,43,5052
NVO,2026-01-08,2026-02-03,backfill,O:NVO260220C00060000,60.0,2026-02-20,2026-01-28,4.25,4.25,3.43,3.52,493,73,4.25,,monthly_30d_35d_otm,weekly_2_strike0,43,5052
NVO,2026-01-08,2026-02-03,backfill,O:NVO260220C00060000,60.0,2026-02-20,2026-01-29,3.22,3.25,2.86,3.01,1268,79,3.22,,monthly_30d_35d_otm,weekly_2_strike0,43,5052
NVO,2026-01-08,2026-02-03,backfill,O:NVO260220C00060000,60.0,2026-02-20,2026-01-30,3.0,3.2,2.63,2.92,657,94,3.0,,monthly_30d_35d_otm,weekly_2_strike0,43,5052
NVO,2026-01-08,2026-02-03,backfill,O:NVO260220C00060000,60.0,2026-02-20,2026-02-02,2.28,2.86,1.64,2.68,899,91,2.28,,monthly_30d_35d_otm,weekly_2_strike0,43,5052
NVO,2026-01-08,2026-02-03,backfill,O:NVO260220C00060000,60.0,2026-02-20,2026-02-03,2.33,2.5,0.31,0.38,3485,186,2.33,,monthly_30d_35d_otm,weekly_2_strike0,43,5052
O,2020-03-06,2020-03-12,backfill,O:O200417C00080000,80.0,2020-04-17,2020-03-06,1.55,1.92,1.5,1.92,19,7,1.55,,monthly_30d_35d_otm,weekly_2_strike3,42,19
O,2020-03-06,2020-03-12,backfill,O:O200417C00080000,80.0,2020-04-17,2020-03-09,1.53,2.0,1.5,1.98,22,6,1.53,,monthly_30d_35d_otm,weekly_2_strike3,42,19
O,2020-03-06,2020-03-12,backfill,O:O200417C00080000,80.0,2020-04-17,2020-03-10,1.6,2.25,1.35,2.2,18,6,1.6,,monthly_30d_35d_otm,weekly_2_strike3,42,19
O,2020-03-06,2020-03-12,backfill,O:O200417C00080000,80.0,2020-04-17,2020-03-11,1.83,1.83,1.13,1.3,6,5,1.83,,monthly_30d_35d_otm,weekly_2_strike3,42,19
O,2020-03-06,2020-03-12,backfill,O:O200417C00080000,80.0,2020-04-17,2020-03-12,4.9,4.9,0.55,1.0,11,5,4.9,,monthly_30d_35d_otm,weekly_2_strike3,42,19
O,2021-03-30,2021-04-27,backfill,O:O210521C00065000,65.0,2021-05-21,2021-03-30,1.35,1.35,1.2,1.25,62,22,1.35,,monthly_45d_40d_otm,weekly_3_strike1,52,62
O,2021-03-30,2021-04-27,backfill,O:O210521C00065000,65.0,2021-05-21,2021-03-31,1.3,1.35,1.1,1.11,43,19,1.3,,monthly_45d_40d_otm,weekly_3_strike1,52,62
O,2021-03-30,2021-04-27,backfill,O:O210521C00065000,65.0,2021-05-21,2021-04-01,1.2,1.7,1.15,1.7,55,27,1.2,,monthly_45d_40d_otm,weekly_3_strike1,52,62
O,2021-03-30,2021-04-27,backfill,O:O210521C00065000,65.0,2021-05-21,2021-04-05,1.75,1.76,1.39,1.54,147,25,1.75,,monthly_45d_40d_otm,weekly_3_strike1,52,62
O,2021-03-30,2021-04-27,backfill,O:O210521C00065000,65.0,2021-05-21,2021-04-06,1.65,1.85,1.5,1.63,92,28,1.65,,monthly_45d_40d_otm,weekly_3_strike1,52,62
O,2021-03-30,2021-04-27,backfill,O:O210521C00065000,65.0,2021-05-21,2021-04-07,1.75,1.9,1.53,1.84,113,24,1.75,,monthly_45d_40d_otm,weekly_3_strike1,52,62
O,2021-03-30,2021-04-27,backfill,O:O210521C00065000,65.0,2021-05-21,2021-04-08,1.51,1.82,1.51,1.77,43,9,1.51,,monthly_45d_40d_otm,weekly_3_strike1,52,62
O,2021-03-30,2021-04-27,backfill,O:O210521C00065000,65.0,2021-05-21,2021-04-09,1.75,1.76,1.45,1.55,100,20,1.75,,monthly_45d_40d_otm,weekly_3_strike1,52,62
O,2021-03-30,2021-04-27,backfill,O:O210521C00065000,65.0,2021-05-21,2021-04-12,1.55,1.8,1.32,1.75,149,33,1.55,,monthly_45d_40d_otm,weekly_3_strike1,52,62
O,2021-03-30,2021-04-27,backfill,O:O210521C00065000,65.0,2021-05-21,2021-04-13,1.78,2.0,1.7,1.82,98,31,1.78,,monthly_45d_40d_otm,weekly_3_strike1,52,62
O,2021-03-30,2021-04-27,backfill,O:O210521C00065000,65.0,2021-05-21,2021-04-14,1.95,1.95,1.5,1.6,302,48,1.95,,monthly_45d_40d_otm,weekly_3_strike1,52,62
O,2021-03-30,2021-04-27,backfill,O:O210521C00065000,65.0,2021-05-21,2021-04-15,1.8,2.5,1.56,2.45,252,42,1.8,,monthly_45d_40d_otm,weekly_3_strike1,52,62
O,2021-03-30,2021-04-27,backfill,O:O210521C00065000,65.0,2021-05-21,2021-04-16,2.55,2.8,2.45,2.65,179,49,2.55,,monthly_45d_40d_otm,weekly_3_strike1,52,62
O,2021-03-30,2021-04-27,backfill,O:O210521C00065000,65.0,2021-05-21,2021-04-19,2.61,2.86,2.4,2.85,58,19,2.61,,monthly_45d_40d_otm,weekly_3_strike1,52,62
O,2021-03-30,2021-04-27,backfill,O:O210521C00065000,65.0,2021-05-21,2021-04-20,3.01,3.92,2.9,3.89,79,27,3.01,,monthly_45d_40d_otm,weekly_3_strike1,52,62
O,2021-03-30,2021-04-27,backfill,O:O210521C00065000,65.0,2021-05-21,2021-04-21,4.45,4.75,4.2,4.65,84,26,4.45,,monthly_45d_40d_otm,weekly_3_strike1,52,62
O,2021-03-30,2021-04-27,backfill,O:O210521C00065000,65.0,2021-05-21,2021-04-22,4.6,5.2,4.38,4.6,29,19,4.6,,monthly_45d_40d_otm,weekly_3_strike1,52,62
O,2021-03-30,2021-04-27,backfill,O:O210521C00065000,65.0,2021-05-21,2021-04-23,4.59,4.7,4.18,4.7,12,9,4.59,,monthly_45d_40d_otm,weekly_3_strike1,52,62
O,2021-03-30,2021-04-27,backfill,O:O210521C00065000,65.0,2021-05-21,2021-04-26,4.79,5.02,4.33,4.4,72,20,4.79,,monthly_45d_40d_otm,weekly_3_strike1,52,62
O,2021-03-30,2021-04-27,backfill,O:O210521C00065000,65.0,2021-05-21,2021-04-27,4.2,4.45,4.0,4.0,40,13,4.2,,monthly_45d_40d_otm,weekly_3_strike1,52,62
O,2024-05-03,2024-05-29,backfill,O:O240621C00055000,55.0,2024-06-21,2024-05-03,1.75,1.95,1.4,1.6,359,67,1.75,,monthly_30d_atm,weekly_2_strike0,49,359
O,2024-05-03,2024-05-29,backfill,O:O240621C00055000,55.0,2024-06-21,2024-05-06,1.75,1.8,1.55,1.65,148,51,1.75,,monthly_30d_atm,weekly_2_strike0,49,359
O,2024-05-03,2024-05-29,backfill,O:O240621C00055000,55.0,2024-06-21,2024-05-07,1.52,1.68,1.25,1.3,270,51,1.52,,monthly_30d_atm,weekly_2_strike0,49,359
O,2024-05-03,2024-05-29,backfill,O:O240621C00055000,55.0,2024-06-21,2024-05-08,1.25,1.29,1.08,1.2,299,35,1.25,,monthly_30d_atm,weekly_2_strike0,49,359
O,2024-05-03,2024-05-29,backfill,O:O240621C00055000,55.0,2024-06-21,2024-05-09,1.2,1.2,0.85,1.0,402,59,1.2,,monthly_30d_atm,weekly_2_strike0,49,359
O,2024-05-03,2024-05-29,backfill,O:O240621C00055000,55.0,2024-06-21,2024-05-10,1.0,1.25,1.0,1.2,479,59,1.0,,monthly_30d_atm,weekly_2_strike0,49,359
O,2024-05-03,2024-05-29,backfill,O:O240621C00055000,55.0,2024-06-21,2024-05-13,1.32,1.4,1.02,1.13,153,41,1.32,,monthly_30d_atm,weekly_2_strike0,49,359
O,2024-05-03,2024-05-29,backfill,O:O240621C00055000,55.0,2024-06-21,2024-05-14,1.15,1.3,0.95,1.04,263,50,1.15,,monthly_30d_atm,weekly_2_strike0,49,359
O,2024-05-03,2024-05-29,backfill,O:O240621C00055000,55.0,2024-06-21,2024-05-15,1.25,1.31,1.05,1.1,274,64,1.25,,monthly_30d_atm,weekly_2_strike0,49,359
O,2024-05-03,2024-05-29,backfill,O:O240621C00055000,55.0,2024-06-21,2024-05-16,1.1,1.2,0.95,1.06,219,62,1.1,,monthly_30d_atm,weekly_2_strike0,49,359
O,2024-05-03,2024-05-29,backfill,O:O240621C00055000,55.0,2024-06-21,2024-05-17,1.15,1.25,0.8,1.0,3325,126,1.15,,monthly_30d_atm,weekly_2_strike0,49,359
O,2024-05-03,2024-05-29,backfill,O:O240621C00055000,55.0,2024-06-21,2024-05-20,1.0,1.2,0.81,0.9,296,77,1.0,,monthly_30d_atm,weekly_2_strike0,49,359
O,2024-05-03,2024-05-29,backfill,O:O240621C00055000,55.0,2024-06-21,2024-05-21,0.75,1.15,0.7,0.89,250,64,0.75,,monthly_30d_atm,weekly_2_strike0,49,359
O,2024-05-03,2024-05-29,backfill,O:O240621C00055000,55.0,2024-06-21,2024-05-22,0.8,0.8,0.37,0.38,559,96,0.8,,monthly_30d_atm,weekly_2_strike0,49,359
O,2024-05-03,2024-05-29,backfill,O:O240621C00055000,55.0,2024-06-21,2024-05-23,0.37,0.4,0.15,0.15,713,131,0.37,,monthly_30d_atm,weekly_2_strike0,49,359
O,2024-05-03,2024-05-29,backfill,O:O240621C00055000,55.0,2024-06-21,2024-05-24,0.25,0.25,0.1,0.13,535,90,0.25,,monthly_30d_atm,weekly_2_strike0,49,359
O,2024-05-03,2024-05-29,backfill,O:O240621C00055000,55.0,2024-06-21,2024-05-28,0.15,0.2,0.1,0.1,296,71,0.15,,monthly_30d_atm,weekly_2_strike0,49,359
O,2024-05-03,2024-05-29,backfill,O:O240621C00055000,55.0,2024-06-21,2024-05-29,0.1,0.1,0.05,0.05,1619,43,0.1,,monthly_30d_atm,weekly_2_strike0,49,359
OKTA,2020-03-20,2020-04-17,backfill,O:OKTA200417C00115000,115.0,2020-04-17,2020-03-20,15.5,15.5,10.91,10.91,28,4,15.5,,monthly_30d_atm,weekly_1_strike0,28,28
OKTA,2020-03-20,2020-04-17,backfill,O:OKTA200417C00115000,115.0,2020-04-17,2020-03-23,10.2,10.6,10.2,10.2,10,3,10.2,,monthly_30d_atm,weekly_1_strike0,28,28
OKTA,2020-03-20,2020-04-17,backfill,O:OKTA200417C00115000,115.0,2020-04-17,2020-03-24,15.11,15.11,12.6,13.74,7,3,15.11,,monthly_30d_atm,weekly_1_strike0,28,28
OKTA,2020-03-20,2020-04-17,backfill,O:OKTA200417C00115000,115.0,2020-04-17,2020-03-25,12.7,12.7,12.7,12.7,2,1,12.7,,monthly_30d_atm,weekly_1_strike0,28,28
OKTA,2020-03-20,2020-04-17,backfill,O:OKTA200417C00115000,115.0,2020-04-17,2020-03-26,13.07,13.6,11.17,11.52,8,4,13.07,,monthly_30d_atm,weekly_1_strike0,28,28
OKTA,2020-03-20,2020-04-17,backfill,O:OKTA200417C00115000,115.0,2020-04-17,2020-03-27,14.8,14.8,14.8,14.8,1,1,14.8,,monthly_30d_atm,weekly_1_strike0,28,28
OKTA,2020-03-20,2020-04-17,backfill,O:OKTA200417C00115000,115.0,2020-04-17,2020-03-31,12.8,12.8,12.8,12.8,1,1,12.8,,monthly_30d_atm,weekly_1_strike0,28,28
OKTA,2020-03-20,2020-04-17,backfill,O:OKTA200417C00115000,115.0,2020-04-17,2020-04-01,10.45,10.45,8.6,8.6,7,3,10.45,,monthly_30d_atm,weekly_1_strike0,28,28
OKTA,2020-03-20,2020-04-17,backfill,O:OKTA200417C00115000,115.0,2020-04-17,2020-04-02,5.5,6.3,5.2,6.3,25,6,5.5,,monthly_30d_atm,weekly_1_strike0,28,28
OKTA,2020-03-20,2020-04-17,backfill,O:OKTA200417C00115000,115.0,2020-04-17,2020-04-03,7.0,7.0,6.4,6.4,7,3,7.0,,monthly_30d_atm,weekly_1_strike0,28,28
OKTA,2020-03-20,2020-04-17,backfill,O:OKTA200417C00115000,115.0,2020-04-17,2020-04-07,14.6,14.6,14.6,14.6,3,1,14.6,,monthly_30d_atm,weekly_1_strike0,28,28
OKTA,2020-03-20,2020-04-17,backfill,O:OKTA200417C00115000,115.0,2020-04-17,2020-04-09,15.09,15.09,15.09,15.09,2,1,15.09,,monthly_30d_atm,weekly_1_strike0,28,28
OKTA,2020-03-20,2020-04-17,backfill,O:OKTA200417C00115000,115.0,2020-04-17,2020-04-13,16.9,16.9,16.9,16.9,10,1,16.9,,monthly_30d_atm,weekly_1_strike0,28,28
OKTA,2020-03-20,2020-04-17,backfill,O:OKTA200417C00115000,115.0,2020-04-17,2020-04-14,25.6,25.6,25.5,25.5,4,2,25.6,,monthly_30d_atm,weekly_1_strike0,28,28
OKTA,2020-03-20,2020-04-17,backfill,O:OKTA200417C00115000,115.0,2020-04-17,2020-04-15,26.82,26.82,26.82,26.82,1,1,26.82,,monthly_30d_atm,weekly_1_strike0,28,28
OKTA,2020-03-20,2020-04-17,backfill,O:OKTA200417C00115000,115.0,2020-04-17,2020-04-17,33.0,33.0,33.0,33.0,2,1,33.0,,monthly_30d_atm,weekly_1_strike0,28,28
OKTA,2021-09-01,2021-09-28,backfill,O:OKTA211015C00260000,260.0,2021-10-15,2021-09-01,14.0,18.2,14.0,17.34,71,27,14.0,,monthly_30d_atm,weekly_2_strike0,44,71
OKTA,2021-09-01,2021-09-28,backfill,O:OKTA211015C00260000,260.0,2021-10-15,2021-09-02,16.2,22.56,16.2,20.03,166,41,16.2,,monthly_30d_atm,weekly_2_strike0,44,71
OKTA,2021-09-01,2021-09-28,backfill,O:OKTA211015C00260000,260.0,2021-10-15,2021-09-03,17.0,22.2,17.0,18.79,39,14,17.0,,monthly_30d_atm,weekly_2_strike0,44,71
OKTA,2021-09-01,2021-09-28,backfill,O:OKTA211015C00260000,260.0,2021-10-15,2021-09-07,15.3,16.3,14.35,14.4,100,37,15.3,,monthly_30d_atm,weekly_2_strike0,44,71
OKTA,2021-09-01,2021-09-28,backfill,O:OKTA211015C00260000,260.0,2021-10-15,2021-09-08,13.45,14.63,12.0,14.63,22,11,13.45,,monthly_30d_atm,weekly_2_strike0,44,71
OKTA,2021-09-01,2021-09-28,backfill,O:OKTA211015C00260000,260.0,2021-10-15,2021-09-09,14.3,16.63,14.3,15.05,18,10,14.3,,monthly_30d_atm,weekly_2_strike0,44,71
OKTA,2021-09-01,2021-09-28,backfill,O:OKTA211015C00260000,260.0,2021-10-15,2021-09-10,13.68,13.68,8.41,8.41,25,13,13.68,,monthly_30d_atm,weekly_2_strike0,44,71
OKTA,2021-09-01,2021-09-28,backfill,O:OKTA211015C00260000,260.0,2021-10-15,2021-09-13,8.55,8.55,5.75,6.27,60,22,8.55,,monthly_30d_atm,weekly_2_strike0,44,71
OKTA,2021-09-01,2021-09-28,backfill,O:OKTA211015C00260000,260.0,2021-10-15,2021-09-14,7.4,7.8,7.05,7.55,70,16,7.4,,monthly_30d_atm,weekly_2_strike0,44,71
OKTA,2021-09-01,2021-09-28,backfill,O:OKTA211015C00260000,260.0,2021-10-15,2021-09-15,6.35,7.17,6.2,7.17,20,9,6.35,,monthly_30d_atm,weekly_2_strike0,44,71
OKTA,2021-09-01,2021-09-28,backfill,O:OKTA211015C00260000,260.0,2021-10-15,2021-09-16,5.8,7.6,5.8,7.45,137,36,5.8,,monthly_30d_atm,weekly_2_strike0,44,71
OKTA,2021-09-01,2021-09-28,backfill,O:OKTA211015C00260000,260.0,2021-10-15,2021-09-17,8.2,8.8,7.4,8.7,109,15,8.2,,monthly_30d_atm,weekly_2_strike0,44,71
OKTA,2021-09-01,2021-09-28,backfill,O:OKTA211015C00260000,260.0,2021-10-15,2021-09-20,7.0,8.42,6.12,6.95,294,12,7.0,,monthly_30d_atm,weekly_2_strike0,44,71
OKTA,2021-09-01,2021-09-28,backfill,O:OKTA211015C00260000,260.0,2021-10-15,2021-09-21,7.6,7.6,5.65,6.2,46,9,7.6,,monthly_30d_atm,weekly_2_strike0,44,71
OKTA,2021-09-01,2021-09-28,backfill,O:OKTA211015C00260000,260.0,2021-10-15,2021-09-22,6.0,7.95,6.0,7.9,48,16,6.0,,monthly_30d_atm,weekly_2_strike0,44,71
OKTA,2021-09-01,2021-09-28,backfill,O:OKTA211015C00260000,260.0,2021-10-15,2021-09-23,6.9,6.9,5.0,6.4,18,12,6.9,,monthly_30d_atm,weekly_2_strike0,44,71
OKTA,2021-09-01,2021-09-28,backfill,O:OKTA211015C00260000,260.0,2021-10-15,2021-09-24,3.95,5.0,3.95,4.85,55,8,3.95,,monthly_30d_atm,weekly_2_strike0,44,71
OKTA,2021-09-01,2021-09-28,backfill,O:OKTA211015C00260000,260.0,2021-10-15,2021-09-27,4.0,4.0,1.33,1.55,52,15,4.0,,monthly_30d_atm,weekly_2_strike0,44,71
OKTA,2021-09-01,2021-09-28,backfill,O:OKTA211015C00260000,260.0,2021-10-15,2021-09-28,0.96,1.34,0.96,1.03,87,11,0.96,,monthly_30d_atm,weekly_2_strike0,44,71
OKTA,2023-09-08,2023-10-05,backfill,O:OKTA231020C00085000,85.0,2023-10-20,2023-09-08,5.25,5.6,5.19,5.6,15,6,5.25,,monthly_30d_slight_itm,weekly_1_strike0,42,15
OKTA,2023-09-08,2023-10-05,backfill,O:OKTA231020C00085000,85.0,2023-10-20,2023-09-11,6.0,7.61,6.0,7.61,13,6,6.0,,monthly_30d_slight_itm,weekly_1_strike0,42,15
OKTA,2023-09-08,2023-10-05,backfill,O:OKTA231020C00085000,85.0,2023-10-20,2023-09-12,6.7,6.95,5.75,5.75,37,9,6.7,,monthly_30d_slight_itm,weekly_1_strike0,42,15
OKTA,2023-09-08,2023-10-05,backfill,O:OKTA231020C00085000,85.0,2023-10-20,2023-09-13,5.35,5.75,5.2,5.55,37,15,5.35,,monthly_30d_slight_itm,weekly_1_strike0,42,15
OKTA,2023-09-08,2023-10-05,backfill,O:OKTA231020C00085000,85.0,2023-10-20,2023-09-14,4.68,4.68,2.9,4.15,1063,71,4.68,,monthly_30d_slight_itm,weekly_1_strike0,42,15
OKTA,2023-09-08,2023-10-05,backfill,O:OKTA231020C00085000,85.0,2023-10-20,2023-09-15,3.82,4.2,3.05,3.44,558,41,3.82,,monthly_30d_slight_itm,weekly_1_strike0,42,15
OKTA,2023-09-08,2023-10-05,backfill,O:OKTA231020C00085000,85.0,2023-10-20,2023-09-18,2.69,3.0,2.45,2.72,294,31,2.69,,monthly_30d_slight_itm,weekly_1_strike0,42,15
OKTA,2023-09-08,2023-10-05,backfill,O:OKTA231020C00085000,85.0,2023-10-20,2023-09-19,2.4,2.73,2.21,2.37,101,12,2.4,,monthly_30d_slight_itm,weekly_1_strike0,42,15
OKTA,2023-09-08,2023-10-05,backfill,O:OKTA231020C00085000,85.0,2023-10-20,2023-09-20,2.4,3.15,2.4,2.74,99,28,2.4,,monthly_30d_slight_itm,weekly_1_strike0,42,15
OKTA,2023-09-08,2023-10-05,backfill,O:OKTA231020C00085000,85.0,2023-10-20,2023-09-21,2.63,3.05,1.97,2.19,90,35,2.63,,monthly_30d_slight_itm,weekly_1_strike0,42,15
OKTA,2023-09-08,2023-10-05,backfill,O:OKTA231020C00085000,85.0,2023-10-20,2023-09-22,2.2,2.2,1.7,1.7,54,8,2.2,,monthly_30d_slight_itm,weekly_1_strike0,42,15
OKTA,2023-09-08,2023-10-05,backfill,O:OKTA231020C00085000,85.0,2023-10-20,2023-09-25,1.55,1.55,1.46,1.48,79,15,1.55,,monthly_30d_slight_itm,weekly_1_strike0,42,15
OKTA,2023-09-08,2023-10-05,backfill,O:OKTA231020C00085000,85.0,2023-10-20,2023-09-26,1.3,1.44,1.14,1.32,31,9,1.3,,monthly_30d_slight_itm,weekly_1_strike0,42,15
OKTA,2023-09-08,2023-10-05,backfill,O:OKTA231020C00085000,85.0,2023-10-20,2023-09-27,1.28,1.55,1.28,1.51,8,7,1.28,,monthly_30d_slight_itm,weekly_1_strike0,42,15
OKTA,2023-09-08,2023-10-05,backfill,O:OKTA231020C00085000,85.0,2023-10-20,2023-09-28,1.13,1.63,1.13,1.63,134,10,1.13,,monthly_30d_slight_itm,weekly_1_strike0,42,15
OKTA,2023-09-08,2023-10-05,backfill,O:OKTA231020C00085000,85.0,2023-10-20,2023-09-29,2.25,2.45,1.5,1.51,86,24,2.25,,monthly_30d_slight_itm,weekly_1_strike0,42,15
OKTA,2023-09-08,2023-10-05,backfill,O:OKTA231020C00085000,85.0,2023-10-20,2023-10-02,2.2,2.2,1.1,1.23,75,22,2.2,,monthly_30d_slight_itm,weekly_1_strike0,42,15
OKTA,2023-09-08,2023-10-05,backfill,O:OKTA231020C00085000,85.0,2023-10-20,2023-10-03,0.95,1.4,0.77,0.79,102,17,0.95,,monthly_30d_slight_itm,weekly_1_strike0,42,15
OKTA,2023-09-08,2023-10-05,backfill,O:OKTA231020C00085000,85.0,2023-10-20,2023-10-04,0.9,0.9,0.52,0.52,33,16,0.9,,monthly_30d_slight_itm,weekly_1_strike0,42,15
OKTA,2023-09-08,2023-10-05,backfill,O:OKTA231020C00085000,85.0,2023-10-20,2023-10-05,0.4,0.4,0.33,0.4,16,8,0.4,,monthly_30d_slight_itm,weekly_1_strike0,42,15
OKTA,2024-03-06,2024-04-03,backfill,O:OKTA240419C00110000,110.0,2024-04-19,2024-03-06,6.15,7.05,5.0,5.93,332,65,6.15,,monthly_30d_atm,weekly_2_strike0,44,332
OKTA,2024-03-06,2024-04-03,backfill,O:OKTA240419C00110000,110.0,2024-04-19,2024-03-07,6.3,7.75,5.8,7.4,120,57,6.3,,monthly_30d_atm,weekly_2_strike0,44,332
OKTA,2024-03-06,2024-04-03,backfill,O:OKTA240419C00110000,110.0,2024-04-19,2024-03-08,7.2,8.75,6.1,6.1,268,45,7.2,,monthly_30d_atm,weekly_2_strike0,44,332
OKTA,2024-03-06,2024-04-03,backfill,O:OKTA240419C00110000,110.0,2024-04-19,2024-03-11,5.4,5.6,4.6,4.64,47,15,5.4,,monthly_30d_atm,weekly_2_strike0,44,332
OKTA,2024-03-06,2024-04-03,backfill,O:OKTA240419C00110000,110.0,2024-04-19,2024-03-12,4.55,4.9,4.15,4.4,47,14,4.55,,monthly_30d_atm,weekly_2_strike0,44,332
OKTA,2024-03-06,2024-04-03,backfill,O:OKTA240419C00110000,110.0,2024-04-19,2024-03-13,4.65,5.45,4.5,5.45,87,11,4.65,,monthly_30d_atm,weekly_2_strike0,44,332
OKTA,2024-03-06,2024-04-03,backfill,O:OKTA240419C00110000,110.0,2024-04-19,2024-03-14,5.2,5.2,3.3,3.95,141,40,5.2,,monthly_30d_atm,weekly_2_strike0,44,332
OKTA,2024-03-06,2024-04-03,backfill,O:OKTA240419C00110000,110.0,2024-04-19,2024-03-15,3.9,3.9,3.15,3.15,30,8,3.9,,monthly_30d_atm,weekly_2_strike0,44,332
OKTA,2024-03-06,2024-04-03,backfill,O:OKTA240419C00110000,110.0,2024-04-19,2024-03-18,3.25,3.3,2.52,3.0,108,15,3.25,,monthly_30d_atm,weekly_2_strike0,44,332
OKTA,2024-03-06,2024-04-03,backfill,O:OKTA240419C00110000,110.0,2024-04-19,2024-03-19,2.28,2.56,2.12,2.56,76,17,2.28,,monthly_30d_atm,weekly_2_strike0,44,332
OKTA,2024-03-06,2024-04-03,backfill,O:OKTA240419C00110000,110.0,2024-04-19,2024-03-20,2.25,2.65,2.25,2.6,16,8,2.25,,monthly_30d_atm,weekly_2_strike0,44,332
OKTA,2024-03-06,2024-04-03,backfill,O:OKTA240419C00110000,110.0,2024-04-19,2024-03-21,2.9,2.9,2.1,2.26,49,18,2.9,,monthly_30d_atm,weekly_2_strike0,44,332
OKTA,2024-03-06,2024-04-03,backfill,O:OKTA240419C00110000,110.0,2024-04-19,2024-03-22,2.11,2.49,1.69,2.24,81,39,2.11,,monthly_30d_atm,weekly_2_strike0,44,332
OKTA,2024-03-06,2024-04-03,backfill,O:OKTA240419C00110000,110.0,2024-04-19,2024-03-25,2.09,2.23,1.72,2.08,108,40,2.09,,monthly_30d_atm,weekly_2_strike0,44,332
OKTA,2024-03-06,2024-04-03,backfill,O:OKTA240419C00110000,110.0,2024-04-19,2024-03-26,2.81,3.1,1.5,1.5,164,41,2.81,,monthly_30d_atm,weekly_2_strike0,44,332
OKTA,2024-03-06,2024-04-03,backfill,O:OKTA240419C00110000,110.0,2024-04-19,2024-03-27,1.7,1.7,1.19,1.2,80,20,1.7,,monthly_30d_atm,weekly_2_strike0,44,332
OKTA,2024-03-06,2024-04-03,backfill,O:OKTA240419C00110000,110.0,2024-04-19,2024-03-28,1.3,1.65,1.24,1.25,111,13,1.3,,monthly_30d_atm,weekly_2_strike0,44,332
OKTA,2024-03-06,2024-04-03,backfill,O:OKTA240419C00110000,110.0,2024-04-19,2024-04-01,1.17,1.17,0.82,0.88,151,11,1.17,,monthly_30d_atm,weekly_2_strike0,44,332
OKTA,2024-03-06,2024-04-03,backfill,O:OKTA240419C00110000,110.0,2024-04-19,2024-04-02,0.66,0.76,0.5,0.73,114,17,0.66,,monthly_30d_atm,weekly_2_strike0,44,332
OKTA,2024-03-06,2024-04-03,backfill,O:OKTA240419C00110000,110.0,2024-04-19,2024-04-03,0.68,0.69,0.54,0.54,5,4,0.68,,monthly_30d_atm,weekly_2_strike0,44,332
OKTA,2024-04-18,2024-05-15,backfill,O:OKTA240517C00095000,95.0,2024-05-17,2024-04-18,3.34,4.42,3.34,4.42,8,5,3.34,,monthly_30d_40d_otm,weekly_2_strike1,29,8
OKTA,2024-04-18,2024-05-15,backfill,O:OKTA240517C00095000,95.0,2024-05-17,2024-04-19,2.91,3.0,2.3,2.44,35,8,2.91,,monthly_30d_40d_otm,weekly_2_strike1,29,8
OKTA,2024-04-18,2024-05-15,backfill,O:OKTA240517C00095000,95.0,2024-05-17,2024-04-22,2.67,2.81,2.32,2.81,27,7,2.67,,monthly_30d_40d_otm,weekly_2_strike1,29,8
OKTA,2024-04-18,2024-05-15,backfill,O:OKTA240517C00095000,95.0,2024-05-17,2024-04-23,3.5,3.53,3.1,3.1,95,7,3.5,,monthly_30d_40d_otm,weekly_2_strike1,29,8
OKTA,2024-04-18,2024-05-15,backfill,O:OKTA240517C00095000,95.0,2024-05-17,2024-04-24,2.8,2.9,2.8,2.82,13,4,2.8,,monthly_30d_40d_otm,weekly_2_strike1,29,8
OKTA,2024-04-18,2024-05-15,backfill,O:OKTA240517C00095000,95.0,2024-05-17,2024-04-25,2.0,2.43,1.73,2.29,57,34,2.0,,monthly_30d_40d_otm,weekly_2_strike1,29,8
OKTA,2024-04-18,2024-05-15,backfill,O:OKTA240517C00095000,95.0,2024-05-17,2024-04-26,2.51,2.51,1.86,1.86,31,8,2.51,,monthly_30d_40d_otm,weekly_2_strike1,29,8
OKTA,2024-04-18,2024-05-15,backfill,O:OKTA240517C00095000,95.0,2024-05-17,2024-04-29,2.5,2.5,1.99,2.12,96,21,2.5,,monthly_30d_40d_otm,weekly_2_strike1,29,8
OKTA,2024-04-18,2024-05-15,backfill,O:OKTA240517C00095000,95.0,2024-05-17,2024-04-30,2.51,2.51,2.15,2.2,74,20,2.51,,monthly_30d_40d_otm,weekly_2_strike1,29,8
OKTA,2024-04-18,2024-05-15,backfill,O:OKTA240517C00095000,95.0,2024-05-17,2024-05-01,1.76,2.94,1.76,2.62,63,26,1.76,,monthly_30d_40d_otm,weekly_2_strike1,29,8
OKTA,2024-04-18,2024-05-15,backfill,O:OKTA240517C00095000,95.0,2024-05-17,2024-05-02,1.93,2.92,1.79,2.76,31,12,1.93,,monthly_30d_40d_otm,weekly_2_strike1,29,8
OKTA,2024-04-18,2024-05-15,backfill,O:OKTA240517C00095000,95.0,2024-05-17,2024-05-03,3.8,3.8,2.97,3.0,24,9,3.8,,monthly_30d_40d_otm,weekly_2_strike1,29,8
OKTA,2024-04-18,2024-05-15,backfill,O:OKTA240517C00095000,95.0,2024-05-17,2024-05-06,4.15,4.5,4.12,4.15,4,4,4.15,,monthly_30d_40d_otm,weekly_2_strike1,29,8
OKTA,2024-04-18,2024-05-15,backfill,O:OKTA240517C00095000,95.0,2024-05-17,2024-05-07,5.15,5.15,4.15,4.42,5,4,5.15,,monthly_30d_40d_otm,weekly_2_strike1,29,8
OKTA,2024-04-18,2024-05-15,backfill,O:OKTA240517C00095000,95.0,2024-05-17,2024-05-08,3.76,3.8,3.0,3.8,48,7,3.76,,monthly_30d_40d_otm,weekly_2_strike1,29,8
OKTA,2024-04-18,2024-05-15,backfill,O:OKTA240517C00095000,95.0,2024-05-17,2024-05-09,3.36,3.36,3.36,3.36,2,1,3.36,,monthly_30d_40d_otm,weekly_2_strike1,29,8
OKTA,2024-04-18,2024-05-15,backfill,O:OKTA240517C00095000,95.0,2024-05-17,2024-05-10,3.78,3.78,2.51,3.02,44,8,3.78,,monthly_30d_40d_otm,weekly_2_strike1,29,8
OKTA,2024-04-18,2024-05-15,backfill,O:OKTA240517C00095000,95.0,2024-05-17,2024-05-13,3.85,4.52,3.4,3.4,19,5,3.85,,monthly_30d_40d_otm,weekly_2_strike1,29,8
OKTA,2024-04-18,2024-05-15,backfill,O:OKTA240517C00095000,95.0,2024-05-17,2024-05-14,4.55,4.55,3.25,3.37,19,6,4.55,,monthly_30d_40d_otm,weekly_2_strike1,29,8
OKTA,2024-04-18,2024-05-15,backfill,O:OKTA240517C00095000,95.0,2024-05-17,2024-05-15,4.57,4.6,4.57,4.6,8,2,4.57,,monthly_30d_40d_otm,weekly_2_strike1,29,8
OKTA,2025-01-13,2025-02-10,backfill,O:OKTA250221C00085000,85.0,2025-02-21,2025-01-13,2.72,3.25,2.57,3.25,147,30,2.72,,monthly_30d_40d_otm,weekly_2_strike0,39,147
OKTA,2025-01-13,2025-02-10,backfill,O:OKTA250221C00085000,85.0,2025-02-21,2025-01-14,3.35,3.6,2.8,2.8,57,18,3.35,,monthly_30d_40d_otm,weekly_2_strike0,39,147
OKTA,2025-01-13,2025-02-10,backfill,O:OKTA250221C00085000,85.0,2025-02-21,2025-01-15,3.15,3.76,2.86,3.3,78,27,3.15,,monthly_30d_40d_otm,weekly_2_strike0,39,147
OKTA,2025-01-13,2025-02-10,backfill,O:OKTA250221C00085000,85.0,2025-02-21,2025-01-16,3.35,4.15,2.95,4.09,100,40,3.35,,monthly_30d_40d_otm,weekly_2_strike0,39,147
OKTA,2025-01-13,2025-02-10,backfill,O:OKTA250221C00085000,85.0,2025-02-21,2025-01-17,4.55,4.76,4.05,4.66,181,53,4.55,,monthly_30d_40d_otm,weekly_2_strike0,39,147
OKTA,2025-01-13,2025-02-10,backfill,O:OKTA250221C00085000,85.0,2025-02-21,2025-01-21,4.75,6.16,4.75,6.15,188,56,4.75,,monthly_30d_40d_otm,weekly_2_strike0,39,147
OKTA,2025-01-13,2025-02-10,backfill,O:OKTA250221C00085000,85.0,2025-02-21,2025-01-22,5.75,6.28,5.65,5.65,54,17,5.75,,monthly_30d_40d_otm,weekly_2_strike0,39,147
OKTA,2025-01-13,2025-02-10,backfill,O:OKTA250221C00085000,85.0,2025-02-21,2025-01-23,4.15,4.35,4.02,4.35,9,4,4.15,,monthly_30d_40d_otm,weekly_2_strike0,39,147
OKTA,2025-01-13,2025-02-10,backfill,O:OKTA250221C00085000,85.0,2025-02-21,2025-01-24,5.23,7.08,5.23,5.35,56,17,5.23,,monthly_30d_40d_otm,weekly_2_strike0,39,147
OKTA,2025-01-13,2025-02-10,backfill,O:OKTA250221C00085000,85.0,2025-02-21,2025-01-27,4.4,7.25,4.4,6.66,48,14,4.4,,monthly_30d_40d_otm,weekly_2_strike0,39,147
OKTA,2025-01-13,2025-02-10,backfill,O:OKTA250221C00085000,85.0,2025-02-21,2025-01-28,7.5,11.7,7.21,10.65,146,49,7.5,,monthly_30d_40d_otm,weekly_2_strike0,39,147
OKTA,2025-01-13,2025-02-10,backfill,O:OKTA250221C00085000,85.0,2025-02-21,2025-01-29,10.11,10.11,9.49,10.05,22,7,10.11,,monthly_30d_40d_otm,weekly_2_strike0,39,147
OKTA,2025-01-13,2025-02-10,backfill,O:OKTA250221C00085000,85.0,2025-02-21,2025-01-30,10.75,11.09,9.45,9.45,39,11,10.75,,monthly_30d_40d_otm,weekly_2_strike0,39,147
OKTA,2025-01-13,2025-02-10,backfill,O:OKTA250221C00085000,85.0,2025-02-21,2025-01-31,9.95,10.5,9.95,10.2,10,8,9.95,,monthly_30d_40d_otm,weekly_2_strike0,39,147
OKTA,2025-01-13,2025-02-10,backfill,O:OKTA250221C00085000,85.0,2025-02-21,2025-02-03,8.19,9.7,8.19,9.7,21,3,8.19,,monthly_30d_40d_otm,weekly_2_strike0,39,147
OKTA,2025-01-13,2025-02-10,backfill,O:OKTA250221C00085000,85.0,2025-02-21,2025-02-04,8.7,9.2,8.63,9.0,22,8,8.7,,monthly_30d_40d_otm,weekly_2_strike0,39,147
OKTA,2025-01-13,2025-02-10,backfill,O:OKTA250221C00085000,85.0,2025-02-21,2025-02-05,10.0,13.56,10.0,13.56,57,10,10.0,,monthly_30d_40d_otm,weekly_2_strike0,39,147
OKTA,2025-01-13,2025-02-10,backfill,O:OKTA250221C00085000,85.0,2025-02-21,2025-02-06,11.7,12.32,11.7,12.32,12,4,11.7,,monthly_30d_40d_otm,weekly_2_strike0,39,147
OKTA,2025-01-13,2025-02-10,backfill,O:OKTA250221C00085000,85.0,2025-02-21,2025-02-07,13.15,13.8,12.55,12.67,13,5,13.15,,monthly_30d_40d_otm,weekly_2_strike0,39,147
OKTA,2025-01-13,2025-02-10,backfill,O:OKTA250221C00085000,85.0,2025-02-21,2025-02-10,12.76,12.76,12.06,12.67,45,7,12.76,,monthly_30d_40d_otm,weekly_2_strike0,39,147
ON,2021-09-16,2021-10-11,backfill,O:ON211015C00050000,50.0,2021-10-15,2021-09-16,1.57,1.73,1.23,1.65,170,36,1.57,,monthly_30d_35d_otm,weekly_2_strike0,29,170
ON,2021-09-16,2021-10-11,backfill,O:ON211015C00050000,50.0,2021-10-15,2021-09-17,1.65,1.65,1.15,1.4,147,31,1.65,,monthly_30d_35d_otm,weekly_2_strike0,29,170
ON,2021-09-16,2021-10-11,backfill,O:ON211015C00050000,50.0,2021-10-15,2021-09-20,0.9,1.03,0.78,1.03,63,16,0.9,,monthly_30d_35d_otm,weekly_2_strike0,29,170
ON,2021-09-16,2021-10-11,backfill,O:ON211015C00050000,50.0,2021-10-15,2021-09-21,0.93,1.0,0.86,0.91,33,11,0.93,,monthly_30d_35d_otm,weekly_2_strike0,29,170
ON,2021-09-16,2021-10-11,backfill,O:ON211015C00050000,50.0,2021-10-15,2021-09-22,0.95,1.17,0.9,1.1,256,21,0.95,,monthly_30d_35d_otm,weekly_2_strike0,29,170
ON,2021-09-16,2021-10-11,backfill,O:ON211015C00050000,50.0,2021-10-15,2021-09-23,1.1,1.52,1.1,1.37,341,29,1.1,,monthly_30d_35d_otm,weekly_2_strike0,29,170
ON,2021-09-16,2021-10-11,backfill,O:ON211015C00050000,50.0,2021-10-15,2021-09-24,1.25,1.43,1.18,1.18,42,19,1.25,,monthly_30d_35d_otm,weekly_2_strike0,29,170
ON,2021-09-16,2021-10-11,backfill,O:ON211015C00050000,50.0,2021-10-15,2021-09-27,0.99,1.35,0.99,1.25,163,21,0.99,,monthly_30d_35d_otm,weekly_2_strike0,29,170
ON,2021-09-16,2021-10-11,backfill,O:ON211015C00050000,50.0,2021-10-15,2021-09-28,0.8,0.8,0.5,0.6,100,23,0.8,,monthly_30d_35d_otm,weekly_2_strike0,29,170
ON,2021-09-16,2021-10-11,backfill,O:ON211015C00050000,50.0,2021-10-15,2021-09-29,0.45,0.45,0.21,0.25,65,11,0.45,,monthly_30d_35d_otm,weekly_2_strike0,29,170
ON,2021-09-16,2021-10-11,backfill,O:ON211015C00050000,50.0,2021-10-15,2021-09-30,0.35,0.35,0.25,0.32,6,5,0.35,,monthly_30d_35d_otm,weekly_2_strike0,29,170
ON,2021-09-16,2021-10-11,backfill,O:ON211015C00050000,50.0,2021-10-15,2021-10-01,0.23,0.25,0.16,0.16,151,11,0.23,,monthly_30d_35d_otm,weekly_2_strike0,29,170
ON,2021-09-16,2021-10-11,backfill,O:ON211015C00050000,50.0,2021-10-15,2021-10-04,0.15,0.15,0.05,0.07,40,11,0.15,,monthly_30d_35d_otm,weekly_2_strike0,29,170
ON,2021-09-16,2021-10-11,backfill,O:ON211015C00050000,50.0,2021-10-15,2021-10-05,0.15,0.15,0.06,0.06,60,11,0.15,,monthly_30d_35d_otm,weekly_2_strike0,29,170
ON,2021-09-16,2021-10-11,backfill,O:ON211015C00050000,50.0,2021-10-15,2021-10-06,0.1,0.1,0.1,0.1,1,1,0.1,,monthly_30d_35d_otm,weekly_2_strike0,29,170
ON,2021-09-16,2021-10-11,backfill,O:ON211015C00050000,50.0,2021-10-15,2021-10-07,0.1,0.1,0.06,0.08,14,5,0.1,,monthly_30d_35d_otm,weekly_2_strike0,29,170
ON,2021-09-16,2021-10-11,backfill,O:ON211015C00050000,50.0,2021-10-15,2021-10-08,0.03,0.03,0.03,0.03,5,1,0.03,,monthly_30d_35d_otm,weekly_2_strike0,29,170
ON,2021-09-16,2021-10-11,backfill,O:ON211015C00050000,50.0,2021-10-15,2021-10-11,0.16,0.16,0.16,0.16,1,1,0.16,,monthly_30d_35d_otm,weekly_2_strike0,29,170
ON,2021-11-10,2021-12-08,backfill,O:ON211217C00055000,55.0,2021-12-17,2021-11-10,4.7,4.7,3.67,3.67,75,12,4.7,,monthly_30d_slight_itm,weekly_2_strike0,37,75
ON,2021-11-10,2021-12-08,backfill,O:ON211217C00055000,55.0,2021-12-17,2021-11-11,4.69,5.33,4.69,4.74,25,10,4.69,,monthly_30d_slight_itm,weekly_2_strike0,37,75
ON,2021-11-10,2021-12-08,backfill,O:ON211217C00055000,55.0,2021-12-17,2021-11-12,4.7,5.18,4.7,5.05,32,9,4.7,,monthly_30d_slight_itm,weekly_2_strike0,37,75
ON,2021-11-10,2021-12-08,backfill,O:ON211217C00055000,55.0,2021-12-17,2021-11-15,6.3,6.3,4.9,5.2,65,10,6.3,,monthly_30d_slight_itm,weekly_2_strike0,37,75
ON,2021-11-10,2021-12-08,backfill,O:ON211217C00055000,55.0,2021-12-17,2021-11-16,5.2,7.78,5.2,7.78,58,14,5.2,,monthly_30d_slight_itm,weekly_2_strike0,37,75
ON,2021-11-10,2021-12-08,backfill,O:ON211217C00055000,55.0,2021-12-17,2021-11-17,7.5,8.0,7.1,7.88,29,11,7.5,,monthly_30d_slight_itm,weekly_2_strike0,37,75
ON,2021-11-10,2021-12-08,backfill,O:ON211217C00055000,55.0,2021-12-17,2021-11-18,9.0,9.5,8.0,8.75,80,22,9.0,,monthly_30d_slight_itm,weekly_2_strike0,37,75
ON,2021-11-10,2021-12-08,backfill,O:ON211217C00055000,55.0,2021-12-17,2021-11-19,8.0,9.1,8.0,8.92,13,6,8.0,,monthly_30d_slight_itm,weekly_2_strike0,37,75
ON,2021-11-10,2021-12-08,backfill,O:ON211217C00055000,55.0,2021-12-17,2021-11-22,8.9,8.9,7.3,8.2,93,9,8.9,,monthly_30d_slight_itm,weekly_2_strike0,37,75
ON,2021-11-10,2021-12-08,backfill,O:ON211217C00055000,55.0,2021-12-17,2021-11-23,6.6,7.2,6.2,6.85,21,7,6.6,,monthly_30d_slight_itm,weekly_2_strike0,37,75
ON,2021-11-10,2021-12-08,backfill,O:ON211217C00055000,55.0,2021-12-17,2021-11-24,7.2,7.7,7.0,7.7,4,3,7.2,,monthly_30d_slight_itm,weekly_2_strike0,37,75
ON,2021-11-10,2021-12-08,backfill,O:ON211217C00055000,55.0,2021-12-17,2021-11-26,5.65,5.79,5.65,5.79,12,2,5.65,,monthly_30d_slight_itm,weekly_2_strike0,37,75
ON,2021-11-10,2021-12-08,backfill,O:ON211217C00055000,55.0,2021-12-17,2021-11-29,7.95,7.98,7.95,7.98,6,2,7.95,,monthly_30d_slight_itm,weekly_2_strike0,37,75
ON,2021-11-10,2021-12-08,backfill,O:ON211217C00055000,55.0,2021-12-17,2021-11-30,8.75,9.1,8.75,9.1,3,2,8.75,,monthly_30d_slight_itm,weekly_2_strike0,37,75
ON,2021-11-10,2021-12-08,backfill,O:ON211217C00055000,55.0,2021-12-17,2021-12-01,10.42,10.5,8.9,9.1,58,10,10.42,,monthly_30d_slight_itm,weekly_2_strike0,37,75
ON,2021-11-10,2021-12-08,backfill,O:ON211217C00055000,55.0,2021-12-17,2021-12-02,7.28,7.33,7.28,7.33,2,2,7.28,,monthly_30d_slight_itm,weekly_2_strike0,37,75
ON,2021-11-10,2021-12-08,backfill,O:ON211217C00055000,55.0,2021-12-17,2021-12-03,9.06,9.3,9.06,9.3,9,2,9.06,,monthly_30d_slight_itm,weekly_2_strike0,37,75
ON,2021-11-10,2021-12-08,backfill,O:ON211217C00055000,55.0,2021-12-17,2021-12-06,6.5,6.9,6.5,6.9,7,3,6.5,,monthly_30d_slight_itm,weekly_2_strike0,37,75
ON,2021-11-10,2021-12-08,backfill,O:ON211217C00055000,55.0,2021-12-17,2021-12-07,11.1,11.4,11.1,11.4,10,3,11.1,,monthly_30d_slight_itm,weekly_2_strike0,37,75
ON,2021-11-10,2021-12-08,backfill,O:ON211217C00055000,55.0,2021-12-17,2021-12-08,9.4,9.4,9.19,9.19,68,3,9.4,,monthly_30d_slight_itm,weekly_2_strike0,37,75
ON,2022-09-14,2022-10-11,backfill,O:ON221021C00075000,75.0,2022-10-21,2022-09-14,2.0,2.25,1.75,2.15,52,15,2.0,,monthly_30d_30d_otm,weekly_2_strike0,37,52
ON,2022-09-14,2022-10-11,backfill,O:ON221021C00075000,75.0,2022-10-21,2022-09-15,2.1,2.3,1.88,2.1,26,8,2.1,,monthly_30d_30d_otm,weekly_2_strike0,37,52
ON,2022-09-14,2022-10-11,backfill,O:ON221021C00075000,75.0,2022-10-21,2022-09-16,1.7,2.25,1.7,2.25,41,15,1.7,,monthly_30d_30d_otm,weekly_2_strike0,37,52
ON,2022-09-14,2022-10-11,backfill,O:ON221021C00075000,75.0,2022-10-21,2022-09-19,2.2,2.8,2.2,2.56,113,25,2.2,,monthly_30d_30d_otm,weekly_2_strike0,37,52
ON,2022-09-14,2022-10-11,backfill,O:ON221021C00075000,75.0,2022-10-21,2022-09-20,2.4,2.4,1.85,2.2,454,9,2.4,,monthly_30d_30d_otm,weekly_2_strike0,37,52
ON,2022-09-14,2022-10-11,backfill,O:ON221021C00075000,75.0,2022-10-21,2022-09-21,2.4,3.0,2.05,2.05,338,16,2.4,,monthly_30d_30d_otm,weekly_2_strike0,37,52
ON,2022-09-14,2022-10-11,backfill,O:ON221021C00075000,75.0,2022-10-21,2022-09-22,1.75,1.75,0.9,1.1,1187,55,1.75,,monthly_30d_30d_otm,weekly_2_strike0,37,52
ON,2022-09-14,2022-10-11,backfill,O:ON221021C00075000,75.0,2022-10-21,2022-09-23,0.81,0.81,0.56,0.71,540,27,0.81,,monthly_30d_30d_otm,weekly_2_strike0,37,52
ON,2022-09-14,2022-10-11,backfill,O:ON221021C00075000,75.0,2022-10-21,2022-09-26,0.73,0.9,0.7,0.75,59,11,0.73,,monthly_30d_30d_otm,weekly_2_strike0,37,52
ON,2022-09-14,2022-10-11,backfill,O:ON221021C00075000,75.0,2022-10-21,2022-09-27,0.87,0.87,0.6,0.79,49,12,0.87,,monthly_30d_30d_otm,weekly_2_strike0,37,52
ON,2022-09-14,2022-10-11,backfill,O:ON221021C00075000,75.0,2022-10-21,2022-09-28,0.65,0.9,0.65,0.9,14,8,0.65,,monthly_30d_30d_otm,weekly_2_strike0,37,52
ON,2022-09-14,2022-10-11,backfill,O:ON221021C00075000,75.0,2022-10-21,2022-09-29,0.6,0.6,0.45,0.55,28,12,0.6,,monthly_30d_30d_otm,weekly_2_strike0,37,52
ON,2022-09-14,2022-10-11,backfill,O:ON221021C00075000,75.0,2022-10-21,2022-09-30,0.57,0.6,0.4,0.4,206,14,0.57,,monthly_30d_30d_otm,weekly_2_strike0,37,52
ON,2022-09-14,2022-10-11,backfill,O:ON221021C00075000,75.0,2022-10-21,2022-10-03,0.4,0.52,0.33,0.52,91,12,0.4,,monthly_30d_30d_otm,weekly_2_strike0,37,52
ON,2022-09-14,2022-10-11,backfill,O:ON221021C00075000,75.0,2022-10-21,2022-10-04,0.75,1.05,0.75,1.05,46,21,0.75,,monthly_30d_30d_otm,weekly_2_strike0,37,52
ON,2022-09-14,2022-10-11,backfill,O:ON221021C00075000,75.0,2022-10-21,2022-10-05,0.75,1.16,0.75,1.16,23,9,0.75,,monthly_30d_30d_otm,weekly_2_strike0,37,52
ON,2022-09-14,2022-10-11,backfill,O:ON221021C00075000,75.0,2022-10-21,2022-10-06,1.4,1.75,1.15,1.55,164,33,1.4,,monthly_30d_30d_otm,weekly_2_strike0,37,52
ON,2022-09-14,2022-10-11,backfill,O:ON221021C00075000,75.0,2022-10-21,2022-10-07,0.75,0.75,0.25,0.32,151,14,0.75,,monthly_30d_30d_otm,weekly_2_strike0,37,52
ON,2022-09-14,2022-10-11,backfill,O:ON221021C00075000,75.0,2022-10-21,2022-10-10,0.17,0.17,0.1,0.15,26,10,0.17,,monthly_30d_30d_otm,weekly_2_strike0,37,52
ON,2022-09-14,2022-10-11,backfill,O:ON221021C00075000,75.0,2022-10-21,2022-10-11,0.05,0.1,0.04,0.06,177,9,0.05,,monthly_30d_30d_otm,weekly_2_strike0,37,52
ON,2023-03-13,2023-04-10,backfill,O:ON230421C00085000,85.0,2023-04-21,2023-03-13,2.21,2.52,2.12,2.52,40,10,2.21,,monthly_30d_20d_otm,weekly_2_strike0,39,40
ON,2023-03-13,2023-04-10,backfill,O:ON230421C00085000,85.0,2023-04-21,2023-03-14,2.79,3.8,2.7,3.05,248,48,2.79,,monthly_30d_20d_otm,weekly_2_strike0,39,40
ON,2023-03-13,2023-04-10,backfill,O:ON230421C00085000,85.0,2023-04-21,2023-03-15,3.05,3.05,1.88,2.23,170,23,3.05,,monthly_30d_20d_otm,weekly_2_strike0,39,40
ON,2023-03-13,2023-04-10,backfill,O:ON230421C00085000,85.0,2023-04-21,2023-03-16,2.05,2.99,2.05,2.99,344,17,2.05,,monthly_30d_20d_otm,weekly_2_strike0,39,40
ON,2023-03-13,2023-04-10,backfill,O:ON230421C00085000,85.0,2023-04-21,2023-03-17,2.75,2.75,2.04,2.22,4,4,2.75,,monthly_30d_20d_otm,weekly_2_strike0,39,40
ON,2023-03-13,2023-04-10,backfill,O:ON230421C00085000,85.0,2023-04-21,2023-03-20,1.88,2.5,1.88,2.45,98,17,1.88,,monthly_30d_20d_otm,weekly_2_strike0,39,40
ON,2023-03-13,2023-04-10,backfill,O:ON230421C00085000,85.0,2023-04-21,2023-03-21,2.95,3.15,2.25,2.79,59,16,2.95,,monthly_30d_20d_otm,weekly_2_strike0,39,40
ON,2023-03-13,2023-04-10,backfill,O:ON230421C00085000,85.0,2023-04-21,2023-03-22,3.0,3.0,2.0,2.0,21,12,3.0,,monthly_30d_20d_otm,weekly_2_strike0,39,40
ON,2023-03-13,2023-04-10,backfill,O:ON230421C00085000,85.0,2023-04-21,2023-03-23,2.6,3.1,2.24,2.85,297,24,2.6,,monthly_30d_20d_otm,weekly_2_strike0,39,40
ON,2023-03-13,2023-04-10,backfill,O:ON230421C00085000,85.0,2023-04-21,2023-03-24,2.1,2.13,1.48,1.48,193,20,2.1,,monthly_30d_20d_otm,weekly_2_strike0,39,40
ON,2023-03-13,2023-04-10,backfill,O:ON230421C00085000,85.0,2023-04-21,2023-03-27,1.3,1.3,0.76,0.9,113,13,1.3,,monthly_30d_20d_otm,weekly_2_strike0,39,40
ON,2023-03-13,2023-04-10,backfill,O:ON230421C00085000,85.0,2023-04-21,2023-03-28,0.71,1.09,0.52,0.83,131,23,0.71,,monthly_30d_20d_otm,weekly_2_strike0,39,40
ON,2023-03-13,2023-04-10,backfill,O:ON230421C00085000,85.0,2023-04-21,2023-03-29,1.17,1.85,0.97,1.75,92,18,1.17,,monthly_30d_20d_otm,weekly_2_strike0,39,40
ON,2023-03-13,2023-04-10,backfill,O:ON230421C00085000,85.0,2023-04-21,2023-03-30,2.08,2.5,1.99,2.5,86,22,2.08,,monthly_30d_20d_otm,weekly_2_strike0,39,40
ON,2023-03-13,2023-04-10,backfill,O:ON230421C00085000,85.0,2023-04-21,2023-03-31,2.05,2.25,1.86,1.93,34,16,2.05,,monthly_30d_20d_otm,weekly_2_strike0,39,40
ON,2023-03-13,2023-04-10,backfill,O:ON230421C00085000,85.0,2023-04-21,2023-04-03,1.59,1.62,1.22,1.4,38,5,1.59,,monthly_30d_20d_otm,weekly_2_strike0,39,40
ON,2023-03-13,2023-04-10,backfill,O:ON230421C00085000,85.0,2023-04-21,2023-04-04,1.14,1.14,0.7,0.71,70,13,1.14,,monthly_30d_20d_otm,weekly_2_strike0,39,40
ON,2023-03-13,2023-04-10,backfill,O:ON230421C00085000,85.0,2023-04-21,2023-04-05,0.54,0.54,0.36,0.36,27,9,0.54,,monthly_30d_20d_otm,weekly_2_strike0,39,40
ON,2023-03-13,2023-04-10,backfill,O:ON230421C00085000,85.0,2023-04-21,2023-04-06,0.24,0.3,0.24,0.26,97,13,0.24,,monthly_30d_20d_otm,weekly_2_strike0,39,40
ON,2023-03-13,2023-04-10,backfill,O:ON230421C00085000,85.0,2023-04-21,2023-04-10,0.2,0.32,0.19,0.32,15,7,0.2,,monthly_30d_20d_otm,weekly_2_strike0,39,40
ON,2023-07-11,2023-08-07,backfill,O:ON230818C00100000,100.0,2023-08-18,2023-07-11,4.6,4.6,3.5,4.07,198,47,4.6,,monthly_30d_40d_otm,weekly_2_strike0,38,198
ON,2023-07-11,2023-08-07,backfill,O:ON230818C00100000,100.0,2023-08-18,2023-07-12,4.5,5.04,4.4,4.72,230,49,4.5,,monthly_30d_40d_otm,weekly_2_strike0,38,198
ON,2023-07-11,2023-08-07,backfill,O:ON230818C00100000,100.0,2023-08-18,2023-07-13,5.35,6.89,4.8,6.82,232,40,5.35,,monthly_30d_40d_otm,weekly_2_strike0,38,198
ON,2023-07-11,2023-08-07,backfill,O:ON230818C00100000,100.0,2023-08-18,2023-07-14,6.9,7.49,5.1,5.1,132,24,6.9,,monthly_30d_40d_otm,weekly_2_strike0,38,198
ON,2023-07-11,2023-08-07,backfill,O:ON230818C00100000,100.0,2023-08-18,2023-07-17,6.14,8.58,6.14,8.45,170,31,6.14,,monthly_30d_40d_otm,weekly_2_strike0,38,198
ON,2023-07-11,2023-08-07,backfill,O:ON230818C00100000,100.0,2023-08-18,2023-07-18,8.25,8.8,7.8,8.78,42,13,8.25,,monthly_30d_40d_otm,weekly_2_strike0,38,198
ON,2023-07-11,2023-08-07,backfill,O:ON230818C00100000,100.0,2023-08-18,2023-07-19,7.81,8.19,6.9,6.9,26,14,7.81,,monthly_30d_40d_otm,weekly_2_strike0,38,198
ON,2023-07-11,2023-08-07,backfill,O:ON230818C00100000,100.0,2023-08-18,2023-07-20,5.25,5.6,3.75,4.05,307,30,5.25,,monthly_30d_40d_otm,weekly_2_strike0,38,198
ON,2023-07-11,2023-08-07,backfill,O:ON230818C00100000,100.0,2023-08-18,2023-07-21,4.65,4.9,4.4,4.65,108,20,4.65,,monthly_30d_40d_otm,weekly_2_strike0,38,198
ON,2023-07-11,2023-08-07,backfill,O:ON230818C00100000,100.0,2023-08-18,2023-07-24,3.45,3.82,3.4,3.82,212,19,3.45,,monthly_30d_40d_otm,weekly_2_strike0,38,198
ON,2023-07-11,2023-08-07,backfill,O:ON230818C00100000,100.0,2023-08-18,2023-07-25,4.4,5.9,4.3,5.25,195,20,4.4,,monthly_30d_40d_otm,weekly_2_strike0,38,198
ON,2023-07-11,2023-08-07,backfill,O:ON230818C00100000,100.0,2023-08-18,2023-07-26,5.15,5.15,4.0,4.65,215,38,5.15,,monthly_30d_40d_otm,weekly_2_strike0,38,198
ON,2023-07-11,2023-08-07,backfill,O:ON230818C00100000,100.0,2023-08-18,2023-07-27,6.5,7.6,5.45,6.0,98,24,6.5,,monthly_30d_40d_otm,weekly_2_strike0,38,198
ON,2023-07-11,2023-08-07,backfill,O:ON230818C00100000,100.0,2023-08-18,2023-07-28,7.1,8.05,6.5,7.94,135,25,7.1,,monthly_30d_40d_otm,weekly_2_strike0,38,198
ON,2023-07-11,2023-08-07,backfill,O:ON230818C00100000,100.0,2023-08-18,2023-07-31,10.55,12.15,8.86,8.86,129,27,10.55,,monthly_30d_40d_otm,weekly_2_strike0,38,198
ON,2023-07-11,2023-08-07,backfill,O:ON230818C00100000,100.0,2023-08-18,2023-08-01,9.5,10.0,8.86,9.65,26,6,9.5,,monthly_30d_40d_otm,weekly_2_strike0,38,198
ON,2023-07-11,2023-08-07,backfill,O:ON230818C00100000,100.0,2023-08-18,2023-08-02,7.52,7.53,6.04,6.18,13,4,7.52,,monthly_30d_40d_otm,weekly_2_strike0,38,198
ON,2023-07-11,2023-08-07,backfill,O:ON230818C00100000,100.0,2023-08-18,2023-08-03,4.42,4.97,4.25,4.9,88,14,4.42,,monthly_30d_40d_otm,weekly_2_strike0,38,198
ON,2023-07-11,2023-08-07,backfill,O:ON230818C00100000,100.0,2023-08-18,2023-08-04,4.1,4.75,3.8,4.03,67,15,4.1,,monthly_30d_40d_otm,weekly_2_strike0,38,198
ON,2023-07-11,2023-08-07,backfill,O:ON230818C00100000,100.0,2023-08-18,2023-08-07,5.77,5.77,4.5,4.75,42,18,5.77,,monthly_30d_40d_otm,weekly_2_strike0,38,198
ON,2024-07-10,2024-08-06,backfill,O:ON240920C00080000,80.0,2024-09-20,2024-07-10,4.4,4.9,4.1,4.75,182,27,4.4,,monthly_60d_35d_otm,weekly_2_strike0,72,182
ON,2024-07-10,2024-08-06,backfill,O:ON240920C00080000,80.0,2024-09-20,2024-07-11,4.6,4.95,3.75,3.75,130,17,4.6,,monthly_60d_35d_otm,weekly_2_strike0,72,182
ON,2024-07-10,2024-08-06,backfill,O:ON240920C00080000,80.0,2024-09-20,2024-07-12,4.3,5.6,4.3,5.03,17,11,4.3,,monthly_60d_35d_otm,weekly_2_strike0,72,182
ON,2024-07-10,2024-08-06,backfill,O:ON240920C00080000,80.0,2024-09-20,2024-07-15,4.65,5.3,4.4,4.75,92,9,4.65,,monthly_60d_35d_otm,weekly_2_strike0,72,182
ON,2024-07-10,2024-08-06,backfill,O:ON240920C00080000,80.0,2024-09-20,2024-07-16,5.0,5.6,4.9,5.6,12,6,5.0,,monthly_60d_35d_otm,weekly_2_strike0,72,182
ON,2024-07-10,2024-08-06,backfill,O:ON240920C00080000,80.0,2024-09-20,2024-07-17,4.8,5.4,4.8,4.95,46,7,4.8,,monthly_60d_35d_otm,weekly_2_strike0,72,182
ON,2024-07-10,2024-08-06,backfill,O:ON240920C00080000,80.0,2024-09-20,2024-07-18,5.3,5.45,4.35,4.69,44,15,5.3,,monthly_60d_35d_otm,weekly_2_strike0,72,182
ON,2024-07-10,2024-08-06,backfill,O:ON240920C00080000,80.0,2024-09-20,2024-07-19,3.86,3.86,3.1,3.2,60,12,3.86,,monthly_60d_35d_otm,weekly_2_strike0,72,182
ON,2024-07-10,2024-08-06,backfill,O:ON240920C00080000,80.0,2024-09-20,2024-07-22,4.15,5.1,3.8,5.1,40,14,4.15,,monthly_60d_35d_otm,weekly_2_strike0,72,182
ON,2024-07-10,2024-08-06,backfill,O:ON240920C00080000,80.0,2024-09-20,2024-07-23,4.9,4.9,3.0,3.44,37,15,4.9,,monthly_60d_35d_otm,weekly_2_strike0,72,182
ON,2024-07-10,2024-08-06,backfill,O:ON240920C00080000,80.0,2024-09-20,2024-07-24,2.99,2.99,2.42,2.42,12,7,2.99,,monthly_60d_35d_otm,weekly_2_strike0,72,182
ON,2024-07-10,2024-08-06,backfill,O:ON240920C00080000,80.0,2024-09-20,2024-07-25,1.75,2.21,1.72,1.92,45,9,1.75,,monthly_60d_35d_otm,weekly_2_strike0,72,182
ON,2024-07-10,2024-08-06,backfill,O:ON240920C00080000,80.0,2024-09-20,2024-07-26,1.91,2.41,1.85,2.2,677,21,1.91,,monthly_60d_35d_otm,weekly_2_strike0,72,182
ON,2024-07-10,2024-08-06,backfill,O:ON240920C00080000,80.0,2024-09-20,2024-07-29,3.65,5.6,3.65,4.75,568,82,3.65,,monthly_60d_35d_otm,weekly_2_strike0,72,182
ON,2024-07-10,2024-08-06,backfill,O:ON240920C00080000,80.0,2024-09-20,2024-07-30,4.2,4.2,2.67,2.92,127,34,4.2,,monthly_60d_35d_otm,weekly_2_strike0,72,182
ON,2024-07-10,2024-08-06,backfill,O:ON240920C00080000,80.0,2024-09-20,2024-07-31,3.65,4.76,3.45,4.4,103,33,3.65,,monthly_60d_35d_otm,weekly_2_strike0,72,182
ON,2024-07-10,2024-08-06,backfill,O:ON240920C00080000,80.0,2024-09-20,2024-08-01,2.93,2.93,1.86,2.12,423,26,2.93,,monthly_60d_35d_otm,weekly_2_strike0,72,182
ON,2024-07-10,2024-08-06,backfill,O:ON240920C00080000,80.0,2024-09-20,2024-08-02,1.33,1.66,1.17,1.25,100,31,1.33,,monthly_60d_35d_otm,weekly_2_strike0,72,182
ON,2024-07-10,2024-08-06,backfill,O:ON240920C00080000,80.0,2024-09-20,2024-08-05,1.8,2.08,1.67,1.96,39,19,1.8,,monthly_60d_35d_otm,weekly_2_strike0,72,182
ON,2024-07-10,2024-08-06,backfill,O:ON240920C00080000,80.0,2024-09-20,2024-08-06,1.28,1.45,1.09,1.09,64,29,1.28,,monthly_60d_35d_otm,weekly_2_strike0,72,182
ON,2025-06-06,2025-07-07,backfill,O:ON250718C00050000,50.0,2025-07-18,2025-06-06,3.85,4.2,3.49,3.49,57,13,3.85,,monthly_30d_atm,weekly_1_strike0,42,57
ON,2025-06-06,2025-07-07,backfill,O:ON250718C00050000,50.0,2025-07-18,2025-06-09,3.95,5.1,3.95,4.74,111,29,3.95,,monthly_30d_atm,weekly_1_strike0,42,57
ON,2025-06-06,2025-07-07,backfill,O:ON250718C00050000,50.0,2025-07-18,2025-06-10,5.0,6.08,4.7,5.67,88,33,5.0,,monthly_30d_atm,weekly_1_strike0,42,57
ON,2025-06-06,2025-07-07,backfill,O:ON250718C00050000,50.0,2025-07-18,2025-06-11,5.57,5.59,4.04,4.04,57,16,5.57,,monthly_30d_atm,weekly_1_strike0,42,57
ON,2025-06-06,2025-07-07,backfill,O:ON250718C00050000,50.0,2025-07-18,2025-06-12,3.9,5.1,3.9,4.95,32,17,3.9,,monthly_30d_atm,weekly_1_strike0,42,57
ON,2025-06-06,2025-07-07,backfill,O:ON250718C00050000,50.0,2025-07-18,2025-06-13,4.05,4.2,3.73,3.73,28,6,4.05,,monthly_30d_atm,weekly_1_strike0,42,57
ON,2025-06-06,2025-07-07,backfill,O:ON250718C00050000,50.0,2025-07-18,2025-06-16,3.9,5.42,3.9,5.42,23,11,3.9,,monthly_30d_atm,weekly_1_strike0,42,57
ON,2025-06-06,2025-07-07,backfill,O:ON250718C00050000,50.0,2025-07-18,2025-06-17,5.8,6.15,4.78,4.9,22,12,5.8,,monthly_30d_atm,weekly_1_strike0,42,57
ON,2025-06-06,2025-07-07,backfill,O:ON250718C00050000,50.0,2025-07-18,2025-06-18,4.63,4.65,4.2,4.3,10,7,4.63,,monthly_30d_atm,weekly_1_strike0,42,57
ON,2025-06-06,2025-07-07,backfill,O:ON250718C00050000,50.0,2025-07-18,2025-06-20,4.83,5.0,4.3,4.35,37,10,4.83,,monthly_30d_atm,weekly_1_strike0,42,57
ON,2025-06-06,2025-07-07,backfill,O:ON250718C00050000,50.0,2025-07-18,2025-06-23,4.72,4.75,4.07,4.65,44,9,4.72,,monthly_30d_atm,weekly_1_strike0,42,57
ON,2025-06-06,2025-07-07,backfill,O:ON250718C00050000,50.0,2025-07-18,2025-06-24,4.94,5.8,4.94,5.38,342,17,4.94,,monthly_30d_atm,weekly_1_strike0,42,57
ON,2025-06-06,2025-07-07,backfill,O:ON250718C00050000,50.0,2025-07-18,2025-06-25,4.55,4.83,4.29,4.83,51,9,4.55,,monthly_30d_atm,weekly_1_strike0,42,57
ON,2025-06-06,2025-07-07,backfill,O:ON250718C00050000,50.0,2025-07-18,2025-06-26,4.9,4.9,4.55,4.65,16,6,4.9,,monthly_30d_atm,weekly_1_strike0,42,57
ON,2025-06-06,2025-07-07,backfill,O:ON250718C00050000,50.0,2025-07-18,2025-06-27,4.36,4.36,3.65,3.65,15,7,4.36,,monthly_30d_atm,weekly_1_strike0,42,57
ON,2025-06-06,2025-07-07,backfill,O:ON250718C00050000,50.0,2025-07-18,2025-06-30,3.8,4.04,3.52,3.52,13,7,3.8,,monthly_30d_atm,weekly_1_strike0,42,57
ON,2025-06-06,2025-07-07,backfill,O:ON250718C00050000,50.0,2025-07-18,2025-07-01,3.32,5.1,3.32,5.05,9,4,3.32,,monthly_30d_atm,weekly_1_strike0,42,57
ON,2025-06-06,2025-07-07,backfill,O:ON250718C00050000,50.0,2025-07-18,2025-07-02,5.29,6.73,4.8,6.55,40,11,5.29,,monthly_30d_atm,weekly_1_strike0,42,57
ON,2025-06-06,2025-07-07,backfill,O:ON250718C00050000,50.0,2025-07-18,2025-07-03,6.45,7.2,6.45,7.0,5,4,6.45,,monthly_30d_atm,weekly_1_strike0,42,57
ON,2025-06-06,2025-07-07,backfill,O:ON250718C00050000,50.0,2025-07-18,2025-07-07,5.78,6.38,4.85,4.98,8,7,5.78,,monthly_30d_atm,weekly_1_strike0,42,57
ORCL,2020-04-15,2020-05-12,backfill,O:ORCL200515C00060000,60.0,2020-05-15,2020-04-15,0.15,0.19,0.12,0.16,206,10,0.15,,monthly_30d_25d_otm,weekly_2_strike0,30,206
ORCL,2020-04-15,2020-05-12,backfill,O:ORCL200515C00060000,60.0,2020-05-15,2020-04-16,0.44,0.44,0.13,0.13,15,2,0.44,,monthly_30d_25d_otm,weekly_2_strike0,30,206
ORCL,2020-04-15,2020-05-12,backfill,O:ORCL200515C00060000,60.0,2020-05-15,2020-04-17,0.2,0.28,0.17,0.21,1597,20,0.2,,monthly_30d_25d_otm,weekly_2_strike0,30,206
ORCL,2020-04-15,2020-05-12,backfill,O:ORCL200515C00060000,60.0,2020-05-15,2020-04-20,0.1,0.37,0.1,0.35,807,26,0.1,,monthly_30d_25d_otm,weekly_2_strike0,30,206
ORCL,2020-04-15,2020-05-12,backfill,O:ORCL200515C00060000,60.0,2020-05-15,2020-04-21,0.24,0.37,0.18,0.27,1270,5,0.24,,monthly_30d_25d_otm,weekly_2_strike0,30,206
ORCL,2020-04-15,2020-05-12,backfill,O:ORCL200515C00060000,60.0,2020-05-15,2020-04-22,0.15,0.15,0.15,0.15,2,1,0.15,,monthly_30d_25d_otm,weekly_2_strike0,30,206
ORCL,2020-04-15,2020-05-12,backfill,O:ORCL200515C00060000,60.0,2020-05-15,2020-04-23,0.14,0.14,0.07,0.08,12,6,0.14,,monthly_30d_25d_otm,weekly_2_strike0,30,206
ORCL,2020-04-15,2020-05-12,backfill,O:ORCL200515C00060000,60.0,2020-05-15,2020-04-24,0.15,0.15,0.06,0.1,67,5,0.15,,monthly_30d_25d_otm,weekly_2_strike0,30,206
ORCL,2020-04-15,2020-05-12,backfill,O:ORCL200515C00060000,60.0,2020-05-15,2020-04-27,0.09,0.1,0.07,0.07,6,3,0.09,,monthly_30d_25d_otm,weekly_2_strike0,30,206
ORCL,2020-04-15,2020-05-12,backfill,O:ORCL200515C00060000,60.0,2020-05-15,2020-04-28,0.09,0.1,0.07,0.08,138,5,0.09,,monthly_30d_25d_otm,weekly_2_strike0,30,206
ORCL,2020-04-15,2020-05-12,backfill,O:ORCL200515C00060000,60.0,2020-05-15,2020-04-29,0.07,0.07,0.04,0.04,127,10,0.07,,monthly_30d_25d_otm,weekly_2_strike0,30,206
ORCL,2020-04-15,2020-05-12,backfill,O:ORCL200515C00060000,60.0,2020-05-15,2020-04-30,0.07,0.07,0.03,0.04,46,5,0.07,,monthly_30d_25d_otm,weekly_2_strike0,30,206
ORCL,2020-04-15,2020-05-12,backfill,O:ORCL200515C00060000,60.0,2020-05-15,2020-05-01,0.02,0.04,0.02,0.04,1197,5,0.02,,monthly_30d_25d_otm,weekly_2_strike0,30,206
ORCL,2020-04-15,2020-05-12,backfill,O:ORCL200515C00060000,60.0,2020-05-15,2020-05-04,0.03,0.07,0.01,0.03,111,5,0.03,,monthly_30d_25d_otm,weekly_2_strike0,30,206
ORCL,2020-04-15,2020-05-12,backfill,O:ORCL200515C00060000,60.0,2020-05-15,2020-05-05,0.01,0.01,0.01,0.01,10,4,0.01,,monthly_30d_25d_otm,weekly_2_strike0,30,206
ORCL,2020-04-15,2020-05-12,backfill,O:ORCL200515C00060000,60.0,2020-05-15,2020-05-06,0.02,0.02,0.02,0.02,8,2,0.02,,monthly_30d_25d_otm,weekly_2_strike0,30,206
ORCL,2020-04-15,2020-05-12,backfill,O:ORCL200515C00060000,60.0,2020-05-15,2020-05-07,0.01,0.01,0.01,0.01,17,2,0.01,,monthly_30d_25d_otm,weekly_2_strike0,30,206
ORCL,2020-04-15,2020-05-12,backfill,O:ORCL200515C00060000,60.0,2020-05-15,2020-05-08,0.01,0.01,0.01,0.01,1,1,0.01,,monthly_30d_25d_otm,weekly_2_strike0,30,206
ORCL,2020-04-15,2020-05-12,backfill,O:ORCL200515C00060000,60.0,2020-05-15,2020-05-11,0.01,0.01,0.01,0.01,1250,1,0.01,,monthly_30d_25d_otm,weekly_2_strike0,30,206
ORCL,2020-04-15,2020-05-12,backfill,O:ORCL200515C00060000,60.0,2020-05-15,2020-05-12,0.01,0.04,0.01,0.01,75,13,0.01,,monthly_30d_25d_otm,weekly_2_strike0,30,206
ORCL,2021-02-05,2021-03-05,backfill,O:ORCL210319C00065000,65.0,2021-03-19,2021-02-05,1.83,2.1,1.83,1.83,1319,102,1.83,,monthly_30d_35d_otm,weekly_1_strike0,42,1319
ORCL,2021-02-05,2021-03-05,backfill,O:ORCL210319C00065000,65.0,2021-03-19,2021-02-08,1.93,1.97,1.47,1.61,444,54,1.93,,monthly_30d_35d_otm,weekly_1_strike0,42,1319
ORCL,2021-02-05,2021-03-05,backfill,O:ORCL210319C00065000,65.0,2021-03-19,2021-02-09,1.6,1.94,1.6,1.85,189,46,1.6,,monthly_30d_35d_otm,weekly_1_strike0,42,1319
ORCL,2021-02-05,2021-03-05,backfill,O:ORCL210319C00065000,65.0,2021-03-19,2021-02-10,1.98,1.98,1.59,1.64,352,42,1.98,,monthly_30d_35d_otm,weekly_1_strike0,42,1319
ORCL,2021-02-05,2021-03-05,backfill,O:ORCL210319C00065000,65.0,2021-03-19,2021-02-11,1.76,1.92,1.28,1.5,607,52,1.76,,monthly_30d_35d_otm,weekly_1_strike0,42,1319
ORCL,2021-02-05,2021-03-05,backfill,O:ORCL210319C00065000,65.0,2021-03-19,2021-02-12,1.52,1.53,1.0,1.52,233,47,1.52,,monthly_30d_35d_otm,weekly_1_strike0,42,1319
ORCL,2021-02-05,2021-03-05,backfill,O:ORCL210319C00065000,65.0,2021-03-19,2021-02-16,1.5,1.5,1.08,1.09,370,59,1.5,,monthly_30d_35d_otm,weekly_1_strike0,42,1319
ORCL,2021-02-05,2021-03-05,backfill,O:ORCL210319C00065000,65.0,2021-03-19,2021-02-17,1.0,1.1,0.86,1.1,243,48,1.0,,monthly_30d_35d_otm,weekly_1_strike0,42,1319
ORCL,2021-02-05,2021-03-05,backfill,O:ORCL210319C00065000,65.0,2021-03-19,2021-02-18,1.05,1.1,0.95,1.04,190,36,1.05,,monthly_30d_35d_otm,weekly_1_strike0,42,1319
ORCL,2021-02-05,2021-03-05,backfill,O:ORCL210319C00065000,65.0,2021-03-19,2021-02-19,1.09,1.09,0.74,0.78,1553,54,1.09,,monthly_30d_35d_otm,weekly_1_strike0,42,1319
ORCL,2021-02-05,2021-03-05,backfill,O:ORCL210319C00065000,65.0,2021-03-19,2021-02-22,1.16,2.27,1.05,1.97,3695,168,1.16,,monthly_30d_35d_otm,weekly_1_strike0,42,1319
ORCL,2021-02-05,2021-03-05,backfill,O:ORCL210319C00065000,65.0,2021-03-19,2021-02-23,1.85,2.3,1.68,1.85,1636,149,1.85,,monthly_30d_35d_otm,weekly_1_strike0,42,1319
ORCL,2021-02-05,2021-03-05,backfill,O:ORCL210319C00065000,65.0,2021-03-19,2021-02-24,1.73,2.2,1.62,2.01,334,62,1.73,,monthly_30d_35d_otm,weekly_1_strike0,42,1319
ORCL,2021-02-05,2021-03-05,backfill,O:ORCL210319C00065000,65.0,2021-03-19,2021-02-25,1.97,2.87,1.97,2.42,1635,101,1.97,,monthly_30d_35d_otm,weekly_1_strike0,42,1319
ORCL,2021-02-05,2021-03-05,backfill,O:ORCL210319C00065000,65.0,2021-03-19,2021-02-26,2.57,2.95,1.98,1.98,972,52,2.57,,monthly_30d_35d_otm,weekly_1_strike0,42,1319
ORCL,2021-02-05,2021-03-05,backfill,O:ORCL210319C00065000,65.0,2021-03-19,2021-03-01,2.1,2.79,2.0,2.61,731,53,2.1,,monthly_30d_35d_otm,weekly_1_strike0,42,1319
ORCL,2021-02-05,2021-03-05,backfill,O:ORCL210319C00065000,65.0,2021-03-19,2021-03-02,2.55,3.3,2.47,2.84,773,45,2.55,,monthly_30d_35d_otm,weekly_1_strike0,42,1319
ORCL,2021-02-05,2021-03-05,backfill,O:ORCL210319C00065000,65.0,2021-03-19,2021-03-03,2.69,3.43,2.42,3.14,128,28,2.69,,monthly_30d_35d_otm,weekly_1_strike0,42,1319
ORCL,2021-02-05,2021-03-05,backfill,O:ORCL210319C00065000,65.0,2021-03-19,2021-03-04,3.15,3.4,2.27,2.51,204,32,3.15,,monthly_30d_35d_otm,weekly_1_strike0,42,1319
ORCL,2021-02-05,2021-03-05,backfill,O:ORCL210319C00065000,65.0,2021-03-19,2021-03-05,3.36,7.19,3.36,5.4,810,87,3.36,,monthly_30d_35d_otm,weekly_1_strike0,42,1319
ORCL,2021-03-30,2021-04-27,backfill,O:ORCL210521C00075000,75.0,2021-05-21,2021-03-30,0.95,0.95,0.7,0.78,166,36,0.95,,monthly_45d_35d_otm,weekly_2_strike0,52,166
ORCL,2021-03-30,2021-04-27,backfill,O:ORCL210521C00075000,75.0,2021-05-21,2021-03-31,0.75,0.75,0.59,0.69,362,24,0.75,,monthly_45d_35d_otm,weekly_2_strike0,52,166
ORCL,2021-03-30,2021-04-27,backfill,O:ORCL210521C00075000,75.0,2021-05-21,2021-04-01,0.75,0.97,0.75,0.97,259,36,0.75,,monthly_45d_35d_otm,weekly_2_strike0,52,166
ORCL,2021-03-30,2021-04-27,backfill,O:ORCL210521C00075000,75.0,2021-05-21,2021-04-05,1.01,2.15,1.01,2.0,5799,121,1.01,,monthly_45d_35d_otm,weekly_2_strike0,52,166
ORCL,2021-03-30,2021-04-27,backfill,O:ORCL210521C00075000,75.0,2021-05-21,2021-04-06,1.43,1.94,1.42,1.78,900,81,1.43,,monthly_45d_35d_otm,weekly_2_strike0,52,166
ORCL,2021-03-30,2021-04-27,backfill,O:ORCL210521C00075000,75.0,2021-05-21,2021-04-07,1.66,1.81,1.5,1.71,2488,59,1.66,,monthly_45d_35d_otm,weekly_2_strike0,52,166
ORCL,2021-03-30,2021-04-27,backfill,O:ORCL210521C00075000,75.0,2021-05-21,2021-04-08,1.78,2.4,1.75,2.29,606,100,1.78,,monthly_45d_35d_otm,weekly_2_strike0,52,166
ORCL,2021-03-30,2021-04-27,backfill,O:ORCL210521C00075000,75.0,2021-05-21,2021-04-09,2.27,2.41,2.0,2.38,2820,63,2.27,,monthly_45d_35d_otm,weekly_2_strike0,52,166
ORCL,2021-03-30,2021-04-27,backfill,O:ORCL210521C00075000,75.0,2021-05-21,2021-04-12,2.16,2.68,2.16,2.66,240,38,2.16,,monthly_45d_35d_otm,weekly_2_strike0,52,166
ORCL,2021-03-30,2021-04-27,backfill,O:ORCL210521C00075000,75.0,2021-05-21,2021-04-13,2.65,3.16,2.65,3.0,279,52,2.65,,monthly_45d_35d_otm,weekly_2_strike0,52,166
ORCL,2021-03-30,2021-04-27,backfill,O:ORCL210521C00075000,75.0,2021-05-21,2021-04-14,3.1,3.37,2.94,2.94,328,53,3.1,,monthly_45d_35d_otm,weekly_2_strike0,52,166
ORCL,2021-03-30,2021-04-27,backfill,O:ORCL210521C00075000,75.0,2021-05-21,2021-04-15,3.05,4.38,3.05,4.18,345,69,3.05,,monthly_45d_35d_otm,weekly_2_strike0,52,166
ORCL,2021-03-30,2021-04-27,backfill,O:ORCL210521C00075000,75.0,2021-05-21,2021-04-16,4.2,4.96,3.87,4.68,1065,52,4.2,,monthly_45d_35d_otm,weekly_2_strike0,52,166
ORCL,2021-03-30,2021-04-27,backfill,O:ORCL210521C00075000,75.0,2021-05-21,2021-04-19,4.75,5.67,4.2,4.4,203,46,4.75,,monthly_45d_35d_otm,weekly_2_strike0,52,166
ORCL,2021-03-30,2021-04-27,backfill,O:ORCL210521C00075000,75.0,2021-05-21,2021-04-20,4.82,5.0,4.5,4.99,79,15,4.82,,monthly_45d_35d_otm,weekly_2_strike0,52,166
ORCL,2021-03-30,2021-04-27,backfill,O:ORCL210521C00075000,75.0,2021-05-21,2021-04-21,4.9,4.9,2.92,3.0,360,34,4.9,,monthly_45d_35d_otm,weekly_2_strike0,52,166
ORCL,2021-03-30,2021-04-27,backfill,O:ORCL210521C00075000,75.0,2021-05-21,2021-04-22,2.5,2.68,1.72,1.79,1869,124,2.5,,monthly_45d_35d_otm,weekly_2_strike0,52,166
ORCL,2021-03-30,2021-04-27,backfill,O:ORCL210521C00075000,75.0,2021-05-21,2021-04-23,1.53,1.73,1.34,1.61,1047,107,1.53,,monthly_45d_35d_otm,weekly_2_strike0,52,166
ORCL,2021-03-30,2021-04-27,backfill,O:ORCL210521C00075000,75.0,2021-05-21,2021-04-26,1.62,1.62,1.28,1.32,643,36,1.62,,monthly_45d_35d_otm,weekly_2_strike0,52,166
ORCL,2021-03-30,2021-04-27,backfill,O:ORCL210521C00075000,75.0,2021-05-21,2021-04-27,1.3,1.8,1.3,1.72,242,61,1.3,,monthly_45d_35d_otm,weekly_2_strike0,52,166
ORCL,2021-09-09,2021-10-06,backfill,O:ORCL211015C00090000,90.0,2021-10-15,2021-09-09,3.2,3.76,3.14,3.14,681,67,3.2,,monthly_30d_atm,weekly_2_strike0,36,681
ORCL,2021-09-09,2021-10-06,backfill,O:ORCL211015C00090000,90.0,2021-10-15,2021-09-10,3.39,3.55,3.1,3.15,282,45,3.39,,monthly_30d_atm,weekly_2_strike0,36,681
ORCL,2021-09-09,2021-10-06,backfill,O:ORCL211015C00090000,90.0,2021-10-15,2021-09-13,3.37,3.5,2.31,2.66,3069,173,3.37,,monthly_30d_atm,weekly_2_strike0,36,681
ORCL,2021-09-09,2021-10-06,backfill,O:ORCL211015C00090000,90.0,2021-10-15,2021-09-14,0.95,1.04,0.57,0.94,4467,176,0.95,,monthly_30d_atm,weekly_2_strike0,36,681
ORCL,2021-09-09,2021-10-06,backfill,O:ORCL211015C00090000,90.0,2021-10-15,2021-09-15,0.98,1.37,0.9,1.08,1317,131,0.98,,monthly_30d_atm,weekly_2_strike0,36,681
ORCL,2021-09-09,2021-10-06,backfill,O:ORCL211015C00090000,90.0,2021-10-15,2021-09-16,1.2,1.2,0.72,0.9,390,70,1.2,,monthly_30d_atm,weekly_2_strike0,36,681
ORCL,2021-09-09,2021-10-06,backfill,O:ORCL211015C00090000,90.0,2021-10-15,2021-09-17,0.69,1.03,0.67,0.75,899,64,0.69,,monthly_30d_atm,weekly_2_strike0,36,681
ORCL,2021-09-09,2021-10-06,backfill,O:ORCL211015C00090000,90.0,2021-10-15,2021-09-20,0.55,1.02,0.5,0.8,526,81,0.55,,monthly_30d_atm,weekly_2_strike0,36,681
ORCL,2021-09-09,2021-10-06,backfill,O:ORCL211015C00090000,90.0,2021-10-15,2021-09-21,0.86,1.05,0.77,0.83,1334,62,0.86,,monthly_30d_atm,weekly_2_strike0,36,681
ORCL,2021-09-09,2021-10-06,backfill,O:ORCL211015C00090000,90.0,2021-10-15,2021-09-22,0.91,1.41,0.91,1.2,1215,73,0.91,,monthly_30d_atm,weekly_2_strike0,36,681
ORCL,2021-09-09,2021-10-06,backfill,O:ORCL211015C00090000,90.0,2021-10-15,2021-09-23,1.2,1.78,1.2,1.44,969,102,1.2,,monthly_30d_atm,weekly_2_strike0,36,681
ORCL,2021-09-09,2021-10-06,backfill,O:ORCL211015C00090000,90.0,2021-10-15,2021-09-24,1.5,1.68,1.43,1.55,943,51,1.5,,monthly_30d_atm,weekly_2_strike0,36,681
ORCL,2021-09-09,2021-10-06,backfill,O:ORCL211015C00090000,90.0,2021-10-15,2021-09-27,1.24,2.31,1.2,2.18,1282,134,1.24,,monthly_30d_atm,weekly_2_strike0,36,681
ORCL,2021-09-09,2021-10-06,backfill,O:ORCL211015C00090000,90.0,2021-10-15,2021-09-28,2.0,3.2,1.87,2.05,738,90,2.0,,monthly_30d_atm,weekly_2_strike0,36,681
ORCL,2021-09-09,2021-10-06,backfill,O:ORCL211015C00090000,90.0,2021-10-15,2021-09-29,2.66,3.0,2.35,2.48,166,44,2.66,,monthly_30d_atm,weekly_2_strike0,36,681
ORCL,2021-09-09,2021-10-06,backfill,O:ORCL211015C00090000,90.0,2021-10-15,2021-09-30,2.47,2.47,0.67,0.69,941,125,2.47,,monthly_30d_atm,weekly_2_strike0,36,681
ORCL,2021-09-09,2021-10-06,backfill,O:ORCL211015C00090000,90.0,2021-10-15,2021-10-01,0.78,1.65,0.78,1.42,861,107,0.78,,monthly_30d_atm,weekly_2_strike0,36,681
ORCL,2021-09-09,2021-10-06,backfill,O:ORCL211015C00090000,90.0,2021-10-15,2021-10-04,1.31,1.73,1.09,1.36,711,72,1.31,,monthly_30d_atm,weekly_2_strike0,36,681
ORCL,2021-09-09,2021-10-06,backfill,O:ORCL211015C00090000,90.0,2021-10-15,2021-10-05,1.41,2.53,1.41,2.21,406,71,1.41,,monthly_30d_atm,weekly_2_strike0,36,681
ORCL,2021-09-09,2021-10-06,backfill,O:ORCL211015C00090000,90.0,2021-10-15,2021-10-06,1.45,2.05,1.27,2.03,410,50,1.45,,monthly_30d_atm,weekly_2_strike0,36,681
ORCL,2024-08-14,2024-09-11,backfill,O:ORCL240920C00130000,130.0,2024-09-20,2024-08-14,10.21,10.45,9.91,10.3,57,14,10.21,,monthly_30d_slight_itm,weekly_2_strike0,37,57
ORCL,2024-08-14,2024-09-11,backfill,O:ORCL240920C00130000,130.0,2024-09-20,2024-08-15,11.05,11.05,10.1,10.69,156,30,11.05,,monthly_30d_slight_itm,weekly_2_strike0,37,57
ORCL,2024-08-14,2024-09-11,backfill,O:ORCL240920C00130000,130.0,2024-09-20,2024-08-16,10.9,11.39,10.9,11.28,10,6,10.9,,monthly_30d_slight_itm,weekly_2_strike0,37,57
ORCL,2024-08-14,2024-09-11,backfill,O:ORCL240920C00130000,130.0,2024-09-20,2024-08-19,10.76,11.2,10.75,11.2,44,6,10.76,,monthly_30d_slight_itm,weekly_2_strike0,37,57
ORCL,2024-08-14,2024-09-11,backfill,O:ORCL240920C00130000,130.0,2024-09-20,2024-08-20,11.8,12.7,11.8,12.55,23,15,11.8,,monthly_30d_slight_itm,weekly_2_strike0,37,57
ORCL,2024-08-14,2024-09-11,backfill,O:ORCL240920C00130000,130.0,2024-09-20,2024-08-21,12.8,13.23,12.8,13.1,6,5,12.8,,monthly_30d_slight_itm,weekly_2_strike0,37,57
ORCL,2024-08-14,2024-09-11,backfill,O:ORCL240920C00130000,130.0,2024-09-20,2024-08-22,13.2,13.67,11.75,11.75,44,9,13.2,,monthly_30d_slight_itm,weekly_2_strike0,37,57
ORCL,2024-08-14,2024-09-11,backfill,O:ORCL240920C00130000,130.0,2024-09-20,2024-08-23,12.11,12.4,11.16,11.85,9,6,12.11,,monthly_30d_slight_itm,weekly_2_strike0,37,57
ORCL,2024-08-14,2024-09-11,backfill,O:ORCL240920C00130000,130.0,2024-09-20,2024-08-26,11.85,11.85,11.65,11.65,21,2,11.85,,monthly_30d_slight_itm,weekly_2_strike0,37,57
ORCL,2024-08-14,2024-09-11,backfill,O:ORCL240920C00130000,130.0,2024-09-20,2024-08-27,11.95,12.25,11.65,11.65,20,6,11.95,,monthly_30d_slight_itm,weekly_2_strike0,37,57
ORCL,2024-08-14,2024-09-11,backfill,O:ORCL240920C00130000,130.0,2024-09-20,2024-08-28,11.5,11.5,10.65,10.65,15,4,11.5,,monthly_30d_slight_itm,weekly_2_strike0,37,57
ORCL,2024-08-14,2024-09-11,backfill,O:ORCL240920C00130000,130.0,2024-09-20,2024-08-29,12.55,13.3,12.05,12.05,20,9,12.55,,monthly_30d_slight_itm,weekly_2_strike0,37,57
ORCL,2024-08-14,2024-09-11,backfill,O:ORCL240920C00130000,130.0,2024-09-20,2024-08-30,12.84,12.9,12.84,12.9,13,3,12.84,,monthly_30d_slight_itm,weekly_2_strike0,37,57
ORCL,2024-08-14,2024-09-11,backfill,O:ORCL240920C00130000,130.0,2024-09-20,2024-09-03,13.55,14.0,12.47,12.6,34,8,13.55,,monthly_30d_slight_itm,weekly_2_strike0,37,57
ORCL,2024-08-14,2024-09-11,backfill,O:ORCL240920C00130000,130.0,2024-09-20,2024-09-04,11.2,13.25,11.2,12.95,7,5,11.2,,monthly_30d_slight_itm,weekly_2_strike0,37,57
ORCL,2024-08-14,2024-09-11,backfill,O:ORCL240920C00130000,130.0,2024-09-20,2024-09-05,12.96,14.9,12.96,14.8,18,7,12.96,,monthly_30d_slight_itm,weekly_2_strike0,37,57
ORCL,2024-08-14,2024-09-11,backfill,O:ORCL240920C00130000,130.0,2024-09-20,2024-09-06,15.53,15.53,12.25,13.87,20,5,15.53,,monthly_30d_slight_itm,weekly_2_strike0,37,57
ORCL,2024-08-14,2024-09-11,backfill,O:ORCL240920C00130000,130.0,2024-09-20,2024-09-09,14.73,14.73,11.85,12.32,2824,32,14.73,,monthly_30d_slight_itm,weekly_2_strike0,37,57
ORCL,2024-08-14,2024-09-11,backfill,O:ORCL240920C00130000,130.0,2024-09-20,2024-09-10,24.6,30.12,24.15,26.0,397,42,24.6,,monthly_30d_slight_itm,weekly_2_strike0,37,57
ORCL,2024-08-14,2024-09-11,backfill,O:ORCL240920C00130000,130.0,2024-09-20,2024-09-11,26.62,27.8,26.62,27.45,211,7,26.62,,monthly_30d_slight_itm,weekly_2_strike0,37,57
ORCL,2025-09-24,2025-10-21,backfill,O:ORCL251017C00350000,350.0,2025-10-17,2025-09-24,5.9,5.95,4.1,5.65,2649,208,5.9,,monthly_30d_35d_otm,weekly_2_strike0,23,2649
ORCL,2025-09-24,2025-10-21,backfill,O:ORCL251017C00350000,350.0,2025-10-17,2025-09-25,3.44,3.6,2.52,3.05,3377,211,3.44,,monthly_30d_35d_otm,weekly_2_strike0,23,2649
ORCL,2025-09-24,2025-10-21,backfill,O:ORCL251017C00350000,350.0,2025-10-17,2025-09-26,2.9,2.96,1.7,1.71,994,171,2.9,,monthly_30d_35d_otm,weekly_2_strike0,23,2649
ORCL,2025-09-24,2025-10-21,backfill,O:ORCL251017C00350000,350.0,2025-10-17,2025-09-29,1.64,1.74,1.35,1.46,740,133,1.64,,monthly_30d_35d_otm,weekly_2_strike0,23,2649
ORCL,2025-09-24,2025-10-21,backfill,O:ORCL251017C00350000,350.0,2025-10-17,2025-09-30,1.4,1.4,0.88,1.09,1348,128,1.4,,monthly_30d_35d_otm,weekly_2_strike0,23,2649
ORCL,2025-09-24,2025-10-21,backfill,O:ORCL251017C00350000,350.0,2025-10-17,2025-10-01,0.84,1.74,0.83,1.63,2227,148,0.84,,monthly_30d_35d_otm,weekly_2_strike0,23,2649
ORCL,2025-09-24,2025-10-21,backfill,O:ORCL251017C00350000,350.0,2025-10-17,2025-10-02,1.64,1.86,1.21,1.29,1048,117,1.64,,monthly_30d_35d_otm,weekly_2_strike0,23,2649
ORCL,2025-09-24,2025-10-21,backfill,O:ORCL251017C00350000,350.0,2025-10-17,2025-10-03,1.36,1.57,0.86,0.88,1106,108,1.36,,monthly_30d_35d_otm,weekly_2_strike0,23,2649
ORCL,2025-09-24,2025-10-21,backfill,O:ORCL251017C00350000,350.0,2025-10-17,2025-10-06,1.23,1.6,1.14,1.25,695,105,1.23,,monthly_30d_35d_otm,weekly_2_strike0,23,2649
ORCL,2025-09-24,2025-10-21,backfill,O:ORCL251017C00350000,350.0,2025-10-17,2025-10-07,1.13,1.21,0.41,0.63,1517,118,1.13,,monthly_30d_35d_otm,weekly_2_strike0,23,2649
ORCL,2025-09-24,2025-10-21,backfill,O:ORCL251017C00350000,350.0,2025-10-17,2025-10-08,0.9,0.97,0.56,0.82,375,75,0.9,,monthly_30d_35d_otm,weekly_2_strike0,23,2649
ORCL,2025-09-24,2025-10-21,backfill,O:ORCL251017C00350000,350.0,2025-10-17,2025-10-09,0.84,2.29,0.8,1.33,4230,214,0.84,,monthly_30d_35d_otm,weekly_2_strike0,23,2649
ORCL,2025-09-24,2025-10-21,backfill,O:ORCL251017C00350000,350.0,2025-10-17,2025-10-10,1.43,2.2,0.74,0.78,2576,217,1.43,,monthly_30d_35d_otm,weekly_2_strike0,23,2649
ORCL,2025-09-24,2025-10-21,backfill,O:ORCL251017C00350000,350.0,2025-10-17,2025-10-13,1.0,1.96,0.73,1.51,4987,250,1.0,,monthly_30d_35d_otm,weekly_2_strike0,23,2649
ORCL,2025-09-24,2025-10-21,backfill,O:ORCL251017C00350000,350.0,2025-10-17,2025-10-14,0.89,1.15,0.38,0.54,2935,153,0.89,,monthly_30d_35d_otm,weekly_2_strike0,23,2649
ORCL,2025-09-24,2025-10-21,backfill,O:ORCL251017C00350000,350.0,2025-10-17,2025-10-15,0.71,1.23,0.44,0.48,2736,186,0.71,,monthly_30d_35d_otm,weekly_2_strike0,23,2649
ORCL,2025-09-24,2025-10-21,backfill,O:ORCL251017C00350000,350.0,2025-10-17,2025-10-16,0.61,1.48,0.2,0.25,12999,269,0.61,,monthly_30d_35d_otm,weekly_2_strike0,23,2649
ORCL,2025-09-24,2025-10-21,backfill,O:ORCL251017C00350000,350.0,2025-10-17,2025-10-17,0.03,0.06,0.01,0.01,1944,92,0.03,,monthly_30d_35d_otm,weekly_2_strike0,23,2649
OXY,2024-02-29,2024-03-27,backfill,O:OXY240419C00060000,60.0,2024-04-19,2024-02-29,2.26,2.54,2.15,2.45,599,36,2.26,,monthly_45d_atm,weekly_2_strike0,50,599
OXY,2024-02-29,2024-03-27,backfill,O:OXY240419C00060000,60.0,2024-04-19,2024-03-01,2.6,3.01,2.53,2.82,433,67,2.6,,monthly_45d_atm,weekly_2_strike0,50,599
OXY,2024-02-29,2024-03-27,backfill,O:OXY240419C00060000,60.0,2024-04-19,2024-03-04,3.03,3.03,2.33,2.39,406,54,3.03,,monthly_45d_atm,weekly_2_strike0,50,599
OXY,2024-02-29,2024-03-27,backfill,O:OXY240419C00060000,60.0,2024-04-19,2024-03-05,2.28,2.68,2.1,2.34,483,46,2.28,,monthly_45d_atm,weekly_2_strike0,50,599
OXY,2024-02-29,2024-03-27,backfill,O:OXY240419C00060000,60.0,2024-04-19,2024-03-06,2.67,2.98,2.42,2.72,486,40,2.67,,monthly_45d_atm,weekly_2_strike0,50,599
OXY,2024-02-29,2024-03-27,backfill,O:OXY240419C00060000,60.0,2024-04-19,2024-03-07,2.0,2.9,2.0,2.66,167,34,2.0,,monthly_45d_atm,weekly_2_strike0,50,599
OXY,2024-02-29,2024-03-27,backfill,O:OXY240419C00060000,60.0,2024-04-19,2024-03-08,2.72,2.72,2.42,2.5,334,29,2.72,,monthly_45d_atm,weekly_2_strike0,50,599
OXY,2024-02-29,2024-03-27,backfill,O:OXY240419C00060000,60.0,2024-04-19,2024-03-11,2.19,2.92,2.19,2.92,250,32,2.19,,monthly_45d_atm,weekly_2_strike0,50,599
OXY,2024-02-29,2024-03-27,backfill,O:OXY240419C00060000,60.0,2024-04-19,2024-03-12,2.57,2.81,2.45,2.67,664,37,2.57,,monthly_45d_atm,weekly_2_strike0,50,599
OXY,2024-02-29,2024-03-27,backfill,O:OXY240419C00060000,60.0,2024-04-19,2024-03-13,2.85,3.5,2.85,3.2,499,61,2.85,,monthly_45d_atm,weekly_2_strike0,50,599
OXY,2024-02-29,2024-03-27,backfill,O:OXY240419C00060000,60.0,2024-04-19,2024-03-14,3.32,3.75,3.25,3.54,386,46,3.32,,monthly_45d_atm,weekly_2_strike0,50,599
OXY,2024-02-29,2024-03-27,backfill,O:OXY240419C00060000,60.0,2024-04-19,2024-03-15,3.75,3.85,3.29,3.45,286,30,3.75,,monthly_45d_atm,weekly_2_strike0,50,599
OXY,2024-02-29,2024-03-27,backfill,O:OXY240419C00060000,60.0,2024-04-19,2024-03-18,3.8,4.1,3.25,3.93,225,41,3.8,,monthly_45d_atm,weekly_2_strike0,50,599
OXY,2024-02-29,2024-03-27,backfill,O:OXY240419C00060000,60.0,2024-04-19,2024-03-19,3.95,4.66,3.85,4.62,432,48,3.95,,monthly_45d_atm,weekly_2_strike0,50,599
OXY,2024-02-29,2024-03-27,backfill,O:OXY240419C00060000,60.0,2024-04-19,2024-03-20,4.35,4.6,4.25,4.35,324,32,4.35,,monthly_45d_atm,weekly_2_strike0,50,599
OXY,2024-02-29,2024-03-27,backfill,O:OXY240419C00060000,60.0,2024-04-19,2024-03-21,4.3,4.72,4.3,4.45,349,33,4.3,,monthly_45d_atm,weekly_2_strike0,50,599
OXY,2024-02-29,2024-03-27,backfill,O:OXY240419C00060000,60.0,2024-04-19,2024-03-22,4.6,4.7,4.12,4.2,82,19,4.6,,monthly_45d_atm,weekly_2_strike0,50,599
OXY,2024-02-29,2024-03-27,backfill,O:OXY240419C00060000,60.0,2024-04-19,2024-03-25,4.45,5.25,4.45,4.91,150,23,4.45,,monthly_45d_atm,weekly_2_strike0,50,599
OXY,2024-02-29,2024-03-27,backfill,O:OXY240419C00060000,60.0,2024-04-19,2024-03-26,4.95,4.95,3.8,3.82,74,14,4.95,,monthly_45d_atm,weekly_2_strike0,50,599
OXY,2024-02-29,2024-03-27,backfill,O:OXY240419C00060000,60.0,2024-04-19,2024-03-27,3.8,4.23,3.8,4.21,44,10,3.8,,monthly_45d_atm,weekly_2_strike0,50,599
OXY,2025-01-17,2025-01-31,backfill,O:OXY250221C00055000,55.0,2025-02-21,2025-01-17,0.94,0.94,0.71,0.76,1551,101,0.94,,monthly_30d_25d_otm,weekly_1_strike0,35,1551
OXY,2025-01-17,2025-01-31,backfill,O:OXY250221C00055000,55.0,2025-02-21,2025-01-21,0.65,0.69,0.36,0.41,1407,121,0.65,,monthly_30d_25d_otm,weekly_1_strike0,35,1551
OXY,2025-01-17,2025-01-31,backfill,O:OXY250221C00055000,55.0,2025-02-21,2025-01-22,0.5,0.5,0.32,0.4,658,78,0.5,,monthly_30d_25d_otm,weekly_1_strike0,35,1551
OXY,2025-01-17,2025-01-31,backfill,O:OXY250221C00055000,55.0,2025-02-21,2025-01-23,0.43,0.54,0.35,0.37,777,78,0.43,,monthly_30d_25d_otm,weekly_1_strike0,35,1551
OXY,2025-01-17,2025-01-31,backfill,O:OXY250221C00055000,55.0,2025-02-21,2025-01-24,0.38,0.43,0.24,0.24,1490,74,0.38,,monthly_30d_25d_otm,weekly_1_strike0,35,1551
OXY,2025-01-17,2025-01-31,backfill,O:OXY250221C00055000,55.0,2025-02-21,2025-01-27,0.32,0.36,0.28,0.33,516,58,0.32,,monthly_30d_25d_otm,weekly_1_strike0,35,1551
OXY,2025-01-17,2025-01-31,backfill,O:OXY250221C00055000,55.0,2025-02-21,2025-01-28,0.27,0.33,0.17,0.23,813,47,0.27,,monthly_30d_25d_otm,weekly_1_strike0,35,1551
OXY,2025-01-17,2025-01-31,backfill,O:OXY250221C00055000,55.0,2025-02-21,2025-01-29,0.22,0.23,0.19,0.19,117,22,0.22,,monthly_30d_25d_otm,weekly_1_strike0,35,1551
OXY,2025-01-17,2025-01-31,backfill,O:OXY250221C00055000,55.0,2025-02-21,2025-01-30,0.2,0.2,0.15,0.18,308,42,0.2,,monthly_30d_25d_otm,weekly_1_strike0,35,1551
OXY,2025-01-17,2025-01-31,backfill,O:OXY250221C00055000,55.0,2025-02-21,2025-01-31,0.18,0.2,0.08,0.08,2777,79,0.18,,monthly_30d_25d_otm,weekly_1_strike0,35,1551
PANW,2020-05-18,2020-06-15,backfill,O:PANW200619C00235000,235.0,2020-06-19,2020-05-18,10.21,10.4,8.45,8.85,54,6,10.21,,monthly_30d_35d_otm,weekly_2_strike0,32,54
PANW,2020-05-18,2020-06-15,backfill,O:PANW200619C00235000,235.0,2020-06-19,2020-05-19,10.9,11.05,9.7,9.7,31,11,10.9,,monthly_30d_35d_otm,weekly_2_strike0,32,54
PANW,2020-05-18,2020-06-15,backfill,O:PANW200619C00235000,235.0,2020-06-19,2020-05-20,12.35,13.04,11.59,12.8,24,15,12.35,,monthly_30d_35d_otm,weekly_2_strike0,32,54
PANW,2020-05-18,2020-06-15,backfill,O:PANW200619C00235000,235.0,2020-06-19,2020-05-21,12.1,14.0,9.67,9.67,84,29,12.1,,monthly_30d_35d_otm,weekly_2_strike0,32,54
PANW,2020-05-18,2020-06-15,backfill,O:PANW200619C00235000,235.0,2020-06-19,2020-05-22,11.3,14.44,8.39,11.03,111,38,11.3,,monthly_30d_35d_otm,weekly_2_strike0,32,54
PANW,2020-05-18,2020-06-15,backfill,O:PANW200619C00235000,235.0,2020-06-19,2020-05-26,12.3,12.3,6.59,6.59,60,29,12.3,,monthly_30d_35d_otm,weekly_2_strike0,32,54
PANW,2020-05-18,2020-06-15,backfill,O:PANW200619C00235000,235.0,2020-06-19,2020-05-27,5.0,6.0,3.45,6.0,26,11,5.0,,monthly_30d_35d_otm,weekly_2_strike0,32,54
PANW,2020-05-18,2020-06-15,backfill,O:PANW200619C00235000,235.0,2020-06-19,2020-05-28,5.55,6.65,5.5,5.7,48,13,5.55,,monthly_30d_35d_otm,weekly_2_strike0,32,54
PANW,2020-05-18,2020-06-15,backfill,O:PANW200619C00235000,235.0,2020-06-19,2020-05-29,5.27,7.45,5.27,7.45,25,11,5.27,,monthly_30d_35d_otm,weekly_2_strike0,32,54
PANW,2020-05-18,2020-06-15,backfill,O:PANW200619C00235000,235.0,2020-06-19,2020-06-01,7.0,9.61,7.0,9.61,40,14,7.0,,monthly_30d_35d_otm,weekly_2_strike0,32,54
PANW,2020-05-18,2020-06-15,backfill,O:PANW200619C00235000,235.0,2020-06-19,2020-06-02,8.6,9.75,8.2,9.75,35,8,8.6,,monthly_30d_35d_otm,weekly_2_strike0,32,54
PANW,2020-05-18,2020-06-15,backfill,O:PANW200619C00235000,235.0,2020-06-19,2020-06-03,7.6,7.6,6.17,6.17,9,6,7.6,,monthly_30d_35d_otm,weekly_2_strike0,32,54
PANW,2020-05-18,2020-06-15,backfill,O:PANW200619C00235000,235.0,2020-06-19,2020-06-04,3.86,4.45,2.71,2.75,46,14,3.86,,monthly_30d_35d_otm,weekly_2_strike0,32,54
PANW,2020-05-18,2020-06-15,backfill,O:PANW200619C00235000,235.0,2020-06-19,2020-06-05,2.6,4.43,2.43,4.0,49,10,2.6,,monthly_30d_35d_otm,weekly_2_strike0,32,54
PANW,2020-05-18,2020-06-15,backfill,O:PANW200619C00235000,235.0,2020-06-19,2020-06-08,3.8,6.72,3.8,6.7,42,18,3.8,,monthly_30d_35d_otm,weekly_2_strike0,32,54
PANW,2020-05-18,2020-06-15,backfill,O:PANW200619C00235000,235.0,2020-06-19,2020-06-09,7.5,7.5,4.9,4.9,36,14,7.5,,monthly_30d_35d_otm,weekly_2_strike0,32,54
PANW,2020-05-18,2020-06-15,backfill,O:PANW200619C00235000,235.0,2020-06-19,2020-06-10,4.86,5.55,4.7,4.95,35,9,4.86,,monthly_30d_35d_otm,weekly_2_strike0,32,54
PANW,2020-05-18,2020-06-15,backfill,O:PANW200619C00235000,235.0,2020-06-19,2020-06-11,2.56,3.3,1.83,1.83,9,6,2.56,,monthly_30d_35d_otm,weekly_2_strike0,32,54
PANW,2020-05-18,2020-06-15,backfill,O:PANW200619C00235000,235.0,2020-06-19,2020-06-12,2.1,2.1,1.0,1.14,12,8,2.1,,monthly_30d_35d_otm,weekly_2_strike0,32,54
PANW,2020-05-18,2020-06-15,backfill,O:PANW200619C00235000,235.0,2020-06-19,2020-06-15,1.0,1.32,0.75,1.11,54,14,1.0,,monthly_30d_35d_otm,weekly_2_strike0,32,54
PANW,2021-09-03,2021-10-01,backfill,O:PANW211015C00500000,500.0,2021-10-15,2021-09-03,4.9,5.1,4.15,5.03,100,25,4.9,,monthly_30d_35d_otm,weekly_1_strike0,42,100
PANW,2021-09-03,2021-10-01,backfill,O:PANW211015C00500000,500.0,2021-10-15,2021-09-07,5.25,5.25,3.3,3.3,1151,17,5.25,,monthly_30d_35d_otm,weekly_1_strike0,42,100
PANW,2021-09-03,2021-10-01,backfill,O:PANW211015C00500000,500.0,2021-10-15,2021-09-08,3.2,4.15,3.0,4.15,68,8,3.2,,monthly_30d_35d_otm,weekly_1_strike0,42,100
PANW,2021-09-03,2021-10-01,backfill,O:PANW211015C00500000,500.0,2021-10-15,2021-09-09,4.03,4.3,3.9,4.28,66,9,4.03,,monthly_30d_35d_otm,weekly_1_strike0,42,100
PANW,2021-09-03,2021-10-01,backfill,O:PANW211015C00500000,500.0,2021-10-15,2021-09-10,6.1,6.1,4.1,5.25,98,28,6.1,,monthly_30d_35d_otm,weekly_1_strike0,42,100
PANW,2021-09-03,2021-10-01,backfill,O:PANW211015C00500000,500.0,2021-10-15,2021-09-13,5.3,9.05,3.0,6.34,187,30,5.3,,monthly_30d_35d_otm,weekly_1_strike0,42,100
PANW,2021-09-03,2021-10-01,backfill,O:PANW211015C00500000,500.0,2021-10-15,2021-09-14,8.0,14.27,8.0,8.9,388,69,8.0,,monthly_30d_35d_otm,weekly_1_strike0,42,100
PANW,2021-09-03,2021-10-01,backfill,O:PANW211015C00500000,500.0,2021-10-15,2021-09-15,9.2,9.2,5.7,7.0,118,40,9.2,,monthly_30d_35d_otm,weekly_1_strike0,42,100
PANW,2021-09-03,2021-10-01,backfill,O:PANW211015C00500000,500.0,2021-10-15,2021-09-16,7.3,8.45,6.1,7.53,245,33,7.3,,monthly_30d_35d_otm,weekly_1_strike0,42,100
PANW,2021-09-03,2021-10-01,backfill,O:PANW211015C00500000,500.0,2021-10-15,2021-09-17,6.6,6.6,4.8,4.8,68,17,6.6,,monthly_30d_35d_otm,weekly_1_strike0,42,100
PANW,2021-09-03,2021-10-01,backfill,O:PANW211015C00500000,500.0,2021-10-15,2021-09-20,3.7,5.11,3.7,4.98,242,24,3.7,,monthly_30d_35d_otm,weekly_1_strike0,42,100
PANW,2021-09-03,2021-10-01,backfill,O:PANW211015C00500000,500.0,2021-10-15,2021-09-21,4.4,4.68,4.0,4.09,25,9,4.4,,monthly_30d_35d_otm,weekly_1_strike0,42,100
PANW,2021-09-03,2021-10-01,backfill,O:PANW211015C00500000,500.0,2021-10-15,2021-09-22,3.5,5.89,3.0,3.79,86,17,3.5,,monthly_30d_35d_otm,weekly_1_strike0,42,100
PANW,2021-09-03,2021-10-01,backfill,O:PANW211015C00500000,500.0,2021-10-15,2021-09-23,3.8,5.4,3.8,5.1,64,15,3.8,,monthly_30d_35d_otm,weekly_1_strike0,42,100
PANW,2021-09-03,2021-10-01,backfill,O:PANW211015C00500000,500.0,2021-10-15,2021-09-24,4.2,7.01,4.2,6.89,72,27,4.2,,monthly_30d_35d_otm,weekly_1_strike0,42,100
PANW,2021-09-03,2021-10-01,backfill,O:PANW211015C00500000,500.0,2021-10-15,2021-09-27,5.67,5.67,4.54,4.9,116,32,5.67,,monthly_30d_35d_otm,weekly_1_strike0,42,100
PANW,2021-09-03,2021-10-01,backfill,O:PANW211015C00500000,500.0,2021-10-15,2021-09-28,2.65,3.66,2.6,3.2,110,13,2.65,,monthly_30d_35d_otm,weekly_1_strike0,42,100
PANW,2021-09-03,2021-10-01,backfill,O:PANW211015C00500000,500.0,2021-10-15,2021-09-29,2.3,3.1,2.05,3.0,32,8,2.3,,monthly_30d_35d_otm,weekly_1_strike0,42,100
PANW,2021-09-03,2021-10-01,backfill,O:PANW211015C00500000,500.0,2021-10-15,2021-09-30,2.5,2.9,2.5,2.9,7,4,2.5,,monthly_30d_35d_otm,weekly_1_strike0,42,100
PANW,2021-09-03,2021-10-01,backfill,O:PANW211015C00500000,500.0,2021-10-15,2021-10-01,3.3,4.2,2.0,4.0,444,39,3.3,,monthly_30d_35d_otm,weekly_1_strike0,42,100
PANW,2023-03-03,2023-03-30,backfill,O:PANW230421C00210000,210.0,2023-04-21,2023-03-03,2.53,3.4,2.45,2.95,2572,48,2.53,,monthly_30d_30d_otm,weekly_1_strike0,49,2572
PANW,2023-03-03,2023-03-30,backfill,O:PANW230421C00210000,210.0,2023-04-21,2023-03-06,2.35,2.35,1.65,1.7,503,46,2.35,,monthly_30d_30d_otm,weekly_1_strike0,49,2572
PANW,2023-03-03,2023-03-30,backfill,O:PANW230421C00210000,210.0,2023-04-21,2023-03-07,1.67,1.9,1.55,1.56,78,16,1.67,,monthly_30d_30d_otm,weekly_1_strike0,49,2572
PANW,2023-03-03,2023-03-30,backfill,O:PANW230421C00210000,210.0,2023-04-21,2023-03-08,1.64,1.76,1.47,1.5,406,17,1.64,,monthly_30d_30d_otm,weekly_1_strike0,49,2572
PANW,2023-03-03,2023-03-30,backfill,O:PANW230421C00210000,210.0,2023-04-21,2023-03-09,1.57,1.57,1.03,1.1,187,22,1.57,,monthly_30d_30d_otm,weekly_1_strike0,49,2572
PANW,2023-03-03,2023-03-30,backfill,O:PANW230421C00210000,210.0,2023-04-21,2023-03-10,1.01,1.6,0.9,1.5,457,30,1.01,,monthly_30d_30d_otm,weekly_1_strike0,49,2572
PANW,2023-03-03,2023-03-30,backfill,O:PANW230421C00210000,210.0,2023-04-21,2023-03-13,1.31,1.71,1.31,1.44,130,17,1.31,,monthly_30d_30d_otm,weekly_1_strike0,49,2572
PANW,2023-03-03,2023-03-30,backfill,O:PANW230421C00210000,210.0,2023-04-21,2023-03-14,1.31,1.31,0.8,0.84,281,26,1.31,,monthly_30d_30d_otm,weekly_1_strike0,49,2572
PANW,2023-03-03,2023-03-30,backfill,O:PANW230421C00210000,210.0,2023-04-21,2023-03-15,0.79,0.9,0.75,0.77,55,16,0.79,,monthly_30d_30d_otm,weekly_1_strike0,49,2572
PANW,2023-03-03,2023-03-30,backfill,O:PANW230421C00210000,210.0,2023-04-21,2023-03-16,1.01,1.2,0.67,1.1,223,26,1.01,,monthly_30d_30d_otm,weekly_1_strike0,49,2572
PANW,2023-03-03,2023-03-30,backfill,O:PANW230421C00210000,210.0,2023-04-21,2023-03-17,1.3,1.41,1.0,1.12,46,12,1.3,,monthly_30d_30d_otm,weekly_1_strike0,49,2572
PANW,2023-03-03,2023-03-30,backfill,O:PANW230421C00210000,210.0,2023-04-21,2023-03-20,0.78,0.94,0.78,0.94,159,18,0.78,,monthly_30d_30d_otm,weekly_1_strike0,49,2572
PANW,2023-03-03,2023-03-30,backfill,O:PANW230421C00210000,210.0,2023-04-21,2023-03-21,1.0,1.57,0.86,1.57,53,18,1.0,,monthly_30d_30d_otm,weekly_1_strike0,49,2572
PANW,2023-03-03,2023-03-30,backfill,O:PANW230421C00210000,210.0,2023-04-21,2023-03-22,1.1,1.55,1.1,1.14,62,16,1.1,,monthly_30d_30d_otm,weekly_1_strike0,49,2572
PANW,2023-03-03,2023-03-30,backfill,O:PANW230421C00210000,210.0,2023-04-21,2023-03-23,1.35,1.55,1.23,1.38,110,18,1.35,,monthly_30d_30d_otm,weekly_1_strike0,49,2572
PANW,2023-03-03,2023-03-30,backfill,O:PANW230421C00210000,210.0,2023-04-21,2023-03-24,1.05,1.15,0.9,0.99,38,10,1.05,,monthly_30d_30d_otm,weekly_1_strike0,49,2572
PANW,2023-03-03,2023-03-30,backfill,O:PANW230421C00210000,210.0,2023-04-21,2023-03-27,0.98,1.01,0.79,0.85,117,20,0.98,,monthly_30d_30d_otm,weekly_1_strike0,49,2572
PANW,2023-03-03,2023-03-30,backfill,O:PANW230421C00210000,210.0,2023-04-21,2023-03-28,0.74,0.74,0.55,0.58,48,11,0.74,,monthly_30d_30d_otm,weekly_1_strike0,49,2572
PANW,2023-03-03,2023-03-30,backfill,O:PANW230421C00210000,210.0,2023-04-21,2023-03-29,0.56,0.65,0.47,0.62,78,13,0.56,,monthly_30d_30d_otm,weekly_1_strike0,49,2572
PANW,2023-03-03,2023-03-30,backfill,O:PANW230421C00210000,210.0,2023-04-21,2023-03-30,0.67,0.67,0.53,0.6,44,12,0.67,,monthly_30d_30d_otm,weekly_1_strike0,49,2572
PANW,2023-10-16,2023-10-26,backfill,O:PANW231117C00270000,270.0,2023-11-17,2023-10-16,8.2,10.29,8.2,8.43,146,33,8.2,,monthly_30d_30d_otm,weekly_2_strike0,32,146
PANW,2023-10-16,2023-10-26,backfill,O:PANW231117C00270000,270.0,2023-11-17,2023-10-17,7.97,10.17,7.97,8.15,164,30,7.97,,monthly_30d_30d_otm,weekly_2_strike0,32,146
PANW,2023-10-16,2023-10-26,backfill,O:PANW231117C00270000,270.0,2023-11-17,2023-10-18,8.25,10.1,8.25,8.35,380,53,8.25,,monthly_30d_30d_otm,weekly_2_strike0,32,146
PANW,2023-10-16,2023-10-26,backfill,O:PANW231117C00270000,270.0,2023-11-17,2023-10-19,9.45,9.45,4.89,5.0,196,51,9.45,,monthly_30d_30d_otm,weekly_2_strike0,32,146
PANW,2023-10-16,2023-10-26,backfill,O:PANW231117C00270000,270.0,2023-11-17,2023-10-20,4.5,4.5,2.4,2.82,159,67,4.5,,monthly_30d_30d_otm,weekly_2_strike0,32,146
PANW,2023-10-16,2023-10-26,backfill,O:PANW231117C00270000,270.0,2023-11-17,2023-10-23,1.95,3.5,1.95,3.04,60,21,1.95,,monthly_30d_30d_otm,weekly_2_strike0,32,146
PANW,2023-10-16,2023-10-26,backfill,O:PANW231117C00270000,270.0,2023-11-17,2023-10-24,3.5,4.4,3.5,4.3,33,22,3.5,,monthly_30d_30d_otm,weekly_2_strike0,32,146
PANW,2023-10-16,2023-10-26,backfill,O:PANW231117C00270000,270.0,2023-11-17,2023-10-25,4.5,5.25,2.53,2.73,108,32,4.5,,monthly_30d_30d_otm,weekly_2_strike0,32,146
PANW,2023-10-16,2023-10-26,backfill,O:PANW231117C00270000,270.0,2023-11-17,2023-10-26,3.09,3.1,1.33,1.55,189,39,3.09,,monthly_30d_30d_otm,weekly_2_strike0,32,146
PANW,2025-10-16,2025-11-12,backfill,O:PANW251121C00220000,220.0,2025-11-21,2025-10-16,7.0,7.35,5.65,5.96,169,50,7.0,,monthly_30d_25d_otm,weekly_2_strike0,36,169
PANW,2025-10-16,2025-11-12,backfill,O:PANW251121C00220000,220.0,2025-11-21,2025-10-17,5.8,6.5,5.3,6.2,235,53,5.8,,monthly_30d_25d_otm,weekly_2_strike0,36,169
PANW,2025-10-16,2025-11-12,backfill,O:PANW251121C00220000,220.0,2025-11-21,2025-10-20,6.8,7.28,6.5,7.25,717,65,6.8,,monthly_30d_25d_otm,weekly_2_strike0,36,169
PANW,2025-10-16,2025-11-12,backfill,O:PANW251121C00220000,220.0,2025-11-21,2025-10-21,7.15,8.25,6.77,8.02,277,43,7.15,,monthly_30d_25d_otm,weekly_2_strike0,36,169
PANW,2025-10-16,2025-11-12,backfill,O:PANW251121C00220000,220.0,2025-11-21,2025-10-22,7.64,7.8,6.65,7.55,78,29,7.64,,monthly_30d_25d_otm,weekly_2_strike0,36,169
PANW,2025-10-16,2025-11-12,backfill,O:PANW251121C00220000,220.0,2025-11-21,2025-10-23,7.45,9.0,7.15,7.84,114,34,7.45,,monthly_30d_25d_otm,weekly_2_strike0,36,169
PANW,2025-10-16,2025-11-12,backfill,O:PANW251121C00220000,220.0,2025-11-21,2025-10-24,9.05,9.1,7.95,8.97,161,48,9.05,,monthly_30d_25d_otm,weekly_2_strike0,36,169
PANW,2025-10-16,2025-11-12,backfill,O:PANW251121C00220000,220.0,2025-11-21,2025-10-27,9.5,10.3,8.9,9.8,213,58,9.5,,monthly_30d_25d_otm,weekly_2_strike0,36,169
PANW,2025-10-16,2025-11-12,backfill,O:PANW251121C00220000,220.0,2025-11-21,2025-10-28,10.05,11.65,9.9,10.9,278,55,10.05,,monthly_30d_25d_otm,weekly_2_strike0,36,169
PANW,2025-10-16,2025-11-12,backfill,O:PANW251121C00220000,220.0,2025-11-21,2025-10-29,9.35,9.8,8.1,8.68,255,51,9.35,,monthly_30d_25d_otm,weekly_2_strike0,36,169
PANW,2025-10-16,2025-11-12,backfill,O:PANW251121C00220000,220.0,2025-11-21,2025-10-30,8.57,10.7,8.57,8.82,69,31,8.57,,monthly_30d_25d_otm,weekly_2_strike0,36,169
PANW,2025-10-16,2025-11-12,backfill,O:PANW251121C00220000,220.0,2025-11-21,2025-10-31,9.29,10.4,8.85,10.4,59,28,9.29,,monthly_30d_25d_otm,weekly_2_strike0,36,169
PANW,2025-10-16,2025-11-12,backfill,O:PANW251121C00220000,220.0,2025-11-21,2025-11-03,8.25,9.65,7.5,9.35,272,43,8.25,,monthly_30d_25d_otm,weekly_2_strike0,36,169
PANW,2025-10-16,2025-11-12,backfill,O:PANW251121C00220000,220.0,2025-11-21,2025-11-04,8.0,9.05,6.75,7.35,180,38,8.0,,monthly_30d_25d_otm,weekly_2_strike0,36,169
PANW,2025-10-16,2025-11-12,backfill,O:PANW251121C00220000,220.0,2025-11-21,2025-11-05,7.26,7.85,6.3,6.5,272,27,7.26,,monthly_30d_25d_otm,weekly_2_strike0,36,169
PANW,2025-10-16,2025-11-12,backfill,O:PANW251121C00220000,220.0,2025-11-21,2025-11-06,5.43,6.23,4.45,5.9,156,56,5.43,,monthly_30d_25d_otm,weekly_2_strike0,36,169
PANW,2025-10-16,2025-11-12,backfill,O:PANW251121C00220000,220.0,2025-11-21,2025-11-07,5.38,5.77,4.5,5.65,628,47,5.38,,monthly_30d_25d_otm,weekly_2_strike0,36,169
PANW,2025-10-16,2025-11-12,backfill,O:PANW251121C00220000,220.0,2025-11-21,2025-11-10,6.0,7.25,5.65,7.25,167,47,6.0,,monthly_30d_25d_otm,weekly_2_strike0,36,169
PANW,2025-10-16,2025-11-12,backfill,O:PANW251121C00220000,220.0,2025-11-21,2025-11-11,7.55,8.04,6.75,8.04,345,54,7.55,,monthly_30d_25d_otm,weekly_2_strike0,36,169
PANW,2025-10-16,2025-11-12,backfill,O:PANW251121C00220000,220.0,2025-11-21,2025-11-12,8.22,8.6,4.5,4.5,322,69,8.22,,monthly_30d_25d_otm,weekly_2_strike0,36,169
PARA,2023-01-13,2023-02-10,backfill,O:PARA230217C00022500,22.5,2023-02-17,2023-01-13,0.45,0.53,0.45,0.5,259,23,0.45,,monthly_30d_25d_otm,weekly_1_strike0,35,259
PARA,2023-01-13,2023-02-10,backfill,O:PARA230217C00022500,22.5,2023-02-17,2023-01-17,0.51,0.7,0.45,0.67,1357,51,0.51,,monthly_30d_25d_otm,weekly_1_strike0,35,259
PARA,2023-01-13,2023-02-10,backfill,O:PARA230217C00022500,22.5,2023-02-17,2023-01-18,0.65,0.74,0.44,0.44,2021,58,0.65,,monthly_30d_25d_otm,weekly_1_strike0,35,259
PARA,2023-01-13,2023-02-10,backfill,O:PARA230217C00022500,22.5,2023-02-17,2023-01-19,0.4,0.4,0.3,0.34,220,30,0.4,,monthly_30d_25d_otm,weekly_1_strike0,35,259
PARA,2023-01-13,2023-02-10,backfill,O:PARA230217C00022500,22.5,2023-02-17,2023-01-20,0.35,0.5,0.3,0.48,440,59,0.35,,monthly_30d_25d_otm,weekly_1_strike0,35,259
PARA,2023-01-13,2023-02-10,backfill,O:PARA230217C00022500,22.5,2023-02-17,2023-01-23,0.43,0.81,0.43,0.76,896,60,0.43,,monthly_30d_25d_otm,weekly_1_strike0,35,259
PARA,2023-01-13,2023-02-10,backfill,O:PARA230217C00022500,22.5,2023-02-17,2023-01-24,0.75,0.77,0.62,0.62,113,14,0.75,,monthly_30d_25d_otm,weekly_1_strike0,35,259
PARA,2023-01-13,2023-02-10,backfill,O:PARA230217C00022500,22.5,2023-02-17,2023-01-25,0.52,1.11,0.49,1.04,501,46,0.52,,monthly_30d_25d_otm,weekly_1_strike0,35,259
PARA,2023-01-13,2023-02-10,backfill,O:PARA230217C00022500,22.5,2023-02-17,2023-01-26,1.14,1.41,1.03,1.21,847,70,1.14,,monthly_30d_25d_otm,weekly_1_strike0,35,259
PARA,2023-01-13,2023-02-10,backfill,O:PARA230217C00022500,22.5,2023-02-17,2023-01-27,1.1,1.76,1.1,1.68,374,59,1.1,,monthly_30d_25d_otm,weekly_1_strike0,35,259
PARA,2023-01-13,2023-02-10,backfill,O:PARA230217C00022500,22.5,2023-02-17,2023-01-30,1.48,1.66,1.35,1.37,291,29,1.48,,monthly_30d_25d_otm,weekly_1_strike0,35,259
PARA,2023-01-13,2023-02-10,backfill,O:PARA230217C00022500,22.5,2023-02-17,2023-01-31,0.89,1.65,0.89,1.65,176,28,0.89,,monthly_30d_25d_otm,weekly_1_strike0,35,259
PARA,2023-01-13,2023-02-10,backfill,O:PARA230217C00022500,22.5,2023-02-17,2023-02-01,1.66,2.45,1.54,2.45,115,26,1.66,,monthly_30d_25d_otm,weekly_1_strike0,35,259
PARA,2023-01-13,2023-02-10,backfill,O:PARA230217C00022500,22.5,2023-02-17,2023-02-02,2.98,3.59,2.95,3.0,156,25,2.98,,monthly_30d_25d_otm,weekly_1_strike0,35,259
PARA,2023-01-13,2023-02-10,backfill,O:PARA230217C00022500,22.5,2023-02-17,2023-02-03,2.58,2.99,2.52,2.52,209,23,2.58,,monthly_30d_25d_otm,weekly_1_strike0,35,259
PARA,2023-01-13,2023-02-10,backfill,O:PARA230217C00022500,22.5,2023-02-17,2023-02-06,2.22,2.35,2.14,2.18,178,18,2.22,,monthly_30d_25d_otm,weekly_1_strike0,35,259
PARA,2023-01-13,2023-02-10,backfill,O:PARA230217C00022500,22.5,2023-02-17,2023-02-07,1.99,1.99,1.3,1.56,188,20,1.99,,monthly_30d_25d_otm,weekly_1_strike0,35,259
PARA,2023-01-13,2023-02-10,backfill,O:PARA230217C00022500,22.5,2023-02-17,2023-02-08,1.56,1.56,1.04,1.05,414,21,1.56,,monthly_30d_25d_otm,weekly_1_strike0,35,259
PARA,2023-01-13,2023-02-10,backfill,O:PARA230217C00022500,22.5,2023-02-17,2023-02-09,1.02,1.11,0.68,0.68,852,54,1.02,,monthly_30d_25d_otm,weekly_1_strike0,35,259
PARA,2023-01-13,2023-02-10,backfill,O:PARA230217C00022500,22.5,2023-02-17,2023-02-10,0.65,0.76,0.56,0.63,515,41,0.65,,monthly_30d_25d_otm,weekly_1_strike0,35,259
PARA,2023-11-27,2023-12-22,backfill,O:PARA240119C00017500,17.5,2024-01-19,2023-11-27,0.17,0.21,0.16,0.21,329,19,0.17,,monthly_45d_25d_otm,weekly_2_strike0,53,329
PARA,2023-11-27,2023-12-22,backfill,O:PARA240119C00017500,17.5,2024-01-19,2023-11-28,0.19,0.19,0.14,0.17,526,12,0.19,,monthly_45d_25d_otm,weekly_2_strike0,53,329
PARA,2023-11-27,2023-12-22,backfill,O:PARA240119C00017500,17.5,2024-01-19,2023-11-29,0.16,0.2,0.16,0.2,225,21,0.16,,monthly_45d_25d_otm,weekly_2_strike0,53,329
PARA,2023-11-27,2023-12-22,backfill,O:PARA240119C00017500,17.5,2024-01-19,2023-11-30,0.21,0.21,0.18,0.2,193,15,0.21,,monthly_45d_25d_otm,weekly_2_strike0,53,329
PARA,2023-11-27,2023-12-22,backfill,O:PARA240119C00017500,17.5,2024-01-19,2023-12-01,0.24,0.5,0.22,0.49,7142,109,0.24,,monthly_45d_25d_otm,weekly_2_strike0,53,329
PARA,2023-11-27,2023-12-22,backfill,O:PARA240119C00017500,17.5,2024-01-19,2023-12-04,0.5,0.53,0.32,0.52,934,51,0.5,,monthly_45d_25d_otm,weekly_2_strike0,53,329
PARA,2023-11-27,2023-12-22,backfill,O:PARA240119C00017500,17.5,2024-01-19,2023-12-05,0.46,0.46,0.37,0.37,1203,36,0.46,,monthly_45d_25d_otm,weekly_2_strike0,53,329
PARA,2023-11-27,2023-12-22,backfill,O:PARA240119C00017500,17.5,2024-01-19,2023-12-06,0.38,0.43,0.3,0.3,2224,26,0.38,,monthly_45d_25d_otm,weekly_2_strike0,53,329
PARA,2023-11-27,2023-12-22,backfill,O:PARA240119C00017500,17.5,2024-01-19,2023-12-07,0.31,0.32,0.26,0.27,2108,19,0.31,,monthly_45d_25d_otm,weekly_2_strike0,53,329
PARA,2023-11-27,2023-12-22,backfill,O:PARA240119C00017500,17.5,2024-01-19,2023-12-08,0.54,1.13,0.54,0.92,8482,188,0.54,,monthly_45d_25d_otm,weekly_2_strike0,53,329
PARA,2023-11-27,2023-12-22,backfill,O:PARA240119C00017500,17.5,2024-01-19,2023-12-11,1.16,1.2,0.68,0.75,16051,140,1.16,,monthly_45d_25d_otm,weekly_2_strike0,53,329
PARA,2023-11-27,2023-12-22,backfill,O:PARA240119C00017500,17.5,2024-01-19,2023-12-12,0.75,0.75,0.48,0.51,11072,109,0.75,,monthly_45d_25d_otm,weekly_2_strike0,53,329
PARA,2023-11-27,2023-12-22,backfill,O:PARA240119C00017500,17.5,2024-01-19,2023-12-13,0.49,0.73,0.38,0.63,13954,138,0.49,,monthly_45d_25d_otm,weekly_2_strike0,53,329
PARA,2023-11-27,2023-12-22,backfill,O:PARA240119C00017500,17.5,2024-01-19,2023-12-14,1.0,1.04,0.68,0.96,6728,168,1.0,,monthly_45d_25d_otm,weekly_2_strike0,53,329
PARA,2023-11-27,2023-12-22,backfill,O:PARA240119C00017500,17.5,2024-01-19,2023-12-15,0.7,0.97,0.69,0.81,3303,106,0.7,,monthly_45d_25d_otm,weekly_2_strike0,53,329
PARA,2023-11-27,2023-12-22,backfill,O:PARA240119C00017500,17.5,2024-01-19,2023-12-18,0.76,0.8,0.46,0.59,1795,76,0.76,,monthly_45d_25d_otm,weekly_2_strike0,53,329
PARA,2023-11-27,2023-12-22,backfill,O:PARA240119C00017500,17.5,2024-01-19,2023-12-19,0.6,0.61,0.36,0.54,731,54,0.6,,monthly_45d_25d_otm,weekly_2_strike0,53,329
PARA,2023-11-27,2023-12-22,backfill,O:PARA240119C00017500,17.5,2024-01-19,2023-12-20,0.56,0.85,0.42,0.85,4669,78,0.56,,monthly_45d_25d_otm,weekly_2_strike0,53,329
PARA,2023-11-27,2023-12-22,backfill,O:PARA240119C00017500,17.5,2024-01-19,2023-12-21,0.62,0.62,0.4,0.47,2732,72,0.62,,monthly_45d_25d_otm,weekly_2_strike0,53,329
PARA,2023-11-27,2023-12-22,backfill,O:PARA240119C00017500,17.5,2024-01-19,2023-12-22,0.45,0.48,0.34,0.36,3004,51,0.45,,monthly_45d_25d_otm,weekly_2_strike0,53,329
PARA,2025-01-13,2025-02-10,backfill,O:PARA250221C00011000,11.0,2025-02-21,2025-01-13,0.21,0.27,0.17,0.27,3582,25,0.21,,monthly_30d_30d_otm,weekly_2_strike0,39,3582
PARA,2025-01-13,2025-02-10,backfill,O:PARA250221C00011000,11.0,2025-02-21,2025-01-14,0.25,0.3,0.23,0.25,797,14,0.25,,monthly_30d_30d_otm,weekly_2_strike0,39,3582
PARA,2025-01-13,2025-02-10,backfill,O:PARA250221C00011000,11.0,2025-02-21,2025-01-15,0.23,0.23,0.16,0.19,374,22,0.23,,monthly_30d_30d_otm,weekly_2_strike0,39,3582
PARA,2025-01-13,2025-02-10,backfill,O:PARA250221C00011000,11.0,2025-02-21,2025-01-16,0.18,0.19,0.12,0.13,8665,20,0.18,,monthly_30d_30d_otm,weekly_2_strike0,39,3582
PARA,2025-01-13,2025-02-10,backfill,O:PARA250221C00011000,11.0,2025-02-21,2025-01-17,0.12,0.17,0.11,0.14,4250,38,0.12,,monthly_30d_30d_otm,weekly_2_strike0,39,3582
PARA,2025-01-13,2025-02-10,backfill,O:PARA250221C00011000,11.0,2025-02-21,2025-01-21,0.13,0.15,0.09,0.12,3727,46,0.13,,monthly_30d_30d_otm,weekly_2_strike0,39,3582
PARA,2025-01-13,2025-02-10,backfill,O:PARA250221C00011000,11.0,2025-02-21,2025-01-22,0.15,0.17,0.11,0.14,67,14,0.15,,monthly_30d_30d_otm,weekly_2_strike0,39,3582
PARA,2025-01-13,2025-02-10,backfill,O:PARA250221C00011000,11.0,2025-02-21,2025-01-23,0.14,0.2,0.14,0.2,4646,51,0.14,,monthly_30d_30d_otm,weekly_2_strike0,39,3582
PARA,2025-01-13,2025-02-10,backfill,O:PARA250221C00011000,11.0,2025-02-21,2025-01-24,0.2,0.36,0.15,0.3,23054,70,0.2,,monthly_30d_30d_otm,weekly_2_strike0,39,3582
PARA,2025-01-13,2025-02-10,backfill,O:PARA250221C00011000,11.0,2025-02-21,2025-01-27,0.33,0.34,0.2,0.33,6345,37,0.33,,monthly_30d_30d_otm,weekly_2_strike0,39,3582
PARA,2025-01-13,2025-02-10,backfill,O:PARA250221C00011000,11.0,2025-02-21,2025-01-28,0.25,0.35,0.25,0.29,1598,28,0.25,,monthly_30d_30d_otm,weekly_2_strike0,39,3582
PARA,2025-01-13,2025-02-10,backfill,O:PARA250221C00011000,11.0,2025-02-21,2025-01-29,0.27,0.35,0.27,0.34,861,36,0.27,,monthly_30d_30d_otm,weekly_2_strike0,39,3582
PARA,2025-01-13,2025-02-10,backfill,O:PARA250221C00011000,11.0,2025-02-21,2025-01-30,0.36,0.36,0.17,0.25,7782,23,0.36,,monthly_30d_30d_otm,weekly_2_strike0,39,3582
PARA,2025-01-13,2025-02-10,backfill,O:PARA250221C00011000,11.0,2025-02-21,2025-01-31,0.22,0.25,0.12,0.19,360,17,0.22,,monthly_30d_30d_otm,weekly_2_strike0,39,3582
PARA,2025-01-13,2025-02-10,backfill,O:PARA250221C00011000,11.0,2025-02-21,2025-02-03,0.23,0.23,0.14,0.15,381,19,0.23,,monthly_30d_30d_otm,weekly_2_strike0,39,3582
PARA,2025-01-13,2025-02-10,backfill,O:PARA250221C00011000,11.0,2025-02-21,2025-02-04,0.2,0.21,0.14,0.2,261,22,0.2,,monthly_30d_30d_otm,weekly_2_strike0,39,3582
PARA,2025-01-13,2025-02-10,backfill,O:PARA250221C00011000,11.0,2025-02-21,2025-02-05,0.15,0.17,0.1,0.15,346,7,0.15,,monthly_30d_30d_otm,weekly_2_strike0,39,3582
PARA,2025-01-13,2025-02-10,backfill,O:PARA250221C00011000,11.0,2025-02-21,2025-02-06,0.19,0.19,0.11,0.17,770,27,0.19,,monthly_30d_30d_otm,weekly_2_strike0,39,3582
PARA,2025-01-13,2025-02-10,backfill,O:PARA250221C00011000,11.0,2025-02-21,2025-02-07,0.14,0.19,0.07,0.11,995,39,0.14,,monthly_30d_30d_otm,weekly_2_strike0,39,3582
PARA,2025-01-13,2025-02-10,backfill,O:PARA250221C00011000,11.0,2025-02-21,2025-02-10,0.09,0.09,0.06,0.06,1468,21,0.09,,monthly_30d_30d_otm,weekly_2_strike0,39,3582
PARA,2025-07-30,2025-07-31,backfill,O:PARA250919C00014000,14.0,2025-09-19,2025-07-30,0.25,0.3,0.25,0.26,45,6,0.25,,monthly_45d_30d_otm,weekly_2_strike0,51,45
PARA,2025-07-30,2025-07-31,backfill,O:PARA250919C00014000,14.0,2025-09-19,2025-07-31,0.35,0.36,0.26,0.36,70,3,0.35,,monthly_45d_30d_otm,weekly_2_strike0,51,45
PATH,2023-10-11,2023-11-07,backfill,O:PATH231117C00019000,19.0,2023-11-17,2023-10-11,0.5,0.5,0.37,0.37,31,5,0.5,,monthly_30d_25d_otm,weekly_2_strike0,37,31
PATH,2023-10-11,2023-11-07,backfill,O:PATH231117C00019000,19.0,2023-11-17,2023-10-12,0.3,0.3,0.21,0.21,101,6,0.3,,monthly_30d_25d_otm,weekly_2_strike0,37,31
PATH,2023-10-11,2023-11-07,backfill,O:PATH231117C00019000,19.0,2023-11-17,2023-10-13,0.18,0.2,0.12,0.16,29,7,0.18,,monthly_30d_25d_otm,weekly_2_strike0,37,31
PATH,2023-10-11,2023-11-07,backfill,O:PATH231117C00019000,19.0,2023-11-17,2023-10-16,0.13,0.2,0.13,0.2,25,8,0.13,,monthly_30d_25d_otm,weekly_2_strike0,37,31
PATH,2023-10-11,2023-11-07,backfill,O:PATH231117C00019000,19.0,2023-11-17,2023-10-17,0.16,0.25,0.16,0.21,25,8,0.16,,monthly_30d_25d_otm,weekly_2_strike0,37,31
PATH,2023-10-11,2023-11-07,backfill,O:PATH231117C00019000,19.0,2023-11-17,2023-10-18,0.17,0.18,0.15,0.15,3,3,0.17,,monthly_30d_25d_otm,weekly_2_strike0,37,31
PATH,2023-10-11,2023-11-07,backfill,O:PATH231117C00019000,19.0,2023-11-17,2023-10-19,0.2,0.22,0.2,0.22,43,3,0.2,,monthly_30d_25d_otm,weekly_2_strike0,37,31
PATH,2023-10-11,2023-11-07,backfill,O:PATH231117C00019000,19.0,2023-11-17,2023-10-20,0.11,0.13,0.11,0.13,6,2,0.11,,monthly_30d_25d_otm,weekly_2_strike0,37,31
PATH,2023-10-11,2023-11-07,backfill,O:PATH231117C00019000,19.0,2023-11-17,2023-10-23,0.1,0.13,0.1,0.13,84,5,0.1,,monthly_30d_25d_otm,weekly_2_strike0,37,31
PATH,2023-10-11,2023-11-07,backfill,O:PATH231117C00019000,19.0,2023-11-17,2023-10-24,0.12,0.15,0.12,0.15,357,3,0.12,,monthly_30d_25d_otm,weekly_2_strike0,37,31
PATH,2023-10-11,2023-11-07,backfill,O:PATH231117C00019000,19.0,2023-11-17,2023-10-25,0.07,0.08,0.07,0.08,11,2,0.07,,monthly_30d_25d_otm,weekly_2_strike0,37,31
PATH,2023-10-11,2023-11-07,backfill,O:PATH231117C00019000,19.0,2023-11-17,2023-10-26,0.09,0.1,0.07,0.09,80,2,0.09,,monthly_30d_25d_otm,weekly_2_strike0,37,31
PATH,2023-10-11,2023-11-07,backfill,O:PATH231117C00019000,19.0,2023-11-17,2023-10-27,0.08,0.08,0.08,0.08,1,1,0.08,,monthly_30d_25d_otm,weekly_2_strike0,37,31
PATH,2023-10-11,2023-11-07,backfill,O:PATH231117C00019000,19.0,2023-11-17,2023-10-30,0.08,0.08,0.05,0.05,10,3,0.08,,monthly_30d_25d_otm,weekly_2_strike0,37,31
PATH,2023-10-11,2023-11-07,backfill,O:PATH231117C00019000,19.0,2023-11-17,2023-10-31,0.04,0.05,0.04,0.05,14,3,0.04,,monthly_30d_25d_otm,weekly_2_strike0,37,31
PATH,2023-10-11,2023-11-07,backfill,O:PATH231117C00019000,19.0,2023-11-17,2023-11-01,0.05,0.06,0.05,0.05,3,3,0.05,,monthly_30d_25d_otm,weekly_2_strike0,37,31
PATH,2023-10-11,2023-11-07,backfill,O:PATH231117C00019000,19.0,2023-11-17,2023-11-02,0.06,0.09,0.06,0.09,2,2,0.06,,monthly_30d_25d_otm,weekly_2_strike0,37,31
PATH,2023-10-11,2023-11-07,backfill,O:PATH231117C00019000,19.0,2023-11-17,2023-11-03,0.13,0.16,0.12,0.16,82,12,0.13,,monthly_30d_25d_otm,weekly_2_strike0,37,31
PATH,2023-10-11,2023-11-07,backfill,O:PATH231117C00019000,19.0,2023-11-17,2023-11-07,0.11,0.14,0.07,0.14,23,5,0.11,,monthly_30d_25d_otm,weekly_2_strike0,37,31
PATH,2025-12-05,2026-01-05,backfill,O:PATH260116C00021000,21.0,2026-01-16,2025-12-05,0.7,0.91,0.56,0.72,440,45,0.7,,monthly_30d_30d_otm,weekly_1_strike0,42,440
PATH,2025-12-05,2026-01-05,backfill,O:PATH260116C00021000,21.0,2026-01-16,2025-12-08,1.0,1.12,0.76,0.92,792,58,1.0,,monthly_30d_30d_otm,weekly_1_strike0,42,440
PATH,2025-12-05,2026-01-05,backfill,O:PATH260116C00021000,21.0,2026-01-16,2025-12-09,0.91,0.99,0.72,0.72,163,22,0.91,,monthly_30d_30d_otm,weekly_1_strike0,42,440
PATH,2025-12-05,2026-01-05,backfill,O:PATH260116C00021000,21.0,2026-01-16,2025-12-10,0.66,0.66,0.54,0.61,125,19,0.66,,monthly_30d_30d_otm,weekly_1_strike0,42,440
PATH,2025-12-05,2026-01-05,backfill,O:PATH260116C00021000,21.0,2026-01-16,2025-12-11,0.67,0.67,0.4,0.41,223,22,0.67,,monthly_30d_30d_otm,weekly_1_strike0,42,440
PATH,2025-12-05,2026-01-05,backfill,O:PATH260116C00021000,21.0,2026-01-16,2025-12-12,0.37,0.37,0.25,0.28,621,32,0.37,,monthly_30d_30d_otm,weekly_1_strike0,42,440
PATH,2025-12-05,2026-01-05,backfill,O:PATH260116C00021000,21.0,2026-01-16,2025-12-15,0.26,0.27,0.15,0.16,283,19,0.26,,monthly_30d_30d_otm,weekly_1_strike0,42,440
PATH,2025-12-05,2026-01-05,backfill,O:PATH260116C00021000,21.0,2026-01-16,2025-12-16,0.15,0.16,0.12,0.15,75,6,0.15,,monthly_30d_30d_otm,weekly_1_strike0,42,440
PATH,2025-12-05,2026-01-05,backfill,O:PATH260116C00021000,21.0,2026-01-16,2025-12-17,0.12,0.19,0.12,0.12,65,13,0.12,,monthly_30d_30d_otm,weekly_1_strike0,42,440
PATH,2025-12-05,2026-01-05,backfill,O:PATH260116C00021000,21.0,2026-01-16,2025-12-18,0.13,0.14,0.12,0.12,13,6,0.13,,monthly_30d_30d_otm,weekly_1_strike0,42,440
PATH,2025-12-05,2026-01-05,backfill,O:PATH260116C00021000,21.0,2026-01-16,2025-12-19,0.14,0.14,0.1,0.1,72,9,0.14,,monthly_30d_30d_otm,weekly_1_strike0,42,440
PATH,2025-12-05,2026-01-05,backfill,O:PATH260116C00021000,21.0,2026-01-16,2025-12-22,0.51,0.51,0.11,0.13,81,14,0.51,,monthly_30d_30d_otm,weekly_1_strike0,42,440
PATH,2025-12-05,2026-01-05,backfill,O:PATH260116C00021000,21.0,2026-01-16,2025-12-23,0.14,0.14,0.07,0.07,224,8,0.14,,monthly_30d_30d_otm,weekly_1_strike0,42,440
PATH,2025-12-05,2026-01-05,backfill,O:PATH260116C00021000,21.0,2026-01-16,2025-12-24,0.15,0.17,0.13,0.15,356,19,0.15,,monthly_30d_30d_otm,weekly_1_strike0,42,440
PATH,2025-12-05,2026-01-05,backfill,O:PATH260116C00021000,21.0,2026-01-16,2025-12-26,0.11,0.14,0.1,0.14,864,9,0.11,,monthly_30d_30d_otm,weekly_1_strike0,42,440
PATH,2025-12-05,2026-01-05,backfill,O:PATH260116C00021000,21.0,2026-01-16,2025-12-29,0.09,0.14,0.08,0.12,91,8,0.09,,monthly_30d_30d_otm,weekly_1_strike0,42,440
PATH,2025-12-05,2026-01-05,backfill,O:PATH260116C00021000,21.0,2026-01-16,2025-12-30,0.09,0.09,0.08,0.08,4,4,0.09,,monthly_30d_30d_otm,weekly_1_strike0,42,440
PATH,2025-12-05,2026-01-05,backfill,O:PATH260116C00021000,21.0,2026-01-16,2025-12-31,0.07,0.07,0.04,0.04,93,6,0.07,,monthly_30d_30d_otm,weekly_1_strike0,42,440
PATH,2025-12-05,2026-01-05,backfill,O:PATH260116C00021000,21.0,2026-01-16,2026-01-02,0.06,0.06,0.02,0.03,253,8,0.06,,monthly_30d_30d_otm,weekly_1_strike0,42,440
PATH,2025-12-05,2026-01-05,backfill,O:PATH260116C00021000,21.0,2026-01-16,2026-01-05,0.03,0.04,0.03,0.04,26,9,0.03,,monthly_30d_30d_otm,weekly_1_strike0,42,440
PDD,2022-05-19,2022-06-16,backfill,O:PDD220617C00040000,40.0,2022-06-17,2022-05-19,4.97,6.3,4.97,6.3,87,14,4.97,,monthly_30d_atm,weekly_2_strike0,29,87
PDD,2022-05-19,2022-06-16,backfill,O:PDD220617C00040000,40.0,2022-06-17,2022-05-20,7.15,7.15,4.39,5.07,106,17,7.15,,monthly_30d_atm,weekly_2_strike0,29,87
PDD,2022-05-19,2022-06-16,backfill,O:PDD220617C00040000,40.0,2022-06-17,2022-05-23,4.6,4.65,4.0,4.45,22,6,4.6,,monthly_30d_atm,weekly_2_strike0,29,87
PDD,2022-05-19,2022-06-16,backfill,O:PDD220617C00040000,40.0,2022-06-17,2022-05-24,3.55,3.7,2.86,3.0,56,14,3.55,,monthly_30d_atm,weekly_2_strike0,29,87
PDD,2022-05-19,2022-06-16,backfill,O:PDD220617C00040000,40.0,2022-06-17,2022-05-25,3.65,4.0,3.3,3.8,30,18,3.65,,monthly_30d_atm,weekly_2_strike0,29,87
PDD,2022-05-19,2022-06-16,backfill,O:PDD220617C00040000,40.0,2022-06-17,2022-05-26,4.2,5.6,4.2,5.4,231,49,4.2,,monthly_30d_atm,weekly_2_strike0,29,87
PDD,2022-05-19,2022-06-16,backfill,O:PDD220617C00040000,40.0,2022-06-17,2022-05-27,6.6,9.25,4.65,9.25,344,45,6.6,,monthly_30d_atm,weekly_2_strike0,29,87
PDD,2022-05-19,2022-06-16,backfill,O:PDD220617C00040000,40.0,2022-06-17,2022-05-31,12.0,12.0,10.28,10.75,56,17,12.0,,monthly_30d_atm,weekly_2_strike0,29,87
PDD,2022-05-19,2022-06-16,backfill,O:PDD220617C00040000,40.0,2022-06-17,2022-06-01,12.48,12.48,9.26,10.38,12,7,12.48,,monthly_30d_atm,weekly_2_strike0,29,87
PDD,2022-05-19,2022-06-16,backfill,O:PDD220617C00040000,40.0,2022-06-17,2022-06-02,9.55,13.1,9.55,13.01,25,8,9.55,,monthly_30d_atm,weekly_2_strike0,29,87
PDD,2022-05-19,2022-06-16,backfill,O:PDD220617C00040000,40.0,2022-06-17,2022-06-03,12.25,12.25,10.65,11.24,23,7,12.25,,monthly_30d_atm,weekly_2_strike0,29,87
PDD,2022-05-19,2022-06-16,backfill,O:PDD220617C00040000,40.0,2022-06-17,2022-06-06,15.25,16.7,14.1,14.1,26,5,15.25,,monthly_30d_atm,weekly_2_strike0,29,87
PDD,2022-05-19,2022-06-16,backfill,O:PDD220617C00040000,40.0,2022-06-17,2022-06-07,17.3,19.5,17.3,19.5,23,9,17.3,,monthly_30d_atm,weekly_2_strike0,29,87
PDD,2022-05-19,2022-06-16,backfill,O:PDD220617C00040000,40.0,2022-06-17,2022-06-08,21.61,25.98,21.61,25.98,16,9,21.61,,monthly_30d_atm,weekly_2_strike0,29,87
PDD,2022-05-19,2022-06-16,backfill,O:PDD220617C00040000,40.0,2022-06-17,2022-06-09,19.1,19.1,17.72,18.01,4,4,19.1,,monthly_30d_atm,weekly_2_strike0,29,87
PDD,2022-05-19,2022-06-16,backfill,O:PDD220617C00040000,40.0,2022-06-17,2022-06-10,20.33,21.0,20.33,20.77,4,3,20.33,,monthly_30d_atm,weekly_2_strike0,29,87
PDD,2022-05-19,2022-06-16,backfill,O:PDD220617C00040000,40.0,2022-06-17,2022-06-13,13.23,13.23,13.23,13.23,1,1,13.23,,monthly_30d_atm,weekly_2_strike0,29,87
PDD,2022-05-19,2022-06-16,backfill,O:PDD220617C00040000,40.0,2022-06-17,2022-06-14,16.82,20.46,16.82,20.46,5,2,16.82,,monthly_30d_atm,weekly_2_strike0,29,87
PDD,2022-05-19,2022-06-16,backfill,O:PDD220617C00040000,40.0,2022-06-17,2022-06-16,17.7,17.7,16.6,16.6,2,2,17.7,,monthly_30d_atm,weekly_2_strike0,29,87
PDD,2024-05-30,2024-06-27,backfill,O:PDD240621C00147000,147.0,2024-06-21,2024-05-30,8.95,9.08,8.35,8.35,6,3,8.95,,monthly_30d_slight_itm,weekly_2_strike2,22,6
PDD,2024-05-30,2024-06-27,backfill,O:PDD240621C00147000,147.0,2024-06-21,2024-05-31,6.3,6.35,6.15,6.15,5,3,6.3,,monthly_30d_slight_itm,weekly_2_strike2,22,6
PDD,2024-05-30,2024-06-27,backfill,O:PDD240621C00147000,147.0,2024-06-21,2024-06-03,5.2,5.2,3.9,4.45,52,14,5.2,,monthly_30d_slight_itm,weekly_2_strike2,22,6
PDD,2024-05-30,2024-06-27,backfill,O:PDD240621C00147000,147.0,2024-06-21,2024-06-04,5.1,5.13,2.92,3.9,19,10,5.1,,monthly_30d_slight_itm,weekly_2_strike2,22,6
PDD,2024-05-30,2024-06-27,backfill,O:PDD240621C00147000,147.0,2024-06-21,2024-06-05,2.51,2.85,2.51,2.79,26,6,2.51,,monthly_30d_slight_itm,weekly_2_strike2,22,6
PDD,2024-05-30,2024-06-27,backfill,O:PDD240621C00147000,147.0,2024-06-21,2024-06-06,2.6,3.2,2.45,2.82,103,12,2.6,,monthly_30d_slight_itm,weekly_2_strike2,22,6
PDD,2024-05-30,2024-06-27,backfill,O:PDD240621C00147000,147.0,2024-06-21,2024-06-07,1.58,2.57,1.58,2.38,138,14,1.58,,monthly_30d_slight_itm,weekly_2_strike2,22,6
PDD,2024-05-30,2024-06-27,backfill,O:PDD240621C00147000,147.0,2024-06-21,2024-06-10,2.16,4.3,2.16,4.14,198,28,2.16,,monthly_30d_slight_itm,weekly_2_strike2,22,6
PDD,2024-05-30,2024-06-27,backfill,O:PDD240621C00147000,147.0,2024-06-21,2024-06-11,3.82,4.2,3.17,3.2,28,11,3.82,,monthly_30d_slight_itm,weekly_2_strike2,22,6
PDD,2024-05-30,2024-06-27,backfill,O:PDD240621C00147000,147.0,2024-06-21,2024-06-12,3.3,5.5,3.3,5.25,104,24,3.3,,monthly_30d_slight_itm,weekly_2_strike2,22,6
PDD,2024-05-30,2024-06-27,backfill,O:PDD240621C00147000,147.0,2024-06-21,2024-06-13,5.65,6.2,5.05,5.05,17,6,5.65,,monthly_30d_slight_itm,weekly_2_strike2,22,6
PDD,2024-05-30,2024-06-27,backfill,O:PDD240621C00147000,147.0,2024-06-21,2024-06-14,3.6,3.6,2.69,3.35,69,23,3.6,,monthly_30d_slight_itm,weekly_2_strike2,22,6
PDD,2024-05-30,2024-06-27,backfill,O:PDD240621C00147000,147.0,2024-06-21,2024-06-17,4.25,4.25,1.78,2.78,127,30,4.25,,monthly_30d_slight_itm,weekly_2_strike2,22,6
PDD,2024-05-30,2024-06-27,backfill,O:PDD240621C00147000,147.0,2024-06-21,2024-06-18,1.3,1.5,0.54,0.63,706,43,1.3,,monthly_30d_slight_itm,weekly_2_strike2,22,6
PDD,2024-05-30,2024-06-27,backfill,O:PDD240621C00147000,147.0,2024-06-21,2024-06-20,0.8,0.89,0.1,0.31,228,32,0.8,,monthly_30d_slight_itm,weekly_2_strike2,22,6
PDD,2024-05-30,2024-06-27,backfill,O:PDD240621C00147000,147.0,2024-06-21,2024-06-21,0.15,0.15,0.01,0.02,30,9,0.15,,monthly_30d_slight_itm,weekly_2_strike2,22,6
PFE,2025-03-03,2025-03-28,backfill,O:PFE250516C00028000,28.0,2025-05-16,2025-03-03,0.61,0.75,0.49,0.55,566,39,0.61,,monthly_60d_30d_otm,weekly_2_strike0,74,566
PFE,2025-03-03,2025-03-28,backfill,O:PFE250516C00028000,28.0,2025-05-16,2025-03-04,0.51,0.55,0.41,0.42,797,29,0.51,,monthly_60d_30d_otm,weekly_2_strike0,74,566
PFE,2025-03-03,2025-03-28,backfill,O:PFE250516C00028000,28.0,2025-05-16,2025-03-05,0.45,0.54,0.44,0.45,259,32,0.45,,monthly_60d_30d_otm,weekly_2_strike0,74,566
PFE,2025-03-03,2025-03-28,backfill,O:PFE250516C00028000,28.0,2025-05-16,2025-03-06,0.42,0.65,0.42,0.61,484,41,0.42,,monthly_60d_30d_otm,weekly_2_strike0,74,566
PFE,2025-03-03,2025-03-28,backfill,O:PFE250516C00028000,28.0,2025-05-16,2025-03-07,0.6,0.85,0.6,0.68,663,45,0.6,,monthly_60d_30d_otm,weekly_2_strike0,74,566
PFE,2025-03-03,2025-03-28,backfill,O:PFE250516C00028000,28.0,2025-05-16,2025-03-10,0.75,0.94,0.7,0.72,912,54,0.75,,monthly_60d_30d_otm,weekly_2_strike0,74,566
PFE,2025-03-03,2025-03-28,backfill,O:PFE250516C00028000,28.0,2025-05-16,2025-03-11,0.61,0.63,0.5,0.54,280,29,0.61,,monthly_60d_30d_otm,weekly_2_strike0,74,566
PFE,2025-03-03,2025-03-28,backfill,O:PFE250516C00028000,28.0,2025-05-16,2025-03-12,0.49,0.5,0.41,0.44,598,41,0.49,,monthly_60d_30d_otm,weekly_2_strike0,74,566
PFE,2025-03-03,2025-03-28,backfill,O:PFE250516C00028000,28.0,2025-05-16,2025-03-13,0.43,0.5,0.38,0.41,684,30,0.43,,monthly_60d_30d_otm,weekly_2_strike0,74,566
PFE,2025-03-03,2025-03-28,backfill,O:PFE250516C00028000,28.0,2025-05-16,2025-03-14,0.39,0.39,0.3,0.36,264,44,0.39,,monthly_60d_30d_otm,weekly_2_strike0,74,566
PFE,2025-03-03,2025-03-28,backfill,O:PFE250516C00028000,28.0,2025-05-16,2025-03-17,0.35,0.4,0.32,0.39,451,43,0.35,,monthly_60d_30d_otm,weekly_2_strike0,74,566
PFE,2025-03-03,2025-03-28,backfill,O:PFE250516C00028000,28.0,2025-05-16,2025-03-18,0.42,0.48,0.41,0.47,547,40,0.42,,monthly_60d_30d_otm,weekly_2_strike0,74,566
PFE,2025-03-03,2025-03-28,backfill,O:PFE250516C00028000,28.0,2025-05-16,2025-03-19,0.47,0.5,0.36,0.37,530,42,0.47,,monthly_60d_30d_otm,weekly_2_strike0,74,566
PFE,2025-03-03,2025-03-28,backfill,O:PFE250516C00028000,28.0,2025-05-16,2025-03-20,0.4,0.4,0.34,0.34,635,39,0.4,,monthly_60d_30d_otm,weekly_2_strike0,74,566
PFE,2025-03-03,2025-03-28,backfill,O:PFE250516C00028000,28.0,2025-05-16,2025-03-21,0.36,0.41,0.3,0.35,769,59,0.36,,monthly_60d_30d_otm,weekly_2_strike0,74,566
PFE,2025-03-03,2025-03-28,backfill,O:PFE250516C00028000,28.0,2025-05-16,2025-03-24,0.33,0.33,0.26,0.3,2517,83,0.33,,monthly_60d_30d_otm,weekly_2_strike0,74,566
PFE,2025-03-03,2025-03-28,backfill,O:PFE250516C00028000,28.0,2025-05-16,2025-03-25,0.3,0.31,0.21,0.23,1270,70,0.3,,monthly_60d_30d_otm,weekly_2_strike0,74,566
PFE,2025-03-03,2025-03-28,backfill,O:PFE250516C00028000,28.0,2025-05-16,2025-03-26,0.21,0.24,0.17,0.18,1213,57,0.21,,monthly_60d_30d_otm,weekly_2_strike0,74,566
PFE,2025-03-03,2025-03-28,backfill,O:PFE250516C00028000,28.0,2025-05-16,2025-03-27,0.18,0.18,0.14,0.15,1559,74,0.18,,monthly_60d_30d_otm,weekly_2_strike0,74,566
PFE,2025-03-03,2025-03-28,backfill,O:PFE250516C00028000,28.0,2025-05-16,2025-03-28,0.14,0.18,0.13,0.17,531,38,0.14,,monthly_60d_30d_otm,weekly_2_strike0,74,566
PFE,2026-03-12,2026-04-02,backfill,O:PFE260417C00028000,28.0,2026-04-17,2026-03-12,0.45,0.52,0.4,0.45,905,64,0.45,,monthly_30d_30d_otm,weekly_2_strike0,36,905
PFE,2026-03-12,2026-04-02,backfill,O:PFE260417C00028000,28.0,2026-04-17,2026-03-13,0.45,0.6,0.37,0.4,615,81,0.45,,monthly_30d_30d_otm,weekly_2_strike0,36,905
PFE,2026-03-12,2026-04-02,backfill,O:PFE260417C00028000,28.0,2026-04-17,2026-03-16,0.38,0.41,0.27,0.29,924,122,0.38,,monthly_30d_30d_otm,weekly_2_strike0,36,905
PFE,2026-03-12,2026-04-02,backfill,O:PFE260417C00028000,28.0,2026-04-17,2026-03-17,0.38,0.73,0.32,0.59,5350,201,0.38,,monthly_30d_30d_otm,weekly_2_strike0,36,905
PFE,2026-03-12,2026-04-02,backfill,O:PFE260417C00028000,28.0,2026-04-17,2026-03-18,0.47,0.59,0.4,0.55,5435,123,0.47,,monthly_30d_30d_otm,weekly_2_strike0,36,905
PFE,2026-03-12,2026-04-02,backfill,O:PFE260417C00028000,28.0,2026-04-17,2026-03-19,0.53,0.7,0.52,0.6,1796,117,0.53,,monthly_30d_30d_otm,weekly_2_strike0,36,905
PFE,2026-03-12,2026-04-02,backfill,O:PFE260417C00028000,28.0,2026-04-17,2026-03-20,0.56,0.61,0.34,0.4,1660,122,0.56,,monthly_30d_30d_otm,weekly_2_strike0,36,905
PFE,2026-03-12,2026-04-02,backfill,O:PFE260417C00028000,28.0,2026-04-17,2026-03-23,0.37,0.44,0.25,0.27,8132,184,0.37,,monthly_30d_30d_otm,weekly_2_strike0,36,905
PFE,2026-03-12,2026-04-02,backfill,O:PFE260417C00028000,28.0,2026-04-17,2026-03-24,0.24,0.38,0.23,0.34,2850,113,0.24,,monthly_30d_30d_otm,weekly_2_strike0,36,905
PFE,2026-03-12,2026-04-02,backfill,O:PFE260417C00028000,28.0,2026-04-17,2026-03-25,0.33,0.5,0.33,0.4,1964,102,0.33,,monthly_30d_30d_otm,weekly_2_strike0,36,905
PFE,2026-03-12,2026-04-02,backfill,O:PFE260417C00028000,28.0,2026-04-17,2026-03-26,0.47,0.64,0.44,0.51,6749,125,0.47,,monthly_30d_30d_otm,weekly_2_strike0,36,905
PFE,2026-03-12,2026-04-02,backfill,O:PFE260417C00028000,28.0,2026-04-17,2026-03-27,0.53,0.59,0.32,0.32,2530,103,0.53,,monthly_30d_30d_otm,weekly_2_strike0,36,905
PFE,2026-03-12,2026-04-02,backfill,O:PFE260417C00028000,28.0,2026-04-17,2026-03-30,0.38,0.62,0.33,0.59,2071,113,0.38,,monthly_30d_30d_otm,weekly_2_strike0,36,905
PFE,2026-03-12,2026-04-02,backfill,O:PFE260417C00028000,28.0,2026-04-17,2026-03-31,0.67,0.86,0.57,0.68,3135,153,0.67,,monthly_30d_30d_otm,weekly_2_strike0,36,905
PFE,2026-03-12,2026-04-02,backfill,O:PFE260417C00028000,28.0,2026-04-17,2026-04-01,0.8,1.02,0.65,0.97,2637,154,0.8,,monthly_30d_30d_otm,weekly_2_strike0,36,905
PFE,2026-03-12,2026-04-02,backfill,O:PFE260417C00028000,28.0,2026-04-17,2026-04-02,0.89,1.08,0.7,0.76,1663,111,0.89,,monthly_30d_30d_otm,weekly_2_strike0,36,905
PLD,2020-06-03,2020-06-30,backfill,O:PLD200821C00105000,105.0,2020-08-21,2020-06-03,1.8,2.05,1.8,2.05,9,6,1.8,,monthly_60d_30d_otm,weekly_3_strike6,79,9
PLD,2020-06-03,2020-06-30,backfill,O:PLD200821C00105000,105.0,2020-08-21,2020-06-04,1.75,1.75,1.25,1.25,71,10,1.75,,monthly_60d_30d_otm,weekly_3_strike6,79,9
PLD,2020-06-03,2020-06-30,backfill,O:PLD200821C00105000,105.0,2020-08-21,2020-06-05,1.9,1.9,1.9,1.9,1,1,1.9,,monthly_60d_30d_otm,weekly_3_strike6,79,9
PLD,2020-06-03,2020-06-30,backfill,O:PLD200821C00105000,105.0,2020-08-21,2020-06-08,1.96,1.96,1.9,1.9,14,2,1.96,,monthly_60d_30d_otm,weekly_3_strike6,79,9
PLD,2020-06-03,2020-06-30,backfill,O:PLD200821C00105000,105.0,2020-08-21,2020-06-09,2.25,2.35,2.25,2.35,5,3,2.25,,monthly_60d_30d_otm,weekly_3_strike6,79,9
PLD,2020-06-03,2020-06-30,backfill,O:PLD200821C00105000,105.0,2020-08-21,2020-06-10,2.1,2.1,2.1,2.1,1,1,2.1,,monthly_60d_30d_otm,weekly_3_strike6,79,9
PLD,2020-06-03,2020-06-30,backfill,O:PLD200821C00105000,105.0,2020-08-21,2020-06-11,1.75,1.75,1.75,1.75,3,1,1.75,,monthly_60d_30d_otm,weekly_3_strike6,79,9
PLD,2020-06-03,2020-06-30,backfill,O:PLD200821C00105000,105.0,2020-08-21,2020-06-12,1.8,1.9,1.8,1.9,9,2,1.8,,monthly_60d_30d_otm,weekly_3_strike6,79,9
PLD,2020-06-03,2020-06-30,backfill,O:PLD200821C00105000,105.0,2020-08-21,2020-06-15,2.25,2.65,2.25,2.65,7,3,2.25,,monthly_60d_30d_otm,weekly_3_strike6,79,9
PLD,2020-06-03,2020-06-30,backfill,O:PLD200821C00105000,105.0,2020-08-21,2020-06-16,3.0,3.0,2.93,3.0,44,3,3.0,,monthly_60d_30d_otm,weekly_3_strike6,79,9
PLD,2020-06-03,2020-06-30,backfill,O:PLD200821C00105000,105.0,2020-08-21,2020-06-17,3.3,3.3,2.98,2.98,13,2,3.3,,monthly_60d_30d_otm,weekly_3_strike6,79,9
PLD,2020-06-03,2020-06-30,backfill,O:PLD200821C00105000,105.0,2020-08-21,2020-06-22,0.94,1.15,0.94,1.06,28,6,0.94,,monthly_60d_30d_otm,weekly_3_strike6,79,9
PLD,2020-06-03,2020-06-30,backfill,O:PLD200821C00105000,105.0,2020-08-21,2020-06-23,1.15,1.15,0.8,0.8,539,10,1.15,,monthly_60d_30d_otm,weekly_3_strike6,79,9
PLD,2020-06-03,2020-06-30,backfill,O:PLD200821C00105000,105.0,2020-08-21,2020-06-24,0.7,0.7,0.5,0.57,46,9,0.7,,monthly_60d_30d_otm,weekly_3_strike6,79,9
PLD,2020-06-03,2020-06-30,backfill,O:PLD200821C00105000,105.0,2020-08-21,2020-06-25,0.64,0.64,0.64,0.64,100,1,0.64,,monthly_60d_30d_otm,weekly_3_strike6,79,9
PLD,2020-06-03,2020-06-30,backfill,O:PLD200821C00105000,105.0,2020-08-21,2020-06-26,0.67,0.67,0.67,0.67,2,1,0.67,,monthly_60d_30d_otm,weekly_3_strike6,79,9
PLD,2020-06-03,2020-06-30,backfill,O:PLD200821C00105000,105.0,2020-08-21,2020-06-29,0.5,0.62,0.45,0.6,135,8,0.5,,monthly_60d_30d_otm,weekly_3_strike6,79,9
PLD,2020-06-03,2020-06-30,backfill,O:PLD200821C00105000,105.0,2020-08-21,2020-06-30,1.03,1.2,0.72,0.72,51,10,1.03,,monthly_60d_30d_otm,weekly_3_strike6,79,9
PLD,2020-07-31,2020-08-27,backfill,O:PLD200821C00105000,105.0,2020-08-21,2020-07-31,2.75,2.85,2.15,2.6,85,21,2.75,,monthly_30d_atm,weekly_3_strike0,21,85
PLD,2020-07-31,2020-08-27,backfill,O:PLD200821C00105000,105.0,2020-08-21,2020-08-03,3.32,3.32,2.3,2.75,327,25,3.32,,monthly_30d_atm,weekly_3_strike0,21,85
PLD,2020-07-31,2020-08-27,backfill,O:PLD200821C00105000,105.0,2020-08-21,2020-08-04,2.5,3.0,2.25,2.75,38,11,2.5,,monthly_30d_atm,weekly_3_strike0,21,85
PLD,2020-07-31,2020-08-27,backfill,O:PLD200821C00105000,105.0,2020-08-21,2020-08-05,3.1,3.7,2.2,2.2,251,18,3.1,,monthly_30d_atm,weekly_3_strike0,21,85
PLD,2020-07-31,2020-08-27,backfill,O:PLD200821C00105000,105.0,2020-08-21,2020-08-06,2.4,2.55,2.05,2.24,112,13,2.4,,monthly_30d_atm,weekly_3_strike0,21,85
PLD,2020-07-31,2020-08-27,backfill,O:PLD200821C00105000,105.0,2020-08-21,2020-08-07,2.0,2.0,1.9,1.9,4,4,2.0,,monthly_30d_atm,weekly_3_strike0,21,85
PLD,2020-07-31,2020-08-27,backfill,O:PLD200821C00105000,105.0,2020-08-21,2020-08-10,2.2,2.2,1.35,1.4,211,22,2.2,,monthly_30d_atm,weekly_3_strike0,21,85
PLD,2020-07-31,2020-08-27,backfill,O:PLD200821C00105000,105.0,2020-08-21,2020-08-11,1.45,1.45,0.4,0.4,127,25,1.45,,monthly_30d_atm,weekly_3_strike0,21,85
PLD,2020-07-31,2020-08-27,backfill,O:PLD200821C00105000,105.0,2020-08-21,2020-08-12,0.7,0.9,0.5,0.8,537,41,0.7,,monthly_30d_atm,weekly_3_strike0,21,85
PLD,2020-07-31,2020-08-27,backfill,O:PLD200821C00105000,105.0,2020-08-21,2020-08-13,0.75,1.0,0.55,0.67,126,18,0.75,,monthly_30d_atm,weekly_3_strike0,21,85
PLD,2020-07-31,2020-08-27,backfill,O:PLD200821C00105000,105.0,2020-08-21,2020-08-14,0.6,0.8,0.35,0.36,204,28,0.6,,monthly_30d_atm,weekly_3_strike0,21,85
PLD,2020-07-31,2020-08-27,backfill,O:PLD200821C00105000,105.0,2020-08-21,2020-08-17,0.32,0.75,0.25,0.75,132,19,0.32,,monthly_30d_atm,weekly_3_strike0,21,85
PLD,2020-07-31,2020-08-27,backfill,O:PLD200821C00105000,105.0,2020-08-21,2020-08-18,0.5,0.5,0.24,0.35,105,20,0.5,,monthly_30d_atm,weekly_3_strike0,21,85
PLD,2020-07-31,2020-08-27,backfill,O:PLD200821C00105000,105.0,2020-08-21,2020-08-19,0.5,0.5,0.05,0.05,50,11,0.5,,monthly_30d_atm,weekly_3_strike0,21,85
PLD,2020-07-31,2020-08-27,backfill,O:PLD200821C00105000,105.0,2020-08-21,2020-08-20,0.05,0.15,0.03,0.03,31,9,0.05,,monthly_30d_atm,weekly_3_strike0,21,85
PLD,2020-07-31,2020-08-27,backfill,O:PLD200821C00105000,105.0,2020-08-21,2020-08-21,0.01,0.02,0.01,0.01,10,3,0.01,,monthly_30d_atm,weekly_3_strike0,21,85
PLD,2021-09-07,2021-09-17,backfill,O:PLD211015C00145000,145.0,2021-10-15,2021-09-07,0.95,0.95,0.87,0.87,7,2,0.95,,monthly_30d_20d_otm,weekly_2_strike2,38,7
PLD,2021-09-07,2021-09-17,backfill,O:PLD211015C00145000,145.0,2021-10-15,2021-09-08,1.0,1.0,1.0,1.0,1,1,1.0,,monthly_30d_20d_otm,weekly_2_strike2,38,7
PLD,2021-09-07,2021-09-17,backfill,O:PLD211015C00145000,145.0,2021-10-15,2021-09-09,0.99,0.99,0.64,0.64,76,4,0.99,,monthly_30d_20d_otm,weekly_2_strike2,38,7
PLD,2021-09-07,2021-09-17,backfill,O:PLD211015C00145000,145.0,2021-10-15,2021-09-10,0.35,0.35,0.35,0.35,5,1,0.35,,monthly_30d_20d_otm,weekly_2_strike2,38,7
PLD,2021-09-07,2021-09-17,backfill,O:PLD211015C00145000,145.0,2021-10-15,2021-09-13,0.45,0.45,0.26,0.29,20,6,0.45,,monthly_30d_20d_otm,weekly_2_strike2,38,7
PLD,2021-09-07,2021-09-17,backfill,O:PLD211015C00145000,145.0,2021-10-15,2021-09-14,0.3,0.35,0.3,0.35,2,2,0.3,,monthly_30d_20d_otm,weekly_2_strike2,38,7
PLD,2021-09-07,2021-09-17,backfill,O:PLD211015C00145000,145.0,2021-10-15,2021-09-15,0.34,0.37,0.34,0.37,3,2,0.34,,monthly_30d_20d_otm,weekly_2_strike2,38,7
PLD,2021-09-07,2021-09-17,backfill,O:PLD211015C00145000,145.0,2021-10-15,2021-09-16,0.3,0.45,0.3,0.3,7,4,0.3,,monthly_30d_20d_otm,weekly_2_strike2,38,7
PLD,2021-09-07,2021-09-17,backfill,O:PLD211015C00145000,145.0,2021-10-15,2021-09-17,0.18,0.2,0.15,0.15,4,3,0.18,,monthly_30d_20d_otm,weekly_2_strike2,38,7
PLD,2025-02-04,2025-03-04,backfill,O:PLD250321C00120000,120.0,2025-03-21,2025-02-04,3.1,3.6,3.0,3.4,30,10,3.1,,monthly_30d_40d_otm,weekly_3_strike4,45,30
PLD,2025-02-04,2025-03-04,backfill,O:PLD250321C00120000,120.0,2025-03-21,2025-02-05,3.28,3.6,3.1,3.55,93,18,3.28,,monthly_30d_40d_otm,weekly_3_strike4,45,30
PLD,2025-02-04,2025-03-04,backfill,O:PLD250321C00120000,120.0,2025-03-21,2025-02-06,3.0,3.0,2.56,2.95,75,6,3.0,,monthly_30d_40d_otm,weekly_3_strike4,45,30
PLD,2025-02-04,2025-03-04,backfill,O:PLD250321C00120000,120.0,2025-03-21,2025-02-07,2.9,2.9,2.65,2.65,10,6,2.9,,monthly_30d_40d_otm,weekly_3_strike4,45,30
PLD,2025-02-04,2025-03-04,backfill,O:PLD250321C00120000,120.0,2025-03-21,2025-02-10,3.3,3.4,3.3,3.4,30,6,3.3,,monthly_30d_40d_otm,weekly_3_strike4,45,30
PLD,2025-02-04,2025-03-04,backfill,O:PLD250321C00120000,120.0,2025-03-21,2025-02-11,4.0,5.0,3.8,4.9,20,13,4.0,,monthly_30d_40d_otm,weekly_3_strike4,45,30
PLD,2025-02-04,2025-03-04,backfill,O:PLD250321C00120000,120.0,2025-03-21,2025-02-12,3.57,4.0,3.3,3.8,21,10,3.57,,monthly_30d_40d_otm,weekly_3_strike4,45,30
PLD,2025-02-04,2025-03-04,backfill,O:PLD250321C00120000,120.0,2025-03-21,2025-02-13,4.0,4.3,3.95,4.3,16,3,4.0,,monthly_30d_40d_otm,weekly_3_strike4,45,30
PLD,2025-02-04,2025-03-04,backfill,O:PLD250321C00120000,120.0,2025-03-21,2025-02-14,4.88,4.88,4.27,4.27,5,5,4.88,,monthly_30d_40d_otm,weekly_3_strike4,45,30
PLD,2025-02-04,2025-03-04,backfill,O:PLD250321C00120000,120.0,2025-03-21,2025-02-18,4.0,4.0,3.7,3.87,36,4,4.0,,monthly_30d_40d_otm,weekly_3_strike4,45,30
PLD,2025-02-04,2025-03-04,backfill,O:PLD250321C00120000,120.0,2025-03-21,2025-02-19,3.5,3.51,3.2,3.28,11,5,3.5,,monthly_30d_40d_otm,weekly_3_strike4,45,30
PLD,2025-02-04,2025-03-04,backfill,O:PLD250321C00120000,120.0,2025-03-21,2025-02-20,3.79,3.79,3.3,3.4,38,11,3.79,,monthly_30d_40d_otm,weekly_3_strike4,45,30
PLD,2025-02-04,2025-03-04,backfill,O:PLD250321C00120000,120.0,2025-03-21,2025-02-21,3.02,3.81,3.01,3.81,582,15,3.02,,monthly_30d_40d_otm,weekly_3_strike4,45,30
PLD,2025-02-04,2025-03-04,backfill,O:PLD250321C00120000,120.0,2025-03-21,2025-02-24,3.19,4.11,3.1,3.36,21,10,3.19,,monthly_30d_40d_otm,weekly_3_strike4,45,30
PLD,2025-02-04,2025-03-04,backfill,O:PLD250321C00120000,120.0,2025-03-21,2025-02-25,4.0,4.8,4.0,4.7,49,9,4.0,,monthly_30d_40d_otm,weekly_3_strike4,45,30
PLD,2025-02-04,2025-03-04,backfill,O:PLD250321C00120000,120.0,2025-03-21,2025-02-26,4.59,4.97,4.0,4.31,13,10,4.59,,monthly_30d_40d_otm,weekly_3_strike4,45,30
PLD,2025-02-04,2025-03-04,backfill,O:PLD250321C00120000,120.0,2025-03-21,2025-02-27,4.42,5.0,4.42,4.64,8,5,4.42,,monthly_30d_40d_otm,weekly_3_strike4,45,30
PLD,2025-02-04,2025-03-04,backfill,O:PLD250321C00120000,120.0,2025-03-21,2025-02-28,5.63,5.63,4.1,4.99,32,9,5.63,,monthly_30d_40d_otm,weekly_3_strike4,45,30
PLD,2025-02-04,2025-03-04,backfill,O:PLD250321C00120000,120.0,2025-03-21,2025-03-03,5.2,5.96,4.9,4.9,35,17,5.2,,monthly_30d_40d_otm,weekly_3_strike4,45,30
PLD,2025-02-04,2025-03-04,backfill,O:PLD250321C00120000,120.0,2025-03-21,2025-03-04,4.73,4.73,3.93,3.93,27,5,4.73,,monthly_30d_40d_otm,weekly_3_strike4,45,30
PLTR,2022-10-31,2022-11-07,backfill,O:PLTR221216C00009000,9.0,2022-12-16,2022-10-31,0.7,0.77,0.62,0.76,2798,61,0.7,,monthly_45d_35d_otm,weekly_2_strike0,46,2798
PLTR,2022-10-31,2022-11-07,backfill,O:PLTR221216C00009000,9.0,2022-12-16,2022-11-01,0.86,0.89,0.66,0.71,2229,65,0.86,,monthly_45d_35d_otm,weekly_2_strike0,46,2798
PLTR,2022-10-31,2022-11-07,backfill,O:PLTR221216C00009000,9.0,2022-12-16,2022-11-02,0.71,0.76,0.5,0.52,2302,51,0.71,,monthly_45d_35d_otm,weekly_2_strike0,46,2798
PLTR,2022-10-31,2022-11-07,backfill,O:PLTR221216C00009000,9.0,2022-12-16,2022-11-03,0.5,0.54,0.39,0.47,582,54,0.5,,monthly_45d_35d_otm,weekly_2_strike0,46,2798
PLTR,2022-10-31,2022-11-07,backfill,O:PLTR221216C00009000,9.0,2022-12-16,2022-11-04,0.45,0.48,0.35,0.43,1254,66,0.45,,monthly_45d_35d_otm,weekly_2_strike0,46,2798
PLTR,2022-10-31,2022-11-07,backfill,O:PLTR221216C00009000,9.0,2022-12-16,2022-11-07,0.27,0.35,0.12,0.13,7440,128,0.27,,monthly_45d_35d_otm,weekly_2_strike0,46,2798
PLTR,2023-02-15,2023-03-15,backfill,O:PLTR230317C00011000,11.0,2023-03-17,2023-02-15,0.22,0.5,0.17,0.45,18332,301,0.22,,monthly_30d_25d_otm,weekly_2_strike0,30,18332
PLTR,2023-02-15,2023-03-15,backfill,O:PLTR230317C00011000,11.0,2023-03-17,2023-02-16,0.32,0.51,0.25,0.28,3647,174,0.32,,monthly_30d_25d_otm,weekly_2_strike0,30,18332
PLTR,2023-02-15,2023-03-15,backfill,O:PLTR230317C00011000,11.0,2023-03-17,2023-02-17,0.25,0.28,0.16,0.18,25798,166,0.25,,monthly_30d_25d_otm,weekly_2_strike0,30,18332
PLTR,2023-02-15,2023-03-15,backfill,O:PLTR230317C00011000,11.0,2023-03-17,2023-02-21,0.15,0.16,0.07,0.07,5595,104,0.15,,monthly_30d_25d_otm,weekly_2_strike0,30,18332
PLTR,2023-02-15,2023-03-15,backfill,O:PLTR230317C00011000,11.0,2023-03-17,2023-02-22,0.07,0.08,0.05,0.06,3686,56,0.07,,monthly_30d_25d_otm,weekly_2_strike0,30,18332
PLTR,2023-02-15,2023-03-15,backfill,O:PLTR230317C00011000,11.0,2023-03-17,2023-02-23,0.09,0.09,0.04,0.05,445,53,0.09,,monthly_30d_25d_otm,weekly_2_strike0,30,18332
PLTR,2023-02-15,2023-03-15,backfill,O:PLTR230317C00011000,11.0,2023-03-17,2023-02-24,0.04,0.04,0.03,0.04,810,48,0.04,,monthly_30d_25d_otm,weekly_2_strike0,30,18332
PLTR,2023-02-15,2023-03-15,backfill,O:PLTR230317C00011000,11.0,2023-03-17,2023-02-27,0.04,0.04,0.02,0.03,779,28,0.04,,monthly_30d_25d_otm,weekly_2_strike0,30,18332
PLTR,2023-02-15,2023-03-15,backfill,O:PLTR230317C00011000,11.0,2023-03-17,2023-02-28,0.03,0.03,0.01,0.03,426,30,0.03,,monthly_30d_25d_otm,weekly_2_strike0,30,18332
PLTR,2023-02-15,2023-03-15,backfill,O:PLTR230317C00011000,11.0,2023-03-17,2023-03-01,0.01,0.02,0.01,0.02,103,15,0.01,,monthly_30d_25d_otm,weekly_2_strike0,30,18332
PLTR,2023-02-15,2023-03-15,backfill,O:PLTR230317C00011000,11.0,2023-03-17,2023-03-02,0.02,0.02,0.01,0.02,262,14,0.02,,monthly_30d_25d_otm,weekly_2_strike0,30,18332
PLTR,2023-02-15,2023-03-15,backfill,O:PLTR230317C00011000,11.0,2023-03-17,2023-03-03,0.02,0.03,0.01,0.02,546,33,0.02,,monthly_30d_25d_otm,weekly_2_strike0,30,18332
PLTR,2023-02-15,2023-03-15,backfill,O:PLTR230317C00011000,11.0,2023-03-17,2023-03-06,0.02,0.03,0.01,0.01,254,26,0.02,,monthly_30d_25d_otm,weekly_2_strike0,30,18332
PLTR,2023-02-15,2023-03-15,backfill,O:PLTR230317C00011000,11.0,2023-03-17,2023-03-07,0.01,0.02,0.01,0.01,254,25,0.01,,monthly_30d_25d_otm,weekly_2_strike0,30,18332
PLTR,2023-02-15,2023-03-15,backfill,O:PLTR230317C00011000,11.0,2023-03-17,2023-03-08,0.02,0.02,0.01,0.01,315,9,0.02,,monthly_30d_25d_otm,weekly_2_strike0,30,18332
PLTR,2023-02-15,2023-03-15,backfill,O:PLTR230317C00011000,11.0,2023-03-17,2023-03-09,0.01,0.02,0.01,0.01,433,19,0.01,,monthly_30d_25d_otm,weekly_2_strike0,30,18332
PLTR,2023-02-15,2023-03-15,backfill,O:PLTR230317C00011000,11.0,2023-03-17,2023-03-10,0.01,0.02,0.01,0.01,933,18,0.01,,monthly_30d_25d_otm,weekly_2_strike0,30,18332
PLTR,2023-02-15,2023-03-15,backfill,O:PLTR230317C00011000,11.0,2023-03-17,2023-03-13,0.01,0.03,0.01,0.01,290,20,0.01,,monthly_30d_25d_otm,weekly_2_strike0,30,18332
PLTR,2023-02-15,2023-03-15,backfill,O:PLTR230317C00011000,11.0,2023-03-17,2023-03-14,0.01,0.01,0.01,0.01,905,17,0.01,,monthly_30d_25d_otm,weekly_2_strike0,30,18332
PLTR,2023-02-15,2023-03-15,backfill,O:PLTR230317C00011000,11.0,2023-03-17,2023-03-15,0.01,0.01,0.01,0.01,882,17,0.01,,monthly_30d_25d_otm,weekly_2_strike0,30,18332
PLTR,2023-05-17,2023-06-14,backfill,O:PLTR230616C00011000,11.0,2023-06-16,2023-05-17,0.14,0.34,0.13,0.32,3534,165,0.14,,monthly_30d_30d_otm,weekly_2_strike0,30,3534
PLTR,2023-05-17,2023-06-14,backfill,O:PLTR230616C00011000,11.0,2023-06-16,2023-05-18,0.41,1.25,0.35,1.23,18574,286,0.41,,monthly_30d_30d_otm,weekly_2_strike0,30,3534
PLTR,2023-05-17,2023-06-14,backfill,O:PLTR230616C00011000,11.0,2023-06-16,2023-05-19,1.37,1.75,1.06,1.2,3407,160,1.37,,monthly_30d_30d_otm,weekly_2_strike0,30,3534
PLTR,2023-05-17,2023-06-14,backfill,O:PLTR230616C00011000,11.0,2023-06-16,2023-05-22,1.15,1.45,0.92,1.21,1810,104,1.15,,monthly_30d_30d_otm,weekly_2_strike0,30,3534
PLTR,2023-05-17,2023-06-14,backfill,O:PLTR230616C00011000,11.0,2023-06-16,2023-05-23,1.28,2.57,1.28,1.96,2694,157,1.28,,monthly_30d_30d_otm,weekly_2_strike0,30,3534
PLTR,2023-05-17,2023-06-14,backfill,O:PLTR230616C00011000,11.0,2023-06-16,2023-05-24,1.61,1.69,1.29,1.54,488,56,1.61,,monthly_30d_30d_otm,weekly_2_strike0,30,3534
PLTR,2023-05-17,2023-06-14,backfill,O:PLTR230616C00011000,11.0,2023-06-16,2023-05-25,2.38,2.46,1.67,2.09,1386,77,2.38,,monthly_30d_30d_otm,weekly_2_strike0,30,3534
PLTR,2023-05-17,2023-06-14,backfill,O:PLTR230616C00011000,11.0,2023-06-16,2023-05-26,2.06,3.33,2.06,2.76,2026,110,2.06,,monthly_30d_30d_otm,weekly_2_strike0,30,3534
PLTR,2023-05-17,2023-06-14,backfill,O:PLTR230616C00011000,11.0,2023-06-16,2023-05-30,3.5,4.11,3.38,3.99,671,63,3.5,,monthly_30d_30d_otm,weekly_2_strike0,30,3534
PLTR,2023-05-17,2023-06-14,backfill,O:PLTR230616C00011000,11.0,2023-06-16,2023-05-31,3.35,3.8,3.0,3.75,1088,91,3.35,,monthly_30d_30d_otm,weekly_2_strike0,30,3534
PLTR,2023-05-17,2023-06-14,backfill,O:PLTR230616C00011000,11.0,2023-06-16,2023-06-01,3.5,4.25,3.35,3.51,1972,56,3.5,,monthly_30d_30d_otm,weekly_2_strike0,30,3534
PLTR,2023-05-17,2023-06-14,backfill,O:PLTR230616C00011000,11.0,2023-06-16,2023-06-02,3.58,3.97,3.3,3.55,144,30,3.58,,monthly_30d_30d_otm,weekly_2_strike0,30,3534
PLTR,2023-05-17,2023-06-14,backfill,O:PLTR230616C00011000,11.0,2023-06-16,2023-06-05,3.7,4.7,3.7,4.32,241,45,3.7,,monthly_30d_30d_otm,weekly_2_strike0,30,3534
PLTR,2023-05-17,2023-06-14,backfill,O:PLTR230616C00011000,11.0,2023-06-16,2023-06-06,4.08,4.58,4.0,4.5,292,32,4.08,,monthly_30d_30d_otm,weekly_2_strike0,30,3534
PLTR,2023-05-17,2023-06-14,backfill,O:PLTR230616C00011000,11.0,2023-06-16,2023-06-07,5.0,6.1,3.67,3.71,537,45,5.0,,monthly_30d_30d_otm,weekly_2_strike0,30,3534
PLTR,2023-05-17,2023-06-14,backfill,O:PLTR230616C00011000,11.0,2023-06-16,2023-06-08,3.41,4.5,3.41,4.2,75,21,3.41,,monthly_30d_30d_otm,weekly_2_strike0,30,3534
PLTR,2023-05-17,2023-06-14,backfill,O:PLTR230616C00011000,11.0,2023-06-16,2023-06-09,4.35,4.76,4.0,4.05,2802,24,4.35,,monthly_30d_30d_otm,weekly_2_strike0,30,3534
PLTR,2023-05-17,2023-06-14,backfill,O:PLTR230616C00011000,11.0,2023-06-16,2023-06-12,4.45,5.0,4.45,4.6,121,34,4.45,,monthly_30d_30d_otm,weekly_2_strike0,30,3534
PLTR,2023-05-17,2023-06-14,backfill,O:PLTR230616C00011000,11.0,2023-06-16,2023-06-13,5.23,5.23,4.2,4.95,1261,38,5.23,,monthly_30d_30d_otm,weekly_2_strike0,30,3534
PLTR,2023-05-17,2023-06-14,backfill,O:PLTR230616C00011000,11.0,2023-06-16,2023-06-14,4.95,5.15,4.5,4.9,1045,46,4.95,,monthly_30d_30d_otm,weekly_2_strike0,30,3534
PLUG,2020-10-09,2020-10-26,backfill,O:PLUG201120C00020000,20.0,2020-11-20,2020-10-09,1.85,2.27,1.85,2.06,1538,114,1.85,,monthly_30d_35d_otm,weekly_1_strike0,42,1538
PLUG,2020-10-09,2020-10-26,backfill,O:PLUG201120C00020000,20.0,2020-11-20,2020-10-12,2.19,2.27,1.48,1.61,1606,103,2.19,,monthly_30d_35d_otm,weekly_1_strike0,42,1538
PLUG,2020-10-09,2020-10-26,backfill,O:PLUG201120C00020000,20.0,2020-11-20,2020-10-13,1.5,1.5,1.23,1.3,412,60,1.5,,monthly_30d_35d_otm,weekly_1_strike0,42,1538
PLUG,2020-10-09,2020-10-26,backfill,O:PLUG201120C00020000,20.0,2020-11-20,2020-10-14,1.37,1.54,1.27,1.34,534,60,1.37,,monthly_30d_35d_otm,weekly_1_strike0,42,1538
PLUG,2020-10-09,2020-10-26,backfill,O:PLUG201120C00020000,20.0,2020-11-20,2020-10-15,1.11,1.24,1.02,1.18,5529,117,1.11,,monthly_30d_35d_otm,weekly_1_strike0,42,1538
PLUG,2020-10-09,2020-10-26,backfill,O:PLUG201120C00020000,20.0,2020-11-20,2020-10-16,1.26,1.26,0.79,0.79,551,89,1.26,,monthly_30d_35d_otm,weekly_1_strike0,42,1538
PLUG,2020-10-09,2020-10-26,backfill,O:PLUG201120C00020000,20.0,2020-11-20,2020-10-19,0.8,0.87,0.71,0.86,540,68,0.8,,monthly_30d_35d_otm,weekly_1_strike0,42,1538
PLUG,2020-10-09,2020-10-26,backfill,O:PLUG201120C00020000,20.0,2020-11-20,2020-10-20,1.12,1.12,0.82,0.84,577,53,1.12,,monthly_30d_35d_otm,weekly_1_strike0,42,1538
PLUG,2020-10-09,2020-10-26,backfill,O:PLUG201120C00020000,20.0,2020-11-20,2020-10-21,0.84,0.85,0.54,0.57,1152,74,0.84,,monthly_30d_35d_otm,weekly_1_strike0,42,1538
PLUG,2020-10-09,2020-10-26,backfill,O:PLUG201120C00020000,20.0,2020-11-20,2020-10-22,0.6,0.65,0.48,0.6,329,48,0.6,,monthly_30d_35d_otm,weekly_1_strike0,42,1538
PLUG,2020-10-09,2020-10-26,backfill,O:PLUG201120C00020000,20.0,2020-11-20,2020-10-23,0.61,0.63,0.51,0.53,161,33,0.61,,monthly_30d_35d_otm,weekly_1_strike0,42,1538
PLUG,2020-10-09,2020-10-26,backfill,O:PLUG201120C00020000,20.0,2020-11-20,2020-10-26,0.5,0.6,0.36,0.42,975,46,0.5,,monthly_30d_35d_otm,weekly_1_strike0,42,1538
PLUG,2021-01-06,2021-02-03,backfill,O:PLUG210219C00041000,41.0,2021-02-19,2021-01-06,2.51,2.88,2.19,2.19,48,27,2.51,,monthly_30d_30d_otm,weekly_2_strike0,44,48
PLUG,2021-01-06,2021-02-03,backfill,O:PLUG210219C00041000,41.0,2021-02-19,2021-01-07,6.62,9.45,6.02,9.45,355,62,6.62,,monthly_30d_30d_otm,weekly_2_strike0,44,48
PLUG,2021-01-06,2021-02-03,backfill,O:PLUG210219C00041000,41.0,2021-02-19,2021-01-08,12.7,16.09,12.15,15.4,66,26,12.7,,monthly_30d_30d_otm,weekly_2_strike0,44,48
PLUG,2021-01-06,2021-02-03,backfill,O:PLUG210219C00041000,41.0,2021-02-19,2021-01-11,13.4,15.29,13.4,14.89,14,5,13.4,,monthly_30d_30d_otm,weekly_2_strike0,44,48
PLUG,2021-01-06,2021-02-03,backfill,O:PLUG210219C00041000,41.0,2021-02-19,2021-01-12,22.81,25.32,21.88,25.32,150,21,22.81,,monthly_30d_30d_otm,weekly_2_strike0,44,48
PLUG,2021-01-06,2021-02-03,backfill,O:PLUG210219C00041000,41.0,2021-02-19,2021-01-13,28.3,32.39,28.3,32.39,11,2,28.3,,monthly_30d_30d_otm,weekly_2_strike0,44,48
PLUG,2021-01-06,2021-02-03,backfill,O:PLUG210219C00041000,41.0,2021-02-19,2021-01-14,25.45,27.2,25.45,26.69,5,4,25.45,,monthly_30d_30d_otm,weekly_2_strike0,44,48
PLUG,2021-01-06,2021-02-03,backfill,O:PLUG210219C00041000,41.0,2021-02-19,2021-01-15,23.0,23.05,20.6,22.32,21,10,23.0,,monthly_30d_30d_otm,weekly_2_strike0,44,48
PLUG,2021-01-06,2021-02-03,backfill,O:PLUG210219C00041000,41.0,2021-02-19,2021-01-20,21.65,22.6,21.65,22.6,2,2,21.65,,monthly_30d_30d_otm,weekly_2_strike0,44,48
PLUG,2021-01-06,2021-02-03,backfill,O:PLUG210219C00041000,41.0,2021-02-19,2021-01-21,24.6,24.69,23.85,23.85,7,4,24.6,,monthly_30d_30d_otm,weekly_2_strike0,44,48
PLUG,2021-01-06,2021-02-03,backfill,O:PLUG210219C00041000,41.0,2021-02-19,2021-01-22,24.6,26.4,23.0,26.4,27,9,24.6,,monthly_30d_30d_otm,weekly_2_strike0,44,48
PLUG,2021-01-06,2021-02-03,backfill,O:PLUG210219C00041000,41.0,2021-02-19,2021-01-25,25.6,25.6,24.87,24.87,101,2,25.6,,monthly_30d_30d_otm,weekly_2_strike0,44,48
PLUG,2021-01-06,2021-02-03,backfill,O:PLUG210219C00041000,41.0,2021-02-19,2021-01-26,29.83,34.44,29.83,33.6,14,7,29.83,,monthly_30d_30d_otm,weekly_2_strike0,44,48
PLUG,2021-01-06,2021-02-03,backfill,O:PLUG210219C00041000,41.0,2021-02-19,2021-01-27,23.4,26.58,23.4,26.58,3,3,23.4,,monthly_30d_30d_otm,weekly_2_strike0,44,48
PLUG,2021-01-06,2021-02-03,backfill,O:PLUG210219C00041000,41.0,2021-02-19,2021-01-28,24.57,25.31,23.95,25.31,16,8,24.57,,monthly_30d_30d_otm,weekly_2_strike0,44,48
PLUG,2021-01-06,2021-02-03,backfill,O:PLUG210219C00041000,41.0,2021-02-19,2021-01-29,25.6,25.6,22.61,22.61,11,4,25.6,,monthly_30d_30d_otm,weekly_2_strike0,44,48
PLUG,2021-01-06,2021-02-03,backfill,O:PLUG210219C00041000,41.0,2021-02-19,2021-02-01,22.32,23.0,21.65,23.0,16,3,22.32,,monthly_30d_30d_otm,weekly_2_strike0,44,48
PLUG,2021-01-06,2021-02-03,backfill,O:PLUG210219C00041000,41.0,2021-02-19,2021-02-02,22.35,22.35,20.9,21.2,10,3,22.35,,monthly_30d_30d_otm,weekly_2_strike0,44,48
PLUG,2023-08-01,2023-08-10,backfill,O:PLUG230915C00015000,15.0,2023-09-15,2023-08-01,0.75,0.8,0.63,0.65,441,62,0.75,,monthly_45d_25d_otm,weekly_2_strike0,45,441
PLUG,2023-08-01,2023-08-10,backfill,O:PLUG230915C00015000,15.0,2023-09-15,2023-08-02,0.5,0.5,0.35,0.4,1565,80,0.5,,monthly_45d_25d_otm,weekly_2_strike0,45,441
PLUG,2023-08-01,2023-08-10,backfill,O:PLUG230915C00015000,15.0,2023-09-15,2023-08-03,0.43,0.44,0.38,0.4,959,46,0.43,,monthly_45d_25d_otm,weekly_2_strike0,45,441
PLUG,2023-08-01,2023-08-10,backfill,O:PLUG230915C00015000,15.0,2023-09-15,2023-08-04,0.39,0.44,0.33,0.33,714,38,0.39,,monthly_45d_25d_otm,weekly_2_strike0,45,441
PLUG,2023-08-01,2023-08-10,backfill,O:PLUG230915C00015000,15.0,2023-09-15,2023-08-07,0.34,0.34,0.23,0.26,4491,143,0.34,,monthly_45d_25d_otm,weekly_2_strike0,45,441
PLUG,2023-08-01,2023-08-10,backfill,O:PLUG230915C00015000,15.0,2023-09-15,2023-08-08,0.26,0.26,0.18,0.23,928,80,0.26,,monthly_45d_25d_otm,weekly_2_strike0,45,441
PLUG,2023-08-01,2023-08-10,backfill,O:PLUG230915C00015000,15.0,2023-09-15,2023-08-09,0.23,0.24,0.18,0.23,1503,85,0.23,,monthly_45d_25d_otm,weekly_2_strike0,45,441
PLUG,2023-08-01,2023-08-10,backfill,O:PLUG230915C00015000,15.0,2023-09-15,2023-08-10,0.12,0.12,0.06,0.07,4437,113,0.12,,monthly_45d_25d_otm,weekly_2_strike0,45,441
PSX,2021-02-19,2021-03-18,backfill,O:PSX210319C00085000,85.0,2021-03-19,2021-02-19,1.7,3.0,1.7,2.65,120,26,1.7,,monthly_30d_25d_otm,weekly_1_strike0,28,120
PSX,2021-02-19,2021-03-18,backfill,O:PSX210319C00085000,85.0,2021-03-19,2021-02-22,2.3,3.85,2.3,3.7,211,23,2.3,,monthly_30d_25d_otm,weekly_1_strike0,28,120
PSX,2021-02-19,2021-03-18,backfill,O:PSX210319C00085000,85.0,2021-03-19,2021-02-23,3.15,4.12,2.8,4.0,42,13,3.15,,monthly_30d_25d_otm,weekly_1_strike0,28,120
PSX,2021-02-19,2021-03-18,backfill,O:PSX210319C00085000,85.0,2021-03-19,2021-02-24,4.26,5.27,4.26,4.94,55,11,4.26,,monthly_30d_25d_otm,weekly_1_strike0,28,120
PSX,2021-02-19,2021-03-18,backfill,O:PSX210319C00085000,85.0,2021-03-19,2021-02-25,4.45,4.45,3.68,4.13,6,4,4.45,,monthly_30d_25d_otm,weekly_1_strike0,28,120
PSX,2021-02-19,2021-03-18,backfill,O:PSX210319C00085000,85.0,2021-03-19,2021-02-26,3.29,3.29,1.8,2.35,205,9,3.29,,monthly_30d_25d_otm,weekly_1_strike0,28,120
PSX,2021-02-19,2021-03-18,backfill,O:PSX210319C00085000,85.0,2021-03-19,2021-03-01,3.3,3.3,2.7,2.7,13,6,3.3,,monthly_30d_25d_otm,weekly_1_strike0,28,120
PSX,2021-02-19,2021-03-18,backfill,O:PSX210319C00085000,85.0,2021-03-19,2021-03-02,3.0,3.0,1.85,1.95,9,6,3.0,,monthly_30d_25d_otm,weekly_1_strike0,28,120
PSX,2021-02-19,2021-03-18,backfill,O:PSX210319C00085000,85.0,2021-03-19,2021-03-04,3.5,3.5,2.5,2.5,412,6,3.5,,monthly_30d_25d_otm,weekly_1_strike0,28,120
PSX,2021-02-19,2021-03-18,backfill,O:PSX210319C00085000,85.0,2021-03-19,2021-03-05,3.7,3.9,3.56,3.58,5,5,3.7,,monthly_30d_25d_otm,weekly_1_strike0,28,120
PSX,2021-02-19,2021-03-18,backfill,O:PSX210319C00085000,85.0,2021-03-19,2021-03-08,4.2,5.63,4.2,5.33,33,6,4.2,,monthly_30d_25d_otm,weekly_1_strike0,28,120
PSX,2021-02-19,2021-03-18,backfill,O:PSX210319C00085000,85.0,2021-03-19,2021-03-09,4.2,5.89,3.3,3.3,72,3,4.2,,monthly_30d_25d_otm,weekly_1_strike0,28,120
PSX,2021-02-19,2021-03-18,backfill,O:PSX210319C00085000,85.0,2021-03-19,2021-03-10,3.0,4.9,2.8,4.9,62,13,3.0,,monthly_30d_25d_otm,weekly_1_strike0,28,120
PSX,2021-02-19,2021-03-18,backfill,O:PSX210319C00085000,85.0,2021-03-19,2021-03-11,4.6,5.1,4.0,4.0,10,5,4.6,,monthly_30d_25d_otm,weekly_1_strike0,28,120
PSX,2021-02-19,2021-03-18,backfill,O:PSX210319C00085000,85.0,2021-03-19,2021-03-12,3.5,4.2,3.5,3.55,15,6,3.5,,monthly_30d_25d_otm,weekly_1_strike0,28,120
PSX,2021-02-19,2021-03-18,backfill,O:PSX210319C00085000,85.0,2021-03-19,2021-03-15,3.1,3.46,3.03,3.46,31,5,3.1,,monthly_30d_25d_otm,weekly_1_strike0,28,120
PSX,2021-02-19,2021-03-18,backfill,O:PSX210319C00085000,85.0,2021-03-19,2021-03-16,2.05,2.05,1.2,1.45,40,11,2.05,,monthly_30d_25d_otm,weekly_1_strike0,28,120
PSX,2021-02-19,2021-03-18,backfill,O:PSX210319C00085000,85.0,2021-03-19,2021-03-17,1.25,1.52,0.71,1.25,167,17,1.25,,monthly_30d_25d_otm,weekly_1_strike0,28,120
PSX,2021-02-19,2021-03-18,backfill,O:PSX210319C00085000,85.0,2021-03-19,2021-03-18,0.8,0.8,0.1,0.1,60,23,0.8,,monthly_30d_25d_otm,weekly_1_strike0,28,120
PSX,2021-10-14,2021-11-10,backfill,O:PSX211119C00085000,85.0,2021-11-19,2021-10-14,2.49,2.63,2.14,2.14,32,14,2.49,,monthly_30d_40d_otm,weekly_2_strike0,36,32
PSX,2021-10-14,2021-11-10,backfill,O:PSX211119C00085000,85.0,2021-11-19,2021-10-15,2.5,2.55,1.75,1.75,103,17,2.5,,monthly_30d_40d_otm,weekly_2_strike0,36,32
PSX,2021-10-14,2021-11-10,backfill,O:PSX211119C00085000,85.0,2021-11-19,2021-10-18,2.03,2.15,1.35,1.5,119,19,2.03,,monthly_30d_40d_otm,weekly_2_strike0,36,32
PSX,2021-10-14,2021-11-10,backfill,O:PSX211119C00085000,85.0,2021-11-19,2021-10-19,1.66,2.0,1.66,2.0,42,11,1.66,,monthly_30d_40d_otm,weekly_2_strike0,36,32
PSX,2021-10-14,2021-11-10,backfill,O:PSX211119C00085000,85.0,2021-11-19,2021-10-20,1.85,2.2,1.85,2.2,28,10,1.85,,monthly_30d_40d_otm,weekly_2_strike0,36,32
PSX,2021-10-14,2021-11-10,backfill,O:PSX211119C00085000,85.0,2021-11-19,2021-10-21,2.25,2.6,1.65,1.65,1802,14,2.25,,monthly_30d_40d_otm,weekly_2_strike0,36,32
PSX,2021-10-14,2021-11-10,backfill,O:PSX211119C00085000,85.0,2021-11-19,2021-10-22,2.12,2.12,1.85,2.05,529,9,2.12,,monthly_30d_40d_otm,weekly_2_strike0,36,32
PSX,2021-10-14,2021-11-10,backfill,O:PSX211119C00085000,85.0,2021-11-19,2021-10-25,2.25,2.43,2.2,2.25,310,12,2.25,,monthly_30d_40d_otm,weekly_2_strike0,36,32
PSX,2021-10-14,2021-11-10,backfill,O:PSX211119C00085000,85.0,2021-11-19,2021-10-26,2.69,2.69,1.6,1.75,22,10,2.69,,monthly_30d_40d_otm,weekly_2_strike0,36,32
PSX,2021-10-14,2021-11-10,backfill,O:PSX211119C00085000,85.0,2021-11-19,2021-10-27,1.1,1.1,0.49,0.49,1359,32,1.1,,monthly_30d_40d_otm,weekly_2_strike0,36,32
PSX,2021-10-14,2021-11-10,backfill,O:PSX211119C00085000,85.0,2021-11-19,2021-10-28,0.45,0.6,0.3,0.35,622,22,0.45,,monthly_30d_40d_otm,weekly_2_strike0,36,32
PSX,2021-10-14,2021-11-10,backfill,O:PSX211119C00085000,85.0,2021-11-19,2021-10-29,0.6,0.6,0.16,0.2,57,13,0.6,,monthly_30d_40d_otm,weekly_2_strike0,36,32
PSX,2021-10-14,2021-11-10,backfill,O:PSX211119C00085000,85.0,2021-11-19,2021-11-01,0.3,0.35,0.25,0.35,32,10,0.3,,monthly_30d_40d_otm,weekly_2_strike0,36,32
PSX,2021-10-14,2021-11-10,backfill,O:PSX211119C00085000,85.0,2021-11-19,2021-11-02,0.45,0.58,0.3,0.3,15,5,0.45,,monthly_30d_40d_otm,weekly_2_strike0,36,32
PSX,2021-10-14,2021-11-10,backfill,O:PSX211119C00085000,85.0,2021-11-19,2021-11-03,0.3,0.46,0.3,0.39,78,12,0.3,,monthly_30d_40d_otm,weekly_2_strike0,36,32
PSX,2021-10-14,2021-11-10,backfill,O:PSX211119C00085000,85.0,2021-11-19,2021-11-04,0.55,0.55,0.2,0.22,18,4,0.55,,monthly_30d_40d_otm,weekly_2_strike0,36,32
PSX,2021-10-14,2021-11-10,backfill,O:PSX211119C00085000,85.0,2021-11-19,2021-11-05,0.2,0.3,0.15,0.3,11,5,0.2,,monthly_30d_40d_otm,weekly_2_strike0,36,32
PSX,2021-10-14,2021-11-10,backfill,O:PSX211119C00085000,85.0,2021-11-19,2021-11-08,0.2,0.2,0.2,0.2,4,2,0.2,,monthly_30d_40d_otm,weekly_2_strike0,36,32
PSX,2021-10-14,2021-11-10,backfill,O:PSX211119C00085000,85.0,2021-11-19,2021-11-09,0.2,0.2,0.1,0.16,33,7,0.2,,monthly_30d_40d_otm,weekly_2_strike0,36,32
PSX,2021-10-14,2021-11-10,backfill,O:PSX211119C00085000,85.0,2021-11-19,2021-11-10,0.15,0.15,0.1,0.15,14,6,0.15,,monthly_30d_40d_otm,weekly_2_strike0,36,32
PSX,2022-01-20,2022-02-16,backfill,O:PSX220218C00090000,90.0,2022-02-18,2022-01-20,2.4,2.4,2.0,2.18,20,5,2.4,,monthly_30d_30d_otm,weekly_2_strike0,29,20
PSX,2022-01-20,2022-02-16,backfill,O:PSX220218C00090000,90.0,2022-02-18,2022-01-21,1.35,1.35,0.9,1.08,122,12,1.35,,monthly_30d_30d_otm,weekly_2_strike0,29,20
PSX,2022-01-20,2022-02-16,backfill,O:PSX220218C00090000,90.0,2022-02-18,2022-01-24,0.81,0.85,0.66,0.7,99,12,0.81,,monthly_30d_30d_otm,weekly_2_strike0,29,20
PSX,2022-01-20,2022-02-16,backfill,O:PSX220218C00090000,90.0,2022-02-18,2022-01-25,1.2,1.87,1.2,1.83,122,14,1.2,,monthly_30d_30d_otm,weekly_2_strike0,29,20
PSX,2022-01-20,2022-02-16,backfill,O:PSX220218C00090000,90.0,2022-02-18,2022-01-26,2.05,2.2,1.4,1.4,30,8,2.05,,monthly_30d_30d_otm,weekly_2_strike0,29,20
PSX,2022-01-20,2022-02-16,backfill,O:PSX220218C00090000,90.0,2022-02-18,2022-01-27,2.3,2.3,1.33,1.33,3,3,2.3,,monthly_30d_30d_otm,weekly_2_strike0,29,20
PSX,2022-01-20,2022-02-16,backfill,O:PSX220218C00090000,90.0,2022-02-18,2022-01-28,1.88,3.0,0.65,0.75,95,27,1.88,,monthly_30d_30d_otm,weekly_2_strike0,29,20
PSX,2022-01-20,2022-02-16,backfill,O:PSX220218C00090000,90.0,2022-02-18,2022-01-31,0.83,1.1,0.76,0.77,68,13,0.83,,monthly_30d_30d_otm,weekly_2_strike0,29,20
PSX,2022-01-20,2022-02-16,backfill,O:PSX220218C00090000,90.0,2022-02-18,2022-02-01,1.1,1.65,1.1,1.58,26,12,1.1,,monthly_30d_30d_otm,weekly_2_strike0,29,20
PSX,2022-01-20,2022-02-16,backfill,O:PSX220218C00090000,90.0,2022-02-18,2022-02-02,1.45,1.53,0.85,1.53,35,9,1.45,,monthly_30d_30d_otm,weekly_2_strike0,29,20
PSX,2022-01-20,2022-02-16,backfill,O:PSX220218C00090000,90.0,2022-02-18,2022-02-03,1.3,1.5,1.1,1.1,33,6,1.3,,monthly_30d_30d_otm,weekly_2_strike0,29,20
PSX,2022-01-20,2022-02-16,backfill,O:PSX220218C00090000,90.0,2022-02-18,2022-02-04,1.5,2.12,1.5,1.85,33,15,1.5,,monthly_30d_30d_otm,weekly_2_strike0,29,20
PSX,2022-01-20,2022-02-16,backfill,O:PSX220218C00090000,90.0,2022-02-18,2022-02-07,1.95,2.6,1.9,2.55,89,17,1.95,,monthly_30d_30d_otm,weekly_2_strike0,29,20
PSX,2022-01-20,2022-02-16,backfill,O:PSX220218C00090000,90.0,2022-02-18,2022-02-08,1.24,1.5,1.23,1.35,24,7,1.24,,monthly_30d_30d_otm,weekly_2_strike0,29,20
PSX,2022-01-20,2022-02-16,backfill,O:PSX220218C00090000,90.0,2022-02-18,2022-02-09,1.45,1.52,1.45,1.5,13,7,1.45,,monthly_30d_30d_otm,weekly_2_strike0,29,20
PSX,2022-01-20,2022-02-16,backfill,O:PSX220218C00090000,90.0,2022-02-18,2022-02-10,1.35,2.2,1.35,1.47,43,15,1.35,,monthly_30d_30d_otm,weekly_2_strike0,29,20
PSX,2022-01-20,2022-02-16,backfill,O:PSX220218C00090000,90.0,2022-02-18,2022-02-11,2.44,4.1,2.36,3.96,589,43,2.44,,monthly_30d_30d_otm,weekly_2_strike0,29,20
PSX,2022-01-20,2022-02-16,backfill,O:PSX220218C00090000,90.0,2022-02-18,2022-02-14,3.57,3.8,1.4,1.9,825,35,3.57,,monthly_30d_30d_otm,weekly_2_strike0,29,20
PSX,2022-01-20,2022-02-16,backfill,O:PSX220218C00090000,90.0,2022-02-18,2022-02-15,0.8,1.1,0.5,0.55,120,23,0.8,,monthly_30d_30d_otm,weekly_2_strike0,29,20
PSX,2022-01-20,2022-02-16,backfill,O:PSX220218C00090000,90.0,2022-02-18,2022-02-16,1.4,1.4,0.2,0.23,984,50,1.4,,monthly_30d_30d_otm,weekly_2_strike0,29,20
PSX,2022-05-11,2022-06-08,backfill,O:PSX220617C00105000,105.0,2022-06-17,2022-05-11,0.95,1.1,0.91,1.0,27,7,0.95,,monthly_30d_20d_otm,weekly_2_strike0,37,27
PSX,2022-05-11,2022-06-08,backfill,O:PSX220617C00105000,105.0,2022-06-17,2022-05-12,0.77,0.77,0.65,0.68,13,3,0.77,,monthly_30d_20d_otm,weekly_2_strike0,37,27
PSX,2022-05-11,2022-06-08,backfill,O:PSX220617C00105000,105.0,2022-06-17,2022-05-13,1.08,1.17,1.05,1.17,153,12,1.08,,monthly_30d_20d_otm,weekly_2_strike0,37,27
PSX,2022-05-11,2022-06-08,backfill,O:PSX220617C00105000,105.0,2022-06-17,2022-05-16,1.5,1.65,1.45,1.45,40,15,1.5,,monthly_30d_20d_otm,weekly_2_strike0,37,27
PSX,2022-05-11,2022-06-08,backfill,O:PSX220617C00105000,105.0,2022-06-17,2022-05-17,1.48,1.55,1.25,1.37,402,19,1.48,,monthly_30d_20d_otm,weekly_2_strike0,37,27
PSX,2022-05-11,2022-06-08,backfill,O:PSX220617C00105000,105.0,2022-06-17,2022-05-18,1.52,1.52,0.94,1.0,344,17,1.52,,monthly_30d_20d_otm,weekly_2_strike0,37,27
PSX,2022-05-11,2022-06-08,backfill,O:PSX220617C00105000,105.0,2022-06-17,2022-05-19,0.75,1.1,0.75,1.0,180,12,0.75,,monthly_30d_20d_otm,weekly_2_strike0,37,27
PSX,2022-05-11,2022-06-08,backfill,O:PSX220617C00105000,105.0,2022-06-17,2022-05-20,1.1,1.1,0.6,0.6,111,11,1.1,,monthly_30d_20d_otm,weekly_2_strike0,37,27
PSX,2022-05-11,2022-06-08,backfill,O:PSX220617C00105000,105.0,2022-06-17,2022-05-23,0.9,1.03,0.7,0.76,139,15,0.9,,monthly_30d_20d_otm,weekly_2_strike0,37,27
PSX,2022-05-11,2022-06-08,backfill,O:PSX220617C00105000,105.0,2022-06-17,2022-05-24,0.82,1.1,0.7,1.1,59,9,0.82,,monthly_30d_20d_otm,weekly_2_strike0,37,27
PSX,2022-05-11,2022-06-08,backfill,O:PSX220617C00105000,105.0,2022-06-17,2022-05-25,1.45,1.85,1.32,1.57,100,21,1.45,,monthly_30d_20d_otm,weekly_2_strike0,37,27
PSX,2022-05-11,2022-06-08,backfill,O:PSX220617C00105000,105.0,2022-06-17,2022-05-26,1.9,1.9,1.25,1.26,53,16,1.9,,monthly_30d_20d_otm,weekly_2_strike0,37,27
PSX,2022-05-11,2022-06-08,backfill,O:PSX220617C00105000,105.0,2022-06-17,2022-05-27,1.61,2.25,1.61,1.97,94,19,1.61,,monthly_30d_20d_otm,weekly_2_strike0,37,27
PSX,2022-05-11,2022-06-08,backfill,O:PSX220617C00105000,105.0,2022-06-17,2022-05-31,2.03,2.6,1.5,1.55,64,26,2.03,,monthly_30d_20d_otm,weekly_2_strike0,37,27
PSX,2022-05-11,2022-06-08,backfill,O:PSX220617C00105000,105.0,2022-06-17,2022-06-01,1.75,2.55,1.6,2.51,88,13,1.75,,monthly_30d_20d_otm,weekly_2_strike0,37,27
PSX,2022-05-11,2022-06-08,backfill,O:PSX220617C00105000,105.0,2022-06-17,2022-06-02,2.0,2.5,1.9,2.05,44,13,2.0,,monthly_30d_20d_otm,weekly_2_strike0,37,27
PSX,2022-05-11,2022-06-08,backfill,O:PSX220617C00105000,105.0,2022-06-17,2022-06-03,2.3,2.7,2.23,2.6,86,15,2.3,,monthly_30d_20d_otm,weekly_2_strike0,37,27
PSX,2022-05-11,2022-06-08,backfill,O:PSX220617C00105000,105.0,2022-06-17,2022-06-06,2.85,3.5,2.6,3.42,191,20,2.85,,monthly_30d_20d_otm,weekly_2_strike0,37,27
PSX,2022-05-11,2022-06-08,backfill,O:PSX220617C00105000,105.0,2022-06-17,2022-06-07,3.7,5.9,3.7,5.9,226,16,3.7,,monthly_30d_20d_otm,weekly_2_strike0,37,27
PSX,2022-05-11,2022-06-08,backfill,O:PSX220617C00105000,105.0,2022-06-17,2022-06-08,5.1,6.79,5.1,5.73,60,8,5.1,,monthly_30d_20d_otm,weekly_2_strike0,37,27
PSX,2023-08-08,2023-09-05,backfill,O:PSX230915C00115000,115.0,2023-09-15,2023-08-08,1.65,2.75,1.35,2.54,209,24,1.65,,monthly_30d_25d_otm,weekly_2_strike0,38,209
PSX,2023-08-08,2023-09-05,backfill,O:PSX230915C00115000,115.0,2023-09-15,2023-08-09,2.75,4.0,2.75,3.6,57,16,2.75,,monthly_30d_25d_otm,weekly_2_strike0,38,209
PSX,2023-08-08,2023-09-05,backfill,O:PSX230915C00115000,115.0,2023-09-15,2023-08-10,3.46,4.1,3.1,3.37,53,19,3.46,,monthly_30d_25d_otm,weekly_2_strike0,38,209
PSX,2023-08-08,2023-09-05,backfill,O:PSX230915C00115000,115.0,2023-09-15,2023-08-11,4.2,4.6,3.98,4.23,48,20,4.2,,monthly_30d_25d_otm,weekly_2_strike0,38,209
PSX,2023-08-08,2023-09-05,backfill,O:PSX230915C00115000,115.0,2023-09-15,2023-08-14,4.2,4.2,2.95,3.47,52,19,4.2,,monthly_30d_25d_otm,weekly_2_strike0,38,209
PSX,2023-08-08,2023-09-05,backfill,O:PSX230915C00115000,115.0,2023-09-15,2023-08-15,2.53,2.66,2.15,2.5,74,16,2.53,,monthly_30d_25d_otm,weekly_2_strike0,38,209
PSX,2023-08-08,2023-09-05,backfill,O:PSX230915C00115000,115.0,2023-09-15,2023-08-16,2.75,3.3,2.45,2.53,122,29,2.75,,monthly_30d_25d_otm,weekly_2_strike0,38,209
PSX,2023-08-08,2023-09-05,backfill,O:PSX230915C00115000,115.0,2023-09-15,2023-08-17,3.3,4.03,3.0,3.0,69,29,3.3,,monthly_30d_25d_otm,weekly_2_strike0,38,209
PSX,2023-08-08,2023-09-05,backfill,O:PSX230915C00115000,115.0,2023-09-15,2023-08-18,3.3,3.5,2.9,3.2,106,23,3.3,,monthly_30d_25d_otm,weekly_2_strike0,38,209
PSX,2023-08-08,2023-09-05,backfill,O:PSX230915C00115000,115.0,2023-09-15,2023-08-21,2.66,2.75,2.15,2.57,62,15,2.66,,monthly_30d_25d_otm,weekly_2_strike0,38,209
PSX,2023-08-08,2023-09-05,backfill,O:PSX230915C00115000,115.0,2023-09-15,2023-08-22,2.35,2.47,2.16,2.17,15,12,2.35,,monthly_30d_25d_otm,weekly_2_strike0,38,209
PSX,2023-08-08,2023-09-05,backfill,O:PSX230915C00115000,115.0,2023-09-15,2023-08-23,1.37,1.8,1.37,1.73,55,12,1.37,,monthly_30d_25d_otm,weekly_2_strike0,38,209
PSX,2023-08-08,2023-09-05,backfill,O:PSX230915C00115000,115.0,2023-09-15,2023-08-25,1.92,2.5,1.6,2.35,69,20,1.92,,monthly_30d_25d_otm,weekly_2_strike0,38,209
PSX,2023-08-08,2023-09-05,backfill,O:PSX230915C00115000,115.0,2023-09-15,2023-08-28,2.48,2.48,1.6,1.7,114,14,2.48,,monthly_30d_25d_otm,weekly_2_strike0,38,209
PSX,2023-08-08,2023-09-05,backfill,O:PSX230915C00115000,115.0,2023-09-15,2023-08-29,1.65,1.65,1.2,1.25,47,8,1.65,,monthly_30d_25d_otm,weekly_2_strike0,38,209
PSX,2023-08-08,2023-09-05,backfill,O:PSX230915C00115000,115.0,2023-09-15,2023-08-30,1.29,1.57,1.29,1.5,8,6,1.29,,monthly_30d_25d_otm,weekly_2_strike0,38,209
PSX,2023-08-08,2023-09-05,backfill,O:PSX230915C00115000,115.0,2023-09-15,2023-08-31,1.0,1.81,0.9,1.7,528,29,1.0,,monthly_30d_25d_otm,weekly_2_strike0,38,209
PSX,2023-08-08,2023-09-05,backfill,O:PSX230915C00115000,115.0,2023-09-15,2023-09-01,2.49,3.4,2.25,3.2,520,56,2.49,,monthly_30d_25d_otm,weekly_2_strike0,38,209
PSX,2023-08-08,2023-09-05,backfill,O:PSX230915C00115000,115.0,2023-09-15,2023-09-05,3.6,4.0,2.9,2.9,64,19,3.6,,monthly_30d_25d_otm,weekly_2_strike0,38,209
PSX,2025-03-07,2025-04-03,backfill,O:PSX250516C00130000,130.0,2025-05-16,2025-03-07,5.1,6.2,5.1,5.93,113,11,5.1,,monthly_60d_35d_otm,weekly_1_strike0,70,113
PSX,2025-03-07,2025-04-03,backfill,O:PSX250516C00130000,130.0,2025-05-16,2025-03-10,6.5,6.8,6.1,6.1,30,4,6.5,,monthly_60d_35d_otm,weekly_1_strike0,70,113
PSX,2025-03-07,2025-04-03,backfill,O:PSX250516C00130000,130.0,2025-05-16,2025-03-11,4.69,4.9,4.6,4.8,125,8,4.69,,monthly_60d_35d_otm,weekly_1_strike0,70,113
PSX,2025-03-07,2025-04-03,backfill,O:PSX250516C00130000,130.0,2025-05-16,2025-03-12,4.4,4.77,4.4,4.77,16,5,4.4,,monthly_60d_35d_otm,weekly_1_strike0,70,113
PSX,2025-03-07,2025-04-03,backfill,O:PSX250516C00130000,130.0,2025-05-16,2025-03-13,4.8,4.8,4.6,4.6,6,2,4.8,,monthly_60d_35d_otm,weekly_1_strike0,70,113
PSX,2025-03-07,2025-04-03,backfill,O:PSX250516C00130000,130.0,2025-05-16,2025-03-14,5.5,5.7,5.4,5.6,31,5,5.5,,monthly_60d_35d_otm,weekly_1_strike0,70,113
PSX,2025-03-07,2025-04-03,backfill,O:PSX250516C00130000,130.0,2025-05-16,2025-03-17,5.42,6.8,5.42,6.7,75,8,5.42,,monthly_60d_35d_otm,weekly_1_strike0,70,113
PSX,2025-03-07,2025-04-03,backfill,O:PSX250516C00130000,130.0,2025-05-16,2025-03-18,6.6,7.0,6.25,6.25,56,8,6.6,,monthly_60d_35d_otm,weekly_1_strike0,70,113
PSX,2025-03-07,2025-04-03,backfill,O:PSX250516C00130000,130.0,2025-05-16,2025-03-19,5.6,6.0,5.5,6.0,15,5,5.6,,monthly_60d_35d_otm,weekly_1_strike0,70,113
PSX,2025-03-07,2025-04-03,backfill,O:PSX250516C00130000,130.0,2025-05-16,2025-03-20,5.5,5.5,5.5,5.5,1,1,5.5,,monthly_60d_35d_otm,weekly_1_strike0,70,113
PSX,2025-03-07,2025-04-03,backfill,O:PSX250516C00130000,130.0,2025-05-16,2025-03-21,4.7,4.7,4.13,4.2,8,5,4.7,,monthly_60d_35d_otm,weekly_1_strike0,70,113
PSX,2025-03-07,2025-04-03,backfill,O:PSX250516C00130000,130.0,2025-05-16,2025-03-24,3.91,3.91,3.75,3.85,10,5,3.91,,monthly_60d_35d_otm,weekly_1_strike0,70,113
PSX,2025-03-07,2025-04-03,backfill,O:PSX250516C00130000,130.0,2025-05-16,2025-03-25,4.4,4.5,3.7,3.7,11,5,4.4,,monthly_60d_35d_otm,weekly_1_strike0,70,113
PSX,2025-03-07,2025-04-03,backfill,O:PSX250516C00130000,130.0,2025-05-16,2025-03-26,4.1,4.1,4.1,4.1,3,1,4.1,,monthly_60d_35d_otm,weekly_1_strike0,70,113
PSX,2025-03-07,2025-04-03,backfill,O:PSX250516C00130000,130.0,2025-05-16,2025-03-27,3.48,3.75,3.2,3.6,29,10,3.48,,monthly_60d_35d_otm,weekly_1_strike0,70,113
PSX,2025-03-07,2025-04-03,backfill,O:PSX250516C00130000,130.0,2025-05-16,2025-03-28,2.35,2.42,2.31,2.42,14,4,2.35,,monthly_60d_35d_otm,weekly_1_strike0,70,113
PSX,2025-03-07,2025-04-03,backfill,O:PSX250516C00130000,130.0,2025-05-16,2025-03-31,2.8,3.01,2.8,3.0,13,7,2.8,,monthly_60d_35d_otm,weekly_1_strike0,70,113
PSX,2025-03-07,2025-04-03,backfill,O:PSX250516C00130000,130.0,2025-05-16,2025-04-01,2.4,3.2,2.32,3.2,28,9,2.4,,monthly_60d_35d_otm,weekly_1_strike0,70,113
PSX,2025-03-07,2025-04-03,backfill,O:PSX250516C00130000,130.0,2025-05-16,2025-04-02,2.75,2.95,2.55,2.9,153,23,2.75,,monthly_60d_35d_otm,weekly_1_strike0,70,113
PSX,2025-03-07,2025-04-03,backfill,O:PSX250516C00130000,130.0,2025-05-16,2025-04-03,1.45,1.45,0.4,0.4,78,13,1.45,,monthly_60d_35d_otm,weekly_1_strike0,70,113
PSX,2025-08-28,2025-09-25,backfill,O:PSX250919C00133000,133.0,2025-09-19,2025-08-28,3.34,3.55,3.2,3.55,32,4,3.34,,monthly_30d_atm,weekly_2_strike0,22,32
PSX,2025-08-28,2025-09-25,backfill,O:PSX250919C00133000,133.0,2025-09-19,2025-08-29,3.7,3.7,3.4,3.4,6,3,3.7,,monthly_30d_atm,weekly_2_strike0,22,32
PSX,2025-08-28,2025-09-25,backfill,O:PSX250919C00133000,133.0,2025-09-19,2025-09-02,3.34,3.34,3.34,3.34,1,1,3.34,,monthly_30d_atm,weekly_2_strike0,22,32
PSX,2025-08-28,2025-09-25,backfill,O:PSX250919C00133000,133.0,2025-09-19,2025-09-03,2.23,2.23,2.2,2.2,3,2,2.23,,monthly_30d_atm,weekly_2_strike0,22,32
PSX,2025-08-28,2025-09-25,backfill,O:PSX250919C00133000,133.0,2025-09-19,2025-09-05,1.82,1.82,1.75,1.75,4,2,1.82,,monthly_30d_atm,weekly_2_strike0,22,32
PSX,2025-08-28,2025-09-25,backfill,O:PSX250919C00133000,133.0,2025-09-19,2025-09-08,1.55,1.6,1.4,1.6,23,3,1.55,,monthly_30d_atm,weekly_2_strike0,22,32
PSX,2025-08-28,2025-09-25,backfill,O:PSX250919C00133000,133.0,2025-09-19,2025-09-09,3.48,3.48,3.48,3.48,4,1,3.48,,monthly_30d_atm,weekly_2_strike0,22,32
PSX,2025-08-28,2025-09-25,backfill,O:PSX250919C00133000,133.0,2025-09-19,2025-09-10,1.52,1.52,1.52,1.52,1,1,1.52,,monthly_30d_atm,weekly_2_strike0,22,32
PSX,2025-08-28,2025-09-25,backfill,O:PSX250919C00133000,133.0,2025-09-19,2025-09-11,2.35,2.35,1.77,1.77,13,3,2.35,,monthly_30d_atm,weekly_2_strike0,22,32
PSX,2025-08-28,2025-09-25,backfill,O:PSX250919C00133000,133.0,2025-09-19,2025-09-12,1.54,1.54,1.27,1.27,16,4,1.54,,monthly_30d_atm,weekly_2_strike0,22,32
PSX,2025-08-28,2025-09-25,backfill,O:PSX250919C00133000,133.0,2025-09-19,2025-09-15,0.89,1.35,0.85,1.17,17,5,0.89,,monthly_30d_atm,weekly_2_strike0,22,32
PSX,2025-08-28,2025-09-25,backfill,O:PSX250919C00133000,133.0,2025-09-19,2025-09-16,1.7,1.87,1.7,1.75,162,6,1.7,,monthly_30d_atm,weekly_2_strike0,22,32
PSX,2025-08-28,2025-09-25,backfill,O:PSX250919C00133000,133.0,2025-09-19,2025-09-18,1.3,1.32,0.32,0.38,58,12,1.3,,monthly_30d_atm,weekly_2_strike0,22,32
PSX,2025-08-28,2025-09-25,backfill,O:PSX250919C00133000,133.0,2025-09-19,2025-09-19,0.05,0.05,0.03,0.03,6,2,0.05,,monthly_30d_atm,weekly_2_strike0,22,32
PTON,2020-10-01,2020-10-28,backfill,O:PTON201120C00100000,100.0,2020-11-20,2020-10-01,12.4,16.1,12.4,15.65,828,108,12.4,,monthly_45d_atm,weekly_2_strike0,50,828
PTON,2020-10-01,2020-10-28,backfill,O:PTON201120C00100000,100.0,2020-11-20,2020-10-02,15.73,18.5,15.1,16.9,361,70,15.73,,monthly_45d_atm,weekly_2_strike0,50,828
PTON,2020-10-01,2020-10-28,backfill,O:PTON201120C00100000,100.0,2020-11-20,2020-10-05,17.0,18.64,16.45,18.18,77,37,17.0,,monthly_45d_atm,weekly_2_strike0,50,828
PTON,2020-10-01,2020-10-28,backfill,O:PTON201120C00100000,100.0,2020-11-20,2020-10-06,18.5,20.6,18.24,19.2,367,35,18.5,,monthly_45d_atm,weekly_2_strike0,50,828
PTON,2020-10-01,2020-10-28,backfill,O:PTON201120C00100000,100.0,2020-11-20,2020-10-07,21.0,23.75,21.0,22.91,434,41,21.0,,monthly_45d_atm,weekly_2_strike0,50,828
PTON,2020-10-01,2020-10-28,backfill,O:PTON201120C00100000,100.0,2020-11-20,2020-10-08,24.11,24.21,20.45,21.72,547,40,24.11,,monthly_45d_atm,weekly_2_strike0,50,828
PTON,2020-10-01,2020-10-28,backfill,O:PTON201120C00100000,100.0,2020-11-20,2020-10-09,22.39,27.57,22.39,27.57,86,35,22.39,,monthly_45d_atm,weekly_2_strike0,50,828
PTON,2020-10-01,2020-10-28,backfill,O:PTON201120C00100000,100.0,2020-11-20,2020-10-12,28.75,32.17,26.94,31.33,79,28,28.75,,monthly_45d_atm,weekly_2_strike0,50,828
PTON,2020-10-01,2020-10-28,backfill,O:PTON201120C00100000,100.0,2020-11-20,2020-10-13,29.07,34.25,28.65,33.8,61,21,29.07,,monthly_45d_atm,weekly_2_strike0,50,828
PTON,2020-10-01,2020-10-28,backfill,O:PTON201120C00100000,100.0,2020-11-20,2020-10-14,34.18,35.99,31.3,34.16,42,22,34.18,,monthly_45d_atm,weekly_2_strike0,50,828
PTON,2020-10-01,2020-10-28,backfill,O:PTON201120C00100000,100.0,2020-11-20,2020-10-15,34.12,38.9,32.55,38.18,95,19,34.12,,monthly_45d_atm,weekly_2_strike0,50,828
PTON,2020-10-01,2020-10-28,backfill,O:PTON201120C00100000,100.0,2020-11-20,2020-10-16,40.6,41.28,31.8,34.17,225,42,40.6,,monthly_45d_atm,weekly_2_strike0,50,828
PTON,2020-10-01,2020-10-28,backfill,O:PTON201120C00100000,100.0,2020-11-20,2020-10-19,34.3,36.27,30.12,35.75,43,15,34.3,,monthly_45d_atm,weekly_2_strike0,50,828
PTON,2020-10-01,2020-10-28,backfill,O:PTON201120C00100000,100.0,2020-11-20,2020-10-20,35.75,36.35,33.38,34.8,552,12,35.75,,monthly_45d_atm,weekly_2_strike0,50,828
PTON,2020-10-01,2020-10-28,backfill,O:PTON201120C00100000,100.0,2020-11-20,2020-10-21,37.55,37.6,27.57,27.57,24,13,37.55,,monthly_45d_atm,weekly_2_strike0,50,828
PTON,2020-10-01,2020-10-28,backfill,O:PTON201120C00100000,100.0,2020-11-20,2020-10-22,23.37,28.35,23.15,24.35,40,15,23.37,,monthly_45d_atm,weekly_2_strike0,50,828
PTON,2020-10-01,2020-10-28,backfill,O:PTON201120C00100000,100.0,2020-11-20,2020-10-23,24.6,26.3,24.6,25.63,15,10,24.6,,monthly_45d_atm,weekly_2_strike0,50,828
PTON,2020-10-01,2020-10-28,backfill,O:PTON201120C00100000,100.0,2020-11-20,2020-10-26,26.19,28.05,20.9,22.6,94,24,26.19,,monthly_45d_atm,weekly_2_strike0,50,828
PTON,2020-10-01,2020-10-28,backfill,O:PTON201120C00100000,100.0,2020-11-20,2020-10-27,22.73,23.95,22.73,23.95,13,8,22.73,,monthly_45d_atm,weekly_2_strike0,50,828
PTON,2020-10-01,2020-10-28,backfill,O:PTON201120C00100000,100.0,2020-11-20,2020-10-28,24.0,26.6,24.0,25.82,11,5,24.0,,monthly_45d_atm,weekly_2_strike0,50,828
PXD,2021-01-07,2021-02-04,backfill,O:PXD210219C00140000,140.0,2021-02-19,2021-01-07,5.5,5.93,5.43,5.93,16,3,5.5,,monthly_30d_30d_otm,weekly_2_strike2,43,16
PXD,2021-01-07,2021-02-04,backfill,O:PXD210219C00140000,140.0,2021-02-19,2021-01-08,5.05,5.05,4.92,4.92,3,2,5.05,,monthly_30d_30d_otm,weekly_2_strike2,43,16
PXD,2021-01-07,2021-02-04,backfill,O:PXD210219C00140000,140.0,2021-02-19,2021-01-12,6.9,7.2,6.5,6.5,50,7,6.9,,monthly_30d_30d_otm,weekly_2_strike2,43,16
PXD,2021-01-07,2021-02-04,backfill,O:PXD210219C00140000,140.0,2021-02-19,2021-01-13,4.74,5.8,4.74,4.9,443,9,4.74,,monthly_30d_30d_otm,weekly_2_strike2,43,16
PXD,2021-01-07,2021-02-04,backfill,O:PXD210219C00140000,140.0,2021-02-19,2021-01-14,4.53,5.79,4.53,5.2,276,8,4.53,,monthly_30d_30d_otm,weekly_2_strike2,43,16
PXD,2021-01-07,2021-02-04,backfill,O:PXD210219C00140000,140.0,2021-02-19,2021-01-15,3.7,3.8,3.1,3.1,107,6,3.7,,monthly_30d_30d_otm,weekly_2_strike2,43,16
PXD,2021-01-07,2021-02-04,backfill,O:PXD210219C00140000,140.0,2021-02-19,2021-01-19,3.2,4.4,3.2,4.11,153,7,3.2,,monthly_30d_30d_otm,weekly_2_strike2,43,16
PXD,2021-01-07,2021-02-04,backfill,O:PXD210219C00140000,140.0,2021-02-19,2021-01-21,3.44,3.44,3.44,3.44,10,1,3.44,,monthly_30d_30d_otm,weekly_2_strike2,43,16
PXD,2021-01-07,2021-02-04,backfill,O:PXD210219C00140000,140.0,2021-02-19,2021-01-22,3.5,3.86,3.4,3.86,110,8,3.5,,monthly_30d_30d_otm,weekly_2_strike2,43,16
PXD,2021-01-07,2021-02-04,backfill,O:PXD210219C00140000,140.0,2021-02-19,2021-01-25,3.2,3.2,2.55,2.55,4,2,3.2,,monthly_30d_30d_otm,weekly_2_strike2,43,16
PXD,2021-01-07,2021-02-04,backfill,O:PXD210219C00140000,140.0,2021-02-19,2021-01-26,3.17,3.17,2.35,2.35,11,2,3.17,,monthly_30d_30d_otm,weekly_2_strike2,43,16
PXD,2021-01-07,2021-02-04,backfill,O:PXD210219C00140000,140.0,2021-02-19,2021-01-27,1.5,1.5,1.5,1.5,2,1,1.5,,monthly_30d_30d_otm,weekly_2_strike2,43,16
PXD,2021-01-07,2021-02-04,backfill,O:PXD210219C00140000,140.0,2021-02-19,2021-01-28,1.65,1.65,1.65,1.65,126,2,1.65,,monthly_30d_30d_otm,weekly_2_strike2,43,16
PXD,2021-01-07,2021-02-04,backfill,O:PXD210219C00140000,140.0,2021-02-19,2021-01-29,1.8,1.9,1.8,1.9,199,2,1.8,,monthly_30d_30d_otm,weekly_2_strike2,43,16
PXD,2021-01-07,2021-02-04,backfill,O:PXD210219C00140000,140.0,2021-02-19,2021-02-01,1.05,1.05,1.05,1.05,1,1,1.05,,monthly_30d_30d_otm,weekly_2_strike2,43,16
PXD,2021-01-07,2021-02-04,backfill,O:PXD210219C00140000,140.0,2021-02-19,2021-02-03,1.35,1.5,1.35,1.5,11,2,1.35,,monthly_30d_30d_otm,weekly_2_strike2,43,16
PXD,2021-01-07,2021-02-04,backfill,O:PXD210219C00140000,140.0,2021-02-19,2021-02-04,1.25,1.25,1.25,1.25,21,2,1.25,,monthly_30d_30d_otm,weekly_2_strike2,43,16
PXD,2021-02-25,2021-03-24,backfill,O:PXD210319C00160000,160.0,2021-03-19,2021-02-25,4.0,4.2,3.5,4.2,40,13,4.0,,monthly_30d_30d_otm,weekly_2_strike1,22,40
PXD,2021-02-25,2021-03-24,backfill,O:PXD210319C00160000,160.0,2021-03-19,2021-02-26,2.62,3.4,2.39,3.4,17,5,2.62,,monthly_30d_30d_otm,weekly_2_strike1,22,40
PXD,2021-02-25,2021-03-24,backfill,O:PXD210319C00160000,160.0,2021-03-19,2021-03-01,2.45,2.7,2.45,2.7,3,2,2.45,,monthly_30d_30d_otm,weekly_2_strike1,22,40
PXD,2021-02-25,2021-03-24,backfill,O:PXD210319C00160000,160.0,2021-03-19,2021-03-02,1.95,2.3,1.95,2.08,22,3,1.95,,monthly_30d_30d_otm,weekly_2_strike1,22,40
PXD,2021-02-25,2021-03-24,backfill,O:PXD210319C00160000,160.0,2021-03-19,2021-03-03,3.0,5.4,3.0,4.2,35,13,3.0,,monthly_30d_30d_otm,weekly_2_strike1,22,40
PXD,2021-02-25,2021-03-24,backfill,O:PXD210319C00160000,160.0,2021-03-19,2021-03-04,4.5,5.8,3.4,5.42,48,15,4.5,,monthly_30d_30d_otm,weekly_2_strike1,22,40
PXD,2021-02-25,2021-03-24,backfill,O:PXD210319C00160000,160.0,2021-03-19,2021-03-05,7.5,9.0,6.5,7.4,60,9,7.5,,monthly_30d_30d_otm,weekly_2_strike1,22,40
PXD,2021-02-25,2021-03-24,backfill,O:PXD210319C00160000,160.0,2021-03-19,2021-03-08,6.2,7.9,6.12,6.9,21,6,6.2,,monthly_30d_30d_otm,weekly_2_strike1,22,40
PXD,2021-02-25,2021-03-24,backfill,O:PXD210319C00160000,160.0,2021-03-19,2021-03-09,4.87,6.0,4.36,4.36,18,7,4.87,,monthly_30d_30d_otm,weekly_2_strike1,22,40
PXD,2021-02-25,2021-03-24,backfill,O:PXD210319C00160000,160.0,2021-03-19,2021-03-10,2.25,3.7,2.25,3.6,41,8,2.25,,monthly_30d_30d_otm,weekly_2_strike1,22,40
PXD,2021-02-25,2021-03-24,backfill,O:PXD210319C00160000,160.0,2021-03-19,2021-03-11,6.3,7.35,6.3,6.55,33,7,6.3,,monthly_30d_30d_otm,weekly_2_strike1,22,40
PXD,2021-02-25,2021-03-24,backfill,O:PXD210319C00160000,160.0,2021-03-19,2021-03-12,7.65,7.65,6.35,6.65,8,3,7.65,,monthly_30d_30d_otm,weekly_2_strike1,22,40
PXD,2021-02-25,2021-03-24,backfill,O:PXD210319C00160000,160.0,2021-03-19,2021-03-15,6.5,7.45,6.25,6.25,10,5,6.5,,monthly_30d_30d_otm,weekly_2_strike1,22,40
PXD,2021-02-25,2021-03-24,backfill,O:PXD210319C00160000,160.0,2021-03-19,2021-03-16,4.6,5.9,4.0,5.9,124,4,4.6,,monthly_30d_30d_otm,weekly_2_strike1,22,40
PXD,2021-02-25,2021-03-24,backfill,O:PXD210319C00160000,160.0,2021-03-19,2021-03-17,6.15,8.02,6.15,8.02,11,3,6.15,,monthly_30d_30d_otm,weekly_2_strike1,22,40
PXD,2021-02-25,2021-03-24,backfill,O:PXD210319C00160000,160.0,2021-03-19,2021-03-18,5.7,6.0,4.2,4.2,3,3,5.7,,monthly_30d_30d_otm,weekly_2_strike1,22,40
PXD,2021-02-25,2021-03-24,backfill,O:PXD210319C00160000,160.0,2021-03-19,2021-03-19,1.1,4.4,1.1,4.1,23,9,1.1,,monthly_30d_30d_otm,weekly_2_strike1,22,40
PXD,2021-10-05,2021-11-01,backfill,O:PXD211119C00200000,200.0,2021-11-19,2021-10-05,4.6,4.83,3.34,3.34,265,8,4.6,,monthly_30d_25d_otm,weekly_2_strike1,45,265
PXD,2021-10-05,2021-11-01,backfill,O:PXD211119C00200000,200.0,2021-11-19,2021-10-06,3.0,3.12,3.0,3.1,5,3,3.0,,monthly_30d_25d_otm,weekly_2_strike1,45,265
PXD,2021-10-05,2021-11-01,backfill,O:PXD211119C00200000,200.0,2021-11-19,2021-10-07,3.4,4.0,3.4,3.9,8,4,3.4,,monthly_30d_25d_otm,weekly_2_strike1,45,265
PXD,2021-10-05,2021-11-01,backfill,O:PXD211119C00200000,200.0,2021-11-19,2021-10-08,5.58,7.4,5.58,6.98,43,14,5.58,,monthly_30d_25d_otm,weekly_2_strike1,45,265
PXD,2021-10-05,2021-11-01,backfill,O:PXD211119C00200000,200.0,2021-11-19,2021-10-11,8.0,8.35,7.4,7.4,61,17,8.0,,monthly_30d_25d_otm,weekly_2_strike1,45,265
PXD,2021-10-05,2021-11-01,backfill,O:PXD211119C00200000,200.0,2021-11-19,2021-10-12,7.5,7.5,5.5,6.0,41,10,7.5,,monthly_30d_25d_otm,weekly_2_strike1,45,265
PXD,2021-10-05,2021-11-01,backfill,O:PXD211119C00200000,200.0,2021-11-19,2021-10-13,4.85,5.64,4.85,5.4,58,7,4.85,,monthly_30d_25d_otm,weekly_2_strike1,45,265
PXD,2021-10-05,2021-11-01,backfill,O:PXD211119C00200000,200.0,2021-11-19,2021-10-14,6.3,6.68,5.08,5.27,55,9,6.3,,monthly_30d_25d_otm,weekly_2_strike1,45,265
PXD,2021-10-05,2021-11-01,backfill,O:PXD211119C00200000,200.0,2021-11-19,2021-10-15,5.9,5.9,4.0,4.0,106,13,5.9,,monthly_30d_25d_otm,weekly_2_strike1,45,265
PXD,2021-10-05,2021-11-01,backfill,O:PXD211119C00200000,200.0,2021-11-19,2021-10-18,5.7,5.7,3.9,3.9,45,14,5.7,,monthly_30d_25d_otm,weekly_2_strike1,45,265
PXD,2021-10-05,2021-11-01,backfill,O:PXD211119C00200000,200.0,2021-11-19,2021-10-19,4.49,4.49,4.49,4.49,9,1,4.49,,monthly_30d_25d_otm,weekly_2_strike1,45,265
PXD,2021-10-05,2021-11-01,backfill,O:PXD211119C00200000,200.0,2021-11-19,2021-10-20,4.03,4.11,3.95,4.11,22,2,4.03,,monthly_30d_25d_otm,weekly_2_strike1,45,265
PXD,2021-10-05,2021-11-01,backfill,O:PXD211119C00200000,200.0,2021-11-19,2021-10-21,3.64,3.7,2.75,3.2,63,10,3.64,,monthly_30d_25d_otm,weekly_2_strike1,45,265
PXD,2021-10-05,2021-11-01,backfill,O:PXD211119C00200000,200.0,2021-11-19,2021-10-22,3.61,4.2,3.31,4.2,27,6,3.61,,monthly_30d_25d_otm,weekly_2_strike1,45,265
PXD,2021-10-05,2021-11-01,backfill,O:PXD211119C00200000,200.0,2021-11-19,2021-10-25,5.1,6.0,4.08,4.08,18,3,5.1,,monthly_30d_25d_otm,weekly_2_strike1,45,265
PXD,2021-10-05,2021-11-01,backfill,O:PXD211119C00200000,200.0,2021-11-19,2021-10-26,4.3,4.3,4.3,4.3,3,1,4.3,,monthly_30d_25d_otm,weekly_2_strike1,45,265
PXD,2021-10-05,2021-11-01,backfill,O:PXD211119C00200000,200.0,2021-11-19,2021-10-27,3.3,3.5,3.0,3.3,23,5,3.3,,monthly_30d_25d_otm,weekly_2_strike1,45,265
PXD,2021-10-05,2021-11-01,backfill,O:PXD211119C00200000,200.0,2021-11-19,2021-10-28,2.05,2.9,2.05,2.7,19,4,2.05,,monthly_30d_25d_otm,weekly_2_strike1,45,265
PXD,2021-10-05,2021-11-01,backfill,O:PXD211119C00200000,200.0,2021-11-19,2021-10-29,2.45,2.45,2.15,2.15,13,4,2.45,,monthly_30d_25d_otm,weekly_2_strike1,45,265
PXD,2021-10-05,2021-11-01,backfill,O:PXD211119C00200000,200.0,2021-11-19,2021-11-01,2.7,2.85,2.7,2.85,6,2,2.7,,monthly_30d_25d_otm,weekly_2_strike1,45,265
PXD,2022-01-25,2022-02-22,backfill,O:PXD220218C00215000,215.0,2022-02-18,2022-01-25,6.3,7.55,5.75,7.55,47,13,6.3,,monthly_30d_30d_otm,weekly_2_strike0,24,47
PXD,2022-01-25,2022-02-22,backfill,O:PXD220218C00215000,215.0,2022-02-18,2022-01-26,11.4,11.4,8.8,8.8,4,3,11.4,,monthly_30d_30d_otm,weekly_2_strike0,24,47
PXD,2022-01-25,2022-02-22,backfill,O:PXD220218C00215000,215.0,2022-02-18,2022-01-27,9.1,9.1,8.85,8.85,7,2,9.1,,monthly_30d_30d_otm,weekly_2_strike0,24,47
PXD,2022-01-25,2022-02-22,backfill,O:PXD220218C00215000,215.0,2022-02-18,2022-01-28,8.92,10.01,8.92,10.01,13,2,8.92,,monthly_30d_30d_otm,weekly_2_strike0,24,47
PXD,2022-01-25,2022-02-22,backfill,O:PXD220218C00215000,215.0,2022-02-18,2022-01-31,10.42,10.42,10.42,10.42,2,1,10.42,,monthly_30d_30d_otm,weekly_2_strike0,24,47
PXD,2022-01-25,2022-02-22,backfill,O:PXD220218C00215000,215.0,2022-02-18,2022-02-01,12.2,12.2,12.2,12.2,2,1,12.2,,monthly_30d_30d_otm,weekly_2_strike0,24,47
PXD,2022-01-25,2022-02-22,backfill,O:PXD220218C00215000,215.0,2022-02-18,2022-02-02,10.5,10.5,10.5,10.5,2,1,10.5,,monthly_30d_30d_otm,weekly_2_strike0,24,47
PXD,2022-01-25,2022-02-22,backfill,O:PXD220218C00215000,215.0,2022-02-18,2022-02-03,11.2,11.4,11.2,11.4,4,2,11.2,,monthly_30d_30d_otm,weekly_2_strike0,24,47
PXD,2022-01-25,2022-02-22,backfill,O:PXD220218C00215000,215.0,2022-02-18,2022-02-04,17.18,17.18,17.18,17.18,1,1,17.18,,monthly_30d_30d_otm,weekly_2_strike0,24,47
PXD,2022-01-25,2022-02-22,backfill,O:PXD220218C00215000,215.0,2022-02-18,2022-02-07,15.05,15.05,13.69,14.08,3,2,15.05,,monthly_30d_30d_otm,weekly_2_strike0,24,47
PXD,2022-01-25,2022-02-22,backfill,O:PXD220218C00215000,215.0,2022-02-18,2022-02-08,8.65,10.0,8.65,10.0,4,3,8.65,,monthly_30d_30d_otm,weekly_2_strike0,24,47
PXD,2022-01-25,2022-02-22,backfill,O:PXD220218C00215000,215.0,2022-02-18,2022-02-10,11.75,12.0,11.75,12.0,7,2,11.75,,monthly_30d_30d_otm,weekly_2_strike0,24,47
PXD,2022-01-25,2022-02-22,backfill,O:PXD220218C00215000,215.0,2022-02-18,2022-02-11,17.28,17.28,17.28,17.28,4,1,17.28,,monthly_30d_30d_otm,weekly_2_strike0,24,47
PXD,2022-01-25,2022-02-22,backfill,O:PXD220218C00215000,215.0,2022-02-18,2022-02-15,5.25,5.25,5.25,5.25,2,1,5.25,,monthly_30d_30d_otm,weekly_2_strike0,24,47
PXD,2022-01-25,2022-02-22,backfill,O:PXD220218C00215000,215.0,2022-02-18,2022-02-17,9.6,15.4,9.0,14.1,29,7,9.6,,monthly_30d_30d_otm,weekly_2_strike0,24,47
PXD,2022-01-25,2022-02-22,backfill,O:PXD220218C00215000,215.0,2022-02-18,2022-02-18,16.75,19.32,16.5,18.0,52,9,16.75,,monthly_30d_30d_otm,weekly_2_strike0,24,47
PXD,2022-10-19,2022-11-15,backfill,O:PXD221118C00270000,270.0,2022-11-18,2022-10-19,4.9,5.68,4.9,5.68,14,3,4.9,,monthly_30d_25d_otm,weekly_2_strike0,30,14
PXD,2022-10-19,2022-11-15,backfill,O:PXD221118C00270000,270.0,2022-11-18,2022-10-20,6.84,7.3,6.21,6.21,16,8,6.84,,monthly_30d_25d_otm,weekly_2_strike0,30,14
PXD,2022-10-19,2022-11-15,backfill,O:PXD221118C00270000,270.0,2022-11-18,2022-10-21,7.75,10.3,7.6,10.2,281,31,7.75,,monthly_30d_25d_otm,weekly_2_strike0,30,14
PXD,2022-10-19,2022-11-15,backfill,O:PXD221118C00270000,270.0,2022-11-18,2022-10-24,11.95,13.22,11.4,11.82,101,22,11.95,,monthly_30d_25d_otm,weekly_2_strike0,30,14
PXD,2022-10-19,2022-11-15,backfill,O:PXD221118C00270000,270.0,2022-11-18,2022-10-25,11.35,11.4,9.7,9.7,22,11,11.35,,monthly_30d_25d_otm,weekly_2_strike0,30,14
PXD,2022-10-19,2022-11-15,backfill,O:PXD221118C00270000,270.0,2022-11-18,2022-10-26,10.1,13.2,10.0,10.0,10,8,10.1,,monthly_30d_25d_otm,weekly_2_strike0,30,14
PXD,2022-10-19,2022-11-15,backfill,O:PXD221118C00270000,270.0,2022-11-18,2022-10-27,11.0,13.4,10.2,10.2,38,15,11.0,,monthly_30d_25d_otm,weekly_2_strike0,30,14
PXD,2022-10-19,2022-11-15,backfill,O:PXD221118C00270000,270.0,2022-11-18,2022-10-28,10.2,12.5,4.7,4.7,47,22,10.2,,monthly_30d_25d_otm,weekly_2_strike0,30,14
PXD,2022-10-19,2022-11-15,backfill,O:PXD221118C00270000,270.0,2022-11-18,2022-10-31,3.65,5.8,3.65,4.45,31,16,3.65,,monthly_30d_25d_otm,weekly_2_strike0,30,14
PXD,2022-10-19,2022-11-15,backfill,O:PXD221118C00270000,270.0,2022-11-18,2022-11-01,3.85,3.85,3.0,3.0,18,4,3.85,,monthly_30d_25d_otm,weekly_2_strike0,30,14
PXD,2022-10-19,2022-11-15,backfill,O:PXD221118C00270000,270.0,2022-11-18,2022-11-02,2.67,4.3,2.14,2.9,67,12,2.67,,monthly_30d_25d_otm,weekly_2_strike0,30,14
PXD,2022-10-19,2022-11-15,backfill,O:PXD221118C00270000,270.0,2022-11-18,2022-11-03,3.32,3.32,2.45,2.95,25,4,3.32,,monthly_30d_25d_otm,weekly_2_strike0,30,14
PXD,2022-10-19,2022-11-15,backfill,O:PXD221118C00270000,270.0,2022-11-18,2022-11-04,4.5,4.5,2.25,2.7,39,17,4.5,,monthly_30d_25d_otm,weekly_2_strike0,30,14
PXD,2022-10-19,2022-11-15,backfill,O:PXD221118C00270000,270.0,2022-11-18,2022-11-07,2.75,2.9,1.95,2.3,42,16,2.75,,monthly_30d_25d_otm,weekly_2_strike0,30,14
PXD,2022-10-19,2022-11-15,backfill,O:PXD221118C00270000,270.0,2022-11-18,2022-11-08,1.85,2.7,1.85,2.7,16,8,1.85,,monthly_30d_25d_otm,weekly_2_strike0,30,14
PXD,2022-10-19,2022-11-15,backfill,O:PXD221118C00270000,270.0,2022-11-18,2022-11-09,1.5,1.5,0.45,0.5,32,10,1.5,,monthly_30d_25d_otm,weekly_2_strike0,30,14
PXD,2022-10-19,2022-11-15,backfill,O:PXD221118C00270000,270.0,2022-11-18,2022-11-10,0.75,0.75,0.28,0.3,30,14,0.75,,monthly_30d_25d_otm,weekly_2_strike0,30,14
PXD,2022-10-19,2022-11-15,backfill,O:PXD221118C00270000,270.0,2022-11-18,2022-11-11,0.6,0.7,0.35,0.7,24,10,0.6,,monthly_30d_25d_otm,weekly_2_strike0,30,14
PXD,2022-10-19,2022-11-15,backfill,O:PXD221118C00270000,270.0,2022-11-18,2022-11-14,0.7,1.08,0.55,0.75,332,53,0.7,,monthly_30d_25d_otm,weekly_2_strike0,30,14
PXD,2022-10-19,2022-11-15,backfill,O:PXD221118C00270000,270.0,2022-11-18,2022-11-15,0.1,1.1,0.1,1.1,149,40,0.1,,monthly_30d_25d_otm,weekly_2_strike0,30,14
PYPL,2021-02-16,2021-02-23,backfill,O:PYPL210416C00320000,320.0,2021-04-16,2021-02-16,15.14,16.2,12.3,14.78,1105,71,15.14,,monthly_45d_40d_otm,weekly_2_strike0,59,1105
PYPL,2021-02-16,2021-02-23,backfill,O:PYPL210416C00320000,320.0,2021-04-16,2021-02-17,12.4,13.4,9.6,11.75,1533,163,12.4,,monthly_45d_40d_otm,weekly_2_strike0,59,1105
PYPL,2021-02-16,2021-02-23,backfill,O:PYPL210416C00320000,320.0,2021-04-16,2021-02-18,10.08,10.49,8.05,8.8,465,79,10.08,,monthly_45d_40d_otm,weekly_2_strike0,59,1105
PYPL,2021-02-16,2021-02-23,backfill,O:PYPL210416C00320000,320.0,2021-04-16,2021-02-19,9.0,9.54,6.8,7.25,291,69,9.0,,monthly_45d_40d_otm,weekly_2_strike0,59,1105
PYPL,2021-02-16,2021-02-23,backfill,O:PYPL210416C00320000,320.0,2021-04-16,2021-02-22,5.85,6.05,3.95,3.95,287,86,5.85,,monthly_45d_40d_otm,weekly_2_strike0,59,1105
PYPL,2021-02-16,2021-02-23,backfill,O:PYPL210416C00320000,320.0,2021-04-16,2021-02-23,2.22,3.25,1.71,2.94,1209,108,2.22,,monthly_45d_40d_otm,weekly_2_strike0,59,1105
QCOM,2020-08-04,2020-08-31,backfill,O:QCOM200918C00125000,125.0,2020-09-18,2020-08-04,1.32,1.49,1.1,1.28,300,49,1.32,,monthly_30d_25d_otm,weekly_2_strike0,45,300
QCOM,2020-08-04,2020-08-31,backfill,O:QCOM200918C00125000,125.0,2020-09-18,2020-08-05,1.38,1.75,1.25,1.32,104,38,1.38,,monthly_30d_25d_otm,weekly_2_strike0,45,300
QCOM,2020-08-04,2020-08-31,backfill,O:QCOM200918C00125000,125.0,2020-09-18,2020-08-06,1.29,1.34,1.11,1.25,153,28,1.29,,monthly_30d_25d_otm,weekly_2_strike0,45,300
QCOM,2020-08-04,2020-08-31,backfill,O:QCOM200918C00125000,125.0,2020-09-18,2020-08-07,1.24,1.25,0.69,0.83,242,38,1.24,,monthly_30d_25d_otm,weekly_2_strike0,45,300
QCOM,2020-08-04,2020-08-31,backfill,O:QCOM200918C00125000,125.0,2020-09-18,2020-08-10,0.8,0.89,0.51,0.65,356,27,0.8,,monthly_30d_25d_otm,weekly_2_strike0,45,300
QCOM,2020-08-04,2020-08-31,backfill,O:QCOM200918C00125000,125.0,2020-09-18,2020-08-11,0.53,1.73,0.48,0.95,579,79,0.53,,monthly_30d_25d_otm,weekly_2_strike0,45,300
QCOM,2020-08-04,2020-08-31,backfill,O:QCOM200918C00125000,125.0,2020-09-18,2020-08-12,0.95,2.28,0.9,2.05,1947,143,0.95,,monthly_30d_25d_otm,weekly_2_strike0,45,300
QCOM,2020-08-04,2020-08-31,backfill,O:QCOM200918C00125000,125.0,2020-09-18,2020-08-13,2.06,2.19,1.24,1.37,1076,72,2.06,,monthly_30d_25d_otm,weekly_2_strike0,45,300
QCOM,2020-08-04,2020-08-31,backfill,O:QCOM200918C00125000,125.0,2020-09-18,2020-08-14,1.51,1.55,1.12,1.17,307,47,1.51,,monthly_30d_25d_otm,weekly_2_strike0,45,300
QCOM,2020-08-04,2020-08-31,backfill,O:QCOM200918C00125000,125.0,2020-09-18,2020-08-17,1.08,1.25,0.72,0.86,631,58,1.08,,monthly_30d_25d_otm,weekly_2_strike0,45,300
QCOM,2020-08-04,2020-08-31,backfill,O:QCOM200918C00125000,125.0,2020-09-18,2020-08-18,0.88,0.9,0.74,0.75,198,25,0.88,,monthly_30d_25d_otm,weekly_2_strike0,45,300
QCOM,2020-08-04,2020-08-31,backfill,O:QCOM200918C00125000,125.0,2020-09-18,2020-08-19,0.86,0.86,0.54,0.58,110,32,0.86,,monthly_30d_25d_otm,weekly_2_strike0,45,300
QCOM,2020-08-04,2020-08-31,backfill,O:QCOM200918C00125000,125.0,2020-09-18,2020-08-20,0.53,0.54,0.44,0.5,1202,47,0.53,,monthly_30d_25d_otm,weekly_2_strike0,45,300
QCOM,2020-08-04,2020-08-31,backfill,O:QCOM200918C00125000,125.0,2020-09-18,2020-08-21,0.51,0.74,0.46,0.74,335,60,0.51,,monthly_30d_25d_otm,weekly_2_strike0,45,300
QCOM,2020-08-04,2020-08-31,backfill,O:QCOM200918C00125000,125.0,2020-09-18,2020-08-24,0.86,1.06,0.61,0.98,1400,94,0.86,,monthly_30d_25d_otm,weekly_2_strike0,45,300
QCOM,2020-08-04,2020-08-31,backfill,O:QCOM200918C00125000,125.0,2020-09-18,2020-08-25,1.09,1.34,0.8,0.82,1847,50,1.09,,monthly_30d_25d_otm,weekly_2_strike0,45,300
QCOM,2020-08-04,2020-08-31,backfill,O:QCOM200918C00125000,125.0,2020-09-18,2020-08-26,0.95,1.0,0.74,0.96,663,51,0.95,,monthly_30d_25d_otm,weekly_2_strike0,45,300
QCOM,2020-08-04,2020-08-31,backfill,O:QCOM200918C00125000,125.0,2020-09-18,2020-08-27,0.97,1.57,0.93,0.99,1113,70,0.97,,monthly_30d_25d_otm,weekly_2_strike0,45,300
QCOM,2020-08-04,2020-08-31,backfill,O:QCOM200918C00125000,125.0,2020-09-18,2020-08-28,1.06,1.42,1.03,1.38,614,59,1.06,,monthly_30d_25d_otm,weekly_2_strike0,45,300
QCOM,2020-08-04,2020-08-31,backfill,O:QCOM200918C00125000,125.0,2020-09-18,2020-08-31,1.45,2.18,1.31,1.65,2526,137,1.45,,monthly_30d_25d_otm,weekly_2_strike0,45,300
QCOM,2020-11-10,2020-12-08,backfill,O:QCOM201218C00140000,140.0,2020-12-18,2020-11-10,5.83,7.4,5.4,6.35,281,44,5.83,,monthly_30d_atm,weekly_2_strike0,38,281
QCOM,2020-11-10,2020-12-08,backfill,O:QCOM201218C00140000,140.0,2020-12-18,2020-11-11,9.1,11.0,8.7,10.91,193,41,9.1,,monthly_30d_atm,weekly_2_strike0,38,281
QCOM,2020-11-10,2020-12-08,backfill,O:QCOM201218C00140000,140.0,2020-12-18,2020-11-12,10.85,10.85,8.01,8.42,97,31,10.85,,monthly_30d_atm,weekly_2_strike0,38,281
QCOM,2020-11-10,2020-12-08,backfill,O:QCOM201218C00140000,140.0,2020-12-18,2020-11-13,9.28,9.28,7.85,8.07,18,9,9.28,,monthly_30d_atm,weekly_2_strike0,38,281
QCOM,2020-11-10,2020-12-08,backfill,O:QCOM201218C00140000,140.0,2020-12-18,2020-11-16,9.4,11.35,9.4,11.35,85,24,9.4,,monthly_30d_atm,weekly_2_strike0,38,281
QCOM,2020-11-10,2020-12-08,backfill,O:QCOM201218C00140000,140.0,2020-12-18,2020-11-17,11.15,11.3,10.0,10.65,166,19,11.15,,monthly_30d_atm,weekly_2_strike0,38,281
QCOM,2020-11-10,2020-12-08,backfill,O:QCOM201218C00140000,140.0,2020-12-18,2020-11-18,11.72,14.0,9.7,9.7,235,47,11.72,,monthly_30d_atm,weekly_2_strike0,38,281
QCOM,2020-11-10,2020-12-08,backfill,O:QCOM201218C00140000,140.0,2020-12-18,2020-11-19,9.92,10.03,8.48,9.72,136,23,9.92,,monthly_30d_atm,weekly_2_strike0,38,281
QCOM,2020-11-10,2020-12-08,backfill,O:QCOM201218C00140000,140.0,2020-12-18,2020-11-20,9.94,10.62,9.15,9.15,208,18,9.94,,monthly_30d_atm,weekly_2_strike0,38,281
QCOM,2020-11-10,2020-12-08,backfill,O:QCOM201218C00140000,140.0,2020-12-18,2020-11-23,7.6,8.35,5.77,6.65,135,50,7.6,,monthly_30d_atm,weekly_2_strike0,38,281
QCOM,2020-11-10,2020-12-08,backfill,O:QCOM201218C00140000,140.0,2020-12-18,2020-11-24,5.8,8.2,5.19,8.2,461,31,5.8,,monthly_30d_atm,weekly_2_strike0,38,281
QCOM,2020-11-10,2020-12-08,backfill,O:QCOM201218C00140000,140.0,2020-12-18,2020-11-25,8.45,9.0,6.56,6.65,209,16,8.45,,monthly_30d_atm,weekly_2_strike0,38,281
QCOM,2020-11-10,2020-12-08,backfill,O:QCOM201218C00140000,140.0,2020-12-18,2020-11-27,7.42,7.95,6.4,6.4,15,6,7.42,,monthly_30d_atm,weekly_2_strike0,38,281
QCOM,2020-11-10,2020-12-08,backfill,O:QCOM201218C00140000,140.0,2020-12-18,2020-11-30,7.5,8.41,6.72,8.25,158,27,7.5,,monthly_30d_atm,weekly_2_strike0,38,281
QCOM,2020-11-10,2020-12-08,backfill,O:QCOM201218C00140000,140.0,2020-12-18,2020-12-01,10.0,12.5,9.44,11.31,336,58,10.0,,monthly_30d_atm,weekly_2_strike0,38,281
QCOM,2020-11-10,2020-12-08,backfill,O:QCOM201218C00140000,140.0,2020-12-18,2020-12-02,11.95,12.1,11.19,11.19,39,9,11.95,,monthly_30d_atm,weekly_2_strike0,38,281
QCOM,2020-11-10,2020-12-08,backfill,O:QCOM201218C00140000,140.0,2020-12-18,2020-12-03,12.18,13.0,11.75,11.75,30,6,12.18,,monthly_30d_atm,weekly_2_strike0,38,281
QCOM,2020-11-10,2020-12-08,backfill,O:QCOM201218C00140000,140.0,2020-12-18,2020-12-04,12.55,18.26,12.55,17.2,89,26,12.55,,monthly_30d_atm,weekly_2_strike0,38,281
QCOM,2020-11-10,2020-12-08,backfill,O:QCOM201218C00140000,140.0,2020-12-18,2020-12-07,18.3,18.52,17.47,18.0,70,10,18.3,,monthly_30d_atm,weekly_2_strike0,38,281
QCOM,2020-11-10,2020-12-08,backfill,O:QCOM201218C00140000,140.0,2020-12-18,2020-12-08,17.35,18.44,17.35,18.44,19,5,17.35,,monthly_30d_atm,weekly_2_strike0,38,281
QCOM,2021-11-17,2021-12-15,backfill,O:QCOM211217C00200000,200.0,2021-12-17,2021-11-17,2.6,3.75,2.2,2.73,4389,229,2.6,,monthly_30d_25d_otm,weekly_2_strike3,30,4389
QCOM,2021-11-17,2021-12-15,backfill,O:QCOM211217C00200000,200.0,2021-12-17,2021-11-18,2.98,4.15,2.5,2.95,3633,184,2.98,,monthly_30d_25d_otm,weekly_2_strike3,30,4389
QCOM,2021-11-17,2021-12-15,backfill,O:QCOM211217C00200000,200.0,2021-12-17,2021-11-19,2.47,2.8,2.01,2.22,1190,144,2.47,,monthly_30d_25d_otm,weekly_2_strike3,30,4389
QCOM,2021-11-17,2021-12-15,backfill,O:QCOM211217C00200000,200.0,2021-12-17,2021-11-22,1.68,2.95,1.45,1.45,3687,139,1.68,,monthly_30d_25d_otm,weekly_2_strike3,30,4389
QCOM,2021-11-17,2021-12-15,backfill,O:QCOM211217C00200000,200.0,2021-12-17,2021-11-23,1.39,1.49,0.95,1.33,1518,117,1.39,,monthly_30d_25d_otm,weekly_2_strike3,30,4389
QCOM,2021-11-17,2021-12-15,backfill,O:QCOM211217C00200000,200.0,2021-12-17,2021-11-24,1.2,1.23,0.9,1.04,1516,87,1.2,,monthly_30d_25d_otm,weekly_2_strike3,30,4389
QCOM,2021-11-17,2021-12-15,backfill,O:QCOM211217C00200000,200.0,2021-12-17,2021-11-26,0.77,1.2,0.77,0.85,507,52,0.77,,monthly_30d_25d_otm,weekly_2_strike3,30,4389
QCOM,2021-11-17,2021-12-15,backfill,O:QCOM211217C00200000,200.0,2021-12-17,2021-11-29,0.9,1.4,0.78,1.35,3067,195,0.9,,monthly_30d_25d_otm,weekly_2_strike3,30,4389
QCOM,2021-11-17,2021-12-15,backfill,O:QCOM211217C00200000,200.0,2021-12-17,2021-11-30,1.3,1.75,0.92,0.97,1979,162,1.3,,monthly_30d_25d_otm,weekly_2_strike3,30,4389
QCOM,2021-11-17,2021-12-15,backfill,O:QCOM211217C00200000,200.0,2021-12-17,2021-12-01,0.92,1.04,0.45,0.48,1090,127,0.92,,monthly_30d_25d_otm,weekly_2_strike3,30,4389
QCOM,2021-11-17,2021-12-15,backfill,O:QCOM211217C00200000,200.0,2021-12-17,2021-12-02,0.4,0.43,0.24,0.35,467,75,0.4,,monthly_30d_25d_otm,weekly_2_strike3,30,4389
QCOM,2021-11-17,2021-12-15,backfill,O:QCOM211217C00200000,200.0,2021-12-17,2021-12-03,0.37,0.37,0.25,0.36,1264,43,0.37,,monthly_30d_25d_otm,weekly_2_strike3,30,4389
QCOM,2021-11-17,2021-12-15,backfill,O:QCOM211217C00200000,200.0,2021-12-17,2021-12-06,0.3,0.3,0.06,0.13,274,55,0.3,,monthly_30d_25d_otm,weekly_2_strike3,30,4389
QCOM,2021-11-17,2021-12-15,backfill,O:QCOM211217C00200000,200.0,2021-12-17,2021-12-07,0.1,0.46,0.1,0.42,1394,114,0.1,,monthly_30d_25d_otm,weekly_2_strike3,30,4389
QCOM,2021-11-17,2021-12-15,backfill,O:QCOM211217C00200000,200.0,2021-12-17,2021-12-08,0.37,0.4,0.17,0.31,325,45,0.37,,monthly_30d_25d_otm,weekly_2_strike3,30,4389
QCOM,2021-11-17,2021-12-15,backfill,O:QCOM211217C00200000,200.0,2021-12-17,2021-12-09,0.28,0.69,0.28,0.31,1917,146,0.28,,monthly_30d_25d_otm,weekly_2_strike3,30,4389
QCOM,2021-11-17,2021-12-15,backfill,O:QCOM211217C00200000,200.0,2021-12-17,2021-12-10,0.25,0.5,0.11,0.16,573,79,0.25,,monthly_30d_25d_otm,weekly_2_strike3,30,4389
QCOM,2021-11-17,2021-12-15,backfill,O:QCOM211217C00200000,200.0,2021-12-17,2021-12-13,0.25,0.9,0.2,0.22,10561,245,0.25,,monthly_30d_25d_otm,weekly_2_strike3,30,4389
QCOM,2021-11-17,2021-12-15,backfill,O:QCOM211217C00200000,200.0,2021-12-17,2021-12-14,0.15,0.16,0.04,0.05,1179,103,0.15,,monthly_30d_25d_otm,weekly_2_strike3,30,4389
QCOM,2021-11-17,2021-12-15,backfill,O:QCOM211217C00200000,200.0,2021-12-17,2021-12-15,0.08,0.15,0.03,0.15,830,90,0.08,,monthly_30d_25d_otm,weekly_2_strike3,30,4389
QCOM,2023-01-27,2023-02-24,backfill,O:QCOM230217C00135000,135.0,2023-02-17,2023-01-27,4.3,5.43,4.3,4.94,338,69,4.3,,monthly_30d_40d_otm,weekly_1_strike0,21,338
QCOM,2023-01-27,2023-02-24,backfill,O:QCOM230217C00135000,135.0,2023-02-17,2023-01-30,3.85,4.3,3.44,3.95,285,41,3.85,,monthly_30d_40d_otm,weekly_1_strike0,21,338
QCOM,2023-01-27,2023-02-24,backfill,O:QCOM230217C00135000,135.0,2023-02-17,2023-01-31,4.13,4.55,4.13,4.28,65,26,4.13,,monthly_30d_40d_otm,weekly_1_strike0,21,338
QCOM,2023-01-27,2023-02-24,backfill,O:QCOM230217C00135000,135.0,2023-02-17,2023-02-01,4.5,7.95,4.5,7.0,1529,78,4.5,,monthly_30d_40d_otm,weekly_1_strike0,21,338
QCOM,2023-01-27,2023-02-24,backfill,O:QCOM230217C00135000,135.0,2023-02-17,2023-02-02,7.07,7.56,5.2,5.38,220,53,7.07,,monthly_30d_40d_otm,weekly_1_strike0,21,338
QCOM,2023-01-27,2023-02-24,backfill,O:QCOM230217C00135000,135.0,2023-02-17,2023-02-03,1.73,5.58,1.53,3.57,1621,77,1.73,,monthly_30d_40d_otm,weekly_1_strike0,21,338
QCOM,2023-01-27,2023-02-24,backfill,O:QCOM230217C00135000,135.0,2023-02-17,2023-02-06,2.34,3.4,2.34,2.45,257,51,2.34,,monthly_30d_40d_otm,weekly_1_strike0,21,338
QCOM,2023-01-27,2023-02-24,backfill,O:QCOM230217C00135000,135.0,2023-02-17,2023-02-07,2.62,4.61,2.29,4.61,442,73,2.62,,monthly_30d_40d_otm,weekly_1_strike0,21,338
QCOM,2023-01-27,2023-02-24,backfill,O:QCOM230217C00135000,135.0,2023-02-17,2023-02-08,3.75,4.0,1.88,1.94,124,42,3.75,,monthly_30d_40d_otm,weekly_1_strike0,21,338
QCOM,2023-01-27,2023-02-24,backfill,O:QCOM230217C00135000,135.0,2023-02-17,2023-02-09,2.8,3.25,1.34,1.4,396,65,2.8,,monthly_30d_40d_otm,weekly_1_strike0,21,338
QCOM,2023-01-27,2023-02-24,backfill,O:QCOM230217C00135000,135.0,2023-02-17,2023-02-10,1.01,1.04,0.61,0.79,399,71,1.01,,monthly_30d_40d_otm,weekly_1_strike0,21,338
QCOM,2023-01-27,2023-02-24,backfill,O:QCOM230217C00135000,135.0,2023-02-17,2023-02-13,0.75,1.05,0.59,0.87,1367,95,0.75,,monthly_30d_40d_otm,weekly_1_strike0,21,338
QCOM,2023-01-27,2023-02-24,backfill,O:QCOM230217C00135000,135.0,2023-02-17,2023-02-14,0.34,0.89,0.29,0.75,1017,104,0.34,,monthly_30d_40d_otm,weekly_1_strike0,21,338
QCOM,2023-01-27,2023-02-24,backfill,O:QCOM230217C00135000,135.0,2023-02-17,2023-02-15,0.28,0.55,0.22,0.55,441,78,0.28,,monthly_30d_40d_otm,weekly_1_strike0,21,338
QCOM,2023-01-27,2023-02-24,backfill,O:QCOM230217C00135000,135.0,2023-02-17,2023-02-16,0.2,0.3,0.06,0.08,1465,67,0.2,,monthly_30d_40d_otm,weekly_1_strike0,21,338
QCOM,2023-01-27,2023-02-24,backfill,O:QCOM230217C00135000,135.0,2023-02-17,2023-02-17,0.03,0.04,0.01,0.01,838,69,0.03,,monthly_30d_40d_otm,weekly_1_strike0,21,338
QCOM,2023-10-31,2023-11-28,backfill,O:QCOM231215C00115000,115.0,2023-12-15,2023-10-31,3.13,3.15,2.67,2.99,74,13,3.13,,monthly_45d_25d_otm,weekly_2_strike0,45,74
QCOM,2023-10-31,2023-11-28,backfill,O:QCOM231215C00115000,115.0,2023-12-15,2023-11-01,2.85,3.65,2.72,3.53,1546,88,2.85,,monthly_45d_25d_otm,weekly_2_strike0,45,74
QCOM,2023-10-31,2023-11-28,backfill,O:QCOM231215C00115000,115.0,2023-12-15,2023-11-02,6.25,6.8,4.22,5.65,1364,141,6.25,,monthly_45d_25d_otm,weekly_2_strike0,45,74
QCOM,2023-10-31,2023-11-28,backfill,O:QCOM231215C00115000,115.0,2023-12-15,2023-11-03,5.65,7.18,5.52,6.95,292,40,5.65,,monthly_45d_25d_otm,weekly_2_strike0,45,74
QCOM,2023-10-31,2023-11-28,backfill,O:QCOM231215C00115000,115.0,2023-12-15,2023-11-06,7.25,7.3,6.05,7.0,33,17,7.25,,monthly_45d_25d_otm,weekly_2_strike0,45,74
QCOM,2023-10-31,2023-11-28,backfill,O:QCOM231215C00115000,115.0,2023-12-15,2023-11-07,7.1,7.61,6.55,7.61,81,7,7.1,,monthly_45d_25d_otm,weekly_2_strike0,45,74
QCOM,2023-10-31,2023-11-28,backfill,O:QCOM231215C00115000,115.0,2023-12-15,2023-11-08,7.89,7.95,6.5,6.5,25,10,7.89,,monthly_45d_25d_otm,weekly_2_strike0,45,74
QCOM,2023-10-31,2023-11-28,backfill,O:QCOM231215C00115000,115.0,2023-12-15,2023-11-09,7.79,8.7,6.95,6.95,64,16,7.79,,monthly_45d_25d_otm,weekly_2_strike0,45,74
QCOM,2023-10-31,2023-11-28,backfill,O:QCOM231215C00115000,115.0,2023-12-15,2023-11-10,8.35,10.75,8.23,10.38,42,20,8.35,,monthly_45d_25d_otm,weekly_2_strike0,45,74
QCOM,2023-10-31,2023-11-28,backfill,O:QCOM231215C00115000,115.0,2023-12-15,2023-11-13,9.49,10.42,9.2,10.05,1030,36,9.49,,monthly_45d_25d_otm,weekly_2_strike0,45,74
QCOM,2023-10-31,2023-11-28,backfill,O:QCOM231215C00115000,115.0,2023-12-15,2023-11-14,11.89,13.31,11.89,12.99,36,14,11.89,,monthly_45d_25d_otm,weekly_2_strike0,45,74
QCOM,2023-10-31,2023-11-28,backfill,O:QCOM231215C00115000,115.0,2023-12-15,2023-11-15,13.82,14.97,13.8,14.17,32,12,13.82,,monthly_45d_25d_otm,weekly_2_strike0,45,74
QCOM,2023-10-31,2023-11-28,backfill,O:QCOM231215C00115000,115.0,2023-12-15,2023-11-16,14.81,15.48,14.0,15.48,41,9,14.81,,monthly_45d_25d_otm,weekly_2_strike0,45,74
QCOM,2023-10-31,2023-11-28,backfill,O:QCOM231215C00115000,115.0,2023-12-15,2023-11-17,14.37,14.85,14.0,14.62,71,12,14.37,,monthly_45d_25d_otm,weekly_2_strike0,45,74
QCOM,2023-10-31,2023-11-28,backfill,O:QCOM231215C00115000,115.0,2023-12-15,2023-11-20,14.57,15.2,14.27,14.74,58,10,14.57,,monthly_45d_25d_otm,weekly_2_strike0,45,74
QCOM,2023-10-31,2023-11-28,backfill,O:QCOM231215C00115000,115.0,2023-12-15,2023-11-21,12.2,12.47,11.19,12.1,60,8,12.2,,monthly_45d_25d_otm,weekly_2_strike0,45,74
QCOM,2023-10-31,2023-11-28,backfill,O:QCOM231215C00115000,115.0,2023-12-15,2023-11-22,13.25,13.45,12.68,12.85,31,16,13.25,,monthly_45d_25d_otm,weekly_2_strike0,45,74
QCOM,2023-10-31,2023-11-28,backfill,O:QCOM231215C00115000,115.0,2023-12-15,2023-11-24,12.95,13.2,12.9,12.9,10,5,12.95,,monthly_45d_25d_otm,weekly_2_strike0,45,74
QCOM,2023-10-31,2023-11-28,backfill,O:QCOM231215C00115000,115.0,2023-12-15,2023-11-27,13.54,13.98,13.25,13.3,28,14,13.54,,monthly_45d_25d_otm,weekly_2_strike0,45,74
QCOM,2023-10-31,2023-11-28,backfill,O:QCOM231215C00115000,115.0,2023-12-15,2023-11-28,12.22,12.22,10.7,11.6,10938,31,12.22,,monthly_45d_25d_otm,weekly_2_strike0,45,74
QCOM,2024-01-19,2024-02-15,backfill,O:QCOM240216C00150000,150.0,2024-02-16,2024-01-19,4.45,7.6,4.4,7.2,1333,137,4.45,,monthly_30d_40d_otm,weekly_1_strike0,28,1333
QCOM,2024-01-19,2024-02-15,backfill,O:QCOM240216C00150000,150.0,2024-02-16,2024-01-22,7.75,8.6,7.02,7.5,363,51,7.75,,monthly_30d_40d_otm,weekly_1_strike0,28,1333
QCOM,2024-01-19,2024-02-15,backfill,O:QCOM240216C00150000,150.0,2024-02-16,2024-01-23,7.5,7.75,6.55,7.71,152,29,7.5,,monthly_30d_40d_otm,weekly_1_strike0,28,1333
QCOM,2024-01-19,2024-02-15,backfill,O:QCOM240216C00150000,150.0,2024-02-16,2024-01-24,8.33,9.25,8.0,8.3,352,40,8.33,,monthly_30d_40d_otm,weekly_1_strike0,28,1333
QCOM,2024-01-19,2024-02-15,backfill,O:QCOM240216C00150000,150.0,2024-02-16,2024-01-25,10.43,10.43,8.0,8.05,164,38,10.43,,monthly_30d_40d_otm,weekly_1_strike0,28,1333
QCOM,2024-01-19,2024-02-15,backfill,O:QCOM240216C00150000,150.0,2024-02-16,2024-01-26,6.98,7.3,5.85,5.9,462,67,6.98,,monthly_30d_40d_otm,weekly_1_strike0,28,1333
QCOM,2024-01-19,2024-02-15,backfill,O:QCOM240216C00150000,150.0,2024-02-16,2024-01-29,5.95,5.95,4.69,5.2,448,65,5.95,,monthly_30d_40d_otm,weekly_1_strike0,28,1333
QCOM,2024-01-19,2024-02-15,backfill,O:QCOM240216C00150000,150.0,2024-02-16,2024-01-30,4.28,4.75,3.39,3.59,220,60,4.28,,monthly_30d_40d_otm,weekly_1_strike0,28,1333
QCOM,2024-01-19,2024-02-15,backfill,O:QCOM240216C00150000,150.0,2024-02-16,2024-01-31,3.26,5.13,3.0,4.55,2142,131,3.26,,monthly_30d_40d_otm,weekly_1_strike0,28,1333
QCOM,2024-01-19,2024-02-15,backfill,O:QCOM240216C00150000,150.0,2024-02-16,2024-02-01,0.72,1.05,0.5,0.57,2391,149,0.72,,monthly_30d_40d_otm,weekly_1_strike0,28,1333
QCOM,2024-01-19,2024-02-15,backfill,O:QCOM240216C00150000,150.0,2024-02-16,2024-02-02,0.48,0.59,0.29,0.52,1213,90,0.48,,monthly_30d_40d_otm,weekly_1_strike0,28,1333
QCOM,2024-01-19,2024-02-15,backfill,O:QCOM240216C00150000,150.0,2024-02-16,2024-02-05,0.52,0.94,0.44,0.81,821,107,0.52,,monthly_30d_40d_otm,weekly_1_strike0,28,1333
QCOM,2024-01-19,2024-02-15,backfill,O:QCOM240216C00150000,150.0,2024-02-16,2024-02-06,0.9,0.9,0.49,0.7,327,41,0.9,,monthly_30d_40d_otm,weekly_1_strike0,28,1333
QCOM,2024-01-19,2024-02-15,backfill,O:QCOM240216C00150000,150.0,2024-02-16,2024-02-07,0.81,1.01,0.58,1.0,747,81,0.81,,monthly_30d_40d_otm,weekly_1_strike0,28,1333
QCOM,2024-01-19,2024-02-15,backfill,O:QCOM240216C00150000,150.0,2024-02-16,2024-02-08,1.23,1.81,1.05,1.58,1548,156,1.23,,monthly_30d_40d_otm,weekly_1_strike0,28,1333
QCOM,2024-01-19,2024-02-15,backfill,O:QCOM240216C00150000,150.0,2024-02-16,2024-02-09,1.77,4.5,1.57,2.9,1987,230,1.77,,monthly_30d_40d_otm,weekly_1_strike0,28,1333
QCOM,2024-01-19,2024-02-15,backfill,O:QCOM240216C00150000,150.0,2024-02-16,2024-02-12,2.43,5.25,2.43,4.11,1253,139,2.43,,monthly_30d_40d_otm,weekly_1_strike0,28,1333
QCOM,2024-01-19,2024-02-15,backfill,O:QCOM240216C00150000,150.0,2024-02-16,2024-02-13,2.17,2.67,1.21,1.78,892,136,2.17,,monthly_30d_40d_otm,weekly_1_strike0,28,1333
QCOM,2024-01-19,2024-02-15,backfill,O:QCOM240216C00150000,150.0,2024-02-16,2024-02-14,2.53,4.64,2.31,4.23,614,96,2.53,,monthly_30d_40d_otm,weekly_1_strike0,28,1333
QCOM,2024-01-19,2024-02-15,backfill,O:QCOM240216C00150000,150.0,2024-02-16,2024-02-15,5.1,7.14,4.65,4.9,499,66,5.1,,monthly_30d_40d_otm,weekly_1_strike0,28,1333
QCOM,2024-03-14,2024-04-11,backfill,O:QCOM240419C00170000,170.0,2024-04-19,2024-03-14,6.5,6.65,5.15,5.88,389,41,6.5,,monthly_30d_atm,weekly_2_strike0,36,389
QCOM,2024-03-14,2024-04-11,backfill,O:QCOM240419C00170000,170.0,2024-04-19,2024-03-15,4.8,5.82,4.8,5.2,921,31,4.8,,monthly_30d_atm,weekly_2_strike0,36,389
QCOM,2024-03-14,2024-04-11,backfill,O:QCOM240419C00170000,170.0,2024-04-19,2024-03-18,6.65,7.0,4.5,4.8,414,65,6.65,,monthly_30d_atm,weekly_2_strike0,36,389
QCOM,2024-03-14,2024-04-11,backfill,O:QCOM240419C00170000,170.0,2024-04-19,2024-03-19,4.25,4.35,3.0,3.28,456,41,4.25,,monthly_30d_atm,weekly_2_strike0,36,389
QCOM,2024-03-14,2024-04-11,backfill,O:QCOM240419C00170000,170.0,2024-04-19,2024-03-20,3.15,4.59,3.15,4.4,452,47,3.15,,monthly_30d_atm,weekly_2_strike0,36,389
QCOM,2024-03-14,2024-04-11,backfill,O:QCOM240419C00170000,170.0,2024-04-19,2024-03-21,6.25,7.2,5.5,6.07,193,48,6.25,,monthly_30d_atm,weekly_2_strike0,36,389
QCOM,2024-03-14,2024-04-11,backfill,O:QCOM240419C00170000,170.0,2024-04-19,2024-03-22,5.47,6.4,5.45,5.62,2105,28,5.47,,monthly_30d_atm,weekly_2_strike0,36,389
QCOM,2024-03-14,2024-04-11,backfill,O:QCOM240419C00170000,170.0,2024-04-19,2024-03-25,4.35,4.6,3.95,4.1,351,47,4.35,,monthly_30d_atm,weekly_2_strike0,36,389
QCOM,2024-03-14,2024-04-11,backfill,O:QCOM240419C00170000,170.0,2024-04-19,2024-03-26,4.5,4.9,3.74,3.84,593,47,4.5,,monthly_30d_atm,weekly_2_strike0,36,389
QCOM,2024-03-14,2024-04-11,backfill,O:QCOM240419C00170000,170.0,2024-04-19,2024-03-27,4.2,4.2,3.46,4.2,372,47,4.2,,monthly_30d_atm,weekly_2_strike0,36,389
QCOM,2024-03-14,2024-04-11,backfill,O:QCOM240419C00170000,170.0,2024-04-19,2024-03-28,4.35,4.5,3.75,4.05,379,51,4.35,,monthly_30d_atm,weekly_2_strike0,36,389
QCOM,2024-03-14,2024-04-11,backfill,O:QCOM240419C00170000,170.0,2024-04-19,2024-04-01,3.9,6.0,3.9,5.45,703,76,3.9,,monthly_30d_atm,weekly_2_strike0,36,389
QCOM,2024-03-14,2024-04-11,backfill,O:QCOM240419C00170000,170.0,2024-04-19,2024-04-02,4.85,5.05,4.2,5.0,329,43,4.85,,monthly_30d_atm,weekly_2_strike0,36,389
QCOM,2024-03-14,2024-04-11,backfill,O:QCOM240419C00170000,170.0,2024-04-19,2024-04-03,4.45,6.63,4.45,6.6,490,113,4.45,,monthly_30d_atm,weekly_2_strike0,36,389
QCOM,2024-03-14,2024-04-11,backfill,O:QCOM240419C00170000,170.0,2024-04-19,2024-04-04,7.37,7.85,4.03,4.37,801,85,7.37,,monthly_30d_atm,weekly_2_strike0,36,389
QCOM,2024-03-14,2024-04-11,backfill,O:QCOM240419C00170000,170.0,2024-04-19,2024-04-05,4.25,5.16,4.05,4.75,478,56,4.25,,monthly_30d_atm,weekly_2_strike0,36,389
QCOM,2024-03-14,2024-04-11,backfill,O:QCOM240419C00170000,170.0,2024-04-19,2024-04-08,5.55,6.41,5.2,5.8,262,37,5.55,,monthly_30d_atm,weekly_2_strike0,36,389
QCOM,2024-03-14,2024-04-11,backfill,O:QCOM240419C00170000,170.0,2024-04-19,2024-04-09,7.07,7.34,5.9,6.75,280,39,7.07,,monthly_30d_atm,weekly_2_strike0,36,389
QCOM,2024-03-14,2024-04-11,backfill,O:QCOM240419C00170000,170.0,2024-04-19,2024-04-10,4.65,5.5,3.34,3.85,420,56,4.65,,monthly_30d_atm,weekly_2_strike0,36,389
QCOM,2024-03-14,2024-04-11,backfill,O:QCOM240419C00170000,170.0,2024-04-19,2024-04-11,4.03,6.63,3.55,6.3,183,55,4.03,,monthly_30d_atm,weekly_2_strike0,36,389
QCOM,2025-09-26,2025-10-10,backfill,O:QCOM251017C00175000,175.0,2025-10-17,2025-09-26,2.65,2.72,2.31,2.47,394,46,2.65,,monthly_30d_25d_otm,weekly_1_strike0,21,394
QCOM,2025-09-26,2025-10-10,backfill,O:QCOM251017C00175000,175.0,2025-10-17,2025-09-29,2.35,2.35,1.24,1.24,323,66,2.35,,monthly_30d_25d_otm,weekly_1_strike0,21,394
QCOM,2025-09-26,2025-10-10,backfill,O:QCOM251017C00175000,175.0,2025-10-17,2025-09-30,1.23,1.51,1.12,1.4,266,37,1.23,,monthly_30d_25d_otm,weekly_1_strike0,21,394
QCOM,2025-09-26,2025-10-10,backfill,O:QCOM251017C00175000,175.0,2025-10-17,2025-10-01,1.36,1.37,1.04,1.35,442,49,1.36,,monthly_30d_25d_otm,weekly_1_strike0,21,394
QCOM,2025-09-26,2025-10-10,backfill,O:QCOM251017C00175000,175.0,2025-10-17,2025-10-02,1.81,2.07,1.49,1.84,311,59,1.81,,monthly_30d_25d_otm,weekly_1_strike0,21,394
QCOM,2025-09-26,2025-10-10,backfill,O:QCOM251017C00175000,175.0,2025-10-17,2025-10-03,1.82,2.7,1.63,1.65,517,88,1.82,,monthly_30d_25d_otm,weekly_1_strike0,21,394
QCOM,2025-09-26,2025-10-10,backfill,O:QCOM251017C00175000,175.0,2025-10-17,2025-10-06,1.95,1.95,1.3,1.55,536,71,1.95,,monthly_30d_25d_otm,weekly_1_strike0,21,394
QCOM,2025-09-26,2025-10-10,backfill,O:QCOM251017C00175000,175.0,2025-10-17,2025-10-07,1.75,2.7,0.72,0.73,1861,153,1.75,,monthly_30d_25d_otm,weekly_1_strike0,21,394
QCOM,2025-09-26,2025-10-10,backfill,O:QCOM251017C00175000,175.0,2025-10-17,2025-10-08,0.7,1.18,0.54,1.04,992,120,0.7,,monthly_30d_25d_otm,weekly_1_strike0,21,394
QCOM,2025-09-26,2025-10-10,backfill,O:QCOM251017C00175000,175.0,2025-10-17,2025-10-09,0.99,0.99,0.4,0.54,593,106,0.99,,monthly_30d_25d_otm,weekly_1_strike0,21,394
QCOM,2025-09-26,2025-10-10,backfill,O:QCOM251017C00175000,175.0,2025-10-17,2025-10-10,0.55,0.55,0.14,0.16,897,100,0.55,,monthly_30d_25d_otm,weekly_1_strike0,21,394
QQQ,2020-09-02,2020-09-04,backfill,O:QQQ201016C00315000,315.0,2020-10-16,2020-09-02,7.56,8.51,5.95,8.34,731,106,7.56,,monthly_30d_25d_otm,weekly_2_strike0,44,731
QQQ,2020-09-02,2020-09-04,backfill,O:QQQ201016C00315000,315.0,2020-10-16,2020-09-03,6.26,6.3,3.7,4.07,12348,153,6.26,,monthly_30d_25d_otm,weekly_2_strike0,44,731
QQQ,2020-09-02,2020-09-04,backfill,O:QQQ201016C00315000,315.0,2020-10-16,2020-09-04,3.52,3.97,1.79,2.77,3226,179,3.52,,monthly_30d_25d_otm,weekly_2_strike0,44,731
QQQ,2021-09-03,2021-09-20,backfill,O:QQQ211015C00385000,385.0,2021-10-15,2021-09-03,5.08,6.3,5.08,5.85,2081,71,5.08,,monthly_30d_30d_otm,weekly_1_strike0,42,2081
QQQ,2021-09-03,2021-09-20,backfill,O:QQQ211015C00385000,385.0,2021-10-15,2021-09-07,5.83,6.41,5.57,6.25,2773,81,5.83,,monthly_30d_30d_otm,weekly_1_strike0,42,2081
QQQ,2021-09-03,2021-09-20,backfill,O:QQQ211015C00385000,385.0,2021-10-15,2021-09-08,6.12,6.12,4.77,5.43,1952,94,6.12,,monthly_30d_30d_otm,weekly_1_strike0,42,2081
QQQ,2021-09-03,2021-09-20,backfill,O:QQQ211015C00385000,385.0,2021-10-15,2021-09-09,5.5,5.87,4.8,4.83,1386,85,5.5,,monthly_30d_30d_otm,weekly_1_strike0,42,2081
QQQ,2021-09-03,2021-09-20,backfill,O:QQQ211015C00385000,385.0,2021-10-15,2021-09-10,5.39,5.61,3.83,3.87,1021,127,5.39,,monthly_30d_30d_otm,weekly_1_strike0,42,2081
QQQ,2021-09-03,2021-09-20,backfill,O:QQQ211015C00385000,385.0,2021-10-15,2021-09-13,4.16,4.22,2.78,3.1,8799,155,4.16,,monthly_30d_30d_otm,weekly_1_strike0,42,2081
QQQ,2021-09-03,2021-09-20,backfill,O:QQQ211015C00385000,385.0,2021-10-15,2021-09-14,3.34,3.62,2.43,2.56,2373,135,3.34,,monthly_30d_30d_otm,weekly_1_strike0,42,2081
QQQ,2021-09-03,2021-09-20,backfill,O:QQQ211015C00385000,385.0,2021-10-15,2021-09-15,2.59,3.11,2.05,3.02,4542,195,2.59,,monthly_30d_30d_otm,weekly_1_strike0,42,2081
QQQ,2021-09-03,2021-09-20,backfill,O:QQQ211015C00385000,385.0,2021-10-15,2021-09-16,2.63,3.02,2.21,2.85,2768,123,2.63,,monthly_30d_30d_otm,weekly_1_strike0,42,2081
QQQ,2021-09-03,2021-09-20,backfill,O:QQQ211015C00385000,385.0,2021-10-15,2021-09-17,2.63,2.63,1.7,1.82,5059,201,2.63,,monthly_30d_30d_otm,weekly_1_strike0,42,2081
QQQ,2021-09-03,2021-09-20,backfill,O:QQQ211015C00385000,385.0,2021-10-15,2021-09-20,1.12,1.32,0.61,0.77,11924,196,1.12,,monthly_30d_30d_otm,weekly_1_strike0,42,2081
QQQ,2024-07-01,2024-07-25,backfill,O:QQQ240816C00490000,490.0,2024-08-16,2024-07-01,7.67,8.35,6.41,8.11,1565,105,7.67,,monthly_45d_30d_otm,weekly_2_strike0,46,1565
QQQ,2024-07-01,2024-07-25,backfill,O:QQQ240816C00490000,490.0,2024-08-16,2024-07-02,7.51,10.5,7.51,10.5,1293,185,7.51,,monthly_45d_30d_otm,weekly_2_strike0,46,1565
QQQ,2024-07-01,2024-07-25,backfill,O:QQQ240816C00490000,490.0,2024-08-16,2024-07-03,10.07,13.09,10.04,13.09,2469,107,10.07,,monthly_45d_30d_otm,weekly_2_strike0,46,1565
QQQ,2024-07-01,2024-07-25,backfill,O:QQQ240816C00490000,490.0,2024-08-16,2024-07-05,13.19,16.35,13.02,16.08,5129,171,13.19,,monthly_45d_30d_otm,weekly_2_strike0,46,1565
QQQ,2024-07-01,2024-07-25,backfill,O:QQQ240816C00490000,490.0,2024-08-16,2024-07-08,16.31,16.76,15.6,16.6,1715,82,16.31,,monthly_45d_30d_otm,weekly_2_strike0,46,1565
QQQ,2024-07-01,2024-07-25,backfill,O:QQQ240816C00490000,490.0,2024-08-16,2024-07-09,17.73,18.42,15.97,16.77,5270,74,17.73,,monthly_45d_30d_otm,weekly_2_strike0,46,1565
QQQ,2024-07-01,2024-07-25,backfill,O:QQQ240816C00490000,490.0,2024-08-16,2024-07-10,18.12,20.96,17.35,20.95,283,76,18.12,,monthly_45d_30d_otm,weekly_2_strike0,46,1565
QQQ,2024-07-01,2024-07-25,backfill,O:QQQ240816C00490000,490.0,2024-08-16,2024-07-11,20.12,20.39,12.16,12.9,1854,214,20.12,,monthly_45d_30d_otm,weekly_2_strike0,46,1565
QQQ,2024-07-01,2024-07-25,backfill,O:QQQ240816C00490000,490.0,2024-08-16,2024-07-12,12.75,17.36,12.7,14.05,3606,140,12.75,,monthly_45d_30d_otm,weekly_2_strike0,46,1565
QQQ,2024-07-01,2024-07-25,backfill,O:QQQ240816C00490000,490.0,2024-08-16,2024-07-15,15.3,18.25,13.7,14.53,565,97,15.3,,monthly_45d_30d_otm,weekly_2_strike0,46,1565
QQQ,2024-07-01,2024-07-25,backfill,O:QQQ240816C00490000,490.0,2024-08-16,2024-07-16,15.76,16.17,12.89,14.9,369,91,15.76,,monthly_45d_30d_otm,weekly_2_strike0,46,1565
QQQ,2024-07-01,2024-07-25,backfill,O:QQQ240816C00490000,490.0,2024-08-16,2024-07-17,10.05,10.26,7.2,7.2,8868,303,10.05,,monthly_45d_30d_otm,weekly_2_strike0,46,1565
QQQ,2024-07-01,2024-07-25,backfill,O:QQQ240816C00490000,490.0,2024-08-16,2024-07-18,8.88,8.88,5.26,6.25,9510,289,8.88,,monthly_45d_30d_otm,weekly_2_strike0,46,1565
QQQ,2024-07-01,2024-07-25,backfill,O:QQQ240816C00490000,490.0,2024-08-16,2024-07-19,6.08,6.95,4.63,4.82,13596,316,6.08,,monthly_45d_30d_otm,weekly_2_strike0,46,1565
QQQ,2024-07-01,2024-07-25,backfill,O:QQQ240816C00490000,490.0,2024-08-16,2024-07-22,6.69,7.25,5.25,6.73,11751,262,6.69,,monthly_45d_30d_otm,weekly_2_strike0,46,1565
QQQ,2024-07-01,2024-07-25,backfill,O:QQQ240816C00490000,490.0,2024-08-16,2024-07-23,6.27,7.33,5.77,5.9,3592,212,6.27,,monthly_45d_30d_otm,weekly_2_strike0,46,1565
QQQ,2024-07-01,2024-07-25,backfill,O:QQQ240816C00490000,490.0,2024-08-16,2024-07-24,3.55,3.68,1.73,1.77,22174,314,3.55,,monthly_45d_30d_otm,weekly_2_strike0,46,1565
QQQ,2024-07-01,2024-07-25,backfill,O:QQQ240816C00490000,490.0,2024-08-16,2024-07-25,1.81,2.31,1.03,1.28,15303,255,1.81,,monthly_45d_30d_otm,weekly_2_strike0,46,1565
QS,2021-08-10,2021-09-07,backfill,O:QS210917C00025000,25.0,2021-09-17,2021-08-10,1.71,2.2,1.61,1.92,668,74,1.71,,monthly_30d_40d_otm,weekly_2_strike0,38,668
QS,2021-08-10,2021-09-07,backfill,O:QS210917C00025000,25.0,2021-09-17,2021-08-11,2.0,2.08,1.22,1.29,510,82,2.0,,monthly_30d_40d_otm,weekly_2_strike0,38,668
QS,2021-08-10,2021-09-07,backfill,O:QS210917C00025000,25.0,2021-09-17,2021-08-12,1.33,1.33,1.07,1.15,802,49,1.33,,monthly_30d_40d_otm,weekly_2_strike0,38,668
QS,2021-08-10,2021-09-07,backfill,O:QS210917C00025000,25.0,2021-09-17,2021-08-13,1.0,1.02,0.78,0.85,1104,79,1.0,,monthly_30d_40d_otm,weekly_2_strike0,38,668
QS,2021-08-10,2021-09-07,backfill,O:QS210917C00025000,25.0,2021-09-17,2021-08-16,0.81,0.81,0.49,0.56,1226,96,0.81,,monthly_30d_40d_otm,weekly_2_strike0,38,668
QS,2021-08-10,2021-09-07,backfill,O:QS210917C00025000,25.0,2021-09-17,2021-08-17,0.45,0.55,0.42,0.47,640,54,0.45,,monthly_30d_40d_otm,weekly_2_strike0,38,668
QS,2021-08-10,2021-09-07,backfill,O:QS210917C00025000,25.0,2021-09-17,2021-08-18,0.51,0.61,0.42,0.49,407,57,0.51,,monthly_30d_40d_otm,weekly_2_strike0,38,668
QS,2021-08-10,2021-09-07,backfill,O:QS210917C00025000,25.0,2021-09-17,2021-08-19,0.43,0.43,0.34,0.36,261,46,0.43,,monthly_30d_40d_otm,weekly_2_strike0,38,668
QS,2021-08-10,2021-09-07,backfill,O:QS210917C00025000,25.0,2021-09-17,2021-08-20,0.36,0.39,0.3,0.3,728,59,0.36,,monthly_30d_40d_otm,weekly_2_strike0,38,668
QS,2021-08-10,2021-09-07,backfill,O:QS210917C00025000,25.0,2021-09-17,2021-08-23,0.31,0.36,0.26,0.32,1030,95,0.31,,monthly_30d_40d_otm,weekly_2_strike0,38,668
QS,2021-08-10,2021-09-07,backfill,O:QS210917C00025000,25.0,2021-09-17,2021-08-24,0.34,0.47,0.34,0.47,342,51,0.34,,monthly_30d_40d_otm,weekly_2_strike0,38,668
QS,2021-08-10,2021-09-07,backfill,O:QS210917C00025000,25.0,2021-09-17,2021-08-25,0.34,0.54,0.33,0.41,518,33,0.34,,monthly_30d_40d_otm,weekly_2_strike0,38,668
QS,2021-08-10,2021-09-07,backfill,O:QS210917C00025000,25.0,2021-09-17,2021-08-26,0.42,0.78,0.38,0.39,3930,139,0.42,,monthly_30d_40d_otm,weekly_2_strike0,38,668
QS,2021-08-10,2021-09-07,backfill,O:QS210917C00025000,25.0,2021-09-17,2021-08-27,0.35,0.5,0.34,0.39,592,65,0.35,,monthly_30d_40d_otm,weekly_2_strike0,38,668
QS,2021-08-10,2021-09-07,backfill,O:QS210917C00025000,25.0,2021-09-17,2021-08-30,0.37,0.4,0.23,0.28,539,78,0.37,,monthly_30d_40d_otm,weekly_2_strike0,38,668
QS,2021-08-10,2021-09-07,backfill,O:QS210917C00025000,25.0,2021-09-17,2021-08-31,0.29,0.4,0.28,0.34,863,59,0.29,,monthly_30d_40d_otm,weekly_2_strike0,38,668
QS,2021-08-10,2021-09-07,backfill,O:QS210917C00025000,25.0,2021-09-17,2021-09-01,0.34,0.42,0.26,0.35,605,90,0.34,,monthly_30d_40d_otm,weekly_2_strike0,38,668
QS,2021-08-10,2021-09-07,backfill,O:QS210917C00025000,25.0,2021-09-17,2021-09-02,0.37,0.65,0.33,0.43,1656,126,0.37,,monthly_30d_40d_otm,weekly_2_strike0,38,668
QS,2021-08-10,2021-09-07,backfill,O:QS210917C00025000,25.0,2021-09-17,2021-09-03,0.43,0.45,0.3,0.34,646,61,0.43,,monthly_30d_40d_otm,weekly_2_strike0,38,668
QS,2021-08-10,2021-09-07,backfill,O:QS210917C00025000,25.0,2021-09-17,2021-09-07,0.25,0.29,0.18,0.18,754,82,0.25,,monthly_30d_40d_otm,weekly_2_strike0,38,668
QS,2025-10-17,2025-11-13,backfill,O:QS251121C00015000,15.0,2025-11-21,2025-10-17,2.61,2.92,2.32,2.52,275,39,2.61,,monthly_30d_slight_itm,weekly_1_strike0,35,275
QS,2025-10-17,2025-11-13,backfill,O:QS251121C00015000,15.0,2025-11-21,2025-10-20,2.81,2.9,2.41,2.9,462,30,2.81,,monthly_30d_slight_itm,weekly_1_strike0,35,275
QS,2025-10-17,2025-11-13,backfill,O:QS251121C00015000,15.0,2025-11-21,2025-10-21,2.49,2.82,2.41,2.54,340,27,2.49,,monthly_30d_slight_itm,weekly_1_strike0,35,275
QS,2025-10-17,2025-11-13,backfill,O:QS251121C00015000,15.0,2025-11-21,2025-10-22,2.11,2.15,1.24,1.48,910,90,2.11,,monthly_30d_slight_itm,weekly_1_strike0,35,275
QS,2025-10-17,2025-11-13,backfill,O:QS251121C00015000,15.0,2025-11-21,2025-10-23,1.51,2.25,1.5,1.75,1907,75,1.51,,monthly_30d_slight_itm,weekly_1_strike0,35,275
QS,2025-10-17,2025-11-13,backfill,O:QS251121C00015000,15.0,2025-11-21,2025-10-24,2.09,3.2,1.87,3.1,3425,82,2.09,,monthly_30d_slight_itm,weekly_1_strike0,35,275
QS,2025-10-17,2025-11-13,backfill,O:QS251121C00015000,15.0,2025-11-21,2025-10-27,3.15,3.5,2.58,2.67,323,38,3.15,,monthly_30d_slight_itm,weekly_1_strike0,35,275
QS,2025-10-17,2025-11-13,backfill,O:QS251121C00015000,15.0,2025-11-21,2025-10-28,2.72,2.72,1.85,2.05,141,27,2.72,,monthly_30d_slight_itm,weekly_1_strike0,35,275
QS,2025-10-17,2025-11-13,backfill,O:QS251121C00015000,15.0,2025-11-21,2025-10-29,2.12,2.62,2.01,2.35,128,18,2.12,,monthly_30d_slight_itm,weekly_1_strike0,35,275
QS,2025-10-17,2025-11-13,backfill,O:QS251121C00015000,15.0,2025-11-21,2025-10-30,2.0,2.32,1.95,2.13,59,12,2.0,,monthly_30d_slight_itm,weekly_1_strike0,35,275
QS,2025-10-17,2025-11-13,backfill,O:QS251121C00015000,15.0,2025-11-21,2025-10-31,2.38,4.2,2.24,4.05,888,66,2.38,,monthly_30d_slight_itm,weekly_1_strike0,35,275
QS,2025-10-17,2025-11-13,backfill,O:QS251121C00015000,15.0,2025-11-21,2025-11-03,3.53,3.53,2.15,2.3,816,38,3.53,,monthly_30d_slight_itm,weekly_1_strike0,35,275
QS,2025-10-17,2025-11-13,backfill,O:QS251121C00015000,15.0,2025-11-21,2025-11-04,1.87,2.05,1.55,1.88,207,26,1.87,,monthly_30d_slight_itm,weekly_1_strike0,35,275
QS,2025-10-17,2025-11-13,backfill,O:QS251121C00015000,15.0,2025-11-21,2025-11-05,2.01,3.2,1.94,2.7,175,28,2.01,,monthly_30d_slight_itm,weekly_1_strike0,35,275
QS,2025-10-17,2025-11-13,backfill,O:QS251121C00015000,15.0,2025-11-21,2025-11-06,2.18,2.24,1.95,1.95,67,12,2.18,,monthly_30d_slight_itm,weekly_1_strike0,35,275
QS,2025-10-17,2025-11-13,backfill,O:QS251121C00015000,15.0,2025-11-21,2025-11-07,1.8,2.29,1.29,2.29,292,48,1.8,,monthly_30d_slight_itm,weekly_1_strike0,35,275
QS,2025-10-17,2025-11-13,backfill,O:QS251121C00015000,15.0,2025-11-21,2025-11-10,2.6,3.0,1.32,2.07,2593,57,2.6,,monthly_30d_slight_itm,weekly_1_strike0,35,275
QS,2025-10-17,2025-11-13,backfill,O:QS251121C00015000,15.0,2025-11-21,2025-11-11,1.6,1.81,1.35,1.6,2379,16,1.6,,monthly_30d_slight_itm,weekly_1_strike0,35,275
QS,2025-10-17,2025-11-13,backfill,O:QS251121C00015000,15.0,2025-11-21,2025-11-12,1.68,1.68,0.87,0.87,2092,82,1.68,,monthly_30d_slight_itm,weekly_1_strike0,35,275
QS,2025-10-17,2025-11-13,backfill,O:QS251121C00015000,15.0,2025-11-21,2025-11-13,0.78,0.78,0.42,0.42,1690,104,0.78,,monthly_30d_slight_itm,weekly_1_strike0,35,275
RBLX,2021-11-18,2021-12-15,backfill,O:RBLX211217C00125000,125.0,2021-12-17,2021-11-18,12.05,20.0,9.38,11.4,2433,232,12.05,,monthly_30d_slight_itm,weekly_2_strike0,29,2433
RBLX,2021-11-18,2021-12-15,backfill,O:RBLX211217C00125000,125.0,2021-12-17,2021-11-19,14.0,18.45,13.8,16.49,728,161,14.0,,monthly_30d_slight_itm,weekly_2_strike0,29,2433
RBLX,2021-11-18,2021-12-15,backfill,O:RBLX211217C00125000,125.0,2021-12-17,2021-11-22,21.32,21.32,7.6,8.61,1698,207,21.32,,monthly_30d_slight_itm,weekly_2_strike0,29,2433
RBLX,2021-11-18,2021-12-15,backfill,O:RBLX211217C00125000,125.0,2021-12-17,2021-11-23,8.18,9.45,5.75,6.2,1020,112,8.18,,monthly_30d_slight_itm,weekly_2_strike0,29,2433
RBLX,2021-11-18,2021-12-15,backfill,O:RBLX211217C00125000,125.0,2021-12-17,2021-11-24,7.0,12.05,6.85,10.36,3932,210,7.0,,monthly_30d_slight_itm,weekly_2_strike0,29,2433
RBLX,2021-11-18,2021-12-15,backfill,O:RBLX211217C00125000,125.0,2021-12-17,2021-11-26,13.08,13.2,7.9,8.8,969,112,13.08,,monthly_30d_slight_itm,weekly_2_strike0,29,2433
RBLX,2021-11-18,2021-12-15,backfill,O:RBLX211217C00125000,125.0,2021-12-17,2021-11-29,8.45,11.3,7.2,10.95,1620,181,8.45,,monthly_30d_slight_itm,weekly_2_strike0,29,2433
RBLX,2021-11-18,2021-12-15,backfill,O:RBLX211217C00125000,125.0,2021-12-17,2021-11-30,11.7,16.2,9.09,9.4,843,143,11.7,,monthly_30d_slight_itm,weekly_2_strike0,29,2433
RBLX,2021-11-18,2021-12-15,backfill,O:RBLX211217C00125000,125.0,2021-12-17,2021-12-01,9.65,11.5,3.45,4.28,939,168,9.65,,monthly_30d_slight_itm,weekly_2_strike0,29,2433
RBLX,2021-11-18,2021-12-15,backfill,O:RBLX211217C00125000,125.0,2021-12-17,2021-12-02,4.5,6.42,4.0,4.88,752,115,4.5,,monthly_30d_slight_itm,weekly_2_strike0,29,2433
RBLX,2021-11-18,2021-12-15,backfill,O:RBLX211217C00125000,125.0,2021-12-17,2021-12-03,5.0,6.3,2.82,3.75,726,98,5.0,,monthly_30d_slight_itm,weekly_2_strike0,29,2433
RBLX,2021-11-18,2021-12-15,backfill,O:RBLX211217C00125000,125.0,2021-12-17,2021-12-06,2.06,3.0,1.52,2.46,421,102,2.06,,monthly_30d_slight_itm,weekly_2_strike0,29,2433
RBLX,2021-11-18,2021-12-15,backfill,O:RBLX211217C00125000,125.0,2021-12-17,2021-12-07,4.2,4.4,2.65,2.83,2641,225,4.2,,monthly_30d_slight_itm,weekly_2_strike0,29,2433
RBLX,2021-11-18,2021-12-15,backfill,O:RBLX211217C00125000,125.0,2021-12-17,2021-12-08,2.81,6.7,2.11,6.05,7129,344,2.81,,monthly_30d_slight_itm,weekly_2_strike0,29,2433
RBLX,2021-11-18,2021-12-15,backfill,O:RBLX211217C00125000,125.0,2021-12-17,2021-12-09,6.2,7.0,2.44,2.7,3771,288,6.2,,monthly_30d_slight_itm,weekly_2_strike0,29,2433
RBLX,2021-11-18,2021-12-15,backfill,O:RBLX211217C00125000,125.0,2021-12-17,2021-12-10,2.82,4.44,1.2,1.7,2925,274,2.82,,monthly_30d_slight_itm,weekly_2_strike0,29,2433
RBLX,2021-11-18,2021-12-15,backfill,O:RBLX211217C00125000,125.0,2021-12-17,2021-12-13,1.34,1.68,0.37,0.69,2640,226,1.34,,monthly_30d_slight_itm,weekly_2_strike0,29,2433
RBLX,2021-11-18,2021-12-15,backfill,O:RBLX211217C00125000,125.0,2021-12-17,2021-12-14,0.34,0.62,0.15,0.22,1382,147,0.34,,monthly_30d_slight_itm,weekly_2_strike0,29,2433
RBLX,2021-11-18,2021-12-15,backfill,O:RBLX211217C00125000,125.0,2021-12-17,2021-12-15,0.1,0.13,0.03,0.03,890,97,0.1,,monthly_30d_slight_itm,weekly_2_strike0,29,2433
RBLX,2024-07-30,2024-08-05,backfill,O:RBLX240920C00045000,45.0,2024-09-20,2024-07-30,2.09,2.32,2.09,2.27,192,21,2.09,,monthly_45d_20d_otm,weekly_2_strike0,52,192
RBLX,2024-07-30,2024-08-05,backfill,O:RBLX240920C00045000,45.0,2024-09-20,2024-07-31,2.4,2.44,2.0,2.01,374,41,2.4,,monthly_45d_20d_otm,weekly_2_strike0,52,192
RBLX,2024-07-30,2024-08-05,backfill,O:RBLX240920C00045000,45.0,2024-09-20,2024-08-01,1.0,1.0,0.3,0.51,1005,69,1.0,,monthly_45d_20d_otm,weekly_2_strike0,52,192
RBLX,2024-07-30,2024-08-05,backfill,O:RBLX240920C00045000,45.0,2024-09-20,2024-08-02,0.4,0.65,0.35,0.61,1203,30,0.4,,monthly_45d_20d_otm,weekly_2_strike0,52,192
RBLX,2024-07-30,2024-08-05,backfill,O:RBLX240920C00045000,45.0,2024-09-20,2024-08-05,0.38,0.38,0.25,0.28,51,13,0.38,,monthly_45d_20d_otm,weekly_2_strike0,52,192
RBLX,2024-12-16,2025-01-15,backfill,O:RBLX250117C00065000,65.0,2025-01-17,2024-12-16,1.2,1.93,1.2,1.79,2451,230,1.2,,monthly_30d_25d_otm,weekly_2_strike0,32,2451
RBLX,2024-12-16,2025-01-15,backfill,O:RBLX250117C00065000,65.0,2025-01-17,2024-12-17,1.8,1.8,1.13,1.64,2521,98,1.8,,monthly_30d_25d_otm,weekly_2_strike0,32,2451
RBLX,2024-12-16,2025-01-15,backfill,O:RBLX250117C00065000,65.0,2025-01-17,2024-12-18,1.64,1.65,0.79,0.88,2548,107,1.64,,monthly_30d_25d_otm,weekly_2_strike0,32,2451
RBLX,2024-12-16,2025-01-15,backfill,O:RBLX250117C00065000,65.0,2025-01-17,2024-12-19,0.91,1.0,0.67,0.98,2544,63,0.91,,monthly_30d_25d_otm,weekly_2_strike0,32,2451
RBLX,2024-12-16,2025-01-15,backfill,O:RBLX250117C00065000,65.0,2025-01-17,2024-12-20,0.79,1.04,0.71,0.89,1003,52,0.79,,monthly_30d_25d_otm,weekly_2_strike0,32,2451
RBLX,2024-12-16,2025-01-15,backfill,O:RBLX250117C00065000,65.0,2025-01-17,2024-12-23,0.94,1.08,0.56,0.58,2303,49,0.94,,monthly_30d_25d_otm,weekly_2_strike0,32,2451
RBLX,2024-12-16,2025-01-15,backfill,O:RBLX250117C00065000,65.0,2025-01-17,2024-12-24,0.52,0.54,0.32,0.52,1703,38,0.52,,monthly_30d_25d_otm,weekly_2_strike0,32,2451
RBLX,2024-12-16,2025-01-15,backfill,O:RBLX250117C00065000,65.0,2025-01-17,2024-12-26,0.74,0.74,0.47,0.57,240,40,0.74,,monthly_30d_25d_otm,weekly_2_strike0,32,2451
RBLX,2024-12-16,2025-01-15,backfill,O:RBLX250117C00065000,65.0,2025-01-17,2024-12-27,0.5,0.53,0.35,0.46,1393,34,0.5,,monthly_30d_25d_otm,weekly_2_strike0,32,2451
RBLX,2024-12-16,2025-01-15,backfill,O:RBLX250117C00065000,65.0,2025-01-17,2024-12-30,0.26,0.41,0.16,0.3,1830,45,0.26,,monthly_30d_25d_otm,weekly_2_strike0,32,2451
RBLX,2024-12-16,2025-01-15,backfill,O:RBLX250117C00065000,65.0,2025-01-17,2024-12-31,0.31,0.31,0.16,0.18,858,31,0.31,,monthly_30d_25d_otm,weekly_2_strike0,32,2451
RBLX,2024-12-16,2025-01-15,backfill,O:RBLX250117C00065000,65.0,2025-01-17,2025-01-02,0.27,0.27,0.11,0.27,725,26,0.27,,monthly_30d_25d_otm,weekly_2_strike0,32,2451
RBLX,2024-12-16,2025-01-15,backfill,O:RBLX250117C00065000,65.0,2025-01-17,2025-01-03,0.31,0.61,0.31,0.46,1842,158,0.31,,monthly_30d_25d_otm,weekly_2_strike0,32,2451
RBLX,2024-12-16,2025-01-15,backfill,O:RBLX250117C00065000,65.0,2025-01-17,2025-01-06,0.49,0.79,0.45,0.64,2670,105,0.49,,monthly_30d_25d_otm,weekly_2_strike0,32,2451
RBLX,2024-12-16,2025-01-15,backfill,O:RBLX250117C00065000,65.0,2025-01-17,2025-01-07,0.6,0.72,0.28,0.48,739,55,0.6,,monthly_30d_25d_otm,weekly_2_strike0,32,2451
RBLX,2024-12-16,2025-01-15,backfill,O:RBLX250117C00065000,65.0,2025-01-17,2025-01-08,0.7,1.13,0.38,0.6,5457,121,0.7,,monthly_30d_25d_otm,weekly_2_strike0,32,2451
RBLX,2024-12-16,2025-01-15,backfill,O:RBLX250117C00065000,65.0,2025-01-17,2025-01-10,0.55,0.55,0.21,0.4,660,67,0.55,,monthly_30d_25d_otm,weekly_2_strike0,32,2451
RBLX,2024-12-16,2025-01-15,backfill,O:RBLX250117C00065000,65.0,2025-01-17,2025-01-13,0.03,0.22,0.03,0.22,540,61,0.03,,monthly_30d_25d_otm,weekly_2_strike0,32,2451
RBLX,2024-12-16,2025-01-15,backfill,O:RBLX250117C00065000,65.0,2025-01-17,2025-01-14,0.22,0.42,0.14,0.25,747,97,0.22,,monthly_30d_25d_otm,weekly_2_strike0,32,2451
RBLX,2024-12-16,2025-01-15,backfill,O:RBLX250117C00065000,65.0,2025-01-17,2025-01-15,0.25,0.63,0.23,0.34,1415,127,0.25,,monthly_30d_25d_otm,weekly_2_strike0,32,2451
RBLX,2025-05-07,2025-06-04,backfill,O:RBLX250620C00080000,80.0,2025-06-20,2025-05-07,1.3,1.32,0.96,0.96,295,22,1.3,,monthly_30d_25d_otm,weekly_2_strike0,44,295
RBLX,2025-05-07,2025-06-04,backfill,O:RBLX250620C00080000,80.0,2025-06-20,2025-05-08,1.08,1.2,0.82,0.82,75,22,1.08,,monthly_30d_25d_otm,weekly_2_strike0,44,295
RBLX,2025-05-07,2025-06-04,backfill,O:RBLX250620C00080000,80.0,2025-06-20,2025-05-09,0.89,1.25,0.87,1.2,131,24,0.89,,monthly_30d_25d_otm,weekly_2_strike0,44,295
RBLX,2025-05-07,2025-06-04,backfill,O:RBLX250620C00080000,80.0,2025-06-20,2025-05-12,1.88,1.88,0.9,1.31,672,61,1.88,,monthly_30d_25d_otm,weekly_2_strike0,44,295
RBLX,2025-05-07,2025-06-04,backfill,O:RBLX250620C00080000,80.0,2025-06-20,2025-05-13,1.3,2.66,1.3,2.59,5807,149,1.3,,monthly_30d_25d_otm,weekly_2_strike0,44,295
RBLX,2025-05-07,2025-06-04,backfill,O:RBLX250620C00080000,80.0,2025-06-20,2025-05-14,3.0,3.88,2.68,3.82,8376,153,3.0,,monthly_30d_25d_otm,weekly_2_strike0,44,295
RBLX,2025-05-07,2025-06-04,backfill,O:RBLX250620C00080000,80.0,2025-06-20,2025-05-15,3.8,4.55,3.4,4.53,2366,76,3.8,,monthly_30d_25d_otm,weekly_2_strike0,44,295
RBLX,2025-05-07,2025-06-04,backfill,O:RBLX250620C00080000,80.0,2025-06-20,2025-05-16,4.5,5.2,4.4,4.59,575,73,4.5,,monthly_30d_25d_otm,weekly_2_strike0,44,295
RBLX,2025-05-07,2025-06-04,backfill,O:RBLX250620C00080000,80.0,2025-06-20,2025-05-19,3.0,5.0,3.0,4.35,248,17,3.0,,monthly_30d_25d_otm,weekly_2_strike0,44,295
RBLX,2025-05-07,2025-06-04,backfill,O:RBLX250620C00080000,80.0,2025-06-20,2025-05-20,4.25,4.55,3.69,4.55,61,18,4.25,,monthly_30d_25d_otm,weekly_2_strike0,44,295
RBLX,2025-05-07,2025-06-04,backfill,O:RBLX250620C00080000,80.0,2025-06-20,2025-05-21,4.85,5.5,4.3,4.3,167,24,4.85,,monthly_30d_25d_otm,weekly_2_strike0,44,295
RBLX,2025-05-07,2025-06-04,backfill,O:RBLX250620C00080000,80.0,2025-06-20,2025-05-22,4.55,5.5,4.53,4.65,76,22,4.55,,monthly_30d_25d_otm,weekly_2_strike0,44,295
RBLX,2025-05-07,2025-06-04,backfill,O:RBLX250620C00080000,80.0,2025-06-20,2025-05-23,4.35,5.35,4.35,4.72,46,22,4.35,,monthly_30d_25d_otm,weekly_2_strike0,44,295
RBLX,2025-05-07,2025-06-04,backfill,O:RBLX250620C00080000,80.0,2025-06-20,2025-05-27,5.75,7.0,5.65,6.7,569,23,5.75,,monthly_30d_25d_otm,weekly_2_strike0,44,295
RBLX,2025-05-07,2025-06-04,backfill,O:RBLX250620C00080000,80.0,2025-06-20,2025-05-28,7.09,7.09,6.53,6.53,47,12,7.09,,monthly_30d_25d_otm,weekly_2_strike0,44,295
RBLX,2025-05-07,2025-06-04,backfill,O:RBLX250620C00080000,80.0,2025-06-20,2025-05-29,5.9,6.7,5.9,6.51,600,32,5.9,,monthly_30d_25d_otm,weekly_2_strike0,44,295
RBLX,2025-05-07,2025-06-04,backfill,O:RBLX250620C00080000,80.0,2025-06-20,2025-05-30,6.9,8.1,6.0,8.1,96,19,6.9,,monthly_30d_25d_otm,weekly_2_strike0,44,295
RBLX,2025-05-07,2025-06-04,backfill,O:RBLX250620C00080000,80.0,2025-06-20,2025-06-02,9.0,10.65,9.0,10.62,70,16,9.0,,monthly_30d_25d_otm,weekly_2_strike0,44,295
RBLX,2025-05-07,2025-06-04,backfill,O:RBLX250620C00080000,80.0,2025-06-20,2025-06-03,9.45,10.73,9.45,10.05,43,14,9.45,,monthly_30d_25d_otm,weekly_2_strike0,44,295
RBLX,2025-05-07,2025-06-04,backfill,O:RBLX250620C00080000,80.0,2025-06-20,2025-06-04,11.62,11.9,10.8,11.63,244,10,11.62,,monthly_30d_25d_otm,weekly_2_strike0,44,295
RCL,2020-09-17,2020-10-14,backfill,O:RCL201016C00075000,75.0,2020-10-16,2020-09-17,3.2,3.95,3.1,3.2,109,26,3.2,,monthly_30d_20d_otm,weekly_2_strike0,29,109
RCL,2020-09-17,2020-10-14,backfill,O:RCL201016C00075000,75.0,2020-10-16,2020-09-18,3.23,3.23,1.8,2.02,1428,99,3.23,,monthly_30d_20d_otm,weekly_2_strike0,29,109
RCL,2020-09-17,2020-10-14,backfill,O:RCL201016C00075000,75.0,2020-10-16,2020-09-21,1.12,1.59,0.81,1.07,675,105,1.12,,monthly_30d_20d_otm,weekly_2_strike0,29,109
RCL,2020-09-17,2020-10-14,backfill,O:RCL201016C00075000,75.0,2020-10-16,2020-09-22,1.06,1.44,1.0,1.17,195,44,1.06,,monthly_30d_20d_otm,weekly_2_strike0,29,109
RCL,2020-09-17,2020-10-14,backfill,O:RCL201016C00075000,75.0,2020-10-16,2020-09-23,1.16,1.56,1.04,1.05,226,41,1.16,,monthly_30d_20d_otm,weekly_2_strike0,29,109
RCL,2020-09-17,2020-10-14,backfill,O:RCL201016C00075000,75.0,2020-10-16,2020-09-24,0.72,0.84,0.56,0.61,233,37,0.72,,monthly_30d_20d_otm,weekly_2_strike0,29,109
RCL,2020-09-17,2020-10-14,backfill,O:RCL201016C00075000,75.0,2020-10-16,2020-09-25,1.2,1.5,0.95,1.45,318,52,1.2,,monthly_30d_20d_otm,weekly_2_strike0,29,109
RCL,2020-09-17,2020-10-14,backfill,O:RCL201016C00075000,75.0,2020-10-16,2020-09-28,1.61,1.61,1.15,1.48,99,28,1.61,,monthly_30d_20d_otm,weekly_2_strike0,29,109
RCL,2020-09-17,2020-10-14,backfill,O:RCL201016C00075000,75.0,2020-10-16,2020-09-29,1.21,1.21,0.81,1.01,51,20,1.21,,monthly_30d_20d_otm,weekly_2_strike0,29,109
RCL,2020-09-17,2020-10-14,backfill,O:RCL201016C00075000,75.0,2020-10-16,2020-09-30,1.76,1.79,0.94,0.98,144,29,1.76,,monthly_30d_20d_otm,weekly_2_strike0,29,109
RCL,2020-09-17,2020-10-14,backfill,O:RCL201016C00075000,75.0,2020-10-16,2020-10-01,1.0,1.09,0.83,1.0,56,16,1.0,,monthly_30d_20d_otm,weekly_2_strike0,29,109
RCL,2020-09-17,2020-10-14,backfill,O:RCL201016C00075000,75.0,2020-10-16,2020-10-02,0.7,1.0,0.68,0.94,577,24,0.7,,monthly_30d_20d_otm,weekly_2_strike0,29,109
RCL,2020-09-17,2020-10-14,backfill,O:RCL201016C00075000,75.0,2020-10-16,2020-10-05,0.87,0.87,0.52,0.6,256,19,0.87,,monthly_30d_20d_otm,weekly_2_strike0,29,109
RCL,2020-09-17,2020-10-14,backfill,O:RCL201016C00075000,75.0,2020-10-16,2020-10-06,0.61,1.42,0.61,0.64,528,49,0.61,,monthly_30d_20d_otm,weekly_2_strike0,29,109
RCL,2020-09-17,2020-10-14,backfill,O:RCL201016C00075000,75.0,2020-10-16,2020-10-07,0.76,0.82,0.55,0.78,179,21,0.76,,monthly_30d_20d_otm,weekly_2_strike0,29,109
RCL,2020-09-17,2020-10-14,backfill,O:RCL201016C00075000,75.0,2020-10-16,2020-10-08,0.83,0.92,0.54,0.81,698,41,0.83,,monthly_30d_20d_otm,weekly_2_strike0,29,109
RCL,2020-09-17,2020-10-14,backfill,O:RCL201016C00075000,75.0,2020-10-16,2020-10-09,0.72,1.55,0.71,1.02,1496,94,0.72,,monthly_30d_20d_otm,weekly_2_strike0,29,109
RCL,2020-09-17,2020-10-14,backfill,O:RCL201016C00075000,75.0,2020-10-16,2020-10-12,0.7,0.75,0.31,0.31,179,47,0.7,,monthly_30d_20d_otm,weekly_2_strike0,29,109
RCL,2020-09-17,2020-10-14,backfill,O:RCL201016C00075000,75.0,2020-10-16,2020-10-13,0.05,0.84,0.02,0.09,586,53,0.05,,monthly_30d_20d_otm,weekly_2_strike0,29,109
RCL,2020-09-17,2020-10-14,backfill,O:RCL201016C00075000,75.0,2020-10-16,2020-10-14,0.1,0.1,0.01,0.02,93,15,0.1,,monthly_30d_20d_otm,weekly_2_strike0,29,109
RCL,2022-09-15,2022-09-30,backfill,O:RCL221021C00055000,55.0,2022-10-21,2022-09-15,2.16,2.96,2.15,2.53,688,66,2.16,,monthly_30d_25d_otm,weekly_2_strike0,36,688
RCL,2022-09-15,2022-09-30,backfill,O:RCL221021C00055000,55.0,2022-10-21,2022-09-16,2.17,2.6,1.87,2.38,248,34,2.17,,monthly_30d_25d_otm,weekly_2_strike0,36,688
RCL,2022-09-15,2022-09-30,backfill,O:RCL221021C00055000,55.0,2022-10-21,2022-09-19,2.28,3.05,2.19,2.46,309,36,2.28,,monthly_30d_25d_otm,weekly_2_strike0,36,688
RCL,2022-09-15,2022-09-30,backfill,O:RCL221021C00055000,55.0,2022-10-21,2022-09-20,2.04,2.45,1.88,2.06,129,14,2.04,,monthly_30d_25d_otm,weekly_2_strike0,36,688
RCL,2022-09-15,2022-09-30,backfill,O:RCL221021C00055000,55.0,2022-10-21,2022-09-21,1.94,1.94,1.15,1.23,142,29,1.94,,monthly_30d_25d_otm,weekly_2_strike0,36,688
RCL,2022-09-15,2022-09-30,backfill,O:RCL221021C00055000,55.0,2022-10-21,2022-09-22,1.42,1.53,1.06,1.27,195,39,1.42,,monthly_30d_25d_otm,weekly_2_strike0,36,688
RCL,2022-09-15,2022-09-30,backfill,O:RCL221021C00055000,55.0,2022-10-21,2022-09-23,0.96,1.01,0.7,0.77,83,31,0.96,,monthly_30d_25d_otm,weekly_2_strike0,36,688
RCL,2022-09-15,2022-09-30,backfill,O:RCL221021C00055000,55.0,2022-10-21,2022-09-26,0.88,1.02,0.66,0.66,40,19,0.88,,monthly_30d_25d_otm,weekly_2_strike0,36,688
RCL,2022-09-15,2022-09-30,backfill,O:RCL221021C00055000,55.0,2022-10-21,2022-09-27,0.83,1.32,0.82,0.93,96,26,0.83,,monthly_30d_25d_otm,weekly_2_strike0,36,688
RCL,2022-09-15,2022-09-30,backfill,O:RCL221021C00055000,55.0,2022-10-21,2022-09-28,1.1,1.2,1.03,1.16,554,19,1.1,,monthly_30d_25d_otm,weekly_2_strike0,36,688
RCL,2022-09-15,2022-09-30,backfill,O:RCL221021C00055000,55.0,2022-10-21,2022-09-29,0.7,0.72,0.49,0.5,10,9,0.7,,monthly_30d_25d_otm,weekly_2_strike0,36,688
RCL,2022-09-15,2022-09-30,backfill,O:RCL221021C00055000,55.0,2022-10-21,2022-09-30,0.3,0.35,0.11,0.12,117,48,0.3,,monthly_30d_25d_otm,weekly_2_strike0,36,688
REGN,2020-03-02,2020-03-27,backfill,O:REGN200417C00495000,495.0,2020-04-17,2020-03-02,12.03,12.41,12.03,12.41,8,2,12.03,,monthly_30d_25d_otm,weekly_2_strike0,46,8
REGN,2020-03-02,2020-03-27,backfill,O:REGN200417C00495000,495.0,2020-04-17,2020-03-04,19.82,20.6,19.82,20.6,3,2,19.82,,monthly_30d_25d_otm,weekly_2_strike0,46,8
REGN,2020-03-02,2020-03-27,backfill,O:REGN200417C00495000,495.0,2020-04-17,2020-03-05,32.34,32.34,26.4,26.4,12,4,32.34,,monthly_30d_25d_otm,weekly_2_strike0,46,8
REGN,2020-03-02,2020-03-27,backfill,O:REGN200417C00495000,495.0,2020-04-17,2020-03-06,29.05,30.3,29.05,30.3,2,2,29.05,,monthly_30d_25d_otm,weekly_2_strike0,46,8
REGN,2020-03-02,2020-03-27,backfill,O:REGN200417C00495000,495.0,2020-04-17,2020-03-10,17.7,17.7,17.7,17.7,10,1,17.7,,monthly_30d_25d_otm,weekly_2_strike0,46,8
REGN,2020-03-02,2020-03-27,backfill,O:REGN200417C00495000,495.0,2020-04-17,2020-03-11,24.5,24.5,17.0,18.7,14,5,24.5,,monthly_30d_25d_otm,weekly_2_strike0,46,8
REGN,2020-03-02,2020-03-27,backfill,O:REGN200417C00495000,495.0,2020-04-17,2020-03-12,12.6,12.6,9.9,12.24,5,3,12.6,,monthly_30d_25d_otm,weekly_2_strike0,46,8
REGN,2020-03-02,2020-03-27,backfill,O:REGN200417C00495000,495.0,2020-04-17,2020-03-16,27.42,27.42,21.55,21.55,16,2,27.42,,monthly_30d_25d_otm,weekly_2_strike0,46,8
REGN,2020-03-02,2020-03-27,backfill,O:REGN200417C00495000,495.0,2020-04-17,2020-03-17,40.0,49.0,34.93,44.1,23,7,40.0,,monthly_30d_25d_otm,weekly_2_strike0,46,8
REGN,2020-03-02,2020-03-27,backfill,O:REGN200417C00495000,495.0,2020-04-17,2020-03-18,43.05,44.0,31.2,31.2,22,7,43.05,,monthly_30d_25d_otm,weekly_2_strike0,46,8
REGN,2020-03-02,2020-03-27,backfill,O:REGN200417C00495000,495.0,2020-04-17,2020-03-19,45.51,45.51,42.1,42.1,3,3,45.51,,monthly_30d_25d_otm,weekly_2_strike0,46,8
REGN,2020-03-02,2020-03-27,backfill,O:REGN200417C00495000,495.0,2020-04-17,2020-03-20,31.88,31.88,23.24,23.24,3,2,31.88,,monthly_30d_25d_otm,weekly_2_strike0,46,8
REGN,2020-03-02,2020-03-27,backfill,O:REGN200417C00495000,495.0,2020-04-17,2020-03-25,10.0,10.3,9.5,9.5,12,3,10.0,,monthly_30d_25d_otm,weekly_2_strike0,46,8
REGN,2020-03-02,2020-03-27,backfill,O:REGN200417C00495000,495.0,2020-04-17,2020-03-26,8.7,11.0,8.28,11.0,15,5,8.7,,monthly_30d_25d_otm,weekly_2_strike0,46,8
REGN,2020-03-02,2020-03-27,backfill,O:REGN200417C00495000,495.0,2020-04-17,2020-03-27,13.0,13.6,11.3,11.3,28,7,13.0,,monthly_30d_25d_otm,weekly_2_strike0,46,8
REGN,2022-09-19,2022-10-14,backfill,O:REGN221021C00835000,835.0,2022-10-21,2022-09-19,2.2,2.2,2.05,2.1,6,2,2.2,,monthly_30d_20d_otm,weekly_2_strike1,32,6
RIOT,2020-05-08,2020-06-05,backfill,O:RIOT200619C00002000,2.0,2020-06-19,2020-05-08,0.25,0.55,0.23,0.42,8699,176,0.25,,monthly_30d_30d_otm,weekly_1_strike0,42,8699
RIOT,2020-05-08,2020-06-05,backfill,O:RIOT200619C00002000,2.0,2020-06-19,2020-05-11,0.42,0.43,0.23,0.32,2056,118,0.42,,monthly_30d_30d_otm,weekly_1_strike0,42,8699
RIOT,2020-05-08,2020-06-05,backfill,O:RIOT200619C00002000,2.0,2020-06-19,2020-05-12,0.36,0.36,0.21,0.22,2373,100,0.36,,monthly_30d_30d_otm,weekly_1_strike0,42,8699
RIOT,2020-05-08,2020-06-05,backfill,O:RIOT200619C00002000,2.0,2020-06-19,2020-05-13,0.3,0.45,0.24,0.45,3323,93,0.3,,monthly_30d_30d_otm,weekly_1_strike0,42,8699
RIOT,2020-05-08,2020-06-05,backfill,O:RIOT200619C00002000,2.0,2020-06-19,2020-05-14,0.48,0.88,0.34,0.75,5508,173,0.48,,monthly_30d_30d_otm,weekly_1_strike0,42,8699
RIOT,2020-05-08,2020-06-05,backfill,O:RIOT200619C00002000,2.0,2020-06-19,2020-05-15,0.78,0.78,0.25,0.54,7428,81,0.78,,monthly_30d_30d_otm,weekly_1_strike0,42,8699
RIOT,2020-05-08,2020-06-05,backfill,O:RIOT200619C00002000,2.0,2020-06-19,2020-05-18,0.56,0.67,0.36,0.5,541,45,0.56,,monthly_30d_30d_otm,weekly_1_strike0,42,8699
RIOT,2020-05-08,2020-06-05,backfill,O:RIOT200619C00002000,2.0,2020-06-19,2020-05-19,0.56,0.69,0.51,0.56,445,55,0.56,,monthly_30d_30d_otm,weekly_1_strike0,42,8699
RIOT,2020-05-08,2020-06-05,backfill,O:RIOT200619C00002000,2.0,2020-06-19,2020-05-20,0.72,1.0,0.6,0.85,2889,89,0.72,,monthly_30d_30d_otm,weekly_1_strike0,42,8699
RIOT,2020-05-08,2020-06-05,backfill,O:RIOT200619C00002000,2.0,2020-06-19,2020-05-21,0.75,0.77,0.5,0.66,361,41,0.75,,monthly_30d_30d_otm,weekly_1_strike0,42,8699
RIOT,2020-05-08,2020-06-05,backfill,O:RIOT200619C00002000,2.0,2020-06-19,2020-05-22,0.63,0.67,0.5,0.57,189,26,0.63,,monthly_30d_30d_otm,weekly_1_strike0,42,8699
RIOT,2020-05-08,2020-06-05,backfill,O:RIOT200619C00002000,2.0,2020-06-19,2020-05-26,0.54,0.54,0.32,0.38,1773,53,0.54,,monthly_30d_30d_otm,weekly_1_strike0,42,8699
RIOT,2020-05-08,2020-06-05,backfill,O:RIOT200619C00002000,2.0,2020-06-19,2020-05-27,0.43,0.51,0.34,0.49,1342,38,0.43,,monthly_30d_30d_otm,weekly_1_strike0,42,8699
RIOT,2020-05-08,2020-06-05,backfill,O:RIOT200619C00002000,2.0,2020-06-19,2020-05-28,0.53,0.68,0.48,0.6,10206,211,0.53,,monthly_30d_30d_otm,weekly_1_strike0,42,8699
RIOT,2020-05-08,2020-06-05,backfill,O:RIOT200619C00002000,2.0,2020-06-19,2020-05-29,0.6,0.69,0.4,0.5,2203,164,0.6,,monthly_30d_30d_otm,weekly_1_strike0,42,8699
RIOT,2020-05-08,2020-06-05,backfill,O:RIOT200619C00002000,2.0,2020-06-19,2020-06-01,0.5,0.6,0.45,0.52,1499,133,0.5,,monthly_30d_30d_otm,weekly_1_strike0,42,8699
RIOT,2020-05-08,2020-06-05,backfill,O:RIOT200619C00002000,2.0,2020-06-19,2020-06-02,0.6,1.04,0.51,0.69,7176,146,0.6,,monthly_30d_30d_otm,weekly_1_strike0,42,8699
RIOT,2020-05-08,2020-06-05,backfill,O:RIOT200619C00002000,2.0,2020-06-19,2020-06-03,0.64,0.73,0.55,0.6,4195,75,0.64,,monthly_30d_30d_otm,weekly_1_strike0,42,8699
RIOT,2020-05-08,2020-06-05,backfill,O:RIOT200619C00002000,2.0,2020-06-19,2020-06-04,0.67,0.85,0.61,0.75,781,85,0.67,,monthly_30d_30d_otm,weekly_1_strike0,42,8699
RIOT,2020-05-08,2020-06-05,backfill,O:RIOT200619C00002000,2.0,2020-06-19,2020-06-05,0.64,0.77,0.55,0.73,278,51,0.64,,monthly_30d_30d_otm,weekly_1_strike0,42,8699
RIOT,2022-08-16,2022-08-22,backfill,O:RIOT220916C00011000,11.0,2022-09-16,2022-08-16,0.8,0.92,0.45,0.62,239,52,0.8,,monthly_30d_30d_otm,weekly_2_strike0,31,239
RIOT,2022-08-16,2022-08-22,backfill,O:RIOT220916C00011000,11.0,2022-09-16,2022-08-17,0.38,0.54,0.36,0.43,1276,47,0.38,,monthly_30d_30d_otm,weekly_2_strike0,31,239
RIOT,2022-08-16,2022-08-22,backfill,O:RIOT220916C00011000,11.0,2022-09-16,2022-08-18,0.44,0.5,0.38,0.42,167,23,0.44,,monthly_30d_30d_otm,weekly_2_strike0,31,239
RIOT,2022-08-16,2022-08-22,backfill,O:RIOT220916C00011000,11.0,2022-09-16,2022-08-19,0.33,0.33,0.2,0.21,1290,49,0.33,,monthly_30d_30d_otm,weekly_2_strike0,31,239
RIOT,2022-08-16,2022-08-22,backfill,O:RIOT220916C00011000,11.0,2022-09-16,2022-08-22,0.18,0.19,0.15,0.15,451,22,0.18,,monthly_30d_30d_otm,weekly_2_strike0,31,239
RIOT,2023-02-08,2023-03-08,backfill,O:RIOT230317C00008000,8.0,2023-03-17,2023-02-08,0.46,0.61,0.42,0.49,754,38,0.46,,monthly_30d_25d_otm,weekly_2_strike0,37,754
RIOT,2023-02-08,2023-03-08,backfill,O:RIOT230317C00008000,8.0,2023-03-17,2023-02-09,0.45,0.45,0.2,0.21,599,49,0.45,,monthly_30d_25d_otm,weekly_2_strike0,37,754
RIOT,2023-02-08,2023-03-08,backfill,O:RIOT230317C00008000,8.0,2023-03-17,2023-02-10,0.22,0.23,0.17,0.2,198,30,0.22,,monthly_30d_25d_otm,weekly_2_strike0,37,754
RIOT,2023-02-08,2023-03-08,backfill,O:RIOT230317C00008000,8.0,2023-03-17,2023-02-13,0.15,0.19,0.14,0.18,214,31,0.15,,monthly_30d_25d_otm,weekly_2_strike0,37,754
RIOT,2023-02-08,2023-03-08,backfill,O:RIOT230317C00008000,8.0,2023-03-17,2023-02-14,0.2,0.28,0.19,0.23,400,35,0.2,,monthly_30d_25d_otm,weekly_2_strike0,37,754
RIOT,2023-02-08,2023-03-08,backfill,O:RIOT230317C00008000,8.0,2023-03-17,2023-02-15,0.23,0.45,0.23,0.43,9301,88,0.23,,monthly_30d_25d_otm,weekly_2_strike0,37,754
RIOT,2023-02-08,2023-03-08,backfill,O:RIOT230317C00008000,8.0,2023-03-17,2023-02-16,0.4,0.68,0.35,0.35,5670,123,0.4,,monthly_30d_25d_otm,weekly_2_strike0,37,754
RIOT,2023-02-08,2023-03-08,backfill,O:RIOT230317C00008000,8.0,2023-03-17,2023-02-17,0.37,0.47,0.29,0.42,2805,88,0.37,,monthly_30d_25d_otm,weekly_2_strike0,37,754
RIOT,2023-02-08,2023-03-08,backfill,O:RIOT230317C00008000,8.0,2023-03-17,2023-02-21,0.31,0.48,0.27,0.28,1142,68,0.31,,monthly_30d_25d_otm,weekly_2_strike0,37,754
RIOT,2023-02-08,2023-03-08,backfill,O:RIOT230317C00008000,8.0,2023-03-17,2023-02-22,0.27,0.35,0.2,0.27,1637,48,0.27,,monthly_30d_25d_otm,weekly_2_strike0,37,754
RIOT,2023-02-08,2023-03-08,backfill,O:RIOT230317C00008000,8.0,2023-03-17,2023-02-23,0.28,0.3,0.2,0.28,808,31,0.28,,monthly_30d_25d_otm,weekly_2_strike0,37,754
RIOT,2023-02-08,2023-03-08,backfill,O:RIOT230317C00008000,8.0,2023-03-17,2023-02-24,0.26,0.26,0.13,0.16,470,43,0.26,,monthly_30d_25d_otm,weekly_2_strike0,37,754
RIOT,2023-02-08,2023-03-08,backfill,O:RIOT230317C00008000,8.0,2023-03-17,2023-02-27,0.16,0.16,0.12,0.13,419,46,0.16,,monthly_30d_25d_otm,weekly_2_strike0,37,754
RIOT,2023-02-08,2023-03-08,backfill,O:RIOT230317C00008000,8.0,2023-03-17,2023-02-28,0.15,0.2,0.15,0.17,498,34,0.15,,monthly_30d_25d_otm,weekly_2_strike0,37,754
RIOT,2023-02-08,2023-03-08,backfill,O:RIOT230317C00008000,8.0,2023-03-17,2023-03-01,0.17,0.2,0.13,0.15,589,30,0.17,,monthly_30d_25d_otm,weekly_2_strike0,37,754
RIOT,2023-02-08,2023-03-08,backfill,O:RIOT230317C00008000,8.0,2023-03-17,2023-03-02,0.12,0.13,0.1,0.12,240,28,0.12,,monthly_30d_25d_otm,weekly_2_strike0,37,754
RIOT,2023-02-08,2023-03-08,backfill,O:RIOT230317C00008000,8.0,2023-03-17,2023-03-03,0.09,0.12,0.07,0.09,548,49,0.09,,monthly_30d_25d_otm,weekly_2_strike0,37,754
RIOT,2023-02-08,2023-03-08,backfill,O:RIOT230317C00008000,8.0,2023-03-17,2023-03-06,0.1,0.16,0.07,0.09,1766,79,0.1,,monthly_30d_25d_otm,weekly_2_strike0,37,754
RIOT,2023-02-08,2023-03-08,backfill,O:RIOT230317C00008000,8.0,2023-03-17,2023-03-07,0.09,0.09,0.06,0.07,1587,35,0.09,,monthly_30d_25d_otm,weekly_2_strike0,37,754
RIOT,2023-02-08,2023-03-08,backfill,O:RIOT230317C00008000,8.0,2023-03-17,2023-03-08,0.05,0.07,0.05,0.05,1418,36,0.05,,monthly_30d_25d_otm,weekly_2_strike0,37,754
RIOT,2023-03-17,2023-04-14,backfill,O:RIOT230421C00009000,9.0,2023-04-21,2023-03-17,0.48,0.99,0.42,0.84,856,112,0.48,,monthly_30d_30d_otm,weekly_1_strike0,35,856
RIOT,2023-03-17,2023-04-14,backfill,O:RIOT230421C00009000,9.0,2023-04-21,2023-03-20,1.04,1.14,0.81,1.02,1195,99,1.04,,monthly_30d_30d_otm,weekly_1_strike0,35,856
RIOT,2023-03-17,2023-04-14,backfill,O:RIOT230421C00009000,9.0,2023-04-21,2023-03-21,0.96,1.27,0.93,1.24,1276,93,0.96,,monthly_30d_30d_otm,weekly_1_strike0,35,856
RIOT,2023-03-17,2023-04-14,backfill,O:RIOT230421C00009000,9.0,2023-04-21,2023-03-22,1.19,1.39,0.7,0.75,2833,60,1.19,,monthly_30d_30d_otm,weekly_1_strike0,35,856
RIOT,2023-03-17,2023-04-14,backfill,O:RIOT230421C00009000,9.0,2023-04-21,2023-03-23,0.85,1.62,0.85,1.45,864,66,0.85,,monthly_30d_30d_otm,weekly_1_strike0,35,856
RIOT,2023-03-17,2023-04-14,backfill,O:RIOT230421C00009000,9.0,2023-04-21,2023-03-24,1.36,1.36,0.83,0.96,863,60,1.36,,monthly_30d_30d_otm,weekly_1_strike0,35,856
RIOT,2023-03-17,2023-04-14,backfill,O:RIOT230421C00009000,9.0,2023-04-21,2023-03-27,0.99,0.99,0.58,0.6,550,43,0.99,,monthly_30d_30d_otm,weekly_1_strike0,35,856
RIOT,2023-03-17,2023-04-14,backfill,O:RIOT230421C00009000,9.0,2023-04-21,2023-03-28,0.5,0.58,0.4,0.51,370,37,0.5,,monthly_30d_30d_otm,weekly_1_strike0,35,856
RIOT,2023-03-17,2023-04-14,backfill,O:RIOT230421C00009000,9.0,2023-04-21,2023-03-29,0.87,1.09,0.82,1.08,726,67,0.87,,monthly_30d_30d_otm,weekly_1_strike0,35,856
RIOT,2023-03-17,2023-04-14,backfill,O:RIOT230421C00009000,9.0,2023-04-21,2023-03-30,1.08,1.23,0.93,1.0,891,45,1.08,,monthly_30d_30d_otm,weekly_1_strike0,35,856
RIOT,2023-03-17,2023-04-14,backfill,O:RIOT230421C00009000,9.0,2023-04-21,2023-03-31,1.04,1.58,1.04,1.52,476,81,1.04,,monthly_30d_30d_otm,weekly_1_strike0,35,856
RIOT,2023-03-17,2023-04-14,backfill,O:RIOT230421C00009000,9.0,2023-04-21,2023-04-03,1.4,1.45,0.99,1.25,365,34,1.4,,monthly_30d_30d_otm,weekly_1_strike0,35,856
RIOT,2023-03-17,2023-04-14,backfill,O:RIOT230421C00009000,9.0,2023-04-21,2023-04-04,1.22,1.25,0.95,1.12,138,19,1.22,,monthly_30d_30d_otm,weekly_1_strike0,35,856
RIOT,2023-03-17,2023-04-14,backfill,O:RIOT230421C00009000,9.0,2023-04-21,2023-04-05,1.12,1.12,0.77,0.82,487,34,1.12,,monthly_30d_30d_otm,weekly_1_strike0,35,856
RIOT,2023-03-17,2023-04-14,backfill,O:RIOT230421C00009000,9.0,2023-04-21,2023-04-06,0.67,0.92,0.63,0.79,442,41,0.67,,monthly_30d_30d_otm,weekly_1_strike0,35,856
RIOT,2023-03-17,2023-04-14,backfill,O:RIOT230421C00009000,9.0,2023-04-21,2023-04-10,0.75,1.84,0.62,1.84,2314,127,0.75,,monthly_30d_30d_otm,weekly_1_strike0,35,856
RIOT,2023-03-17,2023-04-14,backfill,O:RIOT230421C00009000,9.0,2023-04-21,2023-04-11,2.0,3.62,2.0,3.45,1135,83,2.0,,monthly_30d_30d_otm,weekly_1_strike0,35,856
RIOT,2023-03-17,2023-04-14,backfill,O:RIOT230421C00009000,9.0,2023-04-21,2023-04-12,3.75,4.1,3.1,3.35,1521,31,3.75,,monthly_30d_30d_otm,weekly_1_strike0,35,856
RIOT,2023-03-17,2023-04-14,backfill,O:RIOT230421C00009000,9.0,2023-04-21,2023-04-13,3.92,4.75,3.9,4.45,107,22,3.92,,monthly_30d_30d_otm,weekly_1_strike0,35,856
RIOT,2023-03-17,2023-04-14,backfill,O:RIOT230421C00009000,9.0,2023-04-21,2023-04-14,4.8,4.8,3.9,4.47,215,20,4.8,,monthly_30d_30d_otm,weekly_1_strike0,35,856
RIVN,2023-06-06,2023-07-05,backfill,O:RIVN230721C00015000,15.0,2023-07-21,2023-06-06,1.15,1.5,1.09,1.25,1846,117,1.15,,monthly_30d_35d_otm,weekly_2_strike0,45,1846
RIVN,2023-06-06,2023-07-05,backfill,O:RIVN230721C00015000,15.0,2023-07-21,2023-06-07,1.26,1.35,0.97,0.97,1559,118,1.26,,monthly_30d_35d_otm,weekly_2_strike0,45,1846
RIVN,2023-06-06,2023-07-05,backfill,O:RIVN230721C00015000,15.0,2023-07-21,2023-06-08,0.96,1.1,0.88,1.04,1683,130,0.96,,monthly_30d_35d_otm,weekly_2_strike0,45,1846
RIVN,2023-06-06,2023-07-05,backfill,O:RIVN230721C00015000,15.0,2023-07-21,2023-06-09,1.17,1.48,0.99,1.07,6887,209,1.17,,monthly_30d_35d_otm,weekly_2_strike0,45,1846
RIVN,2023-06-06,2023-07-05,backfill,O:RIVN230721C00015000,15.0,2023-07-21,2023-06-12,1.16,1.42,0.91,1.01,19047,239,1.16,,monthly_30d_35d_otm,weekly_2_strike0,45,1846
RIVN,2023-06-06,2023-07-05,backfill,O:RIVN230721C00015000,15.0,2023-07-21,2023-06-13,1.05,1.82,1.0,1.64,17268,264,1.05,,monthly_30d_35d_otm,weekly_2_strike0,45,1846
RIVN,2023-06-06,2023-07-05,backfill,O:RIVN230721C00015000,15.0,2023-07-21,2023-06-14,1.56,1.72,1.25,1.39,2798,187,1.56,,monthly_30d_35d_otm,weekly_2_strike0,45,1846
RIVN,2023-06-06,2023-07-05,backfill,O:RIVN230721C00015000,15.0,2023-07-21,2023-06-15,1.18,1.84,1.18,1.6,8564,233,1.18,,monthly_30d_35d_otm,weekly_2_strike0,45,1846
RIVN,2023-06-06,2023-07-05,backfill,O:RIVN230721C00015000,15.0,2023-07-21,2023-06-16,1.67,2.22,1.39,1.48,3807,209,1.67,,monthly_30d_35d_otm,weekly_2_strike0,45,1846
RIVN,2023-06-06,2023-07-05,backfill,O:RIVN230721C00015000,15.0,2023-07-21,2023-06-20,1.62,2.06,1.53,1.87,5123,192,1.62,,monthly_30d_35d_otm,weekly_2_strike0,45,1846
RIVN,2023-06-06,2023-07-05,backfill,O:RIVN230721C00015000,15.0,2023-07-21,2023-06-21,1.98,2.26,1.16,1.19,8972,313,1.98,,monthly_30d_35d_otm,weekly_2_strike0,45,1846
RIVN,2023-06-06,2023-07-05,backfill,O:RIVN230721C00015000,15.0,2023-07-21,2023-06-22,1.13,1.24,0.87,0.9,6754,237,1.13,,monthly_30d_35d_otm,weekly_2_strike0,45,1846
RIVN,2023-06-06,2023-07-05,backfill,O:RIVN230721C00015000,15.0,2023-07-21,2023-06-23,0.91,0.91,0.61,0.62,3647,223,0.91,,monthly_30d_35d_otm,weekly_2_strike0,45,1846
RIVN,2023-06-06,2023-07-05,backfill,O:RIVN230721C00015000,15.0,2023-07-21,2023-06-26,0.57,0.73,0.52,0.52,2527,143,0.57,,monthly_30d_35d_otm,weekly_2_strike0,45,1846
RIVN,2023-06-06,2023-07-05,backfill,O:RIVN230721C00015000,15.0,2023-07-21,2023-06-27,0.59,0.65,0.45,0.64,4475,162,0.59,,monthly_30d_35d_otm,weekly_2_strike0,45,1846
RIVN,2023-06-06,2023-07-05,backfill,O:RIVN230721C00015000,15.0,2023-07-21,2023-06-28,0.6,1.05,0.52,0.91,4454,218,0.6,,monthly_30d_35d_otm,weekly_2_strike0,45,1846
RIVN,2023-06-06,2023-07-05,backfill,O:RIVN230721C00015000,15.0,2023-07-21,2023-06-29,0.95,1.71,0.91,1.7,5777,265,0.95,,monthly_30d_35d_otm,weekly_2_strike0,45,1846
RIVN,2023-06-06,2023-07-05,backfill,O:RIVN230721C00015000,15.0,2023-07-21,2023-06-30,1.9,2.23,1.53,2.14,2752,197,1.9,,monthly_30d_35d_otm,weekly_2_strike0,45,1846
RIVN,2023-06-06,2023-07-05,backfill,O:RIVN230721C00015000,15.0,2023-07-21,2023-07-03,2.75,4.8,2.5,4.7,7516,140,2.75,,monthly_30d_35d_otm,weekly_2_strike0,45,1846
RIVN,2023-06-06,2023-07-05,backfill,O:RIVN230721C00015000,15.0,2023-07-21,2023-07-05,5.8,6.0,4.55,5.5,1812,86,5.8,,monthly_30d_35d_otm,weekly_2_strike0,45,1846
RIVN,2023-07-06,2023-08-02,backfill,O:RIVN230818C00022500,22.5,2023-08-18,2023-07-06,1.46,2.3,1.32,2.22,6863,224,1.46,,monthly_30d_35d_otm,weekly_2_strike0,43,6863
RIVN,2023-07-06,2023-08-02,backfill,O:RIVN230818C00022500,22.5,2023-08-18,2023-07-07,2.97,5.1,2.75,4.35,12567,262,2.97,,monthly_30d_35d_otm,weekly_2_strike0,43,6863
RIVN,2023-07-06,2023-08-02,backfill,O:RIVN230818C00022500,22.5,2023-08-18,2023-07-10,4.85,5.75,3.4,4.74,10637,138,4.85,,monthly_30d_35d_otm,weekly_2_strike0,43,6863
RIVN,2023-07-06,2023-08-02,backfill,O:RIVN230818C00022500,22.5,2023-08-18,2023-07-11,4.21,4.9,3.85,4.25,978,77,4.21,,monthly_30d_35d_otm,weekly_2_strike0,43,6863
RIVN,2023-07-06,2023-08-02,backfill,O:RIVN230818C00022500,22.5,2023-08-18,2023-07-12,4.2,5.15,3.3,4.9,1216,91,4.2,,monthly_30d_35d_otm,weekly_2_strike0,43,6863
RIVN,2023-07-06,2023-08-02,backfill,O:RIVN230818C00022500,22.5,2023-08-18,2023-07-13,4.4,5.55,4.35,4.5,2492,53,4.4,,monthly_30d_35d_otm,weekly_2_strike0,43,6863
RIVN,2023-07-06,2023-08-02,backfill,O:RIVN230818C00022500,22.5,2023-08-18,2023-07-14,4.4,4.45,3.7,3.95,5644,50,4.4,,monthly_30d_35d_otm,weekly_2_strike0,43,6863
RIVN,2023-07-06,2023-08-02,backfill,O:RIVN230818C00022500,22.5,2023-08-18,2023-07-17,3.2,3.7,2.85,3.25,8016,89,3.2,,monthly_30d_35d_otm,weekly_2_strike0,43,6863
RIVN,2023-07-06,2023-08-02,backfill,O:RIVN230818C00022500,22.5,2023-08-18,2023-07-18,3.25,4.55,3.25,3.7,1321,83,3.25,,monthly_30d_35d_otm,weekly_2_strike0,43,6863
RIVN,2023-07-06,2023-08-02,backfill,O:RIVN230818C00022500,22.5,2023-08-18,2023-07-19,4.15,4.7,3.65,3.8,504,64,4.15,,monthly_30d_35d_otm,weekly_2_strike0,43,6863
RIVN,2023-07-06,2023-08-02,backfill,O:RIVN230818C00022500,22.5,2023-08-18,2023-07-20,3.15,4.66,3.0,4.45,3108,79,3.15,,monthly_30d_35d_otm,weekly_2_strike0,43,6863
RIVN,2023-07-06,2023-08-02,backfill,O:RIVN230818C00022500,22.5,2023-08-18,2023-07-21,4.8,5.38,3.5,4.0,1553,68,4.8,,monthly_30d_35d_otm,weekly_2_strike0,43,6863
RIVN,2023-07-06,2023-08-02,backfill,O:RIVN230818C00022500,22.5,2023-08-18,2023-07-24,4.5,4.71,3.7,4.4,99,27,4.5,,monthly_30d_35d_otm,weekly_2_strike0,43,6863
RIVN,2023-07-06,2023-08-02,backfill,O:RIVN230818C00022500,22.5,2023-08-18,2023-07-25,4.1,4.85,3.85,3.86,161,26,4.1,,monthly_30d_35d_otm,weekly_2_strike0,43,6863
RIVN,2023-07-06,2023-08-02,backfill,O:RIVN230818C00022500,22.5,2023-08-18,2023-07-26,4.43,5.62,4.43,5.4,525,39,4.43,,monthly_30d_35d_otm,weekly_2_strike0,43,6863
RIVN,2023-07-06,2023-08-02,backfill,O:RIVN230818C00022500,22.5,2023-08-18,2023-07-27,6.0,6.0,4.39,4.39,429,28,6.0,,monthly_30d_35d_otm,weekly_2_strike0,43,6863
RIVN,2023-07-06,2023-08-02,backfill,O:RIVN230818C00022500,22.5,2023-08-18,2023-07-28,4.45,5.4,4.45,5.2,272,24,4.45,,monthly_30d_35d_otm,weekly_2_strike0,43,6863
RIVN,2023-07-06,2023-08-02,backfill,O:RIVN230818C00022500,22.5,2023-08-18,2023-07-31,5.0,5.65,5.0,5.65,21,10,5.0,,monthly_30d_35d_otm,weekly_2_strike0,43,6863
RIVN,2023-07-06,2023-08-02,backfill,O:RIVN230818C00022500,22.5,2023-08-18,2023-08-01,5.17,5.45,4.83,5.45,7,3,5.17,,monthly_30d_35d_otm,weekly_2_strike0,43,6863
RIVN,2023-07-06,2023-08-02,backfill,O:RIVN230818C00022500,22.5,2023-08-18,2023-08-02,4.35,4.35,3.65,4.1,261,17,4.35,,monthly_30d_35d_otm,weekly_2_strike0,43,6863
RIVN,2024-12-20,2025-01-22,backfill,O:RIVN250117C00015000,15.0,2025-01-17,2024-12-20,0.53,0.95,0.5,0.8,2807,178,0.53,,monthly_30d_25d_otm,weekly_1_strike0,28,2807
RIVN,2024-12-20,2025-01-22,backfill,O:RIVN250117C00015000,15.0,2025-01-17,2024-12-23,0.8,0.88,0.63,0.63,1792,131,0.8,,monthly_30d_25d_otm,weekly_1_strike0,28,2807
RIVN,2024-12-20,2025-01-22,backfill,O:RIVN250117C00015000,15.0,2025-01-17,2024-12-24,0.6,0.83,0.6,0.69,4007,114,0.6,,monthly_30d_25d_otm,weekly_1_strike0,28,2807
RIVN,2024-12-20,2025-01-22,backfill,O:RIVN250117C00015000,15.0,2025-01-17,2024-12-26,0.67,0.8,0.51,0.64,3198,126,0.67,,monthly_30d_25d_otm,weekly_1_strike0,28,2807
RIVN,2024-12-20,2025-01-22,backfill,O:RIVN250117C00015000,15.0,2025-01-17,2024-12-27,0.59,0.65,0.4,0.48,4752,101,0.59,,monthly_30d_25d_otm,weekly_1_strike0,28,2807
RIVN,2024-12-20,2025-01-22,backfill,O:RIVN250117C00015000,15.0,2025-01-17,2024-12-30,0.4,0.45,0.25,0.4,3653,131,0.4,,monthly_30d_25d_otm,weekly_1_strike0,28,2807
RIVN,2024-12-20,2025-01-22,backfill,O:RIVN250117C00015000,15.0,2025-01-17,2024-12-31,0.45,0.87,0.3,0.33,13305,235,0.45,,monthly_30d_25d_otm,weekly_1_strike0,28,2807
RIVN,2024-12-20,2025-01-22,backfill,O:RIVN250117C00015000,15.0,2025-01-17,2025-01-02,0.31,0.43,0.2,0.28,4333,130,0.31,,monthly_30d_25d_otm,weekly_1_strike0,28,2807
RIVN,2024-12-20,2025-01-22,backfill,O:RIVN250117C00015000,15.0,2025-01-17,2025-01-03,0.41,2.01,0.33,1.89,15771,291,0.41,,monthly_30d_25d_otm,weekly_1_strike0,28,2807
RIVN,2024-12-20,2025-01-22,backfill,O:RIVN250117C00015000,15.0,2025-01-17,2025-01-06,1.85,1.92,1.11,1.14,3313,146,1.85,,monthly_30d_25d_otm,weekly_1_strike0,28,2807
RIVN,2024-12-20,2025-01-22,backfill,O:RIVN250117C00015000,15.0,2025-01-17,2025-01-07,1.25,1.62,0.63,0.69,3003,143,1.25,,monthly_30d_25d_otm,weekly_1_strike0,28,2807
RIVN,2024-12-20,2025-01-22,backfill,O:RIVN250117C00015000,15.0,2025-01-17,2025-01-08,0.5,0.71,0.31,0.32,12795,190,0.5,,monthly_30d_25d_otm,weekly_1_strike0,28,2807
RIVN,2024-12-20,2025-01-22,backfill,O:RIVN250117C00015000,15.0,2025-01-17,2025-01-10,0.29,0.31,0.16,0.18,5389,212,0.29,,monthly_30d_25d_otm,weekly_1_strike0,28,2807
RIVN,2024-12-20,2025-01-22,backfill,O:RIVN250117C00015000,15.0,2025-01-17,2025-01-13,0.12,0.12,0.05,0.08,10593,195,0.12,,monthly_30d_25d_otm,weekly_1_strike0,28,2807
RIVN,2024-12-20,2025-01-22,backfill,O:RIVN250117C00015000,15.0,2025-01-17,2025-01-14,0.11,0.18,0.04,0.05,10706,164,0.11,,monthly_30d_25d_otm,weekly_1_strike0,28,2807
RIVN,2024-12-20,2025-01-22,backfill,O:RIVN250117C00015000,15.0,2025-01-17,2025-01-15,0.11,0.15,0.06,0.09,14485,203,0.11,,monthly_30d_25d_otm,weekly_1_strike0,28,2807
RIVN,2024-12-20,2025-01-22,backfill,O:RIVN250117C00015000,15.0,2025-01-17,2025-01-16,0.1,0.17,0.06,0.11,32552,309,0.1,,monthly_30d_25d_otm,weekly_1_strike0,28,2807
RIVN,2024-12-20,2025-01-22,backfill,O:RIVN250117C00015000,15.0,2025-01-17,2025-01-17,0.45,0.45,0.01,0.01,56434,319,0.45,,monthly_30d_25d_otm,weekly_1_strike0,28,2807
RIVN,2025-04-14,2025-05-12,backfill,O:RIVN250516C00013000,13.0,2025-05-16,2025-04-14,0.69,0.79,0.52,0.77,2740,87,0.69,,monthly_30d_30d_otm,weekly_2_strike0,32,2740
RIVN,2025-04-14,2025-05-12,backfill,O:RIVN250516C00013000,13.0,2025-05-16,2025-04-15,0.77,0.77,0.6,0.67,378,33,0.77,,monthly_30d_30d_otm,weekly_2_strike0,32,2740
RIVN,2025-04-14,2025-05-12,backfill,O:RIVN250516C00013000,13.0,2025-05-16,2025-04-16,0.66,0.77,0.46,0.55,257,43,0.66,,monthly_30d_30d_otm,weekly_2_strike0,32,2740
RIVN,2025-04-14,2025-05-12,backfill,O:RIVN250516C00013000,13.0,2025-05-16,2025-04-17,0.56,0.56,0.47,0.5,481,37,0.56,,monthly_30d_30d_otm,weekly_2_strike0,32,2740
RIVN,2025-04-14,2025-05-12,backfill,O:RIVN250516C00013000,13.0,2025-05-16,2025-04-21,0.46,0.47,0.3,0.35,466,60,0.46,,monthly_30d_30d_otm,weekly_2_strike0,32,2740
RIVN,2025-04-14,2025-05-12,backfill,O:RIVN250516C00013000,13.0,2025-05-16,2025-04-22,0.31,0.5,0.31,0.42,989,54,0.31,,monthly_30d_30d_otm,weekly_2_strike0,32,2740
RIVN,2025-04-14,2025-05-12,backfill,O:RIVN250516C00013000,13.0,2025-05-16,2025-04-23,0.5,0.66,0.5,0.52,700,61,0.5,,monthly_30d_30d_otm,weekly_2_strike0,32,2740
RIVN,2025-04-14,2025-05-12,backfill,O:RIVN250516C00013000,13.0,2025-05-16,2025-04-24,0.6,0.68,0.56,0.61,242,46,0.6,,monthly_30d_30d_otm,weekly_2_strike0,32,2740
RIVN,2025-04-14,2025-05-12,backfill,O:RIVN250516C00013000,13.0,2025-05-16,2025-04-25,0.52,0.84,0.52,0.84,803,77,0.52,,monthly_30d_30d_otm,weekly_2_strike0,32,2740
RIVN,2025-04-14,2025-05-12,backfill,O:RIVN250516C00013000,13.0,2025-05-16,2025-04-28,0.9,1.19,0.89,1.12,792,67,0.9,,monthly_30d_30d_otm,weekly_2_strike0,32,2740
RIVN,2025-04-14,2025-05-12,backfill,O:RIVN250516C00013000,13.0,2025-05-16,2025-04-29,1.13,1.2,0.9,1.18,451,53,1.13,,monthly_30d_30d_otm,weekly_2_strike0,32,2740
RIVN,2025-04-14,2025-05-12,backfill,O:RIVN250516C00013000,13.0,2025-05-16,2025-04-30,0.95,1.46,0.84,1.4,486,51,0.95,,monthly_30d_30d_otm,weekly_2_strike0,32,2740
RIVN,2025-04-14,2025-05-12,backfill,O:RIVN250516C00013000,13.0,2025-05-16,2025-05-01,1.41,1.67,1.3,1.42,940,69,1.41,,monthly_30d_30d_otm,weekly_2_strike0,32,2740
RIVN,2025-04-14,2025-05-12,backfill,O:RIVN250516C00013000,13.0,2025-05-16,2025-05-02,1.36,1.54,1.26,1.4,170,45,1.36,,monthly_30d_30d_otm,weekly_2_strike0,32,2740
RIVN,2025-04-14,2025-05-12,backfill,O:RIVN250516C00013000,13.0,2025-05-16,2025-05-05,1.17,1.26,0.95,1.21,869,42,1.17,,monthly_30d_30d_otm,weekly_2_strike0,32,2740
RIVN,2025-04-14,2025-05-12,backfill,O:RIVN250516C00013000,13.0,2025-05-16,2025-05-06,1.1,1.28,0.97,1.09,1310,70,1.1,,monthly_30d_30d_otm,weekly_2_strike0,32,2740
RIVN,2025-04-14,2025-05-12,backfill,O:RIVN250516C00013000,13.0,2025-05-16,2025-05-07,0.86,1.1,0.33,0.4,3596,153,0.86,,monthly_30d_30d_otm,weekly_2_strike0,32,2740
RIVN,2025-04-14,2025-05-12,backfill,O:RIVN250516C00013000,13.0,2025-05-16,2025-05-08,0.46,1.15,0.44,0.91,1769,148,0.46,,monthly_30d_30d_otm,weekly_2_strike0,32,2740
RIVN,2025-04-14,2025-05-12,backfill,O:RIVN250516C00013000,13.0,2025-05-16,2025-05-09,0.92,1.78,0.89,1.35,1076,114,0.92,,monthly_30d_30d_otm,weekly_2_strike0,32,2740
RIVN,2025-04-14,2025-05-12,backfill,O:RIVN250516C00013000,13.0,2025-05-16,2025-05-12,1.69,2.0,1.57,1.66,521,88,1.69,,monthly_30d_30d_otm,weekly_2_strike0,32,2740
RKLB,2022-08-10,2022-09-07,backfill,O:RKLB220916C00006000,6.0,2022-09-16,2022-08-10,0.4,0.58,0.4,0.5,87,17,0.4,,monthly_30d_35d_otm,weekly_2_strike0,37,87
RKLB,2022-08-10,2022-09-07,backfill,O:RKLB220916C00006000,6.0,2022-09-16,2022-08-11,0.7,0.74,0.55,0.59,152,22,0.7,,monthly_30d_35d_otm,weekly_2_strike0,37,87
RKLB,2022-08-10,2022-09-07,backfill,O:RKLB220916C00006000,6.0,2022-09-16,2022-08-12,0.85,1.4,0.41,1.35,295,43,0.85,,monthly_30d_35d_otm,weekly_2_strike0,37,87
RKLB,2022-08-10,2022-09-07,backfill,O:RKLB220916C00006000,6.0,2022-09-16,2022-08-15,1.24,1.27,0.93,1.03,34,15,1.24,,monthly_30d_35d_otm,weekly_2_strike0,37,87
RKLB,2022-08-10,2022-09-07,backfill,O:RKLB220916C00006000,6.0,2022-09-16,2022-08-16,0.85,1.03,0.83,1.0,61,8,0.85,,monthly_30d_35d_otm,weekly_2_strike0,37,87
RKLB,2022-08-10,2022-09-07,backfill,O:RKLB220916C00006000,6.0,2022-09-16,2022-08-17,0.7,0.7,0.57,0.6,58,15,0.7,,monthly_30d_35d_otm,weekly_2_strike0,37,87
RKLB,2022-08-10,2022-09-07,backfill,O:RKLB220916C00006000,6.0,2022-09-16,2022-08-18,0.65,0.65,0.43,0.6,164,25,0.65,,monthly_30d_35d_otm,weekly_2_strike0,37,87
RKLB,2022-08-10,2022-09-07,backfill,O:RKLB220916C00006000,6.0,2022-09-16,2022-08-19,0.43,0.5,0.35,0.38,182,31,0.43,,monthly_30d_35d_otm,weekly_2_strike0,37,87
RKLB,2022-08-10,2022-09-07,backfill,O:RKLB220916C00006000,6.0,2022-09-16,2022-08-22,0.25,0.4,0.25,0.3,213,32,0.25,,monthly_30d_35d_otm,weekly_2_strike0,37,87
RKLB,2022-08-10,2022-09-07,backfill,O:RKLB220916C00006000,6.0,2022-09-16,2022-08-23,0.25,0.29,0.21,0.25,178,27,0.25,,monthly_30d_35d_otm,weekly_2_strike0,37,87
RKLB,2022-08-10,2022-09-07,backfill,O:RKLB220916C00006000,6.0,2022-09-16,2022-08-24,0.2,0.2,0.15,0.19,149,13,0.2,,monthly_30d_35d_otm,weekly_2_strike0,37,87
RKLB,2022-08-10,2022-09-07,backfill,O:RKLB220916C00006000,6.0,2022-09-16,2022-08-25,0.15,0.27,0.15,0.24,151,19,0.15,,monthly_30d_35d_otm,weekly_2_strike0,37,87
RKLB,2022-08-10,2022-09-07,backfill,O:RKLB220916C00006000,6.0,2022-09-16,2022-08-26,0.18,0.18,0.14,0.14,87,10,0.18,,monthly_30d_35d_otm,weekly_2_strike0,37,87
RKLB,2022-08-10,2022-09-07,backfill,O:RKLB220916C00006000,6.0,2022-09-16,2022-08-29,0.16,0.16,0.1,0.1,241,11,0.16,,monthly_30d_35d_otm,weekly_2_strike0,37,87
RKLB,2022-08-10,2022-09-07,backfill,O:RKLB220916C00006000,6.0,2022-09-16,2022-08-30,0.15,0.15,0.1,0.1,53,7,0.15,,monthly_30d_35d_otm,weekly_2_strike0,37,87
RKLB,2022-08-10,2022-09-07,backfill,O:RKLB220916C00006000,6.0,2022-09-16,2022-08-31,0.2,0.4,0.17,0.25,2391,96,0.2,,monthly_30d_35d_otm,weekly_2_strike0,37,87
RKLB,2022-08-10,2022-09-07,backfill,O:RKLB220916C00006000,6.0,2022-09-16,2022-09-01,0.21,0.21,0.1,0.15,193,18,0.21,,monthly_30d_35d_otm,weekly_2_strike0,37,87
RKLB,2022-08-10,2022-09-07,backfill,O:RKLB220916C00006000,6.0,2022-09-16,2022-09-02,0.15,0.2,0.1,0.13,233,29,0.15,,monthly_30d_35d_otm,weekly_2_strike0,37,87
RKLB,2022-08-10,2022-09-07,backfill,O:RKLB220916C00006000,6.0,2022-09-16,2022-09-06,0.05,0.15,0.05,0.09,218,23,0.05,,monthly_30d_35d_otm,weekly_2_strike0,37,87
RKLB,2022-08-10,2022-09-07,backfill,O:RKLB220916C00006000,6.0,2022-09-16,2022-09-07,0.1,0.2,0.1,0.17,1580,42,0.1,,monthly_30d_35d_otm,weekly_2_strike0,37,87
RKLB,2026-01-30,2026-02-27,backfill,O:RKLB260320C00100000,100.0,2026-03-20,2026-01-30,7.5,8.85,4.7,5.28,1677,132,7.5,,monthly_30d_30d_otm,weekly_1_strike0,49,1677
RKLB,2026-01-30,2026-02-27,backfill,O:RKLB260320C00100000,100.0,2026-03-20,2026-02-02,5.0,5.3,3.35,3.4,1314,151,5.0,,monthly_30d_30d_otm,weekly_1_strike0,49,1677
RKLB,2026-01-30,2026-02-27,backfill,O:RKLB260320C00100000,100.0,2026-03-20,2026-02-03,4.95,5.5,3.95,5.5,926,110,4.95,,monthly_30d_30d_otm,weekly_1_strike0,49,1677
RKLB,2026-01-30,2026-02-27,backfill,O:RKLB260320C00100000,100.0,2026-03-20,2026-02-04,5.5,5.5,2.42,3.3,1112,148,5.5,,monthly_30d_30d_otm,weekly_1_strike0,49,1677
RKLB,2026-01-30,2026-02-27,backfill,O:RKLB260320C00100000,100.0,2026-03-20,2026-02-05,2.6,3.2,1.64,1.85,547,76,2.6,,monthly_30d_30d_otm,weekly_1_strike0,49,1677
RKLB,2026-01-30,2026-02-27,backfill,O:RKLB260320C00100000,100.0,2026-03-20,2026-02-06,2.25,2.7,1.85,2.7,1336,99,2.25,,monthly_30d_30d_otm,weekly_1_strike0,49,1677
RKLB,2026-01-30,2026-02-27,backfill,O:RKLB260320C00100000,100.0,2026-03-20,2026-02-09,2.52,3.5,2.29,3.27,443,94,2.52,,monthly_30d_30d_otm,weekly_1_strike0,49,1677
RKLB,2026-01-30,2026-02-27,backfill,O:RKLB260320C00100000,100.0,2026-03-20,2026-02-10,2.85,3.1,2.26,2.26,215,57,2.85,,monthly_30d_30d_otm,weekly_1_strike0,49,1677
RKLB,2026-01-30,2026-02-27,backfill,O:RKLB260320C00100000,100.0,2026-03-20,2026-02-11,2.25,2.25,1.44,1.77,622,86,2.25,,monthly_30d_30d_otm,weekly_1_strike0,49,1677
RKLB,2026-01-30,2026-02-27,backfill,O:RKLB260320C00100000,100.0,2026-03-20,2026-02-12,1.77,1.77,1.12,1.3,739,73,1.77,,monthly_30d_30d_otm,weekly_1_strike0,49,1677
RKLB,2026-01-30,2026-02-27,backfill,O:RKLB260320C00100000,100.0,2026-03-20,2026-02-13,1.41,1.65,1.13,1.18,492,65,1.41,,monthly_30d_30d_otm,weekly_1_strike0,49,1677
RKLB,2026-01-30,2026-02-27,backfill,O:RKLB260320C00100000,100.0,2026-03-20,2026-02-17,1.08,1.5,0.94,1.3,785,82,1.08,,monthly_30d_30d_otm,weekly_1_strike0,49,1677
RKLB,2026-01-30,2026-02-27,backfill,O:RKLB260320C00100000,100.0,2026-03-20,2026-02-18,1.42,2.25,1.42,1.93,587,122,1.42,,monthly_30d_30d_otm,weekly_1_strike0,49,1677
RKLB,2026-01-30,2026-02-27,backfill,O:RKLB260320C00100000,100.0,2026-03-20,2026-02-19,1.69,2.4,1.69,2.23,603,87,1.69,,monthly_30d_30d_otm,weekly_1_strike0,49,1677
RKLB,2026-01-30,2026-02-27,backfill,O:RKLB260320C00100000,100.0,2026-03-20,2026-02-20,2.0,2.4,1.0,1.1,858,111,2.0,,monthly_30d_30d_otm,weekly_1_strike0,49,1677
RKLB,2026-01-30,2026-02-27,backfill,O:RKLB260320C00100000,100.0,2026-03-20,2026-02-23,0.87,1.13,0.85,0.97,290,52,0.87,,monthly_30d_30d_otm,weekly_1_strike0,49,1677
RKLB,2026-01-30,2026-02-27,backfill,O:RKLB260320C00100000,100.0,2026-03-20,2026-02-24,1.22,1.22,0.64,0.82,286,63,1.22,,monthly_30d_30d_otm,weekly_1_strike0,49,1677
RKLB,2026-01-30,2026-02-27,backfill,O:RKLB260320C00100000,100.0,2026-03-20,2026-02-25,0.81,0.98,0.6,0.87,177,57,0.81,,monthly_30d_30d_otm,weekly_1_strike0,49,1677
RKLB,2026-01-30,2026-02-27,backfill,O:RKLB260320C00100000,100.0,2026-03-20,2026-02-26,0.94,1.05,0.7,0.95,464,73,0.94,,monthly_30d_30d_otm,weekly_1_strike0,49,1677
RKLB,2026-01-30,2026-02-27,backfill,O:RKLB260320C00100000,100.0,2026-03-20,2026-02-27,0.48,0.48,0.14,0.35,868,87,0.48,,monthly_30d_30d_otm,weekly_1_strike0,49,1677
ROKU,2023-11-24,2023-12-21,backfill,O:ROKU231215C00095000,95.0,2023-12-15,2023-11-24,4.2,4.8,3.75,4.0,255,40,4.2,,monthly_30d_atm,weekly_1_strike0,21,255
ROKU,2023-11-24,2023-12-21,backfill,O:ROKU231215C00095000,95.0,2023-12-15,2023-11-27,4.95,10.08,4.95,9.75,967,84,4.95,,monthly_30d_atm,weekly_1_strike0,21,255
ROKU,2023-11-24,2023-12-21,backfill,O:ROKU231215C00095000,95.0,2023-12-15,2023-11-28,11.77,13.05,10.6,13.03,88,33,11.77,,monthly_30d_atm,weekly_1_strike0,21,255
ROKU,2023-11-24,2023-12-21,backfill,O:ROKU231215C00095000,95.0,2023-12-15,2023-11-29,13.69,14.1,12.7,12.7,27,13,13.69,,monthly_30d_atm,weekly_1_strike0,21,255
ROKU,2023-11-24,2023-12-21,backfill,O:ROKU231215C00095000,95.0,2023-12-15,2023-11-30,11.9,11.9,9.0,9.8,66,16,11.9,,monthly_30d_atm,weekly_1_strike0,21,255
ROKU,2023-11-24,2023-12-21,backfill,O:ROKU231215C00095000,95.0,2023-12-15,2023-12-01,10.15,11.32,9.55,9.8,18,14,10.15,,monthly_30d_atm,weekly_1_strike0,21,255
ROKU,2023-11-24,2023-12-21,backfill,O:ROKU231215C00095000,95.0,2023-12-15,2023-12-04,10.05,11.8,9.78,10.45,41,14,10.05,,monthly_30d_atm,weekly_1_strike0,21,255
ROKU,2023-11-24,2023-12-21,backfill,O:ROKU231215C00095000,95.0,2023-12-15,2023-12-05,9.62,10.24,8.98,8.98,10,5,9.62,,monthly_30d_atm,weekly_1_strike0,21,255
ROKU,2023-11-24,2023-12-21,backfill,O:ROKU231215C00095000,95.0,2023-12-15,2023-12-06,10.0,10.4,8.65,8.65,24,6,10.0,,monthly_30d_atm,weekly_1_strike0,21,255
ROKU,2023-11-24,2023-12-21,backfill,O:ROKU231215C00095000,95.0,2023-12-15,2023-12-07,8.53,8.73,7.5,7.6,9,6,8.53,,monthly_30d_atm,weekly_1_strike0,21,255
ROKU,2023-11-24,2023-12-21,backfill,O:ROKU231215C00095000,95.0,2023-12-15,2023-12-08,7.04,9.15,7.04,8.94,118,13,7.04,,monthly_30d_atm,weekly_1_strike0,21,255
ROKU,2023-11-24,2023-12-21,backfill,O:ROKU231215C00095000,95.0,2023-12-15,2023-12-11,8.75,8.8,7.09,8.4,17,16,8.75,,monthly_30d_atm,weekly_1_strike0,21,255
ROKU,2023-11-24,2023-12-21,backfill,O:ROKU231215C00095000,95.0,2023-12-15,2023-12-12,6.64,7.33,5.55,6.25,32,17,6.64,,monthly_30d_atm,weekly_1_strike0,21,255
ROKU,2023-11-24,2023-12-21,backfill,O:ROKU231215C00095000,95.0,2023-12-15,2023-12-13,5.14,7.45,2.48,5.85,93,38,5.14,,monthly_30d_atm,weekly_1_strike0,21,255
ROKU,2023-11-24,2023-12-21,backfill,O:ROKU231215C00095000,95.0,2023-12-15,2023-12-14,9.22,13.3,6.15,8.6,206,32,9.22,,monthly_30d_atm,weekly_1_strike0,21,255
ROKU,2023-11-24,2023-12-21,backfill,O:ROKU231215C00095000,95.0,2023-12-15,2023-12-15,6.65,6.65,0.73,0.95,601,87,6.65,,monthly_30d_atm,weekly_1_strike0,21,255
ROKU,2025-07-28,2025-08-01,backfill,O:ROKU250919C00095000,95.0,2025-09-19,2025-07-28,6.87,7.92,6.8,7.62,69,26,6.87,,monthly_45d_35d_otm,weekly_2_strike0,53,69
ROKU,2025-07-28,2025-08-01,backfill,O:ROKU250919C00095000,95.0,2025-09-19,2025-07-29,7.55,7.55,5.28,5.8,43,15,7.55,,monthly_45d_35d_otm,weekly_2_strike0,53,69
ROKU,2025-07-28,2025-08-01,backfill,O:ROKU250919C00095000,95.0,2025-09-19,2025-07-30,6.25,6.95,6.0,6.85,200,53,6.25,,monthly_45d_35d_otm,weekly_2_strike0,53,69
ROKU,2025-07-28,2025-08-01,backfill,O:ROKU250919C00095000,95.0,2025-09-19,2025-07-31,7.0,8.5,6.7,8.47,639,102,7.0,,monthly_45d_35d_otm,weekly_2_strike0,53,69
ROKU,2025-07-28,2025-08-01,backfill,O:ROKU250919C00095000,95.0,2025-09-19,2025-08-01,1.02,2.67,0.92,1.2,1565,100,1.02,,monthly_45d_35d_otm,weekly_2_strike0,53,69
RTX,2020-11-16,2020-12-14,backfill,O:RTX201218C00075000,75.0,2020-12-18,2020-11-16,0.55,0.75,0.52,0.7,281,51,0.55,,monthly_30d_30d_otm,weekly_2_strike0,32,281
RTX,2020-11-16,2020-12-14,backfill,O:RTX201218C00075000,75.0,2020-12-18,2020-11-17,0.59,0.95,0.55,0.84,453,28,0.59,,monthly_30d_30d_otm,weekly_2_strike0,32,281
RTX,2020-11-16,2020-12-14,backfill,O:RTX201218C00075000,75.0,2020-12-18,2020-11-18,0.93,1.3,0.85,0.85,2364,84,0.93,,monthly_30d_30d_otm,weekly_2_strike0,32,281
RTX,2020-11-16,2020-12-14,backfill,O:RTX201218C00075000,75.0,2020-12-18,2020-11-19,0.72,1.23,0.67,1.21,380,60,0.72,,monthly_30d_30d_otm,weekly_2_strike0,32,281
RTX,2020-11-16,2020-12-14,backfill,O:RTX201218C00075000,75.0,2020-12-18,2020-11-20,1.18,1.18,0.78,0.8,187,44,1.18,,monthly_30d_30d_otm,weekly_2_strike0,32,281
RTX,2020-11-16,2020-12-14,backfill,O:RTX201218C00075000,75.0,2020-12-18,2020-11-23,0.96,1.47,0.96,1.35,740,69,0.96,,monthly_30d_30d_otm,weekly_2_strike0,32,281
RTX,2020-11-16,2020-12-14,backfill,O:RTX201218C00075000,75.0,2020-12-18,2020-11-24,1.79,2.65,1.79,2.1,435,53,1.79,,monthly_30d_30d_otm,weekly_2_strike0,32,281
RTX,2020-11-16,2020-12-14,backfill,O:RTX201218C00075000,75.0,2020-12-18,2020-11-25,1.7,2.01,1.55,1.95,126,37,1.7,,monthly_30d_30d_otm,weekly_2_strike0,32,281
RTX,2020-11-16,2020-12-14,backfill,O:RTX201218C00075000,75.0,2020-12-18,2020-11-27,1.96,2.08,1.59,1.72,28,13,1.96,,monthly_30d_30d_otm,weekly_2_strike0,32,281
RTX,2020-11-16,2020-12-14,backfill,O:RTX201218C00075000,75.0,2020-12-18,2020-11-30,1.39,1.52,0.81,0.9,207,36,1.39,,monthly_30d_30d_otm,weekly_2_strike0,32,281
RTX,2020-11-16,2020-12-14,backfill,O:RTX201218C00075000,75.0,2020-12-18,2020-12-01,1.18,1.21,0.85,0.85,224,34,1.18,,monthly_30d_30d_otm,weekly_2_strike0,32,281
RTX,2020-11-16,2020-12-14,backfill,O:RTX201218C00075000,75.0,2020-12-18,2020-12-02,0.75,1.0,0.65,0.9,126,27,0.75,,monthly_30d_30d_otm,weekly_2_strike0,32,281
RTX,2020-11-16,2020-12-14,backfill,O:RTX201218C00075000,75.0,2020-12-18,2020-12-03,0.95,1.74,0.95,1.24,526,95,0.95,,monthly_30d_30d_otm,weekly_2_strike0,32,281
RTX,2020-11-16,2020-12-14,backfill,O:RTX201218C00075000,75.0,2020-12-18,2020-12-04,1.41,1.78,1.34,1.35,182,51,1.41,,monthly_30d_30d_otm,weekly_2_strike0,32,281
RTX,2020-11-16,2020-12-14,backfill,O:RTX201218C00075000,75.0,2020-12-18,2020-12-07,1.12,1.2,0.86,0.99,214,47,1.12,,monthly_30d_30d_otm,weekly_2_strike0,32,281
RTX,2020-11-16,2020-12-14,backfill,O:RTX201218C00075000,75.0,2020-12-18,2020-12-08,0.95,1.36,0.9,1.36,240,40,0.95,,monthly_30d_30d_otm,weekly_2_strike0,32,281
RTX,2020-11-16,2020-12-14,backfill,O:RTX201218C00075000,75.0,2020-12-18,2020-12-09,1.36,1.44,0.88,1.08,198,51,1.36,,monthly_30d_30d_otm,weekly_2_strike0,32,281
RTX,2020-11-16,2020-12-14,backfill,O:RTX201218C00075000,75.0,2020-12-18,2020-12-10,0.86,0.95,0.59,0.72,188,29,0.86,,monthly_30d_30d_otm,weekly_2_strike0,32,281
RTX,2020-11-16,2020-12-14,backfill,O:RTX201218C00075000,75.0,2020-12-18,2020-12-11,0.59,0.76,0.49,0.56,176,60,0.59,,monthly_30d_30d_otm,weekly_2_strike0,32,281
RTX,2020-11-16,2020-12-14,backfill,O:RTX201218C00075000,75.0,2020-12-18,2020-12-14,0.68,0.74,0.1,0.13,469,65,0.68,,monthly_30d_30d_otm,weekly_2_strike0,32,281
RTX,2022-02-07,2022-03-07,backfill,O:RTX220318C00095000,95.0,2022-03-18,2022-02-07,1.94,2.5,1.68,2.12,377,80,1.94,,monthly_30d_40d_otm,weekly_2_strike0,39,377
RTX,2022-02-07,2022-03-07,backfill,O:RTX220318C00095000,95.0,2022-03-18,2022-02-08,2.04,2.59,1.73,2.55,174,58,2.04,,monthly_30d_40d_otm,weekly_2_strike0,39,377
RTX,2022-02-07,2022-03-07,backfill,O:RTX220318C00095000,95.0,2022-03-18,2022-02-09,3.14,3.14,2.65,2.94,279,67,3.14,,monthly_30d_40d_otm,weekly_2_strike0,39,377
RTX,2022-02-07,2022-03-07,backfill,O:RTX220318C00095000,95.0,2022-03-18,2022-02-10,2.72,3.45,2.36,2.36,230,46,2.72,,monthly_30d_40d_otm,weekly_2_strike0,39,377
RTX,2022-02-07,2022-03-07,backfill,O:RTX220318C00095000,95.0,2022-03-18,2022-02-11,2.58,3.45,2.4,3.2,393,61,2.58,,monthly_30d_40d_otm,weekly_2_strike0,39,377
RTX,2022-02-07,2022-03-07,backfill,O:RTX220318C00095000,95.0,2022-03-18,2022-02-14,3.15,3.2,1.95,2.22,469,54,3.15,,monthly_30d_40d_otm,weekly_2_strike0,39,377
RTX,2022-02-07,2022-03-07,backfill,O:RTX220318C00095000,95.0,2022-03-18,2022-02-15,2.25,2.46,1.81,1.86,347,32,2.25,,monthly_30d_40d_otm,weekly_2_strike0,39,377
RTX,2022-02-07,2022-03-07,backfill,O:RTX220318C00095000,95.0,2022-03-18,2022-02-16,1.75,2.48,1.75,2.25,111,42,1.75,,monthly_30d_40d_otm,weekly_2_strike0,39,377
RTX,2022-02-07,2022-03-07,backfill,O:RTX220318C00095000,95.0,2022-03-18,2022-02-17,2.3,2.4,1.8,2.22,165,37,2.3,,monthly_30d_40d_otm,weekly_2_strike0,39,377
RTX,2022-02-07,2022-03-07,backfill,O:RTX220318C00095000,95.0,2022-03-18,2022-02-18,2.2,2.34,1.57,1.65,263,57,2.2,,monthly_30d_40d_otm,weekly_2_strike0,39,377
RTX,2022-02-07,2022-03-07,backfill,O:RTX220318C00095000,95.0,2022-03-18,2022-02-22,1.71,2.13,1.39,1.51,154,56,1.71,,monthly_30d_40d_otm,weekly_2_strike0,39,377
RTX,2022-02-07,2022-03-07,backfill,O:RTX220318C00095000,95.0,2022-03-18,2022-02-23,1.8,1.85,1.2,1.22,238,47,1.8,,monthly_30d_40d_otm,weekly_2_strike0,39,377
RTX,2022-02-07,2022-03-07,backfill,O:RTX220318C00095000,95.0,2022-03-18,2022-02-24,1.82,2.23,0.78,2.13,264,59,1.82,,monthly_30d_40d_otm,weekly_2_strike0,39,377
RTX,2022-02-07,2022-03-07,backfill,O:RTX220318C00095000,95.0,2022-03-18,2022-02-25,2.22,4.55,2.22,4.4,638,91,2.22,,monthly_30d_40d_otm,weekly_2_strike0,39,377
RTX,2022-02-07,2022-03-07,backfill,O:RTX220318C00095000,95.0,2022-03-18,2022-02-28,4.75,8.6,4.75,8.6,203,52,4.75,,monthly_30d_40d_otm,weekly_2_strike0,39,377
RTX,2022-02-07,2022-03-07,backfill,O:RTX220318C00095000,95.0,2022-03-18,2022-03-01,8.55,9.72,8.55,8.76,45,14,8.55,,monthly_30d_40d_otm,weekly_2_strike0,39,377
RTX,2022-02-07,2022-03-07,backfill,O:RTX220318C00095000,95.0,2022-03-18,2022-03-02,7.91,8.0,6.27,6.93,42,16,7.91,,monthly_30d_40d_otm,weekly_2_strike0,39,377
RTX,2022-02-07,2022-03-07,backfill,O:RTX220318C00095000,95.0,2022-03-18,2022-03-03,6.51,6.51,5.6,5.9,48,6,6.51,,monthly_30d_40d_otm,weekly_2_strike0,39,377
RTX,2022-02-07,2022-03-07,backfill,O:RTX220318C00095000,95.0,2022-03-18,2022-03-04,5.62,5.7,4.93,4.93,66,19,5.62,,monthly_30d_40d_otm,weekly_2_strike0,39,377
RTX,2022-02-07,2022-03-07,backfill,O:RTX220318C00095000,95.0,2022-03-18,2022-03-07,7.1,8.25,5.07,5.07,27,14,7.1,,monthly_30d_40d_otm,weekly_2_strike0,39,377
RTX,2023-11-30,2023-12-28,backfill,O:RTX240119C00085000,85.0,2024-01-19,2023-11-30,0.89,1.09,0.82,0.92,208,59,0.89,,monthly_45d_20d_otm,weekly_2_strike0,50,208
RTX,2023-11-30,2023-12-28,backfill,O:RTX240119C00085000,85.0,2024-01-19,2023-12-01,0.92,1.14,0.9,1.09,538,62,0.92,,monthly_45d_20d_otm,weekly_2_strike0,50,208
RTX,2023-11-30,2023-12-28,backfill,O:RTX240119C00085000,85.0,2024-01-19,2023-12-04,1.09,1.47,0.99,1.46,831,103,1.09,,monthly_45d_20d_otm,weekly_2_strike0,50,208
RTX,2023-11-30,2023-12-28,backfill,O:RTX240119C00085000,85.0,2024-01-19,2023-12-05,1.41,1.56,1.28,1.32,258,58,1.41,,monthly_45d_20d_otm,weekly_2_strike0,50,208
RTX,2023-11-30,2023-12-28,backfill,O:RTX240119C00085000,85.0,2024-01-19,2023-12-06,1.4,1.55,1.16,1.25,265,57,1.4,,monthly_45d_20d_otm,weekly_2_strike0,50,208
RTX,2023-11-30,2023-12-28,backfill,O:RTX240119C00085000,85.0,2024-01-19,2023-12-07,1.22,1.23,0.84,0.85,530,58,1.22,,monthly_45d_20d_otm,weekly_2_strike0,50,208
RTX,2023-11-30,2023-12-28,backfill,O:RTX240119C00085000,85.0,2024-01-19,2023-12-08,0.91,1.0,0.71,0.8,466,51,0.91,,monthly_45d_20d_otm,weekly_2_strike0,50,208
RTX,2023-11-30,2023-12-28,backfill,O:RTX240119C00085000,85.0,2024-01-19,2023-12-11,0.75,0.98,0.73,0.9,1307,45,0.75,,monthly_45d_20d_otm,weekly_2_strike0,50,208
RTX,2023-11-30,2023-12-28,backfill,O:RTX240119C00085000,85.0,2024-01-19,2023-12-12,0.7,0.72,0.61,0.61,408,59,0.7,,monthly_45d_20d_otm,weekly_2_strike0,50,208
RTX,2023-11-30,2023-12-28,backfill,O:RTX240119C00085000,85.0,2024-01-19,2023-12-13,0.6,1.3,0.5,1.26,1976,103,0.6,,monthly_45d_20d_otm,weekly_2_strike0,50,208
RTX,2023-11-30,2023-12-28,backfill,O:RTX240119C00085000,85.0,2024-01-19,2023-12-14,1.77,1.77,0.7,0.84,1490,98,1.77,,monthly_45d_20d_otm,weekly_2_strike0,50,208
RTX,2023-11-30,2023-12-28,backfill,O:RTX240119C00085000,85.0,2024-01-19,2023-12-15,0.63,0.81,0.43,0.5,2952,115,0.63,,monthly_45d_20d_otm,weekly_2_strike0,50,208
RTX,2023-11-30,2023-12-28,backfill,O:RTX240119C00085000,85.0,2024-01-19,2023-12-18,0.54,0.73,0.52,0.54,1002,70,0.54,,monthly_45d_20d_otm,weekly_2_strike0,50,208
RTX,2023-11-30,2023-12-28,backfill,O:RTX240119C00085000,85.0,2024-01-19,2023-12-19,0.52,1.01,0.52,1.01,1282,86,0.52,,monthly_45d_20d_otm,weekly_2_strike0,50,208
RTX,2023-11-30,2023-12-28,backfill,O:RTX240119C00085000,85.0,2024-01-19,2023-12-20,0.76,1.11,0.76,0.8,381,67,0.76,,monthly_45d_20d_otm,weekly_2_strike0,50,208
RTX,2023-11-30,2023-12-28,backfill,O:RTX240119C00085000,85.0,2024-01-19,2023-12-21,0.99,1.21,0.7,0.84,1311,87,0.99,,monthly_45d_20d_otm,weekly_2_strike0,50,208
RTX,2023-11-30,2023-12-28,backfill,O:RTX240119C00085000,85.0,2024-01-19,2023-12-22,1.0,1.45,1.0,1.19,2235,99,1.0,,monthly_45d_20d_otm,weekly_2_strike0,50,208
RTX,2023-11-30,2023-12-28,backfill,O:RTX240119C00085000,85.0,2024-01-19,2023-12-26,1.1,1.51,1.09,1.4,1158,107,1.1,,monthly_45d_20d_otm,weekly_2_strike0,50,208
RTX,2023-11-30,2023-12-28,backfill,O:RTX240119C00085000,85.0,2024-01-19,2023-12-27,1.31,1.52,1.18,1.24,1696,72,1.31,,monthly_45d_20d_otm,weekly_2_strike0,50,208
RTX,2023-11-30,2023-12-28,backfill,O:RTX240119C00085000,85.0,2024-01-19,2023-12-28,1.34,1.5,1.23,1.23,475,46,1.34,,monthly_45d_20d_otm,weekly_2_strike0,50,208
RTX,2024-02-05,2024-03-04,backfill,O:RTX240315C00095000,95.0,2024-03-15,2024-02-05,0.72,1.09,0.58,0.97,477,51,0.72,,monthly_30d_30d_otm,weekly_2_strike0,39,477
RTX,2024-02-05,2024-03-04,backfill,O:RTX240315C00095000,95.0,2024-03-15,2024-02-06,0.9,1.02,0.64,0.92,331,43,0.9,,monthly_30d_30d_otm,weekly_2_strike0,39,477
RTX,2024-02-05,2024-03-04,backfill,O:RTX240315C00095000,95.0,2024-03-15,2024-02-07,0.93,0.97,0.72,0.73,344,36,0.93,,monthly_30d_30d_otm,weekly_2_strike0,39,477
RTX,2024-02-05,2024-03-04,backfill,O:RTX240315C00095000,95.0,2024-03-15,2024-02-08,0.73,0.78,0.49,0.49,170,38,0.73,,monthly_30d_30d_otm,weekly_2_strike0,39,477
RTX,2024-02-05,2024-03-04,backfill,O:RTX240315C00095000,95.0,2024-03-15,2024-02-09,0.18,0.59,0.13,0.39,706,42,0.18,,monthly_30d_30d_otm,weekly_2_strike0,39,477
RTX,2024-02-05,2024-03-04,backfill,O:RTX240315C00095000,95.0,2024-03-15,2024-02-12,0.4,0.65,0.35,0.48,278,88,0.4,,monthly_30d_30d_otm,weekly_2_strike0,39,477
RTX,2024-02-05,2024-03-04,backfill,O:RTX240315C00095000,95.0,2024-03-15,2024-02-13,0.5,0.57,0.34,0.41,450,51,0.5,,monthly_30d_30d_otm,weekly_2_strike0,39,477
RTX,2024-02-05,2024-03-04,backfill,O:RTX240315C00095000,95.0,2024-03-15,2024-02-14,0.49,0.56,0.43,0.46,336,37,0.49,,monthly_30d_30d_otm,weekly_2_strike0,39,477
RTX,2024-02-05,2024-03-04,backfill,O:RTX240315C00095000,95.0,2024-03-15,2024-02-15,0.49,0.61,0.42,0.45,2917,56,0.49,,monthly_30d_30d_otm,weekly_2_strike0,39,477
RTX,2024-02-05,2024-03-04,backfill,O:RTX240315C00095000,95.0,2024-03-15,2024-02-16,0.45,0.55,0.35,0.35,451,41,0.45,,monthly_30d_30d_otm,weekly_2_strike0,39,477
RTX,2024-02-05,2024-03-04,backfill,O:RTX240315C00095000,95.0,2024-03-15,2024-02-20,0.24,0.52,0.23,0.25,610,57,0.24,,monthly_30d_30d_otm,weekly_2_strike0,39,477
RTX,2024-02-05,2024-03-04,backfill,O:RTX240315C00095000,95.0,2024-03-15,2024-02-21,0.32,0.33,0.18,0.18,123,23,0.32,,monthly_30d_30d_otm,weekly_2_strike0,39,477
RTX,2024-02-05,2024-03-04,backfill,O:RTX240315C00095000,95.0,2024-03-15,2024-02-22,0.26,0.26,0.12,0.15,147,30,0.26,,monthly_30d_30d_otm,weekly_2_strike0,39,477
RTX,2024-02-05,2024-03-04,backfill,O:RTX240315C00095000,95.0,2024-03-15,2024-02-23,0.17,0.21,0.12,0.14,85,20,0.17,,monthly_30d_30d_otm,weekly_2_strike0,39,477
RTX,2024-02-05,2024-03-04,backfill,O:RTX240315C00095000,95.0,2024-03-15,2024-02-26,0.18,0.18,0.12,0.12,121,10,0.18,,monthly_30d_30d_otm,weekly_2_strike0,39,477
RTX,2024-02-05,2024-03-04,backfill,O:RTX240315C00095000,95.0,2024-03-15,2024-02-27,0.13,0.14,0.08,0.13,1210,23,0.13,,monthly_30d_30d_otm,weekly_2_strike0,39,477
RTX,2024-02-05,2024-03-04,backfill,O:RTX240315C00095000,95.0,2024-03-15,2024-02-28,0.09,0.2,0.09,0.09,384,28,0.09,,monthly_30d_30d_otm,weekly_2_strike0,39,477
RTX,2024-02-05,2024-03-04,backfill,O:RTX240315C00095000,95.0,2024-03-15,2024-02-29,0.07,0.08,0.06,0.08,165,19,0.07,,monthly_30d_30d_otm,weekly_2_strike0,39,477
RTX,2024-02-05,2024-03-04,backfill,O:RTX240315C00095000,95.0,2024-03-15,2024-03-01,0.06,0.07,0.05,0.07,122,18,0.06,,monthly_30d_30d_otm,weekly_2_strike0,39,477
RTX,2024-02-05,2024-03-04,backfill,O:RTX240315C00095000,95.0,2024-03-15,2024-03-04,0.06,0.07,0.04,0.05,218,59,0.06,,monthly_30d_30d_otm,weekly_2_strike0,39,477
RTX,2024-09-06,2024-10-03,backfill,O:RTX241018C00120000,120.0,2024-10-18,2024-09-06,3.1,3.2,2.57,2.59,71,11,3.1,,monthly_30d_atm,weekly_1_strike0,42,71
RTX,2024-09-06,2024-10-03,backfill,O:RTX241018C00120000,120.0,2024-10-18,2024-09-09,3.2,4.05,3.2,4.05,27,10,3.2,,monthly_30d_atm,weekly_1_strike0,42,71
RTX,2024-09-06,2024-10-03,backfill,O:RTX241018C00120000,120.0,2024-10-18,2024-09-10,4.2,4.2,3.4,3.55,422,64,4.2,,monthly_30d_atm,weekly_1_strike0,42,71
RTX,2024-09-06,2024-10-03,backfill,O:RTX241018C00120000,120.0,2024-10-18,2024-09-11,3.25,3.25,2.24,2.6,683,46,3.25,,monthly_30d_atm,weekly_1_strike0,42,71
RTX,2024-09-06,2024-10-03,backfill,O:RTX241018C00120000,120.0,2024-10-18,2024-09-12,2.6,3.1,2.5,2.98,125,32,2.6,,monthly_30d_atm,weekly_1_strike0,42,71
RTX,2024-09-06,2024-10-03,backfill,O:RTX241018C00120000,120.0,2024-10-18,2024-09-13,2.9,2.96,2.45,2.57,41,20,2.9,,monthly_30d_atm,weekly_1_strike0,42,71
RTX,2024-09-06,2024-10-03,backfill,O:RTX241018C00120000,120.0,2024-10-18,2024-09-16,2.68,2.68,1.96,2.45,86,35,2.68,,monthly_30d_atm,weekly_1_strike0,42,71
RTX,2024-09-06,2024-10-03,backfill,O:RTX241018C00120000,120.0,2024-10-18,2024-09-17,2.26,2.42,1.81,2.22,436,77,2.26,,monthly_30d_atm,weekly_1_strike0,42,71
RTX,2024-09-06,2024-10-03,backfill,O:RTX241018C00120000,120.0,2024-10-18,2024-09-18,2.06,2.26,1.83,1.83,208,31,2.06,,monthly_30d_atm,weekly_1_strike0,42,71
RTX,2024-09-06,2024-10-03,backfill,O:RTX241018C00120000,120.0,2024-10-18,2024-09-19,2.01,2.29,1.5,2.09,954,82,2.01,,monthly_30d_atm,weekly_1_strike0,42,71
RTX,2024-09-06,2024-10-03,backfill,O:RTX241018C00120000,120.0,2024-10-18,2024-09-20,1.81,2.09,1.59,1.65,642,57,1.81,,monthly_30d_atm,weekly_1_strike0,42,71
RTX,2024-09-06,2024-10-03,backfill,O:RTX241018C00120000,120.0,2024-10-18,2024-09-23,1.84,2.83,1.81,2.56,1001,156,1.84,,monthly_30d_atm,weekly_1_strike0,42,71
RTX,2024-09-06,2024-10-03,backfill,O:RTX241018C00120000,120.0,2024-10-18,2024-09-24,2.6,2.66,2.13,2.48,960,97,2.6,,monthly_30d_atm,weekly_1_strike0,42,71
RTX,2024-09-06,2024-10-03,backfill,O:RTX241018C00120000,120.0,2024-10-18,2024-09-25,2.75,3.3,2.71,2.83,283,79,2.75,,monthly_30d_atm,weekly_1_strike0,42,71
RTX,2024-09-06,2024-10-03,backfill,O:RTX241018C00120000,120.0,2024-10-18,2024-09-26,2.98,3.56,2.48,2.74,222,64,2.98,,monthly_30d_atm,weekly_1_strike0,42,71
RTX,2024-09-06,2024-10-03,backfill,O:RTX241018C00120000,120.0,2024-10-18,2024-09-27,2.67,3.15,2.19,3.15,169,28,2.67,,monthly_30d_atm,weekly_1_strike0,42,71
RTX,2024-09-06,2024-10-03,backfill,O:RTX241018C00120000,120.0,2024-10-18,2024-09-30,2.8,2.8,2.19,2.48,54,24,2.8,,monthly_30d_atm,weekly_1_strike0,42,71
RTX,2024-09-06,2024-10-03,backfill,O:RTX241018C00120000,120.0,2024-10-18,2024-10-01,2.21,5.6,2.21,5.45,924,81,2.21,,monthly_30d_atm,weekly_1_strike0,42,71
RTX,2024-09-06,2024-10-03,backfill,O:RTX241018C00120000,120.0,2024-10-18,2024-10-02,6.32,6.32,4.9,4.9,120,25,6.32,,monthly_30d_atm,weekly_1_strike0,42,71
RTX,2024-09-06,2024-10-03,backfill,O:RTX241018C00120000,120.0,2024-10-18,2024-10-03,5.35,5.49,4.35,4.65,189,28,5.35,,monthly_30d_atm,weekly_1_strike0,42,71
RTX,2024-10-04,2024-10-31,backfill,O:RTX241115C00130000,130.0,2024-11-15,2024-10-04,2.17,2.6,2.13,2.6,87,39,2.17,,monthly_30d_20d_otm,weekly_1_strike0,42,87
RTX,2024-10-04,2024-10-31,backfill,O:RTX241115C00130000,130.0,2024-11-15,2024-10-07,2.52,2.8,2.38,2.6,391,56,2.52,,monthly_30d_20d_otm,weekly_1_strike0,42,87
RTX,2024-10-04,2024-10-31,backfill,O:RTX241115C00130000,130.0,2024-11-15,2024-10-08,2.64,2.64,1.93,2.01,593,43,2.64,,monthly_30d_20d_otm,weekly_1_strike0,42,87
RTX,2024-10-04,2024-10-31,backfill,O:RTX241115C00130000,130.0,2024-11-15,2024-10-09,1.88,2.23,1.88,1.99,197,53,1.88,,monthly_30d_20d_otm,weekly_1_strike0,42,87
RTX,2024-10-04,2024-10-31,backfill,O:RTX241115C00130000,130.0,2024-11-15,2024-10-10,1.92,1.97,1.47,1.47,132,35,1.92,,monthly_30d_20d_otm,weekly_1_strike0,42,87
RTX,2024-10-04,2024-10-31,backfill,O:RTX241115C00130000,130.0,2024-11-15,2024-10-11,1.61,1.78,1.45,1.78,51,25,1.61,,monthly_30d_20d_otm,weekly_1_strike0,42,87
RTX,2024-10-04,2024-10-31,backfill,O:RTX241115C00130000,130.0,2024-11-15,2024-10-14,1.61,1.94,1.61,1.87,654,41,1.61,,monthly_30d_20d_otm,weekly_1_strike0,42,87
RTX,2024-10-04,2024-10-31,backfill,O:RTX241115C00130000,130.0,2024-11-15,2024-10-15,2.4,2.5,1.9,2.0,114,49,2.4,,monthly_30d_20d_otm,weekly_1_strike0,42,87
RTX,2024-10-04,2024-10-31,backfill,O:RTX241115C00130000,130.0,2024-11-15,2024-10-16,1.9,2.35,1.7,2.35,239,40,1.9,,monthly_30d_20d_otm,weekly_1_strike0,42,87
RTX,2024-10-04,2024-10-31,backfill,O:RTX241115C00130000,130.0,2024-11-15,2024-10-17,2.54,2.57,1.96,2.1,560,64,2.54,,monthly_30d_20d_otm,weekly_1_strike0,42,87
RTX,2024-10-04,2024-10-31,backfill,O:RTX241115C00130000,130.0,2024-11-15,2024-10-18,2.3,2.3,1.89,2.12,261,47,2.3,,monthly_30d_20d_otm,weekly_1_strike0,42,87
RTX,2024-10-04,2024-10-31,backfill,O:RTX241115C00130000,130.0,2024-11-15,2024-10-21,2.14,2.15,1.79,2.1,505,54,2.14,,monthly_30d_20d_otm,weekly_1_strike0,42,87
RTX,2024-10-04,2024-10-31,backfill,O:RTX241115C00130000,130.0,2024-11-15,2024-10-22,2.35,2.35,0.76,1.13,874,62,2.35,,monthly_30d_20d_otm,weekly_1_strike0,42,87
RTX,2024-10-04,2024-10-31,backfill,O:RTX241115C00130000,130.0,2024-11-15,2024-10-23,1.4,1.61,1.06,1.48,178,35,1.4,,monthly_30d_20d_otm,weekly_1_strike0,42,87
RTX,2024-10-04,2024-10-31,backfill,O:RTX241115C00130000,130.0,2024-11-15,2024-10-24,1.9,1.9,0.75,0.75,223,27,1.9,,monthly_30d_20d_otm,weekly_1_strike0,42,87
RTX,2024-10-04,2024-10-31,backfill,O:RTX241115C00130000,130.0,2024-11-15,2024-10-25,0.85,0.85,0.6,0.69,205,22,0.85,,monthly_30d_20d_otm,weekly_1_strike0,42,87
RTX,2024-10-04,2024-10-31,backfill,O:RTX241115C00130000,130.0,2024-11-15,2024-10-28,0.64,0.7,0.52,0.6,177,24,0.64,,monthly_30d_20d_otm,weekly_1_strike0,42,87
RTX,2024-10-04,2024-10-31,backfill,O:RTX241115C00130000,130.0,2024-11-15,2024-10-29,0.52,0.52,0.2,0.2,514,36,0.52,,monthly_30d_20d_otm,weekly_1_strike0,42,87
RTX,2024-10-04,2024-10-31,backfill,O:RTX241115C00130000,130.0,2024-11-15,2024-10-30,0.2,0.26,0.13,0.15,164,26,0.2,,monthly_30d_20d_otm,weekly_1_strike0,42,87
RTX,2024-10-04,2024-10-31,backfill,O:RTX241115C00130000,130.0,2024-11-15,2024-10-31,0.12,0.21,0.1,0.14,181,23,0.12,,monthly_30d_20d_otm,weekly_1_strike0,42,87
RTX,2025-03-17,2025-04-04,backfill,O:RTX250516C00135000,135.0,2025-05-16,2025-03-17,3.7,4.83,3.7,4.55,42,15,3.7,,monthly_45d_35d_otm,weekly_2_strike0,60,42
RTX,2025-03-17,2025-04-04,backfill,O:RTX250516C00135000,135.0,2025-05-16,2025-03-18,4.45,4.83,4.4,4.6,34,11,4.45,,monthly_45d_35d_otm,weekly_2_strike0,60,42
RTX,2025-03-17,2025-04-04,backfill,O:RTX250516C00135000,135.0,2025-05-16,2025-03-19,5.28,6.05,5.28,5.96,141,26,5.28,,monthly_45d_35d_otm,weekly_2_strike0,60,42
RTX,2025-03-17,2025-04-04,backfill,O:RTX250516C00135000,135.0,2025-05-16,2025-03-20,5.4,5.4,5.05,5.2,67,16,5.4,,monthly_45d_35d_otm,weekly_2_strike0,60,42
RTX,2025-03-17,2025-04-04,backfill,O:RTX250516C00135000,135.0,2025-05-16,2025-03-21,4.55,4.87,3.95,4.05,421,31,4.55,,monthly_45d_35d_otm,weekly_2_strike0,60,42
RTX,2025-03-17,2025-04-04,backfill,O:RTX250516C00135000,135.0,2025-05-16,2025-03-24,4.35,5.14,4.35,5.14,104,20,4.35,,monthly_45d_35d_otm,weekly_2_strike0,60,42
RTX,2025-03-17,2025-04-04,backfill,O:RTX250516C00135000,135.0,2025-05-16,2025-03-25,4.8,5.65,4.8,5.57,101,22,4.8,,monthly_45d_35d_otm,weekly_2_strike0,60,42
RTX,2025-03-17,2025-04-04,backfill,O:RTX250516C00135000,135.0,2025-05-16,2025-03-26,5.7,5.71,4.8,4.95,244,45,5.7,,monthly_45d_35d_otm,weekly_2_strike0,60,42
RTX,2025-03-17,2025-04-04,backfill,O:RTX250516C00135000,135.0,2025-05-16,2025-03-27,4.66,4.8,4.39,4.45,173,19,4.66,,monthly_45d_35d_otm,weekly_2_strike0,60,42
RTX,2025-03-17,2025-04-04,backfill,O:RTX250516C00135000,135.0,2025-05-16,2025-03-28,4.3,4.32,3.81,4.0,68,6,4.3,,monthly_45d_35d_otm,weekly_2_strike0,60,42
RTX,2025-03-17,2025-04-04,backfill,O:RTX250516C00135000,135.0,2025-05-16,2025-03-31,3.8,4.1,3.7,4.05,97,12,3.8,,monthly_45d_35d_otm,weekly_2_strike0,60,42
RTX,2025-03-17,2025-04-04,backfill,O:RTX250516C00135000,135.0,2025-05-16,2025-04-01,3.65,4.32,3.65,3.9,7,5,3.65,,monthly_45d_35d_otm,weekly_2_strike0,60,42
RTX,2025-03-17,2025-04-04,backfill,O:RTX250516C00135000,135.0,2025-05-16,2025-04-02,4.15,4.5,4.15,4.15,39,9,4.15,,monthly_45d_35d_otm,weekly_2_strike0,60,42
RTX,2025-03-17,2025-04-04,backfill,O:RTX250516C00135000,135.0,2025-05-16,2025-04-03,4.09,4.3,3.44,3.45,2801,10,4.09,,monthly_45d_35d_otm,weekly_2_strike0,60,42
RTX,2025-03-17,2025-04-04,backfill,O:RTX250516C00135000,135.0,2025-05-16,2025-04-04,1.92,2.2,1.18,1.22,262,40,1.92,,monthly_45d_35d_otm,weekly_2_strike0,60,42
RTX,2025-11-04,2025-12-02,backfill,O:RTX251219C00185000,185.0,2025-12-19,2025-11-04,2.63,2.63,2.12,2.12,33,12,2.63,,monthly_30d_35d_otm,weekly_2_strike1,45,33
RTX,2025-11-04,2025-12-02,backfill,O:RTX251219C00185000,185.0,2025-12-19,2025-11-05,2.28,2.28,1.58,1.6,18,11,2.28,,monthly_30d_35d_otm,weekly_2_strike1,45,33
RTX,2025-11-04,2025-12-02,backfill,O:RTX251219C00185000,185.0,2025-12-19,2025-11-06,1.9,1.94,1.7,1.94,18,14,1.9,,monthly_30d_35d_otm,weekly_2_strike1,45,33
RTX,2025-11-04,2025-12-02,backfill,O:RTX251219C00185000,185.0,2025-12-19,2025-11-07,1.9,2.5,1.7,2.25,183,20,1.9,,monthly_30d_35d_otm,weekly_2_strike1,45,33
RTX,2025-11-04,2025-12-02,backfill,O:RTX251219C00185000,185.0,2025-12-19,2025-11-10,2.06,2.58,2.06,2.41,134,22,2.06,,monthly_30d_35d_otm,weekly_2_strike1,45,33
RTX,2025-11-04,2025-12-02,backfill,O:RTX251219C00185000,185.0,2025-12-19,2025-11-11,2.34,2.38,1.92,2.36,37,14,2.34,,monthly_30d_35d_otm,weekly_2_strike1,45,33
RTX,2025-11-04,2025-12-02,backfill,O:RTX251219C00185000,185.0,2025-12-19,2025-11-12,2.18,2.5,1.88,1.88,77,20,2.18,,monthly_30d_35d_otm,weekly_2_strike1,45,33
RTX,2025-11-04,2025-12-02,backfill,O:RTX251219C00185000,185.0,2025-12-19,2025-11-13,1.84,1.84,1.1,1.11,62,19,1.84,,monthly_30d_35d_otm,weekly_2_strike1,45,33
RTX,2025-11-04,2025-12-02,backfill,O:RTX251219C00185000,185.0,2025-12-19,2025-11-14,1.35,1.62,1.3,1.51,231,16,1.35,,monthly_30d_35d_otm,weekly_2_strike1,45,33
RTX,2025-11-04,2025-12-02,backfill,O:RTX251219C00185000,185.0,2025-12-19,2025-11-17,1.25,1.51,1.25,1.39,557,10,1.25,,monthly_30d_35d_otm,weekly_2_strike1,45,33
RTX,2025-11-04,2025-12-02,backfill,O:RTX251219C00185000,185.0,2025-12-19,2025-11-18,1.85,1.85,1.28,1.28,43,14,1.85,,monthly_30d_35d_otm,weekly_2_strike1,45,33
RTX,2025-11-04,2025-12-02,backfill,O:RTX251219C00185000,185.0,2025-12-19,2025-11-19,0.91,1.14,0.91,1.08,86,21,0.91,,monthly_30d_35d_otm,weekly_2_strike1,45,33
RTX,2025-11-04,2025-12-02,backfill,O:RTX251219C00185000,185.0,2025-12-19,2025-11-20,1.57,1.61,0.92,0.93,188,25,1.57,,monthly_30d_35d_otm,weekly_2_strike1,45,33
RTX,2025-11-04,2025-12-02,backfill,O:RTX251219C00185000,185.0,2025-12-19,2025-11-21,0.56,0.8,0.5,0.55,122,21,0.56,,monthly_30d_35d_otm,weekly_2_strike1,45,33
RTX,2025-11-04,2025-12-02,backfill,O:RTX251219C00185000,185.0,2025-12-19,2025-11-24,0.72,0.72,0.42,0.6,37,12,0.72,,monthly_30d_35d_otm,weekly_2_strike1,45,33
RTX,2025-11-04,2025-12-02,backfill,O:RTX251219C00185000,185.0,2025-12-19,2025-11-25,0.66,0.7,0.39,0.52,23,14,0.66,,monthly_30d_35d_otm,weekly_2_strike1,45,33
RTX,2025-11-04,2025-12-02,backfill,O:RTX251219C00185000,185.0,2025-12-19,2025-11-26,0.55,0.55,0.45,0.55,210,12,0.55,,monthly_30d_35d_otm,weekly_2_strike1,45,33
RTX,2025-11-04,2025-12-02,backfill,O:RTX251219C00185000,185.0,2025-12-19,2025-11-28,0.41,0.54,0.41,0.5,20,5,0.41,,monthly_30d_35d_otm,weekly_2_strike1,45,33
RTX,2025-11-04,2025-12-02,backfill,O:RTX251219C00185000,185.0,2025-12-19,2025-12-01,0.36,0.36,0.11,0.11,44,11,0.36,,monthly_30d_35d_otm,weekly_2_strike1,45,33
RTX,2025-11-04,2025-12-02,backfill,O:RTX251219C00185000,185.0,2025-12-19,2025-12-02,0.1,0.13,0.1,0.13,4,3,0.1,,monthly_30d_35d_otm,weekly_2_strike1,45,33
RTX,2026-01-02,2026-01-30,backfill,O:RTX260220C00190000,190.0,2026-02-20,2026-01-02,4.5,5.85,4.45,5.85,26,10,4.5,,monthly_30d_30d_otm,weekly_1_strike2,49,26
RTX,2026-01-02,2026-01-30,backfill,O:RTX260220C00190000,190.0,2026-02-20,2026-01-05,6.1,7.55,5.65,6.8,1416,57,6.1,,monthly_30d_30d_otm,weekly_1_strike2,49,26
RTX,2026-01-02,2026-01-30,backfill,O:RTX260220C00190000,190.0,2026-02-20,2026-01-06,7.0,7.8,6.55,7.44,97,24,7.0,,monthly_30d_30d_otm,weekly_1_strike2,49,26
RTX,2026-01-02,2026-01-30,backfill,O:RTX260220C00190000,190.0,2026-02-20,2026-01-07,9.01,9.5,5.74,5.77,78,28,9.01,,monthly_30d_30d_otm,weekly_1_strike2,49,26
RTX,2026-01-02,2026-01-30,backfill,O:RTX260220C00190000,190.0,2026-02-20,2026-01-08,9.05,12.37,5.22,5.75,121,34,9.05,,monthly_30d_30d_otm,weekly_1_strike2,49,26
RTX,2026-01-02,2026-01-30,backfill,O:RTX260220C00190000,190.0,2026-02-20,2026-01-09,6.39,7.2,6.2,6.86,86,23,6.39,,monthly_30d_30d_otm,weekly_1_strike2,49,26
RTX,2026-01-02,2026-01-30,backfill,O:RTX260220C00190000,190.0,2026-02-20,2026-01-12,7.5,9.5,6.93,9.5,115,31,7.5,,monthly_30d_30d_otm,weekly_1_strike2,49,26
RTX,2026-01-02,2026-01-30,backfill,O:RTX260220C00190000,190.0,2026-02-20,2026-01-13,10.75,11.9,9.95,9.95,130,27,10.75,,monthly_30d_30d_otm,weekly_1_strike2,49,26
RTX,2026-01-02,2026-01-30,backfill,O:RTX260220C00190000,190.0,2026-02-20,2026-01-14,10.18,13.14,10.18,13.14,48,18,10.18,,monthly_30d_30d_otm,weekly_1_strike2,49,26
RTX,2026-01-02,2026-01-30,backfill,O:RTX260220C00190000,190.0,2026-02-20,2026-01-15,12.27,13.76,11.91,13.76,55,23,12.27,,monthly_30d_30d_otm,weekly_1_strike2,49,26
RTX,2026-01-02,2026-01-30,backfill,O:RTX260220C00190000,190.0,2026-02-20,2026-01-16,14.05,14.98,13.87,14.92,103,16,14.05,,monthly_30d_30d_otm,weekly_1_strike2,49,26
RTX,2026-01-02,2026-01-30,backfill,O:RTX260220C00190000,190.0,2026-02-20,2026-01-20,14.55,15.3,11.25,11.25,86,11,14.55,,monthly_30d_30d_otm,weekly_1_strike2,49,26
RTX,2026-01-02,2026-01-30,backfill,O:RTX260220C00190000,190.0,2026-02-20,2026-01-21,11.23,12.17,11.23,11.85,23,4,11.23,,monthly_30d_30d_otm,weekly_1_strike2,49,26
RTX,2026-01-02,2026-01-30,backfill,O:RTX260220C00190000,190.0,2026-02-20,2026-01-22,12.0,12.0,11.49,11.52,25,6,12.0,,monthly_30d_30d_otm,weekly_1_strike2,49,26
RTX,2026-01-02,2026-01-30,backfill,O:RTX260220C00190000,190.0,2026-02-20,2026-01-23,10.44,10.44,10.0,10.3,9,4,10.44,,monthly_30d_30d_otm,weekly_1_strike2,49,26
RTX,2026-01-02,2026-01-30,backfill,O:RTX260220C00190000,190.0,2026-02-20,2026-01-26,10.15,10.35,9.1,9.4,15,10,10.15,,monthly_30d_30d_otm,weekly_1_strike2,49,26
RTX,2026-01-02,2026-01-30,backfill,O:RTX260220C00190000,190.0,2026-02-20,2026-01-27,10.1,13.61,9.0,13.08,135,13,10.1,,monthly_30d_30d_otm,weekly_1_strike2,49,26
RTX,2026-01-02,2026-01-30,backfill,O:RTX260220C00190000,190.0,2026-02-20,2026-01-28,14.26,15.92,12.85,12.85,11,3,14.26,,monthly_30d_30d_otm,weekly_1_strike2,49,26
RTX,2026-01-02,2026-01-30,backfill,O:RTX260220C00190000,190.0,2026-02-20,2026-01-29,14.53,14.53,11.6,12.11,57,4,14.53,,monthly_30d_30d_otm,weekly_1_strike2,49,26
RTX,2026-01-02,2026-01-30,backfill,O:RTX260220C00190000,190.0,2026-02-20,2026-01-30,10.37,12.59,10.37,12.59,10,2,10.37,,monthly_30d_30d_otm,weekly_1_strike2,49,26
RTX,2026-02-20,2026-03-19,backfill,O:RTX260320C00210000,210.0,2026-03-20,2026-02-20,5.17,5.5,4.25,4.7,1642,183,5.17,,monthly_30d_35d_otm,weekly_1_strike0,28,1642
RTX,2026-02-20,2026-03-19,backfill,O:RTX260320C00210000,210.0,2026-03-20,2026-02-23,4.46,4.46,3.27,3.43,1222,133,4.46,,monthly_30d_35d_otm,weekly_1_strike0,28,1642
RTX,2026-02-20,2026-03-19,backfill,O:RTX260320C00210000,210.0,2026-03-20,2026-02-24,3.1,3.2,1.95,2.2,1316,161,3.1,,monthly_30d_35d_otm,weekly_1_strike0,28,1642
RTX,2026-02-20,2026-03-19,backfill,O:RTX260320C00210000,210.0,2026-03-20,2026-02-25,2.24,2.24,1.21,1.63,1122,102,2.24,,monthly_30d_35d_otm,weekly_1_strike0,28,1642
RTX,2026-02-20,2026-03-19,backfill,O:RTX260320C00210000,210.0,2026-03-20,2026-02-26,1.75,2.2,1.35,1.81,1908,81,1.75,,monthly_30d_35d_otm,weekly_1_strike0,28,1642
RTX,2026-02-20,2026-03-19,backfill,O:RTX260320C00210000,210.0,2026-03-20,2026-02-27,2.24,3.3,1.85,3.3,802,127,2.24,,monthly_30d_35d_otm,weekly_1_strike0,28,1642
RTX,2026-02-20,2026-03-19,backfill,O:RTX260320C00210000,210.0,2026-03-20,2026-03-02,7.55,8.4,5.55,8.15,2850,161,7.55,,monthly_30d_35d_otm,weekly_1_strike0,28,1642
RTX,2026-02-20,2026-03-19,backfill,O:RTX260320C00210000,210.0,2026-03-20,2026-03-03,6.51,9.0,4.49,4.62,1143,112,6.51,,monthly_30d_35d_otm,weekly_1_strike0,28,1642
RTX,2026-02-20,2026-03-19,backfill,O:RTX260320C00210000,210.0,2026-03-20,2026-03-04,5.05,5.8,3.7,5.6,849,75,5.05,,monthly_30d_35d_otm,weekly_1_strike0,28,1642
RTX,2026-02-20,2026-03-19,backfill,O:RTX260320C00210000,210.0,2026-03-20,2026-03-05,5.45,5.73,1.9,3.1,295,84,5.45,,monthly_30d_35d_otm,weekly_1_strike0,28,1642
RTX,2026-02-20,2026-03-19,backfill,O:RTX260320C00210000,210.0,2026-03-20,2026-03-06,3.35,6.1,3.2,6.05,914,95,3.35,,monthly_30d_35d_otm,weekly_1_strike0,28,1642
RTX,2026-02-20,2026-03-19,backfill,O:RTX260320C00210000,210.0,2026-03-20,2026-03-09,8.25,8.25,3.5,4.05,838,92,8.25,,monthly_30d_35d_otm,weekly_1_strike0,28,1642
RTX,2026-02-20,2026-03-19,backfill,O:RTX260320C00210000,210.0,2026-03-20,2026-03-10,3.2,3.9,2.95,3.16,165,55,3.2,,monthly_30d_35d_otm,weekly_1_strike0,28,1642
RTX,2026-02-20,2026-03-19,backfill,O:RTX260320C00210000,210.0,2026-03-20,2026-03-11,2.5,3.84,2.5,2.98,157,57,2.5,,monthly_30d_35d_otm,weekly_1_strike0,28,1642
RTX,2026-02-20,2026-03-19,backfill,O:RTX260320C00210000,210.0,2026-03-20,2026-03-12,2.4,2.6,1.28,1.52,295,72,2.4,,monthly_30d_35d_otm,weekly_1_strike0,28,1642
RTX,2026-02-20,2026-03-19,backfill,O:RTX260320C00210000,210.0,2026-03-20,2026-03-13,1.75,2.1,1.19,1.62,1024,85,1.75,,monthly_30d_35d_otm,weekly_1_strike0,28,1642
RTX,2026-02-20,2026-03-19,backfill,O:RTX260320C00210000,210.0,2026-03-20,2026-03-16,1.5,2.74,1.45,1.7,727,109,1.5,,monthly_30d_35d_otm,weekly_1_strike0,28,1642
RTX,2026-02-20,2026-03-19,backfill,O:RTX260320C00210000,210.0,2026-03-20,2026-03-17,1.5,1.5,0.43,0.55,1260,90,1.5,,monthly_30d_35d_otm,weekly_1_strike0,28,1642
RTX,2026-02-20,2026-03-19,backfill,O:RTX260320C00210000,210.0,2026-03-20,2026-03-18,0.6,1.14,0.57,0.78,543,71,0.6,,monthly_30d_35d_otm,weekly_1_strike0,28,1642
RTX,2026-02-20,2026-03-19,backfill,O:RTX260320C00210000,210.0,2026-03-20,2026-03-19,0.44,0.46,0.03,0.05,676,60,0.44,,monthly_30d_35d_otm,weekly_1_strike0,28,1642
RUN,2020-06-12,2020-07-10,backfill,O:RUN200717C00020000,20.0,2020-07-17,2020-06-12,0.81,0.81,0.6,0.6,17,3,0.81,,monthly_30d_25d_otm,weekly_1_strike0,35,17
RUN,2020-06-12,2020-07-10,backfill,O:RUN200717C00020000,20.0,2020-07-17,2020-06-15,0.5,1.09,0.5,1.09,130,10,0.5,,monthly_30d_25d_otm,weekly_1_strike0,35,17
RUN,2020-06-12,2020-07-10,backfill,O:RUN200717C00020000,20.0,2020-07-17,2020-06-16,1.3,1.75,1.3,1.71,96,21,1.3,,monthly_30d_25d_otm,weekly_1_strike0,35,17
RUN,2020-06-12,2020-07-10,backfill,O:RUN200717C00020000,20.0,2020-07-17,2020-06-17,1.6,1.6,1.15,1.15,29,10,1.6,,monthly_30d_25d_otm,weekly_1_strike0,35,17
RUN,2020-06-12,2020-07-10,backfill,O:RUN200717C00020000,20.0,2020-07-17,2020-06-18,1.0,1.66,1.0,1.35,55,16,1.0,,monthly_30d_25d_otm,weekly_1_strike0,35,17
RUN,2020-06-12,2020-07-10,backfill,O:RUN200717C00020000,20.0,2020-07-17,2020-06-19,1.42,1.7,1.27,1.3,35,12,1.42,,monthly_30d_25d_otm,weekly_1_strike0,35,17
RUN,2020-06-12,2020-07-10,backfill,O:RUN200717C00020000,20.0,2020-07-17,2020-06-22,1.25,1.4,1.25,1.3,91,11,1.25,,monthly_30d_25d_otm,weekly_1_strike0,35,17
RUN,2020-06-12,2020-07-10,backfill,O:RUN200717C00020000,20.0,2020-07-17,2020-06-23,1.5,1.5,1.15,1.15,80,6,1.5,,monthly_30d_25d_otm,weekly_1_strike0,35,17
RUN,2020-06-12,2020-07-10,backfill,O:RUN200717C00020000,20.0,2020-07-17,2020-06-24,1.0,1.2,0.9,1.15,23,8,1.0,,monthly_30d_25d_otm,weekly_1_strike0,35,17
RUN,2020-06-12,2020-07-10,backfill,O:RUN200717C00020000,20.0,2020-07-17,2020-06-25,1.1,1.1,1.1,1.1,13,2,1.1,,monthly_30d_25d_otm,weekly_1_strike0,35,17
RUN,2020-06-12,2020-07-10,backfill,O:RUN200717C00020000,20.0,2020-07-17,2020-06-26,1.15,1.15,0.75,0.82,42,8,1.15,,monthly_30d_25d_otm,weekly_1_strike0,35,17
RUN,2020-06-12,2020-07-10,backfill,O:RUN200717C00020000,20.0,2020-07-17,2020-06-29,0.65,1.0,0.65,0.9,42,12,0.65,,monthly_30d_25d_otm,weekly_1_strike0,35,17
RUN,2020-06-12,2020-07-10,backfill,O:RUN200717C00020000,20.0,2020-07-17,2020-06-30,0.8,0.98,0.8,0.96,28,9,0.8,,monthly_30d_25d_otm,weekly_1_strike0,35,17
RUN,2020-06-12,2020-07-10,backfill,O:RUN200717C00020000,20.0,2020-07-17,2020-07-01,0.9,1.1,0.9,1.1,12,7,0.9,,monthly_30d_25d_otm,weekly_1_strike0,35,17
RUN,2020-06-12,2020-07-10,backfill,O:RUN200717C00020000,20.0,2020-07-17,2020-07-02,1.1,1.3,1.04,1.04,52,9,1.1,,monthly_30d_25d_otm,weekly_1_strike0,35,17
RUN,2020-06-12,2020-07-10,backfill,O:RUN200717C00020000,20.0,2020-07-17,2020-07-06,1.6,1.95,1.6,1.85,51,14,1.6,,monthly_30d_25d_otm,weekly_1_strike0,35,17
RUN,2020-06-12,2020-07-10,backfill,O:RUN200717C00020000,20.0,2020-07-17,2020-07-07,4.24,7.6,4.24,6.2,51,22,4.24,,monthly_30d_25d_otm,weekly_1_strike0,35,17
RUN,2020-06-12,2020-07-10,backfill,O:RUN200717C00020000,20.0,2020-07-17,2020-07-08,6.5,8.39,6.5,8.0,17,6,6.5,,monthly_30d_25d_otm,weekly_1_strike0,35,17
RUN,2020-06-12,2020-07-10,backfill,O:RUN200717C00020000,20.0,2020-07-17,2020-07-09,7.2,7.8,6.78,7.8,65,11,7.2,,monthly_30d_25d_otm,weekly_1_strike0,35,17
RUN,2020-06-12,2020-07-10,backfill,O:RUN200717C00020000,20.0,2020-07-17,2020-07-10,7.7,8.6,7.7,8.6,23,3,7.7,,monthly_30d_25d_otm,weekly_1_strike0,35,17
RUN,2021-10-29,2021-11-26,backfill,O:RUN211217C00065000,65.0,2021-12-17,2021-10-29,2.65,2.85,2.35,2.73,107,26,2.65,,monthly_45d_25d_otm,weekly_3_strike2,49,107
RUN,2021-10-29,2021-11-26,backfill,O:RUN211217C00065000,65.0,2021-12-17,2021-11-01,3.1,3.47,2.7,2.9,96,37,3.1,,monthly_45d_25d_otm,weekly_3_strike2,49,107
RUN,2021-10-29,2021-11-26,backfill,O:RUN211217C00065000,65.0,2021-12-17,2021-11-02,2.5,2.92,2.2,2.59,269,18,2.5,,monthly_45d_25d_otm,weekly_3_strike2,49,107
RUN,2021-10-29,2021-11-26,backfill,O:RUN211217C00065000,65.0,2021-12-17,2021-11-03,2.75,3.2,2.12,3.1,192,21,2.75,,monthly_45d_25d_otm,weekly_3_strike2,49,107
RUN,2021-10-29,2021-11-26,backfill,O:RUN211217C00065000,65.0,2021-12-17,2021-11-04,3.0,3.0,2.4,2.8,121,29,3.0,,monthly_45d_25d_otm,weekly_3_strike2,49,107
RUN,2021-10-29,2021-11-26,backfill,O:RUN211217C00065000,65.0,2021-12-17,2021-11-05,2.2,2.6,1.65,1.85,203,24,2.2,,monthly_45d_25d_otm,weekly_3_strike2,49,107
RUN,2021-10-29,2021-11-26,backfill,O:RUN211217C00065000,65.0,2021-12-17,2021-11-08,2.4,3.5,2.4,2.65,394,52,2.4,,monthly_45d_25d_otm,weekly_3_strike2,49,107
RUN,2021-10-29,2021-11-26,backfill,O:RUN211217C00065000,65.0,2021-12-17,2021-11-09,2.65,2.65,1.6,1.85,87,26,2.65,,monthly_45d_25d_otm,weekly_3_strike2,49,107
RUN,2021-10-29,2021-11-26,backfill,O:RUN211217C00065000,65.0,2021-12-17,2021-11-10,1.45,1.75,1.2,1.3,78,20,1.45,,monthly_45d_25d_otm,weekly_3_strike2,49,107
RUN,2021-10-29,2021-11-26,backfill,O:RUN211217C00065000,65.0,2021-12-17,2021-11-11,1.24,2.4,1.24,2.34,102,36,1.24,,monthly_45d_25d_otm,weekly_3_strike2,49,107
RUN,2021-10-29,2021-11-26,backfill,O:RUN211217C00065000,65.0,2021-12-17,2021-11-12,2.5,2.9,2.32,2.35,178,32,2.5,,monthly_45d_25d_otm,weekly_3_strike2,49,107
RUN,2021-10-29,2021-11-26,backfill,O:RUN211217C00065000,65.0,2021-12-17,2021-11-15,1.91,2.1,1.88,2.0,209,30,1.91,,monthly_45d_25d_otm,weekly_3_strike2,49,107
RUN,2021-10-29,2021-11-26,backfill,O:RUN211217C00065000,65.0,2021-12-17,2021-11-16,1.69,1.7,1.3,1.55,239,39,1.69,,monthly_45d_25d_otm,weekly_3_strike2,49,107
RUN,2021-10-29,2021-11-26,backfill,O:RUN211217C00065000,65.0,2021-12-17,2021-11-17,1.6,1.7,1.2,1.25,239,30,1.6,,monthly_45d_25d_otm,weekly_3_strike2,49,107
RUN,2021-10-29,2021-11-26,backfill,O:RUN211217C00065000,65.0,2021-12-17,2021-11-18,1.25,1.25,0.9,0.95,137,35,1.25,,monthly_45d_25d_otm,weekly_3_strike2,49,107
RUN,2021-10-29,2021-11-26,backfill,O:RUN211217C00065000,65.0,2021-12-17,2021-11-19,1.0,1.55,1.0,1.1,3770,91,1.0,,monthly_45d_25d_otm,weekly_3_strike2,49,107
RUN,2021-10-29,2021-11-26,backfill,O:RUN211217C00065000,65.0,2021-12-17,2021-11-22,1.15,1.4,0.79,0.83,880,86,1.15,,monthly_45d_25d_otm,weekly_3_strike2,49,107
RUN,2021-10-29,2021-11-26,backfill,O:RUN211217C00065000,65.0,2021-12-17,2021-11-23,0.6,0.65,0.4,0.53,190,30,0.6,,monthly_45d_25d_otm,weekly_3_strike2,49,107
RUN,2021-10-29,2021-11-26,backfill,O:RUN211217C00065000,65.0,2021-12-17,2021-11-24,0.35,0.55,0.35,0.45,121,20,0.35,,monthly_45d_25d_otm,weekly_3_strike2,49,107
RUN,2021-10-29,2021-11-26,backfill,O:RUN211217C00065000,65.0,2021-12-17,2021-11-26,0.25,0.4,0.25,0.4,1156,13,0.25,,monthly_45d_25d_otm,weekly_3_strike2,49,107
RUN,2023-12-14,2024-01-12,backfill,O:RUN240119C00016000,16.0,2024-01-19,2023-12-14,1.87,3.6,1.87,3.2,248,34,1.87,,monthly_30d_atm,weekly_2_strike0,36,248
RUN,2023-12-14,2024-01-12,backfill,O:RUN240119C00016000,16.0,2024-01-19,2023-12-15,3.25,3.55,3.21,3.55,305,11,3.25,,monthly_30d_atm,weekly_2_strike0,36,248
RUN,2023-12-14,2024-01-12,backfill,O:RUN240119C00016000,16.0,2024-01-19,2023-12-18,3.35,3.35,2.67,2.88,55,10,3.35,,monthly_30d_atm,weekly_2_strike0,36,248
RUN,2023-12-14,2024-01-12,backfill,O:RUN240119C00016000,16.0,2024-01-19,2023-12-19,4.1,4.1,3.75,3.85,220,5,4.1,,monthly_30d_atm,weekly_2_strike0,36,248
RUN,2023-12-14,2024-01-12,backfill,O:RUN240119C00016000,16.0,2024-01-19,2023-12-20,4.05,4.1,3.1,3.3,42,9,4.05,,monthly_30d_atm,weekly_2_strike0,36,248
RUN,2023-12-14,2024-01-12,backfill,O:RUN240119C00016000,16.0,2024-01-19,2023-12-21,4.0,4.04,3.78,3.78,31,4,4.0,,monthly_30d_atm,weekly_2_strike0,36,248
RUN,2023-12-14,2024-01-12,backfill,O:RUN240119C00016000,16.0,2024-01-19,2023-12-22,4.2,4.25,4.2,4.25,4,2,4.2,,monthly_30d_atm,weekly_2_strike0,36,248
RUN,2023-12-14,2024-01-12,backfill,O:RUN240119C00016000,16.0,2024-01-19,2023-12-26,4.32,4.53,4.32,4.53,2,2,4.32,,monthly_30d_atm,weekly_2_strike0,36,248
RUN,2023-12-14,2024-01-12,backfill,O:RUN240119C00016000,16.0,2024-01-19,2023-12-27,4.65,4.65,4.65,4.65,1,1,4.65,,monthly_30d_atm,weekly_2_strike0,36,248
RUN,2023-12-14,2024-01-12,backfill,O:RUN240119C00016000,16.0,2024-01-19,2023-12-28,4.68,4.68,4.68,4.68,1,1,4.68,,monthly_30d_atm,weekly_2_strike0,36,248
RUN,2023-12-14,2024-01-12,backfill,O:RUN240119C00016000,16.0,2024-01-19,2023-12-29,4.55,4.65,4.05,4.05,30,8,4.55,,monthly_30d_atm,weekly_2_strike0,36,248
RUN,2023-12-14,2024-01-12,backfill,O:RUN240119C00016000,16.0,2024-01-19,2024-01-02,4.05,4.05,4.05,4.05,1,1,4.05,,monthly_30d_atm,weekly_2_strike0,36,248
RUN,2023-12-14,2024-01-12,backfill,O:RUN240119C00016000,16.0,2024-01-19,2024-01-03,2.37,2.37,2.04,2.29,18,5,2.37,,monthly_30d_atm,weekly_2_strike0,36,248
RUN,2023-12-14,2024-01-12,backfill,O:RUN240119C00016000,16.0,2024-01-19,2024-01-04,2.02,2.08,1.71,1.71,218,7,2.02,,monthly_30d_atm,weekly_2_strike0,36,248
RUN,2023-12-14,2024-01-12,backfill,O:RUN240119C00016000,16.0,2024-01-19,2024-01-05,1.38,1.67,1.14,1.14,33,9,1.38,,monthly_30d_atm,weekly_2_strike0,36,248
RUN,2023-12-14,2024-01-12,backfill,O:RUN240119C00016000,16.0,2024-01-19,2024-01-08,1.03,1.33,0.97,1.33,83,12,1.03,,monthly_30d_atm,weekly_2_strike0,36,248
RUN,2023-12-14,2024-01-12,backfill,O:RUN240119C00016000,16.0,2024-01-19,2024-01-09,0.81,1.12,0.81,1.12,97,11,0.81,,monthly_30d_atm,weekly_2_strike0,36,248
RUN,2023-12-14,2024-01-12,backfill,O:RUN240119C00016000,16.0,2024-01-19,2024-01-10,0.82,1.01,0.71,0.92,181,24,0.82,,monthly_30d_atm,weekly_2_strike0,36,248
RUN,2023-12-14,2024-01-12,backfill,O:RUN240119C00016000,16.0,2024-01-19,2024-01-11,0.65,0.77,0.46,0.62,2315,30,0.65,,monthly_30d_atm,weekly_2_strike0,36,248
RUN,2023-12-14,2024-01-12,backfill,O:RUN240119C00016000,16.0,2024-01-19,2024-01-12,0.72,0.88,0.28,0.28,568,40,0.72,,monthly_30d_atm,weekly_2_strike0,36,248
RUN,2024-07-16,2024-08-12,backfill,O:RUN240816C00019000,19.0,2024-08-16,2024-07-16,0.63,1.24,0.63,1.2,164,16,0.63,,monthly_30d_30d_otm,weekly_2_strike0,31,164
RUN,2024-07-16,2024-08-12,backfill,O:RUN240816C00019000,19.0,2024-08-16,2024-07-17,1.07,1.07,0.97,1.0,18,10,1.07,,monthly_30d_30d_otm,weekly_2_strike0,31,164
RUN,2024-07-16,2024-08-12,backfill,O:RUN240816C00019000,19.0,2024-08-16,2024-07-18,1.22,1.53,1.09,1.52,384,28,1.22,,monthly_30d_30d_otm,weekly_2_strike0,31,164
RUN,2024-07-16,2024-08-12,backfill,O:RUN240816C00019000,19.0,2024-08-16,2024-07-19,1.3,1.3,0.91,1.12,97,11,1.3,,monthly_30d_30d_otm,weekly_2_strike0,31,164
RUN,2024-07-16,2024-08-12,backfill,O:RUN240816C00019000,19.0,2024-08-16,2024-07-22,1.45,1.45,0.83,0.84,63,13,1.45,,monthly_30d_30d_otm,weekly_2_strike0,31,164
RUN,2024-07-16,2024-08-12,backfill,O:RUN240816C00019000,19.0,2024-08-16,2024-07-23,0.82,1.25,0.82,1.0,177,11,0.82,,monthly_30d_30d_otm,weekly_2_strike0,31,164
RUN,2024-07-16,2024-08-12,backfill,O:RUN240816C00019000,19.0,2024-08-16,2024-07-24,1.42,1.45,1.0,1.01,53,18,1.42,,monthly_30d_30d_otm,weekly_2_strike0,31,164
RUN,2024-07-16,2024-08-12,backfill,O:RUN240816C00019000,19.0,2024-08-16,2024-07-25,0.91,1.4,0.91,1.18,28,12,0.91,,monthly_30d_30d_otm,weekly_2_strike0,31,164
RUN,2024-07-16,2024-08-12,backfill,O:RUN240816C00019000,19.0,2024-08-16,2024-07-26,1.05,1.43,1.05,1.21,5132,22,1.05,,monthly_30d_30d_otm,weekly_2_strike0,31,164
RUN,2024-07-16,2024-08-12,backfill,O:RUN240816C00019000,19.0,2024-08-16,2024-07-29,1.18,1.25,0.61,0.69,120,20,1.18,,monthly_30d_30d_otm,weekly_2_strike0,31,164
RUN,2024-07-16,2024-08-12,backfill,O:RUN240816C00019000,19.0,2024-08-16,2024-07-30,0.68,0.8,0.68,0.72,5,5,0.68,,monthly_30d_30d_otm,weekly_2_strike0,31,164
RUN,2024-07-16,2024-08-12,backfill,O:RUN240816C00019000,19.0,2024-08-16,2024-07-31,0.83,1.33,0.83,0.96,49,19,0.83,,monthly_30d_30d_otm,weekly_2_strike0,31,164
RUN,2024-07-16,2024-08-12,backfill,O:RUN240816C00019000,19.0,2024-08-16,2024-08-01,1.26,1.55,0.9,1.03,99,17,1.26,,monthly_30d_30d_otm,weekly_2_strike0,31,164
RUN,2024-07-16,2024-08-12,backfill,O:RUN240816C00019000,19.0,2024-08-16,2024-08-02,0.75,0.81,0.65,0.67,5069,25,0.75,,monthly_30d_30d_otm,weekly_2_strike0,31,164
RUN,2024-07-16,2024-08-12,backfill,O:RUN240816C00019000,19.0,2024-08-16,2024-08-05,0.4,0.66,0.4,0.66,29,4,0.4,,monthly_30d_30d_otm,weekly_2_strike0,31,164
RUN,2024-07-16,2024-08-12,backfill,O:RUN240816C00019000,19.0,2024-08-16,2024-08-06,0.55,0.55,0.38,0.38,1689,11,0.55,,monthly_30d_30d_otm,weekly_2_strike0,31,164
RUN,2024-07-16,2024-08-12,backfill,O:RUN240816C00019000,19.0,2024-08-16,2024-08-07,1.15,1.39,0.52,0.7,8804,92,1.15,,monthly_30d_30d_otm,weekly_2_strike0,31,164
RUN,2024-07-16,2024-08-12,backfill,O:RUN240816C00019000,19.0,2024-08-16,2024-08-08,0.76,1.23,0.62,0.84,372,45,0.76,,monthly_30d_30d_otm,weekly_2_strike0,31,164
RUN,2024-07-16,2024-08-12,backfill,O:RUN240816C00019000,19.0,2024-08-16,2024-08-09,0.89,0.89,0.24,0.38,560,42,0.89,,monthly_30d_30d_otm,weekly_2_strike0,31,164
RUN,2024-07-16,2024-08-12,backfill,O:RUN240816C00019000,19.0,2024-08-16,2024-08-12,0.28,0.28,0.14,0.18,123,33,0.28,,monthly_30d_30d_otm,weekly_2_strike0,31,164
RUN,2025-08-14,2025-09-11,backfill,O:RUN250919C00013000,13.0,2025-09-19,2025-08-14,0.68,0.68,0.44,0.5,12594,18,0.68,,monthly_30d_30d_otm,weekly_2_strike0,36,12594
RUN,2025-08-14,2025-09-11,backfill,O:RUN250919C00013000,13.0,2025-09-19,2025-08-15,0.43,2.9,0.4,2.26,4359,88,0.43,,monthly_30d_30d_otm,weekly_2_strike0,36,12594
RUN,2025-08-14,2025-09-11,backfill,O:RUN250919C00013000,13.0,2025-09-19,2025-08-18,2.74,4.0,2.74,3.15,183,36,2.74,,monthly_30d_30d_otm,weekly_2_strike0,36,12594
RUN,2025-08-14,2025-09-11,backfill,O:RUN250919C00013000,13.0,2025-09-19,2025-08-19,2.85,3.17,2.83,2.84,48,17,2.85,,monthly_30d_30d_otm,weekly_2_strike0,36,12594
RUN,2025-08-14,2025-09-11,backfill,O:RUN250919C00013000,13.0,2025-09-19,2025-08-20,3.35,3.38,3.05,3.26,33,7,3.35,,monthly_30d_30d_otm,weekly_2_strike0,36,12594
RUN,2025-08-14,2025-09-11,backfill,O:RUN250919C00013000,13.0,2025-09-19,2025-08-21,2.13,2.49,2.13,2.41,22,5,2.13,,monthly_30d_30d_otm,weekly_2_strike0,36,12594
RUN,2025-08-14,2025-09-11,backfill,O:RUN250919C00013000,13.0,2025-09-19,2025-08-22,3.15,3.55,3.15,3.55,13,7,3.15,,monthly_30d_30d_otm,weekly_2_strike0,36,12594
RUN,2025-08-14,2025-09-11,backfill,O:RUN250919C00013000,13.0,2025-09-19,2025-08-25,3.14,3.35,3.14,3.35,37,5,3.14,,monthly_30d_30d_otm,weekly_2_strike0,36,12594
RUN,2025-08-14,2025-09-11,backfill,O:RUN250919C00013000,13.0,2025-09-19,2025-08-26,4.0,4.05,3.86,4.05,18,4,4.0,,monthly_30d_30d_otm,weekly_2_strike0,36,12594
RUN,2025-08-14,2025-09-11,backfill,O:RUN250919C00013000,13.0,2025-09-19,2025-08-27,3.25,3.25,3.25,3.25,23,1,3.25,,monthly_30d_30d_otm,weekly_2_strike0,36,12594
RUN,2025-08-14,2025-09-11,backfill,O:RUN250919C00013000,13.0,2025-09-19,2025-08-28,3.49,3.65,3.49,3.65,3,2,3.49,,monthly_30d_30d_otm,weekly_2_strike0,36,12594
RUN,2025-08-14,2025-09-11,backfill,O:RUN250919C00013000,13.0,2025-09-19,2025-08-29,3.45,3.45,3.45,3.45,1,1,3.45,,monthly_30d_30d_otm,weekly_2_strike0,36,12594
RUN,2025-08-14,2025-09-11,backfill,O:RUN250919C00013000,13.0,2025-09-19,2025-09-02,2.67,3.1,2.67,3.1,10,4,2.67,,monthly_30d_30d_otm,weekly_2_strike0,36,12594
RUN,2025-08-14,2025-09-11,backfill,O:RUN250919C00013000,13.0,2025-09-19,2025-09-03,3.48,3.55,3.48,3.55,31,3,3.48,,monthly_30d_30d_otm,weekly_2_strike0,36,12594
RUN,2025-08-14,2025-09-11,backfill,O:RUN250919C00013000,13.0,2025-09-19,2025-09-04,3.95,4.05,3.5,3.5,5,3,3.95,,monthly_30d_30d_otm,weekly_2_strike0,36,12594
RUN,2025-08-14,2025-09-11,backfill,O:RUN250919C00013000,13.0,2025-09-19,2025-09-05,4.35,5.08,4.35,5.08,6,5,4.35,,monthly_30d_30d_otm,weekly_2_strike0,36,12594
RUN,2025-08-14,2025-09-11,backfill,O:RUN250919C00013000,13.0,2025-09-19,2025-09-08,4.9,4.9,3.95,3.95,26,2,4.9,,monthly_30d_30d_otm,weekly_2_strike0,36,12594
RUN,2025-08-14,2025-09-11,backfill,O:RUN250919C00013000,13.0,2025-09-19,2025-09-09,4.08,4.08,3.2,3.2,6,4,4.08,,monthly_30d_30d_otm,weekly_2_strike0,36,12594
RUN,2025-08-14,2025-09-11,backfill,O:RUN250919C00013000,13.0,2025-09-19,2025-09-10,3.35,3.35,3.23,3.23,31,2,3.35,,monthly_30d_30d_otm,weekly_2_strike0,36,12594
RUN,2025-08-14,2025-09-11,backfill,O:RUN250919C00013000,13.0,2025-09-19,2025-09-11,3.45,4.2,3.45,4.2,47,3,3.45,,monthly_30d_30d_otm,weekly_2_strike0,36,12594
SBUX,2020-09-08,2020-10-05,backfill,O:SBUX201016C00090000,90.0,2020-10-16,2020-09-08,2.09,2.9,1.87,1.9,971,133,2.09,,monthly_30d_25d_otm,weekly_2_strike0,38,971
SBUX,2020-09-08,2020-10-05,backfill,O:SBUX201016C00090000,90.0,2020-10-16,2020-09-09,1.98,2.08,1.46,1.78,983,126,1.98,,monthly_30d_25d_otm,weekly_2_strike0,38,971
SBUX,2020-09-08,2020-10-05,backfill,O:SBUX201016C00090000,90.0,2020-10-16,2020-09-10,1.72,2.1,1.19,1.28,754,142,1.72,,monthly_30d_25d_otm,weekly_2_strike0,38,971
SBUX,2020-09-08,2020-10-05,backfill,O:SBUX201016C00090000,90.0,2020-10-16,2020-09-11,1.24,1.5,0.95,1.23,5065,196,1.24,,monthly_30d_25d_otm,weekly_2_strike0,38,971
SBUX,2020-09-08,2020-10-05,backfill,O:SBUX201016C00090000,90.0,2020-10-16,2020-09-14,1.28,1.7,1.28,1.49,5161,267,1.28,,monthly_30d_25d_otm,weekly_2_strike0,38,971
SBUX,2020-09-08,2020-10-05,backfill,O:SBUX201016C00090000,90.0,2020-10-16,2020-09-15,1.65,2.0,1.58,1.78,3875,252,1.65,,monthly_30d_25d_otm,weekly_2_strike0,38,971
SBUX,2020-09-08,2020-10-05,backfill,O:SBUX201016C00090000,90.0,2020-10-16,2020-09-16,1.8,2.57,1.74,2.07,2384,289,1.8,,monthly_30d_25d_otm,weekly_2_strike0,38,971
SBUX,2020-09-08,2020-10-05,backfill,O:SBUX201016C00090000,90.0,2020-10-16,2020-09-17,1.5,1.65,1.05,1.51,2628,206,1.5,,monthly_30d_25d_otm,weekly_2_strike0,38,971
SBUX,2020-09-08,2020-10-05,backfill,O:SBUX201016C00090000,90.0,2020-10-16,2020-09-18,1.53,1.6,0.84,0.89,2101,237,1.53,,monthly_30d_25d_otm,weekly_2_strike0,38,971
SBUX,2020-09-08,2020-10-05,backfill,O:SBUX201016C00090000,90.0,2020-10-16,2020-09-21,0.56,0.8,0.41,0.69,1921,171,0.56,,monthly_30d_25d_otm,weekly_2_strike0,38,971
SBUX,2020-09-08,2020-10-05,backfill,O:SBUX201016C00090000,90.0,2020-10-16,2020-09-22,0.72,0.75,0.52,0.61,844,131,0.72,,monthly_30d_25d_otm,weekly_2_strike0,38,971
SBUX,2020-09-08,2020-10-05,backfill,O:SBUX201016C00090000,90.0,2020-10-16,2020-09-23,0.61,0.77,0.47,0.5,1386,198,0.61,,monthly_30d_25d_otm,weekly_2_strike0,38,971
SBUX,2020-09-08,2020-10-05,backfill,O:SBUX201016C00090000,90.0,2020-10-16,2020-09-24,0.49,0.62,0.37,0.47,788,123,0.49,,monthly_30d_25d_otm,weekly_2_strike0,38,971
SBUX,2020-09-08,2020-10-05,backfill,O:SBUX201016C00090000,90.0,2020-10-16,2020-09-25,0.4,0.62,0.35,0.57,1386,99,0.4,,monthly_30d_25d_otm,weekly_2_strike0,38,971
SBUX,2020-09-08,2020-10-05,backfill,O:SBUX201016C00090000,90.0,2020-10-16,2020-09-28,0.72,0.83,0.56,0.74,1578,161,0.72,,monthly_30d_25d_otm,weekly_2_strike0,38,971
SBUX,2020-09-08,2020-10-05,backfill,O:SBUX201016C00090000,90.0,2020-10-16,2020-09-29,0.76,0.77,0.48,0.5,494,95,0.76,,monthly_30d_25d_otm,weekly_2_strike0,38,971
SBUX,2020-09-08,2020-10-05,backfill,O:SBUX201016C00090000,90.0,2020-10-16,2020-09-30,0.78,0.96,0.52,0.61,2271,206,0.78,,monthly_30d_25d_otm,weekly_2_strike0,38,971
SBUX,2020-09-08,2020-10-05,backfill,O:SBUX201016C00090000,90.0,2020-10-16,2020-10-01,0.75,0.91,0.68,0.84,1898,173,0.75,,monthly_30d_25d_otm,weekly_2_strike0,38,971
SBUX,2020-09-08,2020-10-05,backfill,O:SBUX201016C00090000,90.0,2020-10-16,2020-10-02,0.45,0.86,0.45,0.7,1230,129,0.45,,monthly_30d_25d_otm,weekly_2_strike0,38,971
SBUX,2020-09-08,2020-10-05,backfill,O:SBUX201016C00090000,90.0,2020-10-16,2020-10-05,0.81,1.11,0.74,1.0,3255,236,0.81,,monthly_30d_25d_otm,weekly_2_strike0,38,971
SBUX,2022-11-09,2022-12-07,backfill,O:SBUX221216C00095000,95.0,2022-12-16,2022-11-09,2.63,2.85,2.43,2.43,848,79,2.63,,monthly_30d_40d_otm,weekly_2_strike0,37,848
SBUX,2022-11-09,2022-12-07,backfill,O:SBUX221216C00095000,95.0,2022-12-16,2022-11-10,3.3,4.7,3.15,4.69,1551,120,3.3,,monthly_30d_40d_otm,weekly_2_strike0,37,848
SBUX,2022-11-09,2022-12-07,backfill,O:SBUX221216C00095000,95.0,2022-12-16,2022-11-11,5.0,6.2,4.92,5.18,436,91,5.0,,monthly_30d_40d_otm,weekly_2_strike0,37,848
SBUX,2022-11-09,2022-12-07,backfill,O:SBUX221216C00095000,95.0,2022-12-16,2022-11-14,5.06,5.7,4.9,5.05,439,35,5.06,,monthly_30d_40d_otm,weekly_2_strike0,37,848
SBUX,2022-11-09,2022-12-07,backfill,O:SBUX221216C00095000,95.0,2022-12-16,2022-11-15,5.92,6.47,5.39,5.4,489,37,5.92,,monthly_30d_40d_otm,weekly_2_strike0,37,848
SBUX,2022-11-09,2022-12-07,backfill,O:SBUX221216C00095000,95.0,2022-12-16,2022-11-16,4.72,5.27,4.57,4.8,92,23,4.72,,monthly_30d_40d_otm,weekly_2_strike0,37,848
SBUX,2022-11-09,2022-12-07,backfill,O:SBUX221216C00095000,95.0,2022-12-16,2022-11-17,3.9,4.6,3.72,4.6,284,40,3.9,,monthly_30d_40d_otm,weekly_2_strike0,37,848
SBUX,2022-11-09,2022-12-07,backfill,O:SBUX221216C00095000,95.0,2022-12-16,2022-11-18,5.1,5.35,4.85,5.1,3510,31,5.1,,monthly_30d_40d_otm,weekly_2_strike0,37,848
SBUX,2022-11-09,2022-12-07,backfill,O:SBUX221216C00095000,95.0,2022-12-16,2022-11-21,4.54,5.32,4.54,5.2,58,23,4.54,,monthly_30d_40d_otm,weekly_2_strike0,37,848
SBUX,2022-11-09,2022-12-07,backfill,O:SBUX221216C00095000,95.0,2022-12-16,2022-11-22,5.15,5.2,4.77,5.2,41,15,5.15,,monthly_30d_40d_otm,weekly_2_strike0,37,848
SBUX,2022-11-09,2022-12-07,backfill,O:SBUX221216C00095000,95.0,2022-12-16,2022-11-23,5.22,6.3,5.22,5.9,111,39,5.22,,monthly_30d_40d_otm,weekly_2_strike0,37,848
SBUX,2022-11-09,2022-12-07,backfill,O:SBUX221216C00095000,95.0,2022-12-16,2022-11-25,5.95,5.95,5.25,5.7,26,10,5.95,,monthly_30d_40d_otm,weekly_2_strike0,37,848
SBUX,2022-11-09,2022-12-07,backfill,O:SBUX221216C00095000,95.0,2022-12-16,2022-11-28,5.9,6.12,5.22,5.27,41,17,5.9,,monthly_30d_40d_otm,weekly_2_strike0,37,848
SBUX,2022-11-09,2022-12-07,backfill,O:SBUX221216C00095000,95.0,2022-12-16,2022-11-29,5.32,5.45,4.78,5.14,69,20,5.32,,monthly_30d_40d_otm,weekly_2_strike0,37,848
SBUX,2022-11-09,2022-12-07,backfill,O:SBUX221216C00095000,95.0,2022-12-16,2022-11-30,5.7,7.35,5.1,7.3,166,25,5.7,,monthly_30d_40d_otm,weekly_2_strike0,37,848
SBUX,2022-11-09,2022-12-07,backfill,O:SBUX221216C00095000,95.0,2022-12-16,2022-12-01,7.9,9.0,7.76,8.92,47,22,7.9,,monthly_30d_40d_otm,weekly_2_strike0,37,848
SBUX,2022-11-09,2022-12-07,backfill,O:SBUX221216C00095000,95.0,2022-12-16,2022-12-02,8.12,10.31,8.12,10.21,40,18,8.12,,monthly_30d_40d_otm,weekly_2_strike0,37,848
SBUX,2022-11-09,2022-12-07,backfill,O:SBUX221216C00095000,95.0,2022-12-16,2022-12-05,9.3,9.3,8.5,8.55,26,13,9.3,,monthly_30d_40d_otm,weekly_2_strike0,37,848
SBUX,2022-11-09,2022-12-07,backfill,O:SBUX221216C00095000,95.0,2022-12-16,2022-12-06,9.11,9.11,7.0,7.53,58,24,9.11,,monthly_30d_40d_otm,weekly_2_strike0,37,848
SBUX,2022-11-09,2022-12-07,backfill,O:SBUX221216C00095000,95.0,2022-12-16,2022-12-07,7.9,8.05,7.31,7.31,45,9,7.9,,monthly_30d_40d_otm,weekly_2_strike0,37,848
SBUX,2023-11-10,2023-12-05,backfill,O:SBUX231215C00100000,100.0,2023-12-15,2023-11-10,3.92,5.44,3.83,5.44,59,19,3.92,,monthly_30d_slight_itm,weekly_1_strike0,35,59
SBUX,2023-11-10,2023-12-05,backfill,O:SBUX231215C00100000,100.0,2023-12-15,2023-11-13,4.99,5.24,4.55,4.92,28,13,4.99,,monthly_30d_slight_itm,weekly_1_strike0,35,59
SBUX,2023-11-10,2023-12-05,backfill,O:SBUX231215C00100000,100.0,2023-12-15,2023-11-14,5.59,6.65,5.4,6.45,100,28,5.59,,monthly_30d_slight_itm,weekly_1_strike0,35,59
SBUX,2023-11-10,2023-12-05,backfill,O:SBUX231215C00100000,100.0,2023-12-15,2023-11-15,6.45,7.2,6.45,6.92,42,19,6.45,,monthly_30d_slight_itm,weekly_1_strike0,35,59
SBUX,2023-11-10,2023-12-05,backfill,O:SBUX231215C00100000,100.0,2023-12-15,2023-11-16,7.81,8.05,7.77,8.05,131,10,7.81,,monthly_30d_slight_itm,weekly_1_strike0,35,59
SBUX,2023-11-10,2023-12-05,backfill,O:SBUX231215C00100000,100.0,2023-12-15,2023-11-17,8.13,8.13,6.41,6.41,78,18,8.13,,monthly_30d_slight_itm,weekly_1_strike0,35,59
SBUX,2023-11-10,2023-12-05,backfill,O:SBUX231215C00100000,100.0,2023-12-15,2023-11-20,6.0,6.0,4.87,5.02,143,23,6.0,,monthly_30d_slight_itm,weekly_1_strike0,35,59
SBUX,2023-11-10,2023-12-05,backfill,O:SBUX231215C00100000,100.0,2023-12-15,2023-11-21,4.45,4.92,4.37,4.5,38,16,4.45,,monthly_30d_slight_itm,weekly_1_strike0,35,59
SBUX,2023-11-10,2023-12-05,backfill,O:SBUX231215C00100000,100.0,2023-12-15,2023-11-22,4.7,4.72,4.14,4.25,66,13,4.7,,monthly_30d_slight_itm,weekly_1_strike0,35,59
SBUX,2023-11-10,2023-12-05,backfill,O:SBUX231215C00100000,100.0,2023-12-15,2023-11-24,4.15,4.15,3.36,3.62,55,21,4.15,,monthly_30d_slight_itm,weekly_1_strike0,35,59
SBUX,2023-11-10,2023-12-05,backfill,O:SBUX231215C00100000,100.0,2023-12-15,2023-11-27,3.4,3.75,3.15,3.15,117,20,3.4,,monthly_30d_slight_itm,weekly_1_strike0,35,59
SBUX,2023-11-10,2023-12-05,backfill,O:SBUX231215C00100000,100.0,2023-12-15,2023-11-28,3.03,3.07,2.13,2.13,69,22,3.03,,monthly_30d_slight_itm,weekly_1_strike0,35,59
SBUX,2023-11-10,2023-12-05,backfill,O:SBUX231215C00100000,100.0,2023-12-15,2023-11-29,2.88,2.88,1.36,1.46,116,32,2.88,,monthly_30d_slight_itm,weekly_1_strike0,35,59
SBUX,2023-11-10,2023-12-05,backfill,O:SBUX231215C00100000,100.0,2023-12-15,2023-11-30,1.25,1.26,0.81,1.0,319,90,1.25,,monthly_30d_slight_itm,weekly_1_strike0,35,59
SBUX,2023-11-10,2023-12-05,backfill,O:SBUX231215C00100000,100.0,2023-12-15,2023-12-01,0.7,1.07,0.5,1.0,305,70,0.7,,monthly_30d_slight_itm,weekly_1_strike0,35,59
SBUX,2023-11-10,2023-12-05,backfill,O:SBUX231215C00100000,100.0,2023-12-15,2023-12-04,0.83,0.93,0.35,0.49,999,92,0.83,,monthly_30d_slight_itm,weekly_1_strike0,35,59
SBUX,2023-11-10,2023-12-05,backfill,O:SBUX231215C00100000,100.0,2023-12-15,2023-12-05,0.44,0.48,0.17,0.24,1279,117,0.44,,monthly_30d_slight_itm,weekly_1_strike0,35,59
SBUX,2024-07-29,2024-08-23,backfill,O:SBUX240920C00080000,80.0,2024-09-20,2024-07-29,1.68,2.12,1.48,1.98,952,132,1.68,,monthly_45d_30d_otm,weekly_2_strike0,53,952
SBUX,2024-07-29,2024-08-23,backfill,O:SBUX240920C00080000,80.0,2024-09-20,2024-07-30,1.94,2.25,1.75,2.19,4522,259,1.94,,monthly_45d_30d_otm,weekly_2_strike0,53,952
SBUX,2024-07-29,2024-08-23,backfill,O:SBUX240920C00080000,80.0,2024-09-20,2024-07-31,3.1,3.5,1.9,1.98,6069,250,3.1,,monthly_45d_30d_otm,weekly_2_strike0,53,952
SBUX,2024-07-29,2024-08-23,backfill,O:SBUX240920C00080000,80.0,2024-09-20,2024-08-01,1.86,2.16,0.73,1.04,2151,202,1.86,,monthly_45d_30d_otm,weekly_2_strike0,53,952
SBUX,2024-07-29,2024-08-23,backfill,O:SBUX240920C00080000,80.0,2024-09-20,2024-08-02,1.06,1.63,0.95,1.35,2848,170,1.06,,monthly_45d_30d_otm,weekly_2_strike0,53,952
SBUX,2024-07-29,2024-08-23,backfill,O:SBUX240920C00080000,80.0,2024-09-20,2024-08-05,1.0,1.35,0.69,0.76,904,103,1.0,,monthly_45d_30d_otm,weekly_2_strike0,53,952
SBUX,2024-07-29,2024-08-23,backfill,O:SBUX240920C00080000,80.0,2024-09-20,2024-08-06,0.96,1.32,0.96,1.18,600,126,0.96,,monthly_45d_30d_otm,weekly_2_strike0,53,952
SBUX,2024-07-29,2024-08-23,backfill,O:SBUX240920C00080000,80.0,2024-09-20,2024-08-07,1.12,1.44,1.12,1.12,895,103,1.12,,monthly_45d_30d_otm,weekly_2_strike0,53,952
SBUX,2024-07-29,2024-08-23,backfill,O:SBUX240920C00080000,80.0,2024-09-20,2024-08-08,1.03,1.25,0.9,1.1,622,109,1.03,,monthly_45d_30d_otm,weekly_2_strike0,53,952
SBUX,2024-07-29,2024-08-23,backfill,O:SBUX240920C00080000,80.0,2024-09-20,2024-08-09,1.03,1.03,0.75,0.78,478,78,1.03,,monthly_45d_30d_otm,weekly_2_strike0,53,952
SBUX,2024-07-29,2024-08-23,backfill,O:SBUX240920C00080000,80.0,2024-09-20,2024-08-12,1.03,1.83,0.94,1.3,6485,177,1.03,,monthly_45d_30d_otm,weekly_2_strike0,53,952
SBUX,2024-07-29,2024-08-23,backfill,O:SBUX240920C00080000,80.0,2024-09-20,2024-08-13,10.1,16.07,10.1,15.65,5882,254,10.1,,monthly_45d_30d_otm,weekly_2_strike0,53,952
SBUX,2024-07-29,2024-08-23,backfill,O:SBUX240920C00080000,80.0,2024-09-20,2024-08-14,15.5,15.9,11.77,14.1,1355,98,15.5,,monthly_45d_30d_otm,weekly_2_strike0,53,952
SBUX,2024-07-29,2024-08-23,backfill,O:SBUX240920C00080000,80.0,2024-09-20,2024-08-15,14.39,15.0,13.23,15.0,270,70,14.39,,monthly_45d_30d_otm,weekly_2_strike0,53,952
SBUX,2024-07-29,2024-08-23,backfill,O:SBUX240920C00080000,80.0,2024-09-20,2024-08-16,14.09,16.1,14.09,15.4,102,44,14.09,,monthly_45d_30d_otm,weekly_2_strike0,53,952
SBUX,2024-07-29,2024-08-23,backfill,O:SBUX240920C00080000,80.0,2024-09-20,2024-08-19,15.25,15.25,12.7,12.95,93,36,15.25,,monthly_45d_30d_otm,weekly_2_strike0,53,952
SBUX,2024-07-29,2024-08-23,backfill,O:SBUX240920C00080000,80.0,2024-09-20,2024-08-20,12.9,14.15,12.75,13.6,45,15,12.9,,monthly_45d_30d_otm,weekly_2_strike0,53,952
SBUX,2024-07-29,2024-08-23,backfill,O:SBUX240920C00080000,80.0,2024-09-20,2024-08-21,13.3,13.75,13.3,13.45,18,12,13.3,,monthly_45d_30d_otm,weekly_2_strike0,53,952
SBUX,2024-07-29,2024-08-23,backfill,O:SBUX240920C00080000,80.0,2024-09-20,2024-08-22,13.0,13.0,12.62,12.8,8,5,13.0,,monthly_45d_30d_otm,weekly_2_strike0,53,952
SBUX,2024-07-29,2024-08-23,backfill,O:SBUX240920C00080000,80.0,2024-09-20,2024-08-23,13.2,14.75,13.2,14.2,33,15,13.2,,monthly_45d_30d_otm,weekly_2_strike0,53,952
SBUX,2025-02-06,2025-03-06,backfill,O:SBUX250321C00120000,120.0,2025-03-21,2025-02-06,0.8,0.8,0.57,0.66,141,31,0.8,,monthly_30d_25d_otm,weekly_2_strike0,43,141
SBUX,2025-02-06,2025-03-06,backfill,O:SBUX250321C00120000,120.0,2025-03-21,2025-02-07,0.5,0.72,0.36,0.67,133,27,0.5,,monthly_30d_25d_otm,weekly_2_strike0,43,141
SBUX,2025-02-06,2025-03-06,backfill,O:SBUX250321C00120000,120.0,2025-03-21,2025-02-10,0.7,0.7,0.44,0.47,25,12,0.7,,monthly_30d_25d_otm,weekly_2_strike0,43,141
SBUX,2025-02-06,2025-03-06,backfill,O:SBUX250321C00120000,120.0,2025-03-21,2025-02-11,0.43,0.57,0.41,0.43,68,16,0.43,,monthly_30d_25d_otm,weekly_2_strike0,43,141
SBUX,2025-02-06,2025-03-06,backfill,O:SBUX250321C00120000,120.0,2025-03-21,2025-02-12,0.44,0.8,0.43,0.8,133,31,0.44,,monthly_30d_25d_otm,weekly_2_strike0,43,141
SBUX,2025-02-06,2025-03-06,backfill,O:SBUX250321C00120000,120.0,2025-03-21,2025-02-13,0.79,0.79,0.52,0.72,456,28,0.79,,monthly_30d_25d_otm,weekly_2_strike0,43,141
SBUX,2025-02-06,2025-03-06,backfill,O:SBUX250321C00120000,120.0,2025-03-21,2025-02-14,0.79,0.9,0.62,0.66,299,45,0.79,,monthly_30d_25d_otm,weekly_2_strike0,43,141
SBUX,2025-02-06,2025-03-06,backfill,O:SBUX250321C00120000,120.0,2025-03-21,2025-02-18,0.59,0.74,0.49,0.68,323,37,0.59,,monthly_30d_25d_otm,weekly_2_strike0,43,141
SBUX,2025-02-06,2025-03-06,backfill,O:SBUX250321C00120000,120.0,2025-03-21,2025-02-19,0.65,0.72,0.55,0.64,276,23,0.65,,monthly_30d_25d_otm,weekly_2_strike0,43,141
SBUX,2025-02-06,2025-03-06,backfill,O:SBUX250321C00120000,120.0,2025-03-21,2025-02-20,0.57,0.73,0.51,0.71,6840,53,0.57,,monthly_30d_25d_otm,weekly_2_strike0,43,141
SBUX,2025-02-06,2025-03-06,backfill,O:SBUX250321C00120000,120.0,2025-03-21,2025-02-21,0.66,0.96,0.5,0.5,893,101,0.66,,monthly_30d_25d_otm,weekly_2_strike0,43,141
SBUX,2025-02-06,2025-03-06,backfill,O:SBUX250321C00120000,120.0,2025-03-21,2025-02-24,0.51,0.85,0.48,0.74,219,48,0.51,,monthly_30d_25d_otm,weekly_2_strike0,43,141
SBUX,2025-02-06,2025-03-06,backfill,O:SBUX250321C00120000,120.0,2025-03-21,2025-02-25,0.72,1.4,0.65,0.94,9507,121,0.72,,monthly_30d_25d_otm,weekly_2_strike0,43,141
SBUX,2025-02-06,2025-03-06,backfill,O:SBUX250321C00120000,120.0,2025-03-21,2025-02-26,1.05,1.09,0.6,0.7,1069,65,1.05,,monthly_30d_25d_otm,weekly_2_strike0,43,141
SBUX,2025-02-06,2025-03-06,backfill,O:SBUX250321C00120000,120.0,2025-03-21,2025-02-27,0.78,1.34,0.78,1.11,1504,97,0.78,,monthly_30d_25d_otm,weekly_2_strike0,43,141
SBUX,2025-02-06,2025-03-06,backfill,O:SBUX250321C00120000,120.0,2025-03-21,2025-02-28,1.24,1.39,0.92,1.26,444,63,1.24,,monthly_30d_25d_otm,weekly_2_strike0,43,141
SBUX,2025-02-06,2025-03-06,backfill,O:SBUX250321C00120000,120.0,2025-03-21,2025-03-03,1.2,1.72,0.83,1.11,1636,67,1.2,,monthly_30d_25d_otm,weekly_2_strike0,43,141
SBUX,2025-02-06,2025-03-06,backfill,O:SBUX250321C00120000,120.0,2025-03-21,2025-03-04,0.95,1.1,0.48,0.48,652,77,0.95,,monthly_30d_25d_otm,weekly_2_strike0,43,141
SBUX,2025-02-06,2025-03-06,backfill,O:SBUX250321C00120000,120.0,2025-03-21,2025-03-05,0.4,0.45,0.21,0.28,299,31,0.4,,monthly_30d_25d_otm,weekly_2_strike0,43,141
SBUX,2025-02-06,2025-03-06,backfill,O:SBUX250321C00120000,120.0,2025-03-21,2025-03-06,0.1,0.23,0.06,0.09,724,55,0.1,,monthly_30d_25d_otm,weekly_2_strike0,43,141
SBUX,2026-03-04,2026-03-27,backfill,O:SBUX260417C00105000,105.0,2026-04-17,2026-03-04,1.6,1.6,1.28,1.33,318,49,1.6,,monthly_30d_25d_otm,weekly_2_strike0,44,318
SBUX,2026-03-04,2026-03-27,backfill,O:SBUX260417C00105000,105.0,2026-04-17,2026-03-05,1.37,1.81,1.3,1.72,456,71,1.37,,monthly_30d_25d_otm,weekly_2_strike0,44,318
SBUX,2026-03-04,2026-03-27,backfill,O:SBUX260417C00105000,105.0,2026-04-17,2026-03-06,1.34,2.02,1.2,2.0,358,64,1.34,,monthly_30d_25d_otm,weekly_2_strike0,44,318
SBUX,2026-03-04,2026-03-27,backfill,O:SBUX260417C00105000,105.0,2026-04-17,2026-03-09,1.71,2.42,1.42,2.14,1212,90,1.71,,monthly_30d_25d_otm,weekly_2_strike0,44,318
SBUX,2026-03-04,2026-03-27,backfill,O:SBUX260417C00105000,105.0,2026-04-17,2026-03-10,2.06,2.45,1.56,2.26,1878,171,2.06,,monthly_30d_25d_otm,weekly_2_strike0,44,318
SBUX,2026-03-04,2026-03-27,backfill,O:SBUX260417C00105000,105.0,2026-04-17,2026-03-11,2.42,2.59,1.82,2.47,874,107,2.42,,monthly_30d_25d_otm,weekly_2_strike0,44,318
SBUX,2026-03-04,2026-03-27,backfill,O:SBUX260417C00105000,105.0,2026-04-17,2026-03-12,2.21,2.9,2.05,2.05,594,101,2.21,,monthly_30d_25d_otm,weekly_2_strike0,44,318
SBUX,2026-03-04,2026-03-27,backfill,O:SBUX260417C00105000,105.0,2026-04-17,2026-03-13,2.32,2.32,1.5,1.6,953,67,2.32,,monthly_30d_25d_otm,weekly_2_strike0,44,318
SBUX,2026-03-04,2026-03-27,backfill,O:SBUX260417C00105000,105.0,2026-04-17,2026-03-16,1.65,1.66,0.98,1.06,943,68,1.65,,monthly_30d_25d_otm,weekly_2_strike0,44,318
SBUX,2026-03-04,2026-03-27,backfill,O:SBUX260417C00105000,105.0,2026-04-17,2026-03-17,1.23,1.28,0.87,0.87,437,57,1.23,,monthly_30d_25d_otm,weekly_2_strike0,44,318
SBUX,2026-03-04,2026-03-27,backfill,O:SBUX260417C00105000,105.0,2026-04-17,2026-03-18,0.61,0.74,0.32,0.41,1520,115,0.61,,monthly_30d_25d_otm,weekly_2_strike0,44,318
SBUX,2026-03-04,2026-03-27,backfill,O:SBUX260417C00105000,105.0,2026-04-17,2026-03-19,0.25,0.62,0.24,0.62,303,56,0.25,,monthly_30d_25d_otm,weekly_2_strike0,44,318
SBUX,2026-03-04,2026-03-27,backfill,O:SBUX260417C00105000,105.0,2026-04-17,2026-03-20,0.49,0.65,0.29,0.3,330,46,0.49,,monthly_30d_25d_otm,weekly_2_strike0,44,318
SBUX,2026-03-04,2026-03-27,backfill,O:SBUX260417C00105000,105.0,2026-04-17,2026-03-23,0.36,0.44,0.28,0.28,266,41,0.36,,monthly_30d_25d_otm,weekly_2_strike0,44,318
SBUX,2026-03-04,2026-03-27,backfill,O:SBUX260417C00105000,105.0,2026-04-17,2026-03-24,0.2,0.22,0.14,0.14,592,50,0.2,,monthly_30d_25d_otm,weekly_2_strike0,44,318
SBUX,2026-03-04,2026-03-27,backfill,O:SBUX260417C00105000,105.0,2026-04-17,2026-03-25,0.15,0.18,0.1,0.15,44,16,0.15,,monthly_30d_25d_otm,weekly_2_strike0,44,318
SBUX,2026-03-04,2026-03-27,backfill,O:SBUX260417C00105000,105.0,2026-04-17,2026-03-26,0.1,0.15,0.06,0.11,235,20,0.1,,monthly_30d_25d_otm,weekly_2_strike0,44,318
SBUX,2026-03-04,2026-03-27,backfill,O:SBUX260417C00105000,105.0,2026-04-17,2026-03-27,0.15,0.15,0.03,0.06,695,143,0.15,,monthly_30d_25d_otm,weekly_2_strike0,44,318
SCHW,2025-05-07,2025-06-04,backfill,O:SCHW250620C00090000,90.0,2025-06-20,2025-05-07,0.71,0.88,0.71,0.8,195,29,0.71,,monthly_30d_25d_otm,weekly_2_strike0,44,195
SCHW,2025-05-07,2025-06-04,backfill,O:SCHW250620C00090000,90.0,2025-06-20,2025-05-08,0.84,1.01,0.74,0.9,107,23,0.84,,monthly_30d_25d_otm,weekly_2_strike0,44,195
SCHW,2025-05-07,2025-06-04,backfill,O:SCHW250620C00090000,90.0,2025-06-20,2025-05-09,0.72,0.83,0.71,0.83,24,7,0.72,,monthly_30d_25d_otm,weekly_2_strike0,44,195
SCHW,2025-05-07,2025-06-04,backfill,O:SCHW250620C00090000,90.0,2025-06-20,2025-05-12,1.15,1.15,0.73,0.8,608,20,1.15,,monthly_30d_25d_otm,weekly_2_strike0,44,195
SCHW,2025-05-07,2025-06-04,backfill,O:SCHW250620C00090000,90.0,2025-06-20,2025-05-13,0.95,1.26,0.95,1.1,1270,50,0.95,,monthly_30d_25d_otm,weekly_2_strike0,44,195
SCHW,2025-05-07,2025-06-04,backfill,O:SCHW250620C00090000,90.0,2025-06-20,2025-05-14,0.94,1.48,0.94,1.48,385,32,0.94,,monthly_30d_25d_otm,weekly_2_strike0,44,195
SCHW,2025-05-07,2025-06-04,backfill,O:SCHW250620C00090000,90.0,2025-06-20,2025-05-15,1.43,1.94,1.43,1.86,2597,50,1.43,,monthly_30d_25d_otm,weekly_2_strike0,44,195
SCHW,2025-05-07,2025-06-04,backfill,O:SCHW250620C00090000,90.0,2025-06-20,2025-05-16,1.74,2.08,1.74,1.97,1553,42,1.74,,monthly_30d_25d_otm,weekly_2_strike0,44,195
SCHW,2025-05-07,2025-06-04,backfill,O:SCHW250620C00090000,90.0,2025-06-20,2025-05-19,2.0,2.26,1.93,2.15,1158,24,2.0,,monthly_30d_25d_otm,weekly_2_strike0,44,195
SCHW,2025-05-07,2025-06-04,backfill,O:SCHW250620C00090000,90.0,2025-06-20,2025-05-20,2.3,2.34,2.03,2.09,111,22,2.3,,monthly_30d_25d_otm,weekly_2_strike0,44,195
SCHW,2025-05-07,2025-06-04,backfill,O:SCHW250620C00090000,90.0,2025-06-20,2025-05-21,1.82,1.87,1.31,1.48,161,15,1.82,,monthly_30d_25d_otm,weekly_2_strike0,44,195
SCHW,2025-05-07,2025-06-04,backfill,O:SCHW250620C00090000,90.0,2025-06-20,2025-05-22,1.35,1.45,1.28,1.38,96,17,1.35,,monthly_30d_25d_otm,weekly_2_strike0,44,195
SCHW,2025-05-07,2025-06-04,backfill,O:SCHW250620C00090000,90.0,2025-06-20,2025-05-23,1.38,1.41,1.1,1.38,80,9,1.38,,monthly_30d_25d_otm,weekly_2_strike0,44,195
SCHW,2025-05-07,2025-06-04,backfill,O:SCHW250620C00090000,90.0,2025-06-20,2025-05-27,1.3,1.65,1.28,1.48,179,23,1.3,,monthly_30d_25d_otm,weekly_2_strike0,44,195
SCHW,2025-05-07,2025-06-04,backfill,O:SCHW250620C00090000,90.0,2025-06-20,2025-05-28,1.42,1.44,1.25,1.34,2059,15,1.42,,monthly_30d_25d_otm,weekly_2_strike0,44,195
SCHW,2025-05-07,2025-06-04,backfill,O:SCHW250620C00090000,90.0,2025-06-20,2025-05-29,1.03,1.1,0.97,1.04,214,15,1.03,,monthly_30d_25d_otm,weekly_2_strike0,44,195
SCHW,2025-05-07,2025-06-04,backfill,O:SCHW250620C00090000,90.0,2025-06-20,2025-05-30,0.9,1.22,0.82,1.16,2364,19,0.9,,monthly_30d_25d_otm,weekly_2_strike0,44,195
SCHW,2025-05-07,2025-06-04,backfill,O:SCHW250620C00090000,90.0,2025-06-20,2025-06-02,0.94,1.16,0.69,1.13,182,11,0.94,,monthly_30d_25d_otm,weekly_2_strike0,44,195
SCHW,2025-05-07,2025-06-04,backfill,O:SCHW250620C00090000,90.0,2025-06-20,2025-06-03,1.22,1.22,0.95,0.95,23,7,1.22,,monthly_30d_25d_otm,weekly_2_strike0,44,195
SCHW,2025-05-07,2025-06-04,backfill,O:SCHW250620C00090000,90.0,2025-06-20,2025-06-04,1.0,1.0,0.69,0.7,89,17,1.0,,monthly_30d_25d_otm,weekly_2_strike0,44,195
SEDG,2021-11-01,2021-11-29,backfill,O:SEDG211217C00360000,360.0,2021-12-17,2021-11-01,30.86,31.2,27.9,27.9,37,17,30.86,,monthly_30d_atm,weekly_3_strike0,46,37
SEDG,2021-11-01,2021-11-29,backfill,O:SEDG211217C00360000,360.0,2021-12-17,2021-11-02,29.5,29.5,23.3,24.3,11,10,29.5,,monthly_30d_atm,weekly_3_strike0,46,37
SEDG,2021-11-01,2021-11-29,backfill,O:SEDG211217C00360000,360.0,2021-12-17,2021-11-03,12.7,20.2,12.7,20.0,40,26,12.7,,monthly_30d_atm,weekly_3_strike0,46,37
SEDG,2021-11-01,2021-11-29,backfill,O:SEDG211217C00360000,360.0,2021-12-17,2021-11-04,16.5,19.3,16.5,18.4,40,14,16.5,,monthly_30d_atm,weekly_3_strike0,46,37
SEDG,2021-11-01,2021-11-29,backfill,O:SEDG211217C00360000,360.0,2021-12-17,2021-11-05,16.7,17.8,13.8,14.8,59,25,16.7,,monthly_30d_atm,weekly_3_strike0,46,37
SEDG,2021-11-01,2021-11-29,backfill,O:SEDG211217C00360000,360.0,2021-12-17,2021-11-08,16.3,18.26,15.2,18.0,9,9,16.3,,monthly_30d_atm,weekly_3_strike0,46,37
SEDG,2021-11-01,2021-11-29,backfill,O:SEDG211217C00360000,360.0,2021-12-17,2021-11-09,17.8,17.8,16.31,16.31,5,3,17.8,,monthly_30d_atm,weekly_3_strike0,46,37
SEDG,2021-11-01,2021-11-29,backfill,O:SEDG211217C00360000,360.0,2021-12-17,2021-11-10,15.25,15.85,14.9,15.4,10,5,15.25,,monthly_30d_atm,weekly_3_strike0,46,37
SEDG,2021-11-01,2021-11-29,backfill,O:SEDG211217C00360000,360.0,2021-12-17,2021-11-11,21.32,24.6,20.3,22.6,27,17,21.32,,monthly_30d_atm,weekly_3_strike0,46,37
SEDG,2021-11-01,2021-11-29,backfill,O:SEDG211217C00360000,360.0,2021-12-17,2021-11-12,20.0,23.0,20.0,21.7,18,10,20.0,,monthly_30d_atm,weekly_3_strike0,46,37
SEDG,2021-11-01,2021-11-29,backfill,O:SEDG211217C00360000,360.0,2021-12-17,2021-11-15,25.16,25.16,21.3,25.07,228,12,25.16,,monthly_30d_atm,weekly_3_strike0,46,37
SEDG,2021-11-01,2021-11-29,backfill,O:SEDG211217C00360000,360.0,2021-12-17,2021-11-16,21.99,24.4,19.7,20.9,17,8,21.99,,monthly_30d_atm,weekly_3_strike0,46,37
SEDG,2021-11-01,2021-11-29,backfill,O:SEDG211217C00360000,360.0,2021-12-17,2021-11-17,22.01,22.7,22.01,22.3,12,3,22.01,,monthly_30d_atm,weekly_3_strike0,46,37
SEDG,2021-11-01,2021-11-29,backfill,O:SEDG211217C00360000,360.0,2021-12-17,2021-11-18,18.3,18.73,16.2,16.6,13,8,18.3,,monthly_30d_atm,weekly_3_strike0,46,37
SEDG,2021-11-01,2021-11-29,backfill,O:SEDG211217C00360000,360.0,2021-12-17,2021-11-19,18.8,23.44,18.8,21.0,37,15,18.8,,monthly_30d_atm,weekly_3_strike0,46,37
SEDG,2021-11-01,2021-11-29,backfill,O:SEDG211217C00360000,360.0,2021-12-17,2021-11-22,24.6,37.38,14.5,17.0,57,32,24.6,,monthly_30d_atm,weekly_3_strike0,46,37
SEDG,2021-11-01,2021-11-29,backfill,O:SEDG211217C00360000,360.0,2021-12-17,2021-11-23,17.5,21.2,11.0,12.6,158,23,17.5,,monthly_30d_atm,weekly_3_strike0,46,37
SEDG,2021-11-01,2021-11-29,backfill,O:SEDG211217C00360000,360.0,2021-12-17,2021-11-24,8.82,12.5,8.82,12.5,11,6,8.82,,monthly_30d_atm,weekly_3_strike0,46,37
SEDG,2021-11-01,2021-11-29,backfill,O:SEDG211217C00360000,360.0,2021-12-17,2021-11-26,11.19,13.13,9.6,10.63,12,6,11.19,,monthly_30d_atm,weekly_3_strike0,46,37
SEDG,2021-11-01,2021-11-29,backfill,O:SEDG211217C00360000,360.0,2021-12-17,2021-11-29,10.18,10.9,10.18,10.9,2,2,10.18,,monthly_30d_atm,weekly_3_strike0,46,37
SEDG,2022-07-29,2022-08-25,backfill,O:SEDG220819C00340000,340.0,2022-08-19,2022-07-29,24.08,38.0,24.0,37.37,50,19,24.08,,monthly_30d_atm,weekly_3_strike0,21,50
SEDG,2022-07-29,2022-08-25,backfill,O:SEDG220819C00340000,340.0,2022-08-19,2022-08-01,35.6,37.7,32.0,32.0,5,5,35.6,,monthly_30d_atm,weekly_3_strike0,21,50
SEDG,2022-07-29,2022-08-25,backfill,O:SEDG220819C00340000,340.0,2022-08-19,2022-08-02,36.5,44.5,36.5,42.15,108,9,36.5,,monthly_30d_atm,weekly_3_strike0,21,50
SEDG,2022-07-29,2022-08-25,backfill,O:SEDG220819C00340000,340.0,2022-08-19,2022-08-03,5.4,7.4,3.3,3.4,250,67,5.4,,monthly_30d_atm,weekly_3_strike0,21,50
SEDG,2022-07-29,2022-08-25,backfill,O:SEDG220819C00340000,340.0,2022-08-19,2022-08-04,3.5,8.2,2.9,5.6,125,44,3.5,,monthly_30d_atm,weekly_3_strike0,21,50
SEDG,2022-07-29,2022-08-25,backfill,O:SEDG220819C00340000,340.0,2022-08-19,2022-08-05,6.61,10.55,5.39,6.15,133,33,6.61,,monthly_30d_atm,weekly_3_strike0,21,50
SEDG,2022-07-29,2022-08-25,backfill,O:SEDG220819C00340000,340.0,2022-08-19,2022-08-08,8.5,10.3,2.53,2.53,81,33,8.5,,monthly_30d_atm,weekly_3_strike0,21,50
SEDG,2022-07-29,2022-08-25,backfill,O:SEDG220819C00340000,340.0,2022-08-19,2022-08-09,1.6,4.0,1.6,3.4,625,28,1.6,,monthly_30d_atm,weekly_3_strike0,21,50
SEDG,2022-07-29,2022-08-25,backfill,O:SEDG220819C00340000,340.0,2022-08-19,2022-08-10,5.25,5.37,3.58,5.3,72,34,5.25,,monthly_30d_atm,weekly_3_strike0,21,50
SEDG,2022-07-29,2022-08-25,backfill,O:SEDG220819C00340000,340.0,2022-08-19,2022-08-11,6.0,6.0,3.2,3.35,98,20,6.0,,monthly_30d_atm,weekly_3_strike0,21,50
SEDG,2022-07-29,2022-08-25,backfill,O:SEDG220819C00340000,340.0,2022-08-19,2022-08-12,3.3,6.9,3.3,4.8,287,36,3.3,,monthly_30d_atm,weekly_3_strike0,21,50
SEDG,2022-07-29,2022-08-25,backfill,O:SEDG220819C00340000,340.0,2022-08-19,2022-08-15,5.0,5.0,2.2,2.4,48,25,5.0,,monthly_30d_atm,weekly_3_strike0,21,50
SEDG,2022-07-29,2022-08-25,backfill,O:SEDG220819C00340000,340.0,2022-08-19,2022-08-16,0.75,0.9,0.35,0.35,182,26,0.75,,monthly_30d_atm,weekly_3_strike0,21,50
SEDG,2022-07-29,2022-08-25,backfill,O:SEDG220819C00340000,340.0,2022-08-19,2022-08-17,0.51,0.65,0.2,0.25,40,12,0.51,,monthly_30d_atm,weekly_3_strike0,21,50
SEDG,2022-07-29,2022-08-25,backfill,O:SEDG220819C00340000,340.0,2022-08-19,2022-08-18,0.3,0.35,0.1,0.12,20,11,0.3,,monthly_30d_atm,weekly_3_strike0,21,50
SEDG,2022-07-29,2022-08-25,backfill,O:SEDG220819C00340000,340.0,2022-08-19,2022-08-19,0.1,0.1,0.1,0.1,5,1,0.1,,monthly_30d_atm,weekly_3_strike0,21,50
SEDG,2024-04-11,2024-04-19,backfill,O:SEDG240517C00085000,85.0,2024-05-17,2024-04-11,3.01,3.1,2.97,3.0,6,5,3.01,,monthly_30d_20d_otm,weekly_2_strike0,36,6
SEDG,2024-04-11,2024-04-19,backfill,O:SEDG240517C00085000,85.0,2024-05-17,2024-04-12,3.4,3.4,2.5,2.5,14,5,3.4,,monthly_30d_20d_otm,weekly_2_strike0,36,6
SEDG,2024-04-11,2024-04-19,backfill,O:SEDG240517C00085000,85.0,2024-05-17,2024-04-15,2.0,2.13,1.42,1.42,91,10,2.0,,monthly_30d_20d_otm,weekly_2_strike0,36,6
SEDG,2024-04-11,2024-04-19,backfill,O:SEDG240517C00085000,85.0,2024-05-17,2024-04-16,1.33,1.33,1.09,1.24,30,13,1.33,,monthly_30d_20d_otm,weekly_2_strike0,36,6
SEDG,2024-04-11,2024-04-19,backfill,O:SEDG240517C00085000,85.0,2024-05-17,2024-04-17,1.28,1.28,1.04,1.23,80,4,1.28,,monthly_30d_20d_otm,weekly_2_strike0,36,6
SEDG,2024-04-11,2024-04-19,backfill,O:SEDG240517C00085000,85.0,2024-05-17,2024-04-18,0.85,1.11,0.85,0.85,197,7,0.85,,monthly_30d_20d_otm,weekly_2_strike0,36,6
SEDG,2025-01-07,2025-02-05,backfill,O:SEDG250321C00020000,20.0,2025-03-21,2025-01-07,3.3,3.51,2.85,2.98,125,26,3.3,,monthly_60d_35d_otm,weekly_2_strike0,73,125
SEDG,2025-01-07,2025-02-05,backfill,O:SEDG250321C00020000,20.0,2025-03-21,2025-01-08,2.12,2.4,1.8,1.8,49,14,2.12,,monthly_60d_35d_otm,weekly_2_strike0,73,125
SEDG,2025-01-07,2025-02-05,backfill,O:SEDG250321C00020000,20.0,2025-03-21,2025-01-10,1.5,1.63,1.35,1.59,42,9,1.5,,monthly_60d_35d_otm,weekly_2_strike0,73,125
SEDG,2025-01-07,2025-02-05,backfill,O:SEDG250321C00020000,20.0,2025-03-21,2025-01-13,1.24,1.38,1.2,1.38,6,6,1.24,,monthly_60d_35d_otm,weekly_2_strike0,73,125
SEDG,2025-01-07,2025-02-05,backfill,O:SEDG250321C00020000,20.0,2025-03-21,2025-01-14,1.65,1.65,1.19,1.19,18,6,1.65,,monthly_60d_35d_otm,weekly_2_strike0,73,125
SEDG,2025-01-07,2025-02-05,backfill,O:SEDG250321C00020000,20.0,2025-03-21,2025-01-15,1.44,1.44,1.22,1.22,27,4,1.44,,monthly_60d_35d_otm,weekly_2_strike0,73,125
SEDG,2025-01-07,2025-02-05,backfill,O:SEDG250321C00020000,20.0,2025-03-21,2025-01-16,1.13,1.19,1.03,1.03,93,9,1.13,,monthly_60d_35d_otm,weekly_2_strike0,73,125
SEDG,2025-01-07,2025-02-05,backfill,O:SEDG250321C00020000,20.0,2025-03-21,2025-01-17,1.15,1.15,0.88,0.89,71,12,1.15,,monthly_60d_35d_otm,weekly_2_strike0,73,125
SEDG,2025-01-07,2025-02-05,backfill,O:SEDG250321C00020000,20.0,2025-03-21,2025-01-21,0.8,0.9,0.71,0.71,114,19,0.8,,monthly_60d_35d_otm,weekly_2_strike0,73,125
SEDG,2025-01-07,2025-02-05,backfill,O:SEDG250321C00020000,20.0,2025-03-21,2025-01-22,0.67,0.72,0.62,0.69,157,14,0.67,,monthly_60d_35d_otm,weekly_2_strike0,73,125
SEDG,2025-01-07,2025-02-05,backfill,O:SEDG250321C00020000,20.0,2025-03-21,2025-01-23,0.6,0.73,0.5,0.73,80,15,0.6,,monthly_60d_35d_otm,weekly_2_strike0,73,125
SEDG,2025-01-07,2025-02-05,backfill,O:SEDG250321C00020000,20.0,2025-03-21,2025-01-24,0.9,1.18,0.76,1.07,1302,70,0.9,,monthly_60d_35d_otm,weekly_2_strike0,73,125
SEDG,2025-01-07,2025-02-05,backfill,O:SEDG250321C00020000,20.0,2025-03-21,2025-01-27,1.12,1.2,0.8,0.82,965,43,1.12,,monthly_60d_35d_otm,weekly_2_strike0,73,125
SEDG,2025-01-07,2025-02-05,backfill,O:SEDG250321C00020000,20.0,2025-03-21,2025-01-28,0.8,0.81,0.61,0.66,332,35,0.8,,monthly_60d_35d_otm,weekly_2_strike0,73,125
SEDG,2025-01-07,2025-02-05,backfill,O:SEDG250321C00020000,20.0,2025-03-21,2025-01-29,0.65,0.74,0.58,0.62,129,16,0.65,,monthly_60d_35d_otm,weekly_2_strike0,73,125
SEDG,2025-01-07,2025-02-05,backfill,O:SEDG250321C00020000,20.0,2025-03-21,2025-01-30,0.61,0.7,0.52,0.61,153,18,0.61,,monthly_60d_35d_otm,weekly_2_strike0,73,125
SEDG,2025-01-07,2025-02-05,backfill,O:SEDG250321C00020000,20.0,2025-03-21,2025-01-31,0.78,0.78,0.55,0.62,103,21,0.78,,monthly_60d_35d_otm,weekly_2_strike0,73,125
SEDG,2025-01-07,2025-02-05,backfill,O:SEDG250321C00020000,20.0,2025-03-21,2025-02-03,0.53,0.75,0.48,0.64,135,20,0.53,,monthly_60d_35d_otm,weekly_2_strike0,73,125
SEDG,2025-01-07,2025-02-05,backfill,O:SEDG250321C00020000,20.0,2025-03-21,2025-02-04,0.72,0.85,0.7,0.7,66,14,0.72,,monthly_60d_35d_otm,weekly_2_strike0,73,125
SEDG,2025-01-07,2025-02-05,backfill,O:SEDG250321C00020000,20.0,2025-03-21,2025-02-05,0.65,0.85,0.65,0.7,186,13,0.65,,monthly_60d_35d_otm,weekly_2_strike0,73,125
SHOP,2020-01-24,2020-02-21,backfill,O:SHOP200221C00490000,490.0,2020-02-21,2020-01-24,19.0,19.14,16.75,16.9,92,13,19.0,,monthly_30d_30d_otm,weekly_1_strike0,28,92
SHOP,2020-01-24,2020-02-21,backfill,O:SHOP200221C00490000,490.0,2020-02-21,2020-01-27,11.75,14.4,11.75,12.3,60,11,11.75,,monthly_30d_30d_otm,weekly_1_strike0,28,92
SHOP,2020-01-24,2020-02-21,backfill,O:SHOP200221C00490000,490.0,2020-02-21,2020-01-28,13.4,16.02,12.98,16.02,4,4,13.4,,monthly_30d_30d_otm,weekly_1_strike0,28,92
SHOP,2020-01-24,2020-02-21,backfill,O:SHOP200221C00490000,490.0,2020-02-21,2020-01-29,21.04,21.05,18.0,18.0,38,17,21.04,,monthly_30d_30d_otm,weekly_1_strike0,28,92
SHOP,2020-01-24,2020-02-21,backfill,O:SHOP200221C00490000,490.0,2020-02-21,2020-01-30,19.26,19.8,15.42,19.6,17,9,19.26,,monthly_30d_30d_otm,weekly_1_strike0,28,92
SHOP,2020-01-24,2020-02-21,backfill,O:SHOP200221C00490000,490.0,2020-02-21,2020-01-31,22.14,22.14,16.0,16.1,37,16,22.14,,monthly_30d_30d_otm,weekly_1_strike0,28,92
SHOP,2020-01-24,2020-02-21,backfill,O:SHOP200221C00490000,490.0,2020-02-21,2020-02-03,16.5,16.5,12.65,15.6,43,24,16.5,,monthly_30d_30d_otm,weekly_1_strike0,28,92
SHOP,2020-01-24,2020-02-21,backfill,O:SHOP200221C00490000,490.0,2020-02-21,2020-02-04,17.8,24.1,17.8,23.9,59,25,17.8,,monthly_30d_30d_otm,weekly_1_strike0,28,92
SHOP,2020-01-24,2020-02-21,backfill,O:SHOP200221C00490000,490.0,2020-02-21,2020-02-05,28.3,28.3,17.73,18.6,120,31,28.3,,monthly_30d_30d_otm,weekly_1_strike0,28,92
SHOP,2020-01-24,2020-02-21,backfill,O:SHOP200221C00490000,490.0,2020-02-21,2020-02-06,17.9,18.81,16.43,17.51,57,21,17.9,,monthly_30d_30d_otm,weekly_1_strike0,28,92
SHOP,2020-01-24,2020-02-21,backfill,O:SHOP200221C00490000,490.0,2020-02-21,2020-02-07,16.99,21.1,15.3,20.9,62,18,16.99,,monthly_30d_30d_otm,weekly_1_strike0,28,92
SHOP,2020-01-24,2020-02-21,backfill,O:SHOP200221C00490000,490.0,2020-02-21,2020-02-10,20.5,26.8,20.4,25.92,177,78,20.5,,monthly_30d_30d_otm,weekly_1_strike0,28,92
SHOP,2020-01-24,2020-02-21,backfill,O:SHOP200221C00490000,490.0,2020-02-21,2020-02-11,27.53,30.4,23.7,25.35,246,74,27.53,,monthly_30d_30d_otm,weekly_1_strike0,28,92
SHOP,2020-01-24,2020-02-21,backfill,O:SHOP200221C00490000,490.0,2020-02-21,2020-02-12,94.2,98.7,51.0,51.2,263,34,94.2,,monthly_30d_30d_otm,weekly_1_strike0,28,92
SHOP,2020-01-24,2020-02-21,backfill,O:SHOP200221C00490000,490.0,2020-02-21,2020-02-13,46.95,66.05,45.0,45.25,20,12,46.95,,monthly_30d_30d_otm,weekly_1_strike0,28,92
SHOP,2020-01-24,2020-02-21,backfill,O:SHOP200221C00490000,490.0,2020-02-21,2020-02-14,50.0,51.56,39.32,39.32,58,14,50.0,,monthly_30d_30d_otm,weekly_1_strike0,28,92
SHOP,2020-01-24,2020-02-21,backfill,O:SHOP200221C00490000,490.0,2020-02-21,2020-02-18,51.48,58.5,46.6,47.75,64,8,51.48,,monthly_30d_30d_otm,weekly_1_strike0,28,92
SHOP,2020-01-24,2020-02-21,backfill,O:SHOP200221C00490000,490.0,2020-02-21,2020-02-19,51.9,58.0,51.9,52.52,22,7,51.9,,monthly_30d_30d_otm,weekly_1_strike0,28,92
SHOP,2020-01-24,2020-02-21,backfill,O:SHOP200221C00490000,490.0,2020-02-21,2020-02-20,50.98,56.2,36.2,44.49,27,12,50.98,,monthly_30d_30d_otm,weekly_1_strike0,28,92
SHOP,2020-01-24,2020-02-21,backfill,O:SHOP200221C00490000,490.0,2020-02-21,2020-02-21,35.0,35.0,22.2,25.15,21,7,35.0,,monthly_30d_30d_otm,weekly_1_strike0,28,92
SHOP,2020-04-24,2020-05-21,backfill,O:SHOP200515C00710000,710.0,2020-05-15,2020-04-24,35.6,35.6,33.0,33.0,7,6,35.6,,monthly_30d_30d_otm,weekly_1_strike0,21,7
SHOP,2020-04-24,2020-05-21,backfill,O:SHOP200515C00710000,710.0,2020-05-15,2020-04-27,39.37,39.41,21.86,23.08,14,8,39.37,,monthly_30d_30d_otm,weekly_1_strike0,21,7
SHOP,2020-04-24,2020-05-21,backfill,O:SHOP200515C00710000,710.0,2020-05-15,2020-04-28,21.52,23.8,17.3,23.8,9,5,21.52,,monthly_30d_30d_otm,weekly_1_strike0,21,7
SHOP,2020-04-24,2020-05-21,backfill,O:SHOP200515C00710000,710.0,2020-05-15,2020-04-29,23.15,23.45,22.4,23.45,25,4,23.15,,monthly_30d_30d_otm,weekly_1_strike0,21,7
SHOP,2020-04-24,2020-05-21,backfill,O:SHOP200515C00710000,710.0,2020-05-15,2020-04-30,19.41,19.41,19.41,19.41,1,1,19.41,,monthly_30d_30d_otm,weekly_1_strike0,21,7
SHOP,2020-04-24,2020-05-21,backfill,O:SHOP200515C00710000,710.0,2020-05-15,2020-05-01,16.6,16.6,12.9,14.0,7,6,16.6,,monthly_30d_30d_otm,weekly_1_strike0,21,7
SHOP,2020-04-24,2020-05-21,backfill,O:SHOP200515C00710000,710.0,2020-05-15,2020-05-04,15.67,22.61,15.67,22.61,64,22,15.67,,monthly_30d_30d_otm,weekly_1_strike0,21,7
SHOP,2020-04-24,2020-05-21,backfill,O:SHOP200515C00710000,710.0,2020-05-15,2020-05-05,25.0,42.0,25.0,31.23,106,49,25.0,,monthly_30d_30d_otm,weekly_1_strike0,21,7
SHOP,2020-04-24,2020-05-21,backfill,O:SHOP200515C00710000,710.0,2020-05-15,2020-05-06,19.8,47.33,19.8,46.2,185,65,19.8,,monthly_30d_30d_otm,weekly_1_strike0,21,7
SHOP,2020-04-24,2020-05-21,backfill,O:SHOP200515C00710000,710.0,2020-05-15,2020-05-07,35.4,45.53,31.0,31.0,29,18,35.4,,monthly_30d_30d_otm,weekly_1_strike0,21,7
SHOP,2020-04-24,2020-05-21,backfill,O:SHOP200515C00710000,710.0,2020-05-15,2020-05-08,23.1,28.8,19.98,22.0,545,102,23.1,,monthly_30d_30d_otm,weekly_1_strike0,21,7
SHOP,2020-04-24,2020-05-21,backfill,O:SHOP200515C00710000,710.0,2020-05-15,2020-05-11,20.0,47.2,20.0,46.0,143,48,20.0,,monthly_30d_30d_otm,weekly_1_strike0,21,7
SHOP,2020-04-24,2020-05-21,backfill,O:SHOP200515C00710000,710.0,2020-05-15,2020-05-12,59.8,63.07,40.9,40.9,87,21,59.8,,monthly_30d_30d_otm,weekly_1_strike0,21,7
SHOP,2020-04-24,2020-05-21,backfill,O:SHOP200515C00710000,710.0,2020-05-15,2020-05-13,44.99,60.9,26.94,51.0,43,15,44.99,,monthly_30d_30d_otm,weekly_1_strike0,21,7
SHOP,2020-04-24,2020-05-21,backfill,O:SHOP200515C00710000,710.0,2020-05-15,2020-05-14,45.3,46.52,32.7,44.32,39,9,45.3,,monthly_30d_30d_otm,weekly_1_strike0,21,7
SHOP,2020-04-24,2020-05-21,backfill,O:SHOP200515C00710000,710.0,2020-05-15,2020-05-15,47.89,62.85,47.89,59.16,30,13,47.89,,monthly_30d_30d_otm,weekly_1_strike0,21,7
SHOP,2023-05-09,2023-06-06,backfill,O:SHOP230616C00080000,80.0,2023-06-16,2023-05-09,0.46,0.47,0.31,0.41,104,29,0.46,,monthly_30d_20d_otm,weekly_2_strike0,38,104
SHOP,2023-05-09,2023-06-06,backfill,O:SHOP230616C00080000,80.0,2023-06-16,2023-05-10,0.4,0.52,0.29,0.29,237,39,0.4,,monthly_30d_20d_otm,weekly_2_strike0,38,104
SHOP,2023-05-09,2023-06-06,backfill,O:SHOP230616C00080000,80.0,2023-06-16,2023-05-11,0.28,0.29,0.2,0.24,2633,21,0.28,,monthly_30d_20d_otm,weekly_2_strike0,38,104
SHOP,2023-05-09,2023-06-06,backfill,O:SHOP230616C00080000,80.0,2023-06-16,2023-05-12,0.21,0.21,0.14,0.16,5491,26,0.21,,monthly_30d_20d_otm,weekly_2_strike0,38,104
SHOP,2023-05-09,2023-06-06,backfill,O:SHOP230616C00080000,80.0,2023-06-16,2023-05-15,0.16,0.17,0.14,0.14,520,16,0.16,,monthly_30d_20d_otm,weekly_2_strike0,38,104
SHOP,2023-05-09,2023-06-06,backfill,O:SHOP230616C00080000,80.0,2023-06-16,2023-05-16,0.14,0.14,0.09,0.09,110,23,0.14,,monthly_30d_20d_otm,weekly_2_strike0,38,104
SHOP,2023-05-09,2023-06-06,backfill,O:SHOP230616C00080000,80.0,2023-06-16,2023-05-17,0.07,0.1,0.07,0.1,31,9,0.07,,monthly_30d_20d_otm,weekly_2_strike0,38,104
SHOP,2023-05-09,2023-06-06,backfill,O:SHOP230616C00080000,80.0,2023-06-16,2023-05-18,0.08,0.11,0.08,0.09,82,11,0.08,,monthly_30d_20d_otm,weekly_2_strike0,38,104
SHOP,2023-05-09,2023-06-06,backfill,O:SHOP230616C00080000,80.0,2023-06-16,2023-05-19,0.1,0.1,0.08,0.09,29,10,0.1,,monthly_30d_20d_otm,weekly_2_strike0,38,104
SHOP,2023-05-09,2023-06-06,backfill,O:SHOP230616C00080000,80.0,2023-06-16,2023-05-22,0.11,0.19,0.11,0.13,158,30,0.11,,monthly_30d_20d_otm,weekly_2_strike0,38,104
SHOP,2023-05-09,2023-06-06,backfill,O:SHOP230616C00080000,80.0,2023-06-16,2023-05-23,0.11,0.11,0.06,0.06,174,8,0.11,,monthly_30d_20d_otm,weekly_2_strike0,38,104
SHOP,2023-05-09,2023-06-06,backfill,O:SHOP230616C00080000,80.0,2023-06-16,2023-05-24,0.06,0.1,0.06,0.08,54,10,0.06,,monthly_30d_20d_otm,weekly_2_strike0,38,104
SHOP,2023-05-09,2023-06-06,backfill,O:SHOP230616C00080000,80.0,2023-06-16,2023-05-25,0.07,0.08,0.04,0.04,37,7,0.07,,monthly_30d_20d_otm,weekly_2_strike0,38,104
SHOP,2023-05-09,2023-06-06,backfill,O:SHOP230616C00080000,80.0,2023-06-16,2023-05-26,0.06,0.08,0.05,0.07,206,9,0.06,,monthly_30d_20d_otm,weekly_2_strike0,38,104
SHOP,2023-05-09,2023-06-06,backfill,O:SHOP230616C00080000,80.0,2023-06-16,2023-05-30,0.07,0.07,0.04,0.04,3205,9,0.07,,monthly_30d_20d_otm,weekly_2_strike0,38,104
SHOP,2023-05-09,2023-06-06,backfill,O:SHOP230616C00080000,80.0,2023-06-16,2023-05-31,0.03,0.04,0.02,0.02,21,6,0.03,,monthly_30d_20d_otm,weekly_2_strike0,38,104
SHOP,2023-05-09,2023-06-06,backfill,O:SHOP230616C00080000,80.0,2023-06-16,2023-06-01,0.02,0.02,0.02,0.02,53,4,0.02,,monthly_30d_20d_otm,weekly_2_strike0,38,104
SHOP,2023-05-09,2023-06-06,backfill,O:SHOP230616C00080000,80.0,2023-06-16,2023-06-02,0.02,0.03,0.01,0.03,59,5,0.02,,monthly_30d_20d_otm,weekly_2_strike0,38,104
SHOP,2023-05-09,2023-06-06,backfill,O:SHOP230616C00080000,80.0,2023-06-16,2023-06-05,0.03,0.03,0.02,0.02,212,7,0.03,,monthly_30d_20d_otm,weekly_2_strike0,38,104
SHOP,2023-05-09,2023-06-06,backfill,O:SHOP230616C00080000,80.0,2023-06-16,2023-06-06,0.04,0.08,0.03,0.06,495,28,0.04,,monthly_30d_20d_otm,weekly_2_strike0,38,104
SHOP,2023-12-07,2024-01-05,backfill,O:SHOP240119C00076000,76.0,2024-01-19,2023-12-07,1.85,2.38,1.85,2.19,84,26,1.85,,monthly_30d_30d_otm,weekly_2_strike0,43,84
SHOP,2023-12-07,2024-01-05,backfill,O:SHOP240119C00076000,76.0,2024-01-19,2023-12-08,2.29,2.63,2.2,2.46,214,33,2.29,,monthly_30d_30d_otm,weekly_2_strike0,43,84
SHOP,2023-12-07,2024-01-05,backfill,O:SHOP240119C00076000,76.0,2024-01-19,2023-12-11,2.39,2.77,2.33,2.33,77,10,2.39,,monthly_30d_30d_otm,weekly_2_strike0,43,84
SHOP,2023-12-07,2024-01-05,backfill,O:SHOP240119C00076000,76.0,2024-01-19,2023-12-12,2.12,2.12,1.75,2.03,198,19,2.12,,monthly_30d_30d_otm,weekly_2_strike0,43,84
SHOP,2023-12-07,2024-01-05,backfill,O:SHOP240119C00076000,76.0,2024-01-19,2023-12-13,2.03,2.74,1.69,2.65,349,50,2.03,,monthly_30d_30d_otm,weekly_2_strike0,43,84
SHOP,2023-12-07,2024-01-05,backfill,O:SHOP240119C00076000,76.0,2024-01-19,2023-12-14,3.15,4.61,3.15,4.61,628,85,3.15,,monthly_30d_30d_otm,weekly_2_strike0,43,84
SHOP,2023-12-07,2024-01-05,backfill,O:SHOP240119C00076000,76.0,2024-01-19,2023-12-15,4.8,4.8,3.92,4.32,228,42,4.8,,monthly_30d_30d_otm,weekly_2_strike0,43,84
SHOP,2023-12-07,2024-01-05,backfill,O:SHOP240119C00076000,76.0,2024-01-19,2023-12-18,3.35,4.35,3.35,4.0,116,22,3.35,,monthly_30d_30d_otm,weekly_2_strike0,43,84
SHOP,2023-12-07,2024-01-05,backfill,O:SHOP240119C00076000,76.0,2024-01-19,2023-12-19,4.5,6.1,4.5,5.16,318,44,4.5,,monthly_30d_30d_otm,weekly_2_strike0,43,84
SHOP,2023-12-07,2024-01-05,backfill,O:SHOP240119C00076000,76.0,2024-01-19,2023-12-20,4.15,4.91,3.28,3.28,68,20,4.15,,monthly_30d_30d_otm,weekly_2_strike0,43,84
SHOP,2023-12-07,2024-01-05,backfill,O:SHOP240119C00076000,76.0,2024-01-19,2023-12-21,4.0,4.21,3.35,3.36,445,38,4.0,,monthly_30d_30d_otm,weekly_2_strike0,43,84
SHOP,2023-12-07,2024-01-05,backfill,O:SHOP240119C00076000,76.0,2024-01-19,2023-12-22,3.8,4.05,3.6,3.89,126,27,3.8,,monthly_30d_30d_otm,weekly_2_strike0,43,84
SHOP,2023-12-07,2024-01-05,backfill,O:SHOP240119C00076000,76.0,2024-01-19,2023-12-26,3.8,4.6,3.74,4.5,111,30,3.8,,monthly_30d_30d_otm,weekly_2_strike0,43,84
SHOP,2023-12-07,2024-01-05,backfill,O:SHOP240119C00076000,76.0,2024-01-19,2023-12-27,4.45,4.66,4.0,4.35,106,12,4.45,,monthly_30d_30d_otm,weekly_2_strike0,43,84
SHOP,2023-12-07,2024-01-05,backfill,O:SHOP240119C00076000,76.0,2024-01-19,2023-12-28,4.2,4.76,4.2,4.76,23,6,4.2,,monthly_30d_30d_otm,weekly_2_strike0,43,84
SHOP,2023-12-07,2024-01-05,backfill,O:SHOP240119C00076000,76.0,2024-01-19,2023-12-29,4.88,5.2,3.73,4.0,51,15,4.88,,monthly_30d_30d_otm,weekly_2_strike0,43,84
SHOP,2023-12-07,2024-01-05,backfill,O:SHOP240119C00076000,76.0,2024-01-19,2024-01-02,2.77,2.77,1.53,1.71,374,32,2.77,,monthly_30d_30d_otm,weekly_2_strike0,43,84
SHOP,2023-12-07,2024-01-05,backfill,O:SHOP240119C00076000,76.0,2024-01-19,2024-01-03,1.23,1.4,0.91,1.01,259,26,1.23,,monthly_30d_30d_otm,weekly_2_strike0,43,84
SHOP,2023-12-07,2024-01-05,backfill,O:SHOP240119C00076000,76.0,2024-01-19,2024-01-04,0.86,1.61,0.86,1.4,87,26,0.86,,monthly_30d_30d_otm,weekly_2_strike0,43,84
SHOP,2023-12-07,2024-01-05,backfill,O:SHOP240119C00076000,76.0,2024-01-19,2024-01-05,1.41,2.4,1.41,1.68,421,67,1.41,,monthly_30d_30d_otm,weekly_2_strike0,43,84
SHOP,2024-10-03,2024-10-30,backfill,O:SHOP241115C00085000,85.0,2024-11-15,2024-10-03,3.59,3.8,3.33,3.5,361,25,3.59,,monthly_30d_25d_otm,weekly_2_strike0,43,361
SHOP,2024-10-03,2024-10-30,backfill,O:SHOP241115C00085000,85.0,2024-11-15,2024-10-04,4.3,5.5,4.05,5.35,1702,259,4.3,,monthly_30d_25d_otm,weekly_2_strike0,43,361
SHOP,2024-10-03,2024-10-30,backfill,O:SHOP241115C00085000,85.0,2024-11-15,2024-10-07,5.35,5.35,3.75,4.6,331,78,5.35,,monthly_30d_25d_otm,weekly_2_strike0,43,361
SHOP,2024-10-03,2024-10-30,backfill,O:SHOP241115C00085000,85.0,2024-11-15,2024-10-08,4.65,5.57,4.65,5.42,392,120,4.65,,monthly_30d_25d_otm,weekly_2_strike0,43,361
SHOP,2024-10-03,2024-10-30,backfill,O:SHOP241115C00085000,85.0,2024-11-15,2024-10-09,5.46,6.05,5.4,5.57,634,109,5.46,,monthly_30d_25d_otm,weekly_2_strike0,43,361
SHOP,2024-10-03,2024-10-30,backfill,O:SHOP241115C00085000,85.0,2024-11-15,2024-10-10,5.32,5.6,5.05,5.15,525,90,5.32,,monthly_30d_25d_otm,weekly_2_strike0,43,361
SHOP,2024-10-03,2024-10-30,backfill,O:SHOP241115C00085000,85.0,2024-11-15,2024-10-11,3.48,5.8,3.4,5.37,415,76,3.48,,monthly_30d_25d_otm,weekly_2_strike0,43,361
SHOP,2024-10-03,2024-10-30,backfill,O:SHOP241115C00085000,85.0,2024-11-15,2024-10-14,5.46,5.66,4.97,5.35,308,86,5.46,,monthly_30d_25d_otm,weekly_2_strike0,43,361
SHOP,2024-10-03,2024-10-30,backfill,O:SHOP241115C00085000,85.0,2024-11-15,2024-10-15,5.05,5.1,4.14,4.67,457,70,5.05,,monthly_30d_25d_otm,weekly_2_strike0,43,361
SHOP,2024-10-03,2024-10-30,backfill,O:SHOP241115C00085000,85.0,2024-11-15,2024-10-16,4.35,4.65,4.0,4.56,847,108,4.35,,monthly_30d_25d_otm,weekly_2_strike0,43,361
SHOP,2024-10-03,2024-10-30,backfill,O:SHOP241115C00085000,85.0,2024-11-15,2024-10-17,5.05,5.05,4.3,4.37,177,38,5.05,,monthly_30d_25d_otm,weekly_2_strike0,43,361
SHOP,2024-10-03,2024-10-30,backfill,O:SHOP241115C00085000,85.0,2024-11-15,2024-10-18,4.83,5.1,4.7,4.9,718,85,4.83,,monthly_30d_25d_otm,weekly_2_strike0,43,361
SHOP,2024-10-03,2024-10-30,backfill,O:SHOP241115C00085000,85.0,2024-11-15,2024-10-21,5.3,5.3,4.19,4.85,158,34,5.3,,monthly_30d_25d_otm,weekly_2_strike0,43,361
SHOP,2024-10-03,2024-10-30,backfill,O:SHOP241115C00085000,85.0,2024-11-15,2024-10-22,4.7,4.7,4.15,4.35,299,39,4.7,,monthly_30d_25d_otm,weekly_2_strike0,43,361
SHOP,2024-10-03,2024-10-30,backfill,O:SHOP241115C00085000,85.0,2024-11-15,2024-10-23,4.18,4.26,3.44,3.67,219,40,4.18,,monthly_30d_25d_otm,weekly_2_strike0,43,361
SHOP,2024-10-03,2024-10-30,backfill,O:SHOP241115C00085000,85.0,2024-11-15,2024-10-24,3.55,3.7,3.3,3.62,172,26,3.55,,monthly_30d_25d_otm,weekly_2_strike0,43,361
SHOP,2024-10-03,2024-10-30,backfill,O:SHOP241115C00085000,85.0,2024-11-15,2024-10-25,3.66,3.93,3.25,3.25,275,26,3.66,,monthly_30d_25d_otm,weekly_2_strike0,43,361
SHOP,2024-10-03,2024-10-30,backfill,O:SHOP241115C00085000,85.0,2024-11-15,2024-10-28,3.45,3.7,3.35,3.55,275,32,3.45,,monthly_30d_25d_otm,weekly_2_strike0,43,361
SHOP,2024-10-03,2024-10-30,backfill,O:SHOP241115C00085000,85.0,2024-11-15,2024-10-29,3.3,3.85,3.3,3.75,168,21,3.3,,monthly_30d_25d_otm,weekly_2_strike0,43,361
SHOP,2024-10-03,2024-10-30,backfill,O:SHOP241115C00085000,85.0,2024-11-15,2024-10-30,3.3,3.75,3.3,3.59,66,31,3.3,,monthly_30d_25d_otm,weekly_2_strike0,43,361
SLB,2021-03-01,2021-03-26,backfill,O:SLB210416C00030000,30.0,2021-04-16,2021-03-01,1.45,1.7,1.41,1.5,184,17,1.45,,monthly_45d_40d_otm,weekly_2_strike0,46,184
SLB,2021-03-01,2021-03-26,backfill,O:SLB210416C00030000,30.0,2021-04-16,2021-03-02,1.6,1.6,0.78,1.26,272,19,1.6,,monthly_45d_40d_otm,weekly_2_strike0,46,184
SLB,2021-03-01,2021-03-26,backfill,O:SLB210416C00030000,30.0,2021-04-16,2021-03-03,1.42,1.6,1.32,1.35,697,15,1.42,,monthly_45d_40d_otm,weekly_2_strike0,46,184
SLB,2021-03-01,2021-03-26,backfill,O:SLB210416C00030000,30.0,2021-04-16,2021-03-04,1.5,1.73,1.18,1.42,188,29,1.5,,monthly_45d_40d_otm,weekly_2_strike0,46,184
SLB,2021-03-01,2021-03-26,backfill,O:SLB210416C00030000,30.0,2021-04-16,2021-03-05,1.91,2.3,1.3,1.64,212,34,1.91,,monthly_45d_40d_otm,weekly_2_strike0,46,184
SLB,2021-03-01,2021-03-26,backfill,O:SLB210416C00030000,30.0,2021-04-16,2021-03-08,1.74,2.06,1.55,1.93,317,55,1.74,,monthly_45d_40d_otm,weekly_2_strike0,46,184
SLB,2021-03-01,2021-03-26,backfill,O:SLB210416C00030000,30.0,2021-04-16,2021-03-09,1.84,1.84,1.5,1.69,662,35,1.84,,monthly_45d_40d_otm,weekly_2_strike0,46,184
SLB,2021-03-01,2021-03-26,backfill,O:SLB210416C00030000,30.0,2021-04-16,2021-03-10,1.65,1.98,1.48,1.95,284,21,1.65,,monthly_45d_40d_otm,weekly_2_strike0,46,184
SLB,2021-03-01,2021-03-26,backfill,O:SLB210416C00030000,30.0,2021-04-16,2021-03-11,1.95,2.28,1.6,1.67,244,44,1.95,,monthly_45d_40d_otm,weekly_2_strike0,46,184
SLB,2021-03-01,2021-03-26,backfill,O:SLB210416C00030000,30.0,2021-04-16,2021-03-12,1.75,1.75,1.37,1.42,980,41,1.75,,monthly_45d_40d_otm,weekly_2_strike0,46,184
SLB,2021-03-01,2021-03-26,backfill,O:SLB210416C00030000,30.0,2021-04-16,2021-03-15,1.43,1.52,1.15,1.31,366,46,1.43,,monthly_45d_40d_otm,weekly_2_strike0,46,184
SLB,2021-03-01,2021-03-26,backfill,O:SLB210416C00030000,30.0,2021-04-16,2021-03-16,0.98,1.02,0.8,0.83,1739,63,0.98,,monthly_45d_40d_otm,weekly_2_strike0,46,184
SLB,2021-03-01,2021-03-26,backfill,O:SLB210416C00030000,30.0,2021-04-16,2021-03-17,0.75,0.92,0.7,0.86,541,58,0.75,,monthly_45d_40d_otm,weekly_2_strike0,46,184
SLB,2021-03-01,2021-03-26,backfill,O:SLB210416C00030000,30.0,2021-04-16,2021-03-18,0.73,1.03,0.55,0.62,626,47,0.73,,monthly_45d_40d_otm,weekly_2_strike0,46,184
SLB,2021-03-01,2021-03-26,backfill,O:SLB210416C00030000,30.0,2021-04-16,2021-03-19,0.49,0.6,0.42,0.42,406,45,0.49,,monthly_45d_40d_otm,weekly_2_strike0,46,184
SLB,2021-03-01,2021-03-26,backfill,O:SLB210416C00030000,30.0,2021-04-16,2021-03-22,0.41,0.47,0.34,0.47,916,66,0.41,,monthly_45d_40d_otm,weekly_2_strike0,46,184
SLB,2021-03-01,2021-03-26,backfill,O:SLB210416C00030000,30.0,2021-04-16,2021-03-23,0.33,0.43,0.25,0.25,119,28,0.33,,monthly_45d_40d_otm,weekly_2_strike0,46,184
SLB,2021-03-01,2021-03-26,backfill,O:SLB210416C00030000,30.0,2021-04-16,2021-03-24,0.35,0.5,0.35,0.37,280,56,0.35,,monthly_45d_40d_otm,weekly_2_strike0,46,184
SLB,2021-03-01,2021-03-26,backfill,O:SLB210416C00030000,30.0,2021-04-16,2021-03-25,0.33,0.4,0.22,0.4,658,31,0.33,,monthly_45d_40d_otm,weekly_2_strike0,46,184
SLB,2021-03-01,2021-03-26,backfill,O:SLB210416C00030000,30.0,2021-04-16,2021-03-26,0.45,0.58,0.45,0.58,660,30,0.45,,monthly_45d_40d_otm,weekly_2_strike0,46,184
SLB,2022-06-06,2022-06-16,backfill,O:SLB220715C00055000,55.0,2022-07-15,2022-06-06,0.48,0.55,0.47,0.49,125,9,0.48,,monthly_30d_25d_otm,weekly_2_strike0,39,125
SLB,2022-06-06,2022-06-16,backfill,O:SLB220715C00055000,55.0,2022-07-15,2022-06-07,0.43,0.91,0.43,0.84,7482,88,0.43,,monthly_30d_25d_otm,weekly_2_strike0,39,125
SLB,2022-06-06,2022-06-16,backfill,O:SLB220715C00055000,55.0,2022-07-15,2022-06-08,0.81,1.01,0.71,0.95,1099,63,0.81,,monthly_30d_25d_otm,weekly_2_strike0,39,125
SLB,2022-06-06,2022-06-16,backfill,O:SLB220715C00055000,55.0,2022-07-15,2022-06-09,0.74,0.82,0.62,0.62,234,39,0.74,,monthly_30d_25d_otm,weekly_2_strike0,39,125
SLB,2022-06-06,2022-06-16,backfill,O:SLB220715C00055000,55.0,2022-07-15,2022-06-10,0.5,0.61,0.4,0.52,1492,47,0.5,,monthly_30d_25d_otm,weekly_2_strike0,39,125
SLB,2022-06-06,2022-06-16,backfill,O:SLB220715C00055000,55.0,2022-07-15,2022-06-13,0.3,0.33,0.19,0.25,4347,34,0.3,,monthly_30d_25d_otm,weekly_2_strike0,39,125
SLB,2022-06-06,2022-06-16,backfill,O:SLB220715C00055000,55.0,2022-07-15,2022-06-14,0.3,0.32,0.15,0.17,322,54,0.3,,monthly_30d_25d_otm,weekly_2_strike0,39,125
SLB,2022-06-06,2022-06-16,backfill,O:SLB220715C00055000,55.0,2022-07-15,2022-06-15,0.14,0.2,0.09,0.09,132,25,0.14,,monthly_30d_25d_otm,weekly_2_strike0,39,125
SLB,2022-06-06,2022-06-16,backfill,O:SLB220715C00055000,55.0,2022-07-15,2022-06-16,0.07,0.07,0.04,0.05,176,20,0.07,,monthly_30d_25d_otm,weekly_2_strike0,39,125
SLB,2022-10-13,2022-11-09,backfill,O:SLB221118C00045000,45.0,2022-11-18,2022-10-13,1.53,2.55,1.53,2.52,1498,73,1.53,,monthly_30d_35d_otm,weekly_2_strike0,36,1498
SLB,2022-10-13,2022-11-09,backfill,O:SLB221118C00045000,45.0,2022-11-18,2022-10-14,2.1,2.19,1.58,1.6,1023,42,2.1,,monthly_30d_35d_otm,weekly_2_strike0,36,1498
SLB,2022-10-13,2022-11-09,backfill,O:SLB221118C00045000,45.0,2022-11-18,2022-10-17,1.89,2.03,1.52,1.69,364,43,1.89,,monthly_30d_35d_otm,weekly_2_strike0,36,1498
SLB,2022-10-13,2022-11-09,backfill,O:SLB221118C00045000,45.0,2022-11-18,2022-10-18,1.95,2.1,1.53,1.83,217,50,1.95,,monthly_30d_35d_otm,weekly_2_strike0,36,1498
SLB,2022-10-13,2022-11-09,backfill,O:SLB221118C00045000,45.0,2022-11-18,2022-10-19,1.97,3.0,1.97,2.85,2317,121,1.97,,monthly_30d_35d_otm,weekly_2_strike0,36,1498
SLB,2022-10-13,2022-11-09,backfill,O:SLB221118C00045000,45.0,2022-11-18,2022-10-20,3.2,3.22,2.75,2.99,988,72,3.2,,monthly_30d_35d_otm,weekly_2_strike0,36,1498
SLB,2022-10-13,2022-11-09,backfill,O:SLB221118C00045000,45.0,2022-11-18,2022-10-21,3.7,6.44,3.5,6.38,876,94,3.7,,monthly_30d_35d_otm,weekly_2_strike0,36,1498
SLB,2022-10-13,2022-11-09,backfill,O:SLB221118C00045000,45.0,2022-11-18,2022-10-24,6.4,8.05,5.92,7.85,397,34,6.4,,monthly_30d_35d_otm,weekly_2_strike0,36,1498
SLB,2022-10-13,2022-11-09,backfill,O:SLB221118C00045000,45.0,2022-11-18,2022-10-25,8.0,8.13,7.5,8.06,25,13,8.0,,monthly_30d_35d_otm,weekly_2_strike0,36,1498
SLB,2022-10-13,2022-11-09,backfill,O:SLB221118C00045000,45.0,2022-11-18,2022-10-26,8.65,9.07,7.85,7.9,101,20,8.65,,monthly_30d_35d_otm,weekly_2_strike0,36,1498
SLB,2022-10-13,2022-11-09,backfill,O:SLB221118C00045000,45.0,2022-11-18,2022-10-27,8.65,8.71,7.22,7.41,60,13,8.65,,monthly_30d_35d_otm,weekly_2_strike0,36,1498
SLB,2022-10-13,2022-11-09,backfill,O:SLB221118C00045000,45.0,2022-11-18,2022-10-28,6.95,6.95,5.74,5.8,39,12,6.95,,monthly_30d_35d_otm,weekly_2_strike0,36,1498
SLB,2022-10-13,2022-11-09,backfill,O:SLB221118C00045000,45.0,2022-11-18,2022-10-31,7.56,7.56,6.75,7.35,55,7,7.56,,monthly_30d_35d_otm,weekly_2_strike0,36,1498
SLB,2022-10-13,2022-11-09,backfill,O:SLB221118C00045000,45.0,2022-11-18,2022-11-01,8.2,8.2,7.05,7.23,57,9,8.2,,monthly_30d_35d_otm,weekly_2_strike0,36,1498
SLB,2022-10-13,2022-11-09,backfill,O:SLB221118C00045000,45.0,2022-11-18,2022-11-02,6.4,7.55,6.4,6.54,123,9,6.4,,monthly_30d_35d_otm,weekly_2_strike0,36,1498
SLB,2022-10-13,2022-11-09,backfill,O:SLB221118C00045000,45.0,2022-11-18,2022-11-03,6.63,7.17,6.49,7.04,54,6,6.63,,monthly_30d_35d_otm,weekly_2_strike0,36,1498
SLB,2022-10-13,2022-11-09,backfill,O:SLB221118C00045000,45.0,2022-11-18,2022-11-04,8.62,9.05,7.65,8.24,61,11,8.62,,monthly_30d_35d_otm,weekly_2_strike0,36,1498
SLB,2022-10-13,2022-11-09,backfill,O:SLB221118C00045000,45.0,2022-11-18,2022-11-07,8.35,10.25,8.35,9.9,85,22,8.35,,monthly_30d_35d_otm,weekly_2_strike0,36,1498
SLB,2022-10-13,2022-11-09,backfill,O:SLB221118C00045000,45.0,2022-11-18,2022-11-08,9.9,10.15,9.66,9.81,35,7,9.9,,monthly_30d_35d_otm,weekly_2_strike0,36,1498
SLB,2022-10-13,2022-11-09,backfill,O:SLB221118C00045000,45.0,2022-11-18,2022-11-09,8.5,8.5,8.0,8.1,60,9,8.5,,monthly_30d_35d_otm,weekly_2_strike0,36,1498
SLB,2023-08-11,2023-09-08,backfill,O:SLB230915C00060000,60.0,2023-09-15,2023-08-11,1.73,2.21,1.73,2.02,297,56,1.73,,monthly_30d_35d_otm,weekly_1_strike0,35,297
SLB,2023-08-11,2023-09-08,backfill,O:SLB230915C00060000,60.0,2023-09-15,2023-08-14,1.98,2.03,1.74,1.84,343,64,1.98,,monthly_30d_35d_otm,weekly_1_strike0,35,297
SLB,2023-08-11,2023-09-08,backfill,O:SLB230915C00060000,60.0,2023-09-15,2023-08-15,1.69,1.69,1.22,1.38,1087,85,1.69,,monthly_30d_35d_otm,weekly_1_strike0,35,297
SLB,2023-08-11,2023-09-08,backfill,O:SLB230915C00060000,60.0,2023-09-15,2023-08-16,1.39,1.48,1.03,1.07,312,39,1.39,,monthly_30d_35d_otm,weekly_1_strike0,35,297
SLB,2023-08-11,2023-09-08,backfill,O:SLB230915C00060000,60.0,2023-09-15,2023-08-17,1.48,1.54,1.13,1.13,294,35,1.48,,monthly_30d_35d_otm,weekly_1_strike0,35,297
SLB,2023-08-11,2023-09-08,backfill,O:SLB230915C00060000,60.0,2023-09-15,2023-08-18,0.91,1.15,0.75,1.09,364,45,0.91,,monthly_30d_35d_otm,weekly_1_strike0,35,297
SLB,2023-08-11,2023-09-08,backfill,O:SLB230915C00060000,60.0,2023-09-15,2023-08-21,1.09,1.26,0.7,0.77,245,47,1.09,,monthly_30d_35d_otm,weekly_1_strike0,35,297
SLB,2023-08-11,2023-09-08,backfill,O:SLB230915C00060000,60.0,2023-09-15,2023-08-22,0.72,0.72,0.48,0.51,940,32,0.72,,monthly_30d_35d_otm,weekly_1_strike0,35,297
SLB,2023-08-11,2023-09-08,backfill,O:SLB230915C00060000,60.0,2023-09-15,2023-08-23,0.49,0.95,0.3,0.85,2029,34,0.49,,monthly_30d_35d_otm,weekly_1_strike0,35,297
SLB,2023-08-11,2023-09-08,backfill,O:SLB230915C00060000,60.0,2023-09-15,2023-08-24,0.6,0.85,0.52,0.52,1731,27,0.6,,monthly_30d_35d_otm,weekly_1_strike0,35,297
SLB,2023-08-11,2023-09-08,backfill,O:SLB230915C00060000,60.0,2023-09-15,2023-08-25,0.5,0.5,0.36,0.37,984,38,0.5,,monthly_30d_35d_otm,weekly_1_strike0,35,297
SLB,2023-08-11,2023-09-08,backfill,O:SLB230915C00060000,60.0,2023-09-15,2023-08-28,0.39,0.68,0.39,0.6,193,34,0.39,,monthly_30d_35d_otm,weekly_1_strike0,35,297
SLB,2023-08-11,2023-09-08,backfill,O:SLB230915C00060000,60.0,2023-09-15,2023-08-29,0.46,0.67,0.46,0.63,93,27,0.46,,monthly_30d_35d_otm,weekly_1_strike0,35,297
SLB,2023-08-11,2023-09-08,backfill,O:SLB230915C00060000,60.0,2023-09-15,2023-08-30,0.75,0.81,0.66,0.77,568,33,0.75,,monthly_30d_35d_otm,weekly_1_strike0,35,297
SLB,2023-08-11,2023-09-08,backfill,O:SLB230915C00060000,60.0,2023-09-15,2023-08-31,0.8,0.8,0.6,0.8,130,26,0.8,,monthly_30d_35d_otm,weekly_1_strike0,35,297
SLB,2023-08-11,2023-09-08,backfill,O:SLB230915C00060000,60.0,2023-09-15,2023-09-01,1.03,1.36,0.89,1.17,405,53,1.03,,monthly_30d_35d_otm,weekly_1_strike0,35,297
SLB,2023-08-11,2023-09-08,backfill,O:SLB230915C00060000,60.0,2023-09-15,2023-09-05,1.26,1.85,1.25,1.25,1265,78,1.26,,monthly_30d_35d_otm,weekly_1_strike0,35,297
SLB,2023-08-11,2023-09-08,backfill,O:SLB230915C00060000,60.0,2023-09-15,2023-09-06,1.59,1.93,1.32,1.71,276,41,1.59,,monthly_30d_35d_otm,weekly_1_strike0,35,297
SLB,2023-08-11,2023-09-08,backfill,O:SLB230915C00060000,60.0,2023-09-15,2023-09-07,1.88,1.9,1.42,1.42,87,32,1.88,,monthly_30d_35d_otm,weekly_1_strike0,35,297
SLB,2023-08-11,2023-09-08,backfill,O:SLB230915C00060000,60.0,2023-09-15,2023-09-08,1.3,1.6,0.78,0.89,272,51,1.3,,monthly_30d_35d_otm,weekly_1_strike0,35,297
SLB,2025-09-08,2025-10-03,backfill,O:SLB251017C00035000,35.0,2025-10-17,2025-09-08,2.14,2.34,1.89,2.04,93,16,2.14,,monthly_30d_slight_itm,weekly_2_strike0,39,93
SLB,2025-09-08,2025-10-03,backfill,O:SLB251017C00035000,35.0,2025-10-17,2025-09-09,2.34,2.57,2.11,2.11,73,13,2.34,,monthly_30d_slight_itm,weekly_2_strike0,39,93
SLB,2025-09-08,2025-10-03,backfill,O:SLB251017C00035000,35.0,2025-10-17,2025-09-10,2.11,2.22,1.74,2.21,69,11,2.11,,monthly_30d_slight_itm,weekly_2_strike0,39,93
SLB,2025-09-08,2025-10-03,backfill,O:SLB251017C00035000,35.0,2025-10-17,2025-09-11,2.13,2.45,2.13,2.24,35,13,2.13,,monthly_30d_slight_itm,weekly_2_strike0,39,93
SLB,2025-09-08,2025-10-03,backfill,O:SLB251017C00035000,35.0,2025-10-17,2025-09-12,2.25,2.25,1.88,1.88,28,9,2.25,,monthly_30d_slight_itm,weekly_2_strike0,39,93
SLB,2025-09-08,2025-10-03,backfill,O:SLB251017C00035000,35.0,2025-10-17,2025-09-15,2.19,2.19,1.41,1.41,69,15,2.19,,monthly_30d_slight_itm,weekly_2_strike0,39,93
SLB,2025-09-08,2025-10-03,backfill,O:SLB251017C00035000,35.0,2025-10-17,2025-09-16,1.46,1.8,1.41,1.71,285,26,1.46,,monthly_30d_slight_itm,weekly_2_strike0,39,93
SLB,2025-09-08,2025-10-03,backfill,O:SLB251017C00035000,35.0,2025-10-17,2025-09-17,1.4,1.69,1.31,1.45,10364,38,1.4,,monthly_30d_slight_itm,weekly_2_strike0,39,93
SLB,2025-09-08,2025-10-03,backfill,O:SLB251017C00035000,35.0,2025-10-17,2025-09-18,1.46,1.46,1.16,1.42,411,29,1.46,,monthly_30d_slight_itm,weekly_2_strike0,39,93
SLB,2025-09-08,2025-10-03,backfill,O:SLB251017C00035000,35.0,2025-10-17,2025-09-19,1.15,1.22,0.99,1.13,788,51,1.15,,monthly_30d_slight_itm,weekly_2_strike0,39,93
SLB,2025-09-08,2025-10-03,backfill,O:SLB251017C00035000,35.0,2025-10-17,2025-09-22,0.9,1.0,0.72,0.98,653,46,0.9,,monthly_30d_slight_itm,weekly_2_strike0,39,93
SLB,2025-09-08,2025-10-03,backfill,O:SLB251017C00035000,35.0,2025-10-17,2025-09-23,0.84,1.51,0.84,1.16,398,52,0.84,,monthly_30d_slight_itm,weekly_2_strike0,39,93
SLB,2025-09-08,2025-10-03,backfill,O:SLB251017C00035000,35.0,2025-10-17,2025-09-24,1.14,1.42,1.14,1.21,574,42,1.14,,monthly_30d_slight_itm,weekly_2_strike0,39,93
SLB,2025-09-08,2025-10-03,backfill,O:SLB251017C00035000,35.0,2025-10-17,2025-09-25,1.09,1.2,1.0,1.09,625,27,1.09,,monthly_30d_slight_itm,weekly_2_strike0,39,93
SLB,2025-09-08,2025-10-03,backfill,O:SLB251017C00035000,35.0,2025-10-17,2025-09-26,1.5,1.84,1.5,1.6,624,36,1.5,,monthly_30d_slight_itm,weekly_2_strike0,39,93
SLB,2025-09-08,2025-10-03,backfill,O:SLB251017C00035000,35.0,2025-10-17,2025-09-29,1.07,1.32,0.97,1.31,430,18,1.07,,monthly_30d_slight_itm,weekly_2_strike0,39,93
SLB,2025-09-08,2025-10-03,backfill,O:SLB251017C00035000,35.0,2025-10-17,2025-09-30,0.95,1.0,0.6,1.0,619,49,0.95,,monthly_30d_slight_itm,weekly_2_strike0,39,93
SLB,2025-09-08,2025-10-03,backfill,O:SLB251017C00035000,35.0,2025-10-17,2025-10-01,1.05,1.3,1.04,1.3,137,21,1.05,,monthly_30d_slight_itm,weekly_2_strike0,39,93
SLB,2025-09-08,2025-10-03,backfill,O:SLB251017C00035000,35.0,2025-10-17,2025-10-02,1.22,1.22,0.79,0.79,290,27,1.22,,monthly_30d_slight_itm,weekly_2_strike0,39,93
SLB,2025-09-08,2025-10-03,backfill,O:SLB251017C00035000,35.0,2025-10-17,2025-10-03,0.86,0.93,0.78,0.82,121,21,0.86,,monthly_30d_slight_itm,weekly_2_strike0,39,93
SLV,2024-04-04,2024-05-01,backfill,O:SLV240517C00026000,26.0,2024-05-17,2024-04-04,0.67,0.7,0.52,0.56,6873,125,0.67,,monthly_30d_30d_otm,weekly_2_strike0,43,6873
SLV,2024-04-04,2024-05-01,backfill,O:SLV240517C00026000,26.0,2024-05-17,2024-04-05,0.51,0.8,0.49,0.71,11572,153,0.51,,monthly_30d_30d_otm,weekly_2_strike0,43,6873
SLV,2024-04-04,2024-05-01,backfill,O:SLV240517C00026000,26.0,2024-05-17,2024-04-08,0.84,0.93,0.66,0.91,8512,227,0.84,,monthly_30d_30d_otm,weekly_2_strike0,43,6873
SLV,2024-04-04,2024-05-01,backfill,O:SLV240517C00026000,26.0,2024-05-17,2024-04-09,1.05,1.15,0.81,1.02,5699,190,1.05,,monthly_30d_30d_otm,weekly_2_strike0,43,6873
SLV,2024-04-04,2024-05-01,backfill,O:SLV240517C00026000,26.0,2024-05-17,2024-04-10,0.77,1.18,0.72,0.84,4627,164,0.77,,monthly_30d_30d_otm,weekly_2_strike0,43,6873
SLV,2024-04-04,2024-05-01,backfill,O:SLV240517C00026000,26.0,2024-05-17,2024-04-11,0.96,1.12,0.77,1.11,6256,166,0.96,,monthly_30d_30d_otm,weekly_2_strike0,43,6873
SLV,2024-04-04,2024-05-01,backfill,O:SLV240517C00026000,26.0,2024-05-17,2024-04-12,1.29,1.98,0.92,0.92,27980,240,1.29,,monthly_30d_30d_otm,weekly_2_strike0,43,6873
SLV,2024-04-04,2024-05-01,backfill,O:SLV240517C00026000,26.0,2024-05-17,2024-04-15,1.17,1.36,0.84,1.34,15574,175,1.17,,monthly_30d_30d_otm,weekly_2_strike0,43,6873
SLV,2024-04-04,2024-05-01,backfill,O:SLV240517C00026000,26.0,2024-05-17,2024-04-16,1.11,1.11,0.84,0.95,4563,130,1.11,,monthly_30d_30d_otm,weekly_2_strike0,43,6873
SLV,2024-04-04,2024-05-01,backfill,O:SLV240517C00026000,26.0,2024-05-17,2024-04-17,1.11,1.19,0.83,0.89,7983,133,1.11,,monthly_30d_30d_otm,weekly_2_strike0,43,6873
SLV,2024-04-04,2024-05-01,backfill,O:SLV240517C00026000,26.0,2024-05-17,2024-04-18,0.98,1.0,0.79,0.86,2842,79,0.98,,monthly_30d_30d_otm,weekly_2_strike0,43,6873
SLV,2024-04-04,2024-05-01,backfill,O:SLV240517C00026000,26.0,2024-05-17,2024-04-19,0.89,1.1,0.88,1.03,1413,112,0.89,,monthly_30d_30d_otm,weekly_2_strike0,43,6873
SLV,2024-04-04,2024-05-01,backfill,O:SLV240517C00026000,26.0,2024-05-17,2024-04-22,0.42,0.54,0.39,0.41,4003,145,0.42,,monthly_30d_30d_otm,weekly_2_strike0,43,6873
SLV,2024-04-04,2024-05-01,backfill,O:SLV240517C00026000,26.0,2024-05-17,2024-04-23,0.34,0.49,0.31,0.45,13244,105,0.34,,monthly_30d_30d_otm,weekly_2_strike0,43,6873
SLV,2024-04-04,2024-05-01,backfill,O:SLV240517C00026000,26.0,2024-05-17,2024-04-24,0.43,0.46,0.38,0.41,2860,70,0.43,,monthly_30d_30d_otm,weekly_2_strike0,43,6873
SLV,2024-04-04,2024-05-01,backfill,O:SLV240517C00026000,26.0,2024-05-17,2024-04-25,0.38,0.51,0.36,0.44,1901,69,0.38,,monthly_30d_30d_otm,weekly_2_strike0,43,6873
SLV,2024-04-04,2024-05-01,backfill,O:SLV240517C00026000,26.0,2024-05-17,2024-04-26,0.47,0.47,0.3,0.32,1759,91,0.47,,monthly_30d_30d_otm,weekly_2_strike0,43,6873
SLV,2024-04-04,2024-05-01,backfill,O:SLV240517C00026000,26.0,2024-05-17,2024-04-29,0.29,0.36,0.24,0.27,3972,76,0.29,,monthly_30d_30d_otm,weekly_2_strike0,43,6873
SLV,2024-04-04,2024-05-01,backfill,O:SLV240517C00026000,26.0,2024-05-17,2024-04-30,0.15,0.17,0.12,0.12,3816,77,0.15,,monthly_30d_30d_otm,weekly_2_strike0,43,6873
SLV,2024-04-04,2024-05-01,backfill,O:SLV240517C00026000,26.0,2024-05-17,2024-05-01,0.14,0.22,0.13,0.14,2125,70,0.14,,monthly_30d_30d_otm,weekly_2_strike0,43,6873
SMCI,2023-04-04,2023-05-02,backfill,O:SMCI230519C00125000,125.0,2023-05-19,2023-04-04,9.84,10.4,8.7,8.7,51,4,9.84,,monthly_30d_35d_otm,weekly_2_strike0,45,51
SMCI,2023-04-04,2023-05-02,backfill,O:SMCI230519C00125000,125.0,2023-05-19,2023-04-05,7.08,7.08,6.7,7.0,12,4,7.08,,monthly_30d_35d_otm,weekly_2_strike0,45,51
SMCI,2023-04-04,2023-05-02,backfill,O:SMCI230519C00125000,125.0,2023-05-19,2023-04-06,4.26,5.3,3.86,3.86,55,13,4.26,,monthly_30d_35d_otm,weekly_2_strike0,45,51
SMCI,2023-04-04,2023-05-02,backfill,O:SMCI230519C00125000,125.0,2023-05-19,2023-04-10,4.45,5.9,4.45,5.9,8,4,4.45,,monthly_30d_35d_otm,weekly_2_strike0,45,51
SMCI,2023-04-04,2023-05-02,backfill,O:SMCI230519C00125000,125.0,2023-05-19,2023-04-11,6.33,6.5,5.55,5.55,13,4,6.33,,monthly_30d_35d_otm,weekly_2_strike0,45,51
SMCI,2023-04-04,2023-05-02,backfill,O:SMCI230519C00125000,125.0,2023-05-19,2023-04-12,6.3,6.71,5.83,5.83,18,6,6.3,,monthly_30d_35d_otm,weekly_2_strike0,45,51
SMCI,2023-04-04,2023-05-02,backfill,O:SMCI230519C00125000,125.0,2023-05-19,2023-04-13,6.97,6.97,5.0,5.0,5,3,6.97,,monthly_30d_35d_otm,weekly_2_strike0,45,51
SMCI,2023-04-04,2023-05-02,backfill,O:SMCI230519C00125000,125.0,2023-05-19,2023-04-14,6.21,6.21,5.8,5.8,17,6,6.21,,monthly_30d_35d_otm,weekly_2_strike0,45,51
SMCI,2023-04-04,2023-05-02,backfill,O:SMCI230519C00125000,125.0,2023-05-19,2023-04-17,5.48,6.31,5.36,6.31,29,9,5.48,,monthly_30d_35d_otm,weekly_2_strike0,45,51
SMCI,2023-04-04,2023-05-02,backfill,O:SMCI230519C00125000,125.0,2023-05-19,2023-04-18,6.3,9.9,6.3,8.3,39,10,6.3,,monthly_30d_35d_otm,weekly_2_strike0,45,51
SMCI,2023-04-04,2023-05-02,backfill,O:SMCI230519C00125000,125.0,2023-05-19,2023-04-19,7.43,7.43,5.7,5.81,21,12,7.43,,monthly_30d_35d_otm,weekly_2_strike0,45,51
SMCI,2023-04-04,2023-05-02,backfill,O:SMCI230519C00125000,125.0,2023-05-19,2023-04-20,6.19,6.19,5.6,5.9,10,5,6.19,,monthly_30d_35d_otm,weekly_2_strike0,45,51
SMCI,2023-04-04,2023-05-02,backfill,O:SMCI230519C00125000,125.0,2023-05-19,2023-04-21,4.0,4.85,3.5,4.8,45,9,4.0,,monthly_30d_35d_otm,weekly_2_strike0,45,51
SMCI,2023-04-04,2023-05-02,backfill,O:SMCI230519C00125000,125.0,2023-05-19,2023-04-24,2.4,2.55,1.26,1.4,142,29,2.4,,monthly_30d_35d_otm,weekly_2_strike0,45,51
SMCI,2023-04-04,2023-05-02,backfill,O:SMCI230519C00125000,125.0,2023-05-19,2023-04-25,1.17,1.17,0.75,0.75,21,16,1.17,,monthly_30d_35d_otm,weekly_2_strike0,45,51
SMCI,2023-04-04,2023-05-02,backfill,O:SMCI230519C00125000,125.0,2023-05-19,2023-04-26,0.9,0.9,0.75,0.8,7,6,0.9,,monthly_30d_35d_otm,weekly_2_strike0,45,51
SMCI,2023-04-04,2023-05-02,backfill,O:SMCI230519C00125000,125.0,2023-05-19,2023-04-27,0.7,0.9,0.7,0.9,21,7,0.7,,monthly_30d_35d_otm,weekly_2_strike0,45,51
SMCI,2023-04-04,2023-05-02,backfill,O:SMCI230519C00125000,125.0,2023-05-19,2023-04-28,1.24,1.65,1.24,1.65,27,5,1.24,,monthly_30d_35d_otm,weekly_2_strike0,45,51
SMCI,2023-04-04,2023-05-02,backfill,O:SMCI230519C00125000,125.0,2023-05-19,2023-05-01,2.0,2.0,1.43,1.49,136,11,2.0,,monthly_30d_35d_otm,weekly_2_strike0,45,51
SMCI,2023-04-04,2023-05-02,backfill,O:SMCI230519C00125000,125.0,2023-05-19,2023-05-02,1.3,1.35,1.27,1.28,29,7,1.3,,monthly_30d_35d_otm,weekly_2_strike0,45,51
SMCI,2023-05-11,2023-06-08,backfill,O:SMCI230616C00145000,145.0,2023-06-16,2023-05-11,6.5,6.7,6.0,6.0,13,4,6.5,,monthly_30d_40d_otm,weekly_2_strike0,36,13
SMCI,2023-05-11,2023-06-08,backfill,O:SMCI230616C00145000,145.0,2023-06-16,2023-05-12,7.7,7.7,5.1,5.22,9,4,7.7,,monthly_30d_40d_otm,weekly_2_strike0,36,13
SMCI,2023-05-11,2023-06-08,backfill,O:SMCI230616C00145000,145.0,2023-06-16,2023-05-15,5.85,6.7,5.85,6.0,39,10,5.85,,monthly_30d_40d_otm,weekly_2_strike0,36,13
SMCI,2023-05-11,2023-06-08,backfill,O:SMCI230616C00145000,145.0,2023-06-16,2023-05-16,7.74,11.4,6.99,11.07,312,28,7.74,,monthly_30d_40d_otm,weekly_2_strike0,36,13
SMCI,2023-05-11,2023-06-08,backfill,O:SMCI230616C00145000,145.0,2023-06-16,2023-05-17,12.5,16.65,12.5,16.3,57,20,12.5,,monthly_30d_40d_otm,weekly_2_strike0,36,13
SMCI,2023-05-11,2023-06-08,backfill,O:SMCI230616C00145000,145.0,2023-06-16,2023-05-18,23.3,25.15,22.74,23.25,32,9,23.3,,monthly_30d_40d_otm,weekly_2_strike0,36,13
SMCI,2023-05-11,2023-06-08,backfill,O:SMCI230616C00145000,145.0,2023-06-16,2023-05-19,25.68,25.68,21.4,23.2,13,8,25.68,,monthly_30d_40d_otm,weekly_2_strike0,36,13
SMCI,2023-05-11,2023-06-08,backfill,O:SMCI230616C00145000,145.0,2023-06-16,2023-05-22,27.01,27.01,24.83,24.83,21,5,27.01,,monthly_30d_40d_otm,weekly_2_strike0,36,13
SMCI,2023-05-11,2023-06-08,backfill,O:SMCI230616C00145000,145.0,2023-06-16,2023-05-23,22.95,22.95,22.95,22.95,1,1,22.95,,monthly_30d_40d_otm,weekly_2_strike0,36,13
SMCI,2023-05-11,2023-06-08,backfill,O:SMCI230616C00145000,145.0,2023-06-16,2023-05-24,20.13,20.13,20.13,20.13,4,1,20.13,,monthly_30d_40d_otm,weekly_2_strike0,36,13
SMCI,2023-05-11,2023-06-08,backfill,O:SMCI230616C00145000,145.0,2023-06-16,2023-05-25,58.4,64.28,58.4,62.8,4,4,58.4,,monthly_30d_40d_otm,weekly_2_strike0,36,13
SMCI,2023-05-11,2023-06-08,backfill,O:SMCI230616C00145000,145.0,2023-06-16,2023-05-26,76.62,81.0,75.0,75.0,7,5,76.62,,monthly_30d_40d_otm,weekly_2_strike0,36,13
SMCI,2023-05-11,2023-06-08,backfill,O:SMCI230616C00145000,145.0,2023-06-16,2023-05-30,92.9,92.9,90.5,90.5,12,3,92.9,,monthly_30d_40d_otm,weekly_2_strike0,36,13
SMCI,2023-05-11,2023-06-08,backfill,O:SMCI230616C00145000,145.0,2023-06-16,2023-05-31,80.16,80.16,79.51,79.51,3,1,80.16,,monthly_30d_40d_otm,weekly_2_strike0,36,13
SMCI,2023-05-11,2023-06-08,backfill,O:SMCI230616C00145000,145.0,2023-06-16,2023-06-02,83.2,86.32,83.2,86.32,6,2,83.2,,monthly_30d_40d_otm,weekly_2_strike0,36,13
SMCI,2023-05-11,2023-06-08,backfill,O:SMCI230616C00145000,145.0,2023-06-16,2023-06-06,84.59,87.8,84.59,87.8,3,2,84.59,,monthly_30d_40d_otm,weekly_2_strike0,36,13
SMCI,2023-05-11,2023-06-08,backfill,O:SMCI230616C00145000,145.0,2023-06-16,2023-06-08,112.4,112.4,112.4,112.4,1,1,112.4,,monthly_30d_40d_otm,weekly_2_strike0,36,13
SMCI,2025-03-24,2025-04-21,backfill,O:SMCI250516C00053000,53.0,2025-05-16,2025-03-24,2.45,2.74,2.09,2.74,23,10,2.45,,monthly_45d_30d_otm,weekly_2_strike0,53,23
SMCI,2025-03-24,2025-04-21,backfill,O:SMCI250516C00053000,53.0,2025-05-16,2025-03-25,2.94,2.94,2.22,2.22,134,10,2.94,,monthly_45d_30d_otm,weekly_2_strike0,53,23
SMCI,2025-03-24,2025-04-21,backfill,O:SMCI250516C00053000,53.0,2025-05-16,2025-03-26,1.87,1.87,1.28,1.33,35,7,1.87,,monthly_45d_30d_otm,weekly_2_strike0,53,23
SMCI,2025-03-24,2025-04-21,backfill,O:SMCI250516C00053000,53.0,2025-05-16,2025-03-27,1.1,1.13,0.91,0.92,36,8,1.1,,monthly_45d_30d_otm,weekly_2_strike0,53,23
SMCI,2025-03-24,2025-04-21,backfill,O:SMCI250516C00053000,53.0,2025-05-16,2025-03-28,1.0,1.0,0.82,0.88,17,5,1.0,,monthly_45d_30d_otm,weekly_2_strike0,53,23
SMCI,2025-03-24,2025-04-21,backfill,O:SMCI250516C00053000,53.0,2025-05-16,2025-03-31,0.65,0.8,0.6,0.71,11,6,0.65,,monthly_45d_30d_otm,weekly_2_strike0,53,23
SMCI,2025-03-24,2025-04-21,backfill,O:SMCI250516C00053000,53.0,2025-05-16,2025-04-01,0.71,0.89,0.71,0.89,3,3,0.71,,monthly_45d_30d_otm,weekly_2_strike0,53,23
SMCI,2025-03-24,2025-04-21,backfill,O:SMCI250516C00053000,53.0,2025-05-16,2025-04-02,0.72,0.72,0.72,0.72,1,1,0.72,,monthly_45d_30d_otm,weekly_2_strike0,53,23
SMCI,2025-03-24,2025-04-21,backfill,O:SMCI250516C00053000,53.0,2025-05-16,2025-04-03,0.5,0.51,0.47,0.5,34,5,0.5,,monthly_45d_30d_otm,weekly_2_strike0,53,23
SMCI,2025-03-24,2025-04-21,backfill,O:SMCI250516C00053000,53.0,2025-05-16,2025-04-04,0.45,0.55,0.45,0.52,62,8,0.45,,monthly_45d_30d_otm,weekly_2_strike0,53,23
SMCI,2025-03-24,2025-04-21,backfill,O:SMCI250516C00053000,53.0,2025-05-16,2025-04-07,0.69,0.87,0.69,0.76,27,11,0.69,,monthly_45d_30d_otm,weekly_2_strike0,53,23
SMCI,2025-03-24,2025-04-21,backfill,O:SMCI250516C00053000,53.0,2025-05-16,2025-04-08,0.98,0.98,0.6,0.7,76,4,0.98,,monthly_45d_30d_otm,weekly_2_strike0,53,23
SMCI,2025-03-24,2025-04-21,backfill,O:SMCI250516C00053000,53.0,2025-05-16,2025-04-09,0.63,0.85,0.58,0.74,92,7,0.63,,monthly_45d_30d_otm,weekly_2_strike0,53,23
SMCI,2025-03-24,2025-04-21,backfill,O:SMCI250516C00053000,53.0,2025-05-16,2025-04-10,0.52,0.52,0.46,0.46,4,2,0.52,,monthly_45d_30d_otm,weekly_2_strike0,53,23
SMCI,2025-03-24,2025-04-21,backfill,O:SMCI250516C00053000,53.0,2025-05-16,2025-04-11,0.4,0.44,0.37,0.39,28,7,0.4,,monthly_45d_30d_otm,weekly_2_strike0,53,23
SMCI,2025-03-24,2025-04-21,backfill,O:SMCI250516C00053000,53.0,2025-05-16,2025-04-14,0.37,0.37,0.27,0.27,11,6,0.37,,monthly_45d_30d_otm,weekly_2_strike0,53,23
SMCI,2025-03-24,2025-04-21,backfill,O:SMCI250516C00053000,53.0,2025-05-16,2025-04-15,0.28,0.28,0.24,0.24,157,7,0.28,,monthly_45d_30d_otm,weekly_2_strike0,53,23
SMCI,2025-03-24,2025-04-21,backfill,O:SMCI250516C00053000,53.0,2025-05-16,2025-04-16,0.2,0.25,0.18,0.19,155,4,0.2,,monthly_45d_30d_otm,weekly_2_strike0,53,23
SMCI,2025-03-24,2025-04-21,backfill,O:SMCI250516C00053000,53.0,2025-05-16,2025-04-17,0.18,0.18,0.15,0.15,10,4,0.18,,monthly_45d_30d_otm,weekly_2_strike0,53,23
SMCI,2025-03-24,2025-04-21,backfill,O:SMCI250516C00053000,53.0,2025-05-16,2025-04-21,0.11,0.11,0.1,0.11,52,3,0.11,,monthly_45d_30d_otm,weekly_2_strike0,53,23
SMH,2021-12-02,2021-12-30,backfill,O:SMH220121C00320000,320.0,2022-01-21,2021-12-02,6.5,8.35,6.5,7.1,104,27,6.5,,monthly_30d_30d_otm,weekly_2_strike0,50,104
SMH,2021-12-02,2021-12-30,backfill,O:SMH220121C00320000,320.0,2022-01-21,2021-12-03,8.16,8.16,6.25,6.75,159,20,8.16,,monthly_30d_30d_otm,weekly_2_strike0,50,104
SMH,2021-12-02,2021-12-30,backfill,O:SMH220121C00320000,320.0,2022-01-21,2021-12-06,5.3,5.54,4.5,5.5,83,33,5.3,,monthly_30d_30d_otm,weekly_2_strike0,50,104
SMH,2021-12-02,2021-12-30,backfill,O:SMH220121C00320000,320.0,2022-01-21,2021-12-07,7.8,9.77,7.55,8.85,92,34,7.8,,monthly_30d_30d_otm,weekly_2_strike0,50,104
SMH,2021-12-02,2021-12-30,backfill,O:SMH220121C00320000,320.0,2022-01-21,2021-12-08,8.34,8.65,8.0,8.35,51,12,8.34,,monthly_30d_30d_otm,weekly_2_strike0,50,104
SMH,2021-12-02,2021-12-30,backfill,O:SMH220121C00320000,320.0,2022-01-21,2021-12-09,8.55,8.55,5.8,5.8,771,13,8.55,,monthly_30d_30d_otm,weekly_2_strike0,50,104
SMH,2021-12-02,2021-12-30,backfill,O:SMH220121C00320000,320.0,2022-01-21,2021-12-10,6.0,6.0,5.23,5.4,54,16,6.0,,monthly_30d_30d_otm,weekly_2_strike0,50,104
SMH,2021-12-02,2021-12-30,backfill,O:SMH220121C00320000,320.0,2022-01-21,2021-12-13,5.5,5.7,3.35,3.35,44,22,5.5,,monthly_30d_30d_otm,weekly_2_strike0,50,104
SMH,2021-12-02,2021-12-30,backfill,O:SMH220121C00320000,320.0,2022-01-21,2021-12-14,2.73,3.5,2.54,3.0,116,31,2.73,,monthly_30d_30d_otm,weekly_2_strike0,50,104
SMH,2021-12-02,2021-12-30,backfill,O:SMH220121C00320000,320.0,2022-01-21,2021-12-15,2.84,5.5,2.62,5.45,296,39,2.84,,monthly_30d_30d_otm,weekly_2_strike0,50,104
SMH,2021-12-02,2021-12-30,backfill,O:SMH220121C00320000,320.0,2022-01-21,2021-12-16,6.5,6.5,3.14,3.45,193,30,6.5,,monthly_30d_30d_otm,weekly_2_strike0,50,104
SMH,2021-12-02,2021-12-30,backfill,O:SMH220121C00320000,320.0,2022-01-21,2021-12-17,2.83,3.8,2.7,3.03,187,43,2.83,,monthly_30d_30d_otm,weekly_2_strike0,50,104
SMH,2021-12-02,2021-12-30,backfill,O:SMH220121C00320000,320.0,2022-01-21,2021-12-20,2.43,2.83,1.92,2.2,76,37,2.43,,monthly_30d_30d_otm,weekly_2_strike0,50,104
SMH,2021-12-02,2021-12-30,backfill,O:SMH220121C00320000,320.0,2022-01-21,2021-12-21,3.12,3.34,2.25,3.34,162,39,3.12,,monthly_30d_30d_otm,weekly_2_strike0,50,104
SMH,2021-12-02,2021-12-30,backfill,O:SMH220121C00320000,320.0,2022-01-21,2021-12-22,2.65,3.55,2.65,3.43,124,22,2.65,,monthly_30d_30d_otm,weekly_2_strike0,50,104
SMH,2021-12-02,2021-12-30,backfill,O:SMH220121C00320000,320.0,2022-01-21,2021-12-23,4.02,4.9,3.9,4.4,301,43,4.02,,monthly_30d_30d_otm,weekly_2_strike0,50,104
SMH,2021-12-02,2021-12-30,backfill,O:SMH220121C00320000,320.0,2022-01-21,2021-12-27,4.23,6.88,4.23,6.83,600,67,4.23,,monthly_30d_30d_otm,weekly_2_strike0,50,104
SMH,2021-12-02,2021-12-30,backfill,O:SMH220121C00320000,320.0,2022-01-21,2021-12-28,7.27,7.5,4.88,5.13,111,36,7.27,,monthly_30d_30d_otm,weekly_2_strike0,50,104
SMH,2021-12-02,2021-12-30,backfill,O:SMH220121C00320000,320.0,2022-01-21,2021-12-29,5.63,5.63,4.7,5.06,86,15,5.63,,monthly_30d_30d_otm,weekly_2_strike0,50,104
SMH,2021-12-02,2021-12-30,backfill,O:SMH220121C00320000,320.0,2022-01-21,2021-12-30,4.3,4.95,3.6,3.6,41,16,4.3,,monthly_30d_30d_otm,weekly_2_strike0,50,104
SMH,2023-03-15,2023-04-12,backfill,O:SMH230421C00255000,255.0,2023-04-21,2023-03-15,5.1,5.45,4.2,5.05,88,33,5.1,,monthly_30d_25d_otm,weekly_2_strike0,37,88
SMH,2023-03-15,2023-04-12,backfill,O:SMH230421C00255000,255.0,2023-04-21,2023-03-16,4.9,8.84,4.9,8.84,525,44,4.9,,monthly_30d_25d_otm,weekly_2_strike0,37,88
SMH,2023-03-15,2023-04-12,backfill,O:SMH230421C00255000,255.0,2023-04-21,2023-03-17,9.23,10.27,8.5,9.3,99,26,9.23,,monthly_30d_25d_otm,weekly_2_strike0,37,88
SMH,2023-03-15,2023-04-12,backfill,O:SMH230421C00255000,255.0,2023-04-21,2023-03-20,8.95,9.5,7.75,9.5,71,25,8.95,,monthly_30d_25d_otm,weekly_2_strike0,37,88
SMH,2023-03-15,2023-04-12,backfill,O:SMH230421C00255000,255.0,2023-04-21,2023-03-21,10.1,10.8,7.45,9.25,137,21,10.1,,monthly_30d_25d_otm,weekly_2_strike0,37,88
SMH,2023-03-15,2023-04-12,backfill,O:SMH230421C00255000,255.0,2023-04-21,2023-03-22,10.0,13.0,8.75,8.75,64,28,10.0,,monthly_30d_25d_otm,weekly_2_strike0,37,88
SMH,2023-03-15,2023-04-12,backfill,O:SMH230421C00255000,255.0,2023-04-21,2023-03-23,10.6,13.5,10.2,11.04,520,30,10.6,,monthly_30d_25d_otm,weekly_2_strike0,37,88
SMH,2023-03-15,2023-04-12,backfill,O:SMH230421C00255000,255.0,2023-04-21,2023-03-24,11.0,11.1,8.75,9.3,1261,47,11.0,,monthly_30d_25d_otm,weekly_2_strike0,37,88
SMH,2023-03-15,2023-04-12,backfill,O:SMH230421C00255000,255.0,2023-04-21,2023-03-27,9.52,9.6,7.05,7.05,78,31,9.52,,monthly_30d_25d_otm,weekly_2_strike0,37,88
SMH,2023-03-15,2023-04-12,backfill,O:SMH230421C00255000,255.0,2023-04-21,2023-03-28,6.3,6.3,4.87,5.7,138,25,6.3,,monthly_30d_25d_otm,weekly_2_strike0,37,88
SMH,2023-03-15,2023-04-12,backfill,O:SMH230421C00255000,255.0,2023-04-21,2023-03-29,7.8,10.31,7.55,9.45,768,58,7.8,,monthly_30d_25d_otm,weekly_2_strike0,37,88
SMH,2023-03-15,2023-04-12,backfill,O:SMH230421C00255000,255.0,2023-04-21,2023-03-30,11.5,12.75,10.8,11.8,482,37,11.5,,monthly_30d_25d_otm,weekly_2_strike0,37,88
SMH,2023-03-15,2023-04-12,backfill,O:SMH230421C00255000,255.0,2023-04-21,2023-03-31,10.45,12.75,10.38,12.62,39,8,10.45,,monthly_30d_25d_otm,weekly_2_strike0,37,88
SMH,2023-03-15,2023-04-12,backfill,O:SMH230421C00255000,255.0,2023-04-21,2023-04-03,11.05,11.05,9.12,10.67,86,31,11.05,,monthly_30d_25d_otm,weekly_2_strike0,37,88
SMH,2023-03-15,2023-04-12,backfill,O:SMH230421C00255000,255.0,2023-04-21,2023-04-04,10.6,10.6,9.0,9.35,514,6,10.6,,monthly_30d_25d_otm,weekly_2_strike0,37,88
SMH,2023-03-15,2023-04-12,backfill,O:SMH230421C00255000,255.0,2023-04-21,2023-04-05,5.3,5.58,4.5,5.44,85,23,5.3,,monthly_30d_25d_otm,weekly_2_strike0,37,88
SMH,2023-03-15,2023-04-12,backfill,O:SMH230421C00255000,255.0,2023-04-21,2023-04-06,3.93,5.35,3.9,4.57,1117,22,3.93,,monthly_30d_25d_otm,weekly_2_strike0,37,88
SMH,2023-03-15,2023-04-12,backfill,O:SMH230421C00255000,255.0,2023-04-21,2023-04-10,3.8,6.0,3.8,5.75,332,42,3.8,,monthly_30d_25d_otm,weekly_2_strike0,37,88
SMH,2023-03-15,2023-04-12,backfill,O:SMH230421C00255000,255.0,2023-04-21,2023-04-11,5.95,6.5,4.8,4.8,43,21,5.95,,monthly_30d_25d_otm,weekly_2_strike0,37,88
SMH,2023-03-15,2023-04-12,backfill,O:SMH230421C00255000,255.0,2023-04-21,2023-04-12,6.09,6.09,2.55,2.59,411,44,6.09,,monthly_30d_25d_otm,weekly_2_strike0,37,88
SMH,2023-06-05,2023-07-03,backfill,O:SMH230721C00160000,160.0,2023-07-21,2023-06-05,1.31,1.31,0.85,0.85,2479,47,1.31,,monthly_30d_25d_otm,weekly_2_strike0,46,2479
SMH,2023-06-05,2023-07-03,backfill,O:SMH230721C00160000,160.0,2023-07-21,2023-06-06,0.8,1.03,0.78,0.91,3174,34,0.8,,monthly_30d_25d_otm,weekly_2_strike0,46,2479
SMH,2023-06-05,2023-07-03,backfill,O:SMH230721C00160000,160.0,2023-07-21,2023-06-07,1.1,1.3,0.78,0.78,44,17,1.1,,monthly_30d_25d_otm,weekly_2_strike0,46,2479
SMH,2023-06-05,2023-07-03,backfill,O:SMH230721C00160000,160.0,2023-07-21,2023-06-08,0.85,1.06,0.76,0.97,36,15,0.85,,monthly_30d_25d_otm,weekly_2_strike0,46,2479
SMH,2023-06-05,2023-07-03,backfill,O:SMH230721C00160000,160.0,2023-07-21,2023-06-09,1.27,1.56,1.06,1.08,289,27,1.27,,monthly_30d_25d_otm,weekly_2_strike0,46,2479
SMH,2023-06-05,2023-07-03,backfill,O:SMH230721C00160000,160.0,2023-07-21,2023-06-12,1.37,2.17,1.37,2.15,2795,56,1.37,,monthly_30d_25d_otm,weekly_2_strike0,46,2479
SMH,2023-06-05,2023-07-03,backfill,O:SMH230721C00160000,160.0,2023-07-21,2023-06-13,3.05,3.05,2.2,2.7,1660,77,3.05,,monthly_30d_25d_otm,weekly_2_strike0,46,2479
SMH,2023-06-05,2023-07-03,backfill,O:SMH230721C00160000,160.0,2023-07-21,2023-06-14,2.47,3.4,2.34,3.4,133,35,2.47,,monthly_30d_25d_otm,weekly_2_strike0,46,2479
SMH,2023-06-05,2023-07-03,backfill,O:SMH230721C00160000,160.0,2023-07-21,2023-06-15,2.93,3.43,2.87,3.13,84,21,2.93,,monthly_30d_25d_otm,weekly_2_strike0,46,2479
SMH,2023-06-05,2023-07-03,backfill,O:SMH230721C00160000,160.0,2023-07-21,2023-06-16,3.31,3.31,2.59,2.74,396,36,3.31,,monthly_30d_25d_otm,weekly_2_strike0,46,2479
SMH,2023-06-05,2023-07-03,backfill,O:SMH230721C00160000,160.0,2023-07-21,2023-06-20,2.37,2.48,1.8,1.89,256,33,2.37,,monthly_30d_25d_otm,weekly_2_strike0,46,2479
SMH,2023-06-05,2023-07-03,backfill,O:SMH230721C00160000,160.0,2023-07-21,2023-06-21,1.74,1.8,1.04,1.06,720,55,1.74,,monthly_30d_25d_otm,weekly_2_strike0,46,2479
SMH,2023-06-05,2023-07-03,backfill,O:SMH230721C00160000,160.0,2023-07-21,2023-06-22,0.88,1.24,0.84,1.05,99,26,0.88,,monthly_30d_25d_otm,weekly_2_strike0,46,2479
SMH,2023-06-05,2023-07-03,backfill,O:SMH230721C00160000,160.0,2023-07-21,2023-06-23,0.76,0.76,0.6,0.66,163,42,0.76,,monthly_30d_25d_otm,weekly_2_strike0,46,2479
SMH,2023-06-05,2023-07-03,backfill,O:SMH230721C00160000,160.0,2023-07-21,2023-06-26,0.84,0.92,0.5,0.5,44,23,0.84,,monthly_30d_25d_otm,weekly_2_strike0,46,2479
SMH,2023-06-05,2023-07-03,backfill,O:SMH230721C00160000,160.0,2023-07-21,2023-06-27,0.52,1.11,0.49,1.06,1698,30,0.52,,monthly_30d_25d_otm,weekly_2_strike0,46,2479
SMH,2023-06-05,2023-07-03,backfill,O:SMH230721C00160000,160.0,2023-07-21,2023-06-28,0.69,1.0,0.69,0.8,87,11,0.69,,monthly_30d_25d_otm,weekly_2_strike0,46,2479
SMH,2023-06-05,2023-07-03,backfill,O:SMH230721C00160000,160.0,2023-07-21,2023-06-29,0.65,0.78,0.59,0.65,49,15,0.65,,monthly_30d_25d_otm,weekly_2_strike0,46,2479
SMH,2023-06-05,2023-07-03,backfill,O:SMH230721C00160000,160.0,2023-07-21,2023-06-30,0.82,1.04,0.82,0.97,78,24,0.82,,monthly_30d_25d_otm,weekly_2_strike0,46,2479
SMH,2023-06-05,2023-07-03,backfill,O:SMH230721C00160000,160.0,2023-07-21,2023-07-03,1.03,1.23,0.79,0.92,90,16,1.03,,monthly_30d_25d_otm,weekly_2_strike0,46,2479
SMH,2023-07-18,2023-08-14,backfill,O:SMH230818C00165000,165.0,2023-08-18,2023-07-18,2.73,3.36,2.27,3.2,214,48,2.73,,monthly_30d_30d_otm,weekly_2_strike0,31,214
SMH,2023-07-18,2023-08-14,backfill,O:SMH230818C00165000,165.0,2023-08-18,2023-07-19,3.15,3.15,2.37,2.54,399,58,3.15,,monthly_30d_30d_otm,weekly_2_strike0,31,214
SMH,2023-07-18,2023-08-14,backfill,O:SMH230818C00165000,165.0,2023-08-18,2023-07-20,1.62,1.69,0.83,0.95,516,80,1.62,,monthly_30d_30d_otm,weekly_2_strike0,31,214
SMH,2023-07-18,2023-08-14,backfill,O:SMH230818C00165000,165.0,2023-08-18,2023-07-21,1.03,1.3,0.91,1.08,140,37,1.03,,monthly_30d_30d_otm,weekly_2_strike0,31,214
SMH,2023-07-18,2023-08-14,backfill,O:SMH230818C00165000,165.0,2023-08-18,2023-07-24,0.91,0.91,0.77,0.83,101,17,0.91,,monthly_30d_30d_otm,weekly_2_strike0,31,214
SMH,2023-07-18,2023-08-14,backfill,O:SMH230818C00165000,165.0,2023-08-18,2023-07-25,1.15,1.52,1.15,1.31,804,33,1.15,,monthly_30d_30d_otm,weekly_2_strike0,31,214
SMH,2023-07-18,2023-08-14,backfill,O:SMH230818C00165000,165.0,2023-08-18,2023-07-26,0.87,1.0,0.69,0.8,93,20,0.87,,monthly_30d_30d_otm,weekly_2_strike0,31,214
SMH,2023-07-18,2023-08-14,backfill,O:SMH230818C00165000,165.0,2023-08-18,2023-07-27,1.79,2.45,1.28,1.41,1472,61,1.79,,monthly_30d_30d_otm,weekly_2_strike0,31,214
SMH,2023-07-18,2023-08-14,backfill,O:SMH230818C00165000,165.0,2023-08-18,2023-07-28,1.78,2.25,1.71,2.2,90,35,1.78,,monthly_30d_30d_otm,weekly_2_strike0,31,214
SMH,2023-07-18,2023-08-14,backfill,O:SMH230818C00165000,165.0,2023-08-18,2023-07-31,2.21,2.21,1.82,1.82,157,16,2.21,,monthly_30d_30d_otm,weekly_2_strike0,31,214
SMH,2023-07-18,2023-08-14,backfill,O:SMH230818C00165000,165.0,2023-08-18,2023-08-01,1.58,1.93,1.47,1.92,712,18,1.58,,monthly_30d_30d_otm,weekly_2_strike0,31,214
SMH,2023-07-18,2023-08-14,backfill,O:SMH230818C00165000,165.0,2023-08-18,2023-08-02,1.12,1.12,0.41,0.52,634,48,1.12,,monthly_30d_30d_otm,weekly_2_strike0,31,214
SMH,2023-07-18,2023-08-14,backfill,O:SMH230818C00165000,165.0,2023-08-18,2023-08-03,0.32,0.5,0.32,0.39,111,25,0.32,,monthly_30d_30d_otm,weekly_2_strike0,31,214
SMH,2023-07-18,2023-08-14,backfill,O:SMH230818C00165000,165.0,2023-08-18,2023-08-04,0.4,0.55,0.26,0.35,606,32,0.4,,monthly_30d_30d_otm,weekly_2_strike0,31,214
SMH,2023-07-18,2023-08-14,backfill,O:SMH230818C00165000,165.0,2023-08-18,2023-08-07,0.4,0.4,0.29,0.3,104,15,0.4,,monthly_30d_30d_otm,weekly_2_strike0,31,214
SMH,2023-07-18,2023-08-14,backfill,O:SMH230818C00165000,165.0,2023-08-18,2023-08-08,0.25,0.25,0.11,0.11,1187,33,0.25,,monthly_30d_30d_otm,weekly_2_strike0,31,214
SMH,2023-07-18,2023-08-14,backfill,O:SMH230818C00165000,165.0,2023-08-18,2023-08-09,0.08,0.09,0.05,0.05,184,23,0.08,,monthly_30d_30d_otm,weekly_2_strike0,31,214
SMH,2023-07-18,2023-08-14,backfill,O:SMH230818C00165000,165.0,2023-08-18,2023-08-10,0.05,0.06,0.04,0.04,135,9,0.05,,monthly_30d_30d_otm,weekly_2_strike0,31,214
SMH,2023-07-18,2023-08-14,backfill,O:SMH230818C00165000,165.0,2023-08-18,2023-08-11,0.02,0.02,0.01,0.01,34,12,0.02,,monthly_30d_30d_otm,weekly_2_strike0,31,214
SMH,2023-07-18,2023-08-14,backfill,O:SMH230818C00165000,165.0,2023-08-18,2023-08-14,0.02,0.03,0.01,0.02,17,10,0.02,,monthly_30d_30d_otm,weekly_2_strike0,31,214
SMH,2025-11-10,2025-12-08,backfill,O:SMH251219C00375000,375.0,2025-12-19,2025-11-10,9.8,10.4,8.9,10.4,89,21,9.8,,monthly_30d_30d_otm,weekly_2_strike0,39,89
SMH,2025-11-10,2025-12-08,backfill,O:SMH251219C00375000,375.0,2025-12-19,2025-11-11,8.74,8.74,7.04,7.34,98,15,8.74,,monthly_30d_30d_otm,weekly_2_strike0,39,89
SMH,2025-11-10,2025-12-08,backfill,O:SMH251219C00375000,375.0,2025-12-19,2025-11-12,8.6,8.6,7.89,8.28,397,5,8.6,,monthly_30d_30d_otm,weekly_2_strike0,39,89
SMH,2025-11-10,2025-12-08,backfill,O:SMH251219C00375000,375.0,2025-12-19,2025-11-13,7.52,7.52,4.93,5.65,566,30,7.52,,monthly_30d_30d_otm,weekly_2_strike0,39,89
SMH,2025-11-10,2025-12-08,backfill,O:SMH251219C00375000,375.0,2025-12-19,2025-11-14,3.55,6.35,3.39,5.25,473,29,3.55,,monthly_30d_30d_otm,weekly_2_strike0,39,89
SMH,2025-11-10,2025-12-08,backfill,O:SMH251219C00375000,375.0,2025-12-19,2025-11-17,5.15,5.4,3.71,3.71,125,17,5.15,,monthly_30d_30d_otm,weekly_2_strike0,39,89
SMH,2025-11-10,2025-12-08,backfill,O:SMH251219C00375000,375.0,2025-12-19,2025-11-18,3.39,3.8,2.87,3.11,831,24,3.39,,monthly_30d_30d_otm,weekly_2_strike0,39,89
SMH,2025-11-10,2025-12-08,backfill,O:SMH251219C00375000,375.0,2025-12-19,2025-11-19,3.9,4.4,3.4,3.93,124,17,3.9,,monthly_30d_30d_otm,weekly_2_strike0,39,89
SMH,2025-11-10,2025-12-08,backfill,O:SMH251219C00375000,375.0,2025-12-19,2025-11-20,5.15,5.15,1.8,1.82,485,44,5.15,,monthly_30d_30d_otm,weekly_2_strike0,39,89
SMH,2025-11-10,2025-12-08,backfill,O:SMH251219C00375000,375.0,2025-12-19,2025-11-21,1.64,2.01,1.24,1.37,940,22,1.64,,monthly_30d_30d_otm,weekly_2_strike0,39,89
SMH,2025-11-10,2025-12-08,backfill,O:SMH251219C00375000,375.0,2025-12-19,2025-11-24,1.51,2.39,1.51,2.27,321,25,1.51,,monthly_30d_30d_otm,weekly_2_strike0,39,89
SMH,2025-11-10,2025-12-08,backfill,O:SMH251219C00375000,375.0,2025-12-19,2025-11-25,1.2,1.88,1.13,1.86,395,16,1.2,,monthly_30d_30d_otm,weekly_2_strike0,39,89
SMH,2025-11-10,2025-12-08,backfill,O:SMH251219C00375000,375.0,2025-12-19,2025-11-26,2.51,3.15,2.1,2.88,394,21,2.51,,monthly_30d_30d_otm,weekly_2_strike0,39,89
SMH,2025-11-10,2025-12-08,backfill,O:SMH251219C00375000,375.0,2025-12-19,2025-11-28,2.72,3.1,2.72,3.1,26,8,2.72,,monthly_30d_30d_otm,weekly_2_strike0,39,89
SMH,2025-11-10,2025-12-08,backfill,O:SMH251219C00375000,375.0,2025-12-19,2025-12-01,2.65,3.15,2.39,2.87,294,24,2.65,,monthly_30d_30d_otm,weekly_2_strike0,39,89
SMH,2025-11-10,2025-12-08,backfill,O:SMH251219C00375000,375.0,2025-12-19,2025-12-02,3.25,4.55,3.25,4.4,340,24,3.25,,monthly_30d_30d_otm,weekly_2_strike0,39,89
SMH,2025-11-10,2025-12-08,backfill,O:SMH251219C00375000,375.0,2025-12-19,2025-12-03,4.2,5.5,3.5,5.5,458,16,4.2,,monthly_30d_30d_otm,weekly_2_strike0,39,89
SMH,2025-11-10,2025-12-08,backfill,O:SMH251219C00375000,375.0,2025-12-19,2025-12-04,4.56,4.8,3.77,4.01,282,26,4.56,,monthly_30d_30d_otm,weekly_2_strike0,39,89
SMH,2025-11-10,2025-12-08,backfill,O:SMH251219C00375000,375.0,2025-12-19,2025-12-05,5.56,6.3,4.68,4.68,1097,57,5.56,,monthly_30d_30d_otm,weekly_2_strike0,39,89
SMH,2025-11-10,2025-12-08,backfill,O:SMH251219C00375000,375.0,2025-12-19,2025-12-08,5.9,6.8,5.28,6.0,142,33,5.9,,monthly_30d_30d_otm,weekly_2_strike0,39,89
SNOW,2023-05-17,2023-05-25,backfill,O:SNOW230616C00190000,190.0,2023-06-16,2023-05-17,5.54,5.75,5.2,5.7,364,13,5.54,,monthly_30d_25d_otm,weekly_2_strike5,30,364
SNOW,2023-05-17,2023-05-25,backfill,O:SNOW230616C00190000,190.0,2023-06-16,2023-05-18,6.8,9.66,6.8,9.54,557,85,6.8,,monthly_30d_25d_otm,weekly_2_strike5,30,364
SNOW,2023-05-17,2023-05-25,backfill,O:SNOW230616C00190000,190.0,2023-06-16,2023-05-19,8.25,8.3,6.1,6.42,180,40,8.25,,monthly_30d_25d_otm,weekly_2_strike5,30,364
SNOW,2023-05-17,2023-05-25,backfill,O:SNOW230616C00190000,190.0,2023-06-16,2023-05-22,5.9,8.13,5.9,6.95,68,26,5.9,,monthly_30d_25d_otm,weekly_2_strike5,30,364
SNOW,2023-05-17,2023-05-25,backfill,O:SNOW230616C00190000,190.0,2023-06-16,2023-05-23,7.35,8.55,5.85,5.92,216,29,7.35,,monthly_30d_25d_otm,weekly_2_strike5,30,364
SNOW,2023-05-17,2023-05-25,backfill,O:SNOW230616C00190000,190.0,2023-06-16,2023-05-24,6.0,6.85,5.84,6.35,507,56,6.0,,monthly_30d_25d_otm,weekly_2_strike5,30,364
SNOW,2023-05-17,2023-05-25,backfill,O:SNOW230616C00190000,190.0,2023-06-16,2023-05-25,0.4,1.27,0.18,0.26,368,66,0.4,,monthly_30d_25d_otm,weekly_2_strike5,30,364
SNOW,2023-06-12,2023-07-11,backfill,O:SNOW230721C00205000,205.0,2023-07-21,2023-06-12,1.99,2.36,1.95,2.36,27,13,1.99,,monthly_30d_25d_otm,weekly_2_strike0,39,27
SNOW,2023-06-12,2023-07-11,backfill,O:SNOW230721C00205000,205.0,2023-07-21,2023-06-13,2.22,2.7,2.17,2.29,14,11,2.22,,monthly_30d_25d_otm,weekly_2_strike0,39,27
SNOW,2023-06-12,2023-07-11,backfill,O:SNOW230721C00205000,205.0,2023-07-21,2023-06-14,2.57,4.45,2.51,4.45,192,19,2.57,,monthly_30d_25d_otm,weekly_2_strike0,39,27
SNOW,2023-06-12,2023-07-11,backfill,O:SNOW230721C00205000,205.0,2023-07-21,2023-06-15,3.95,7.74,3.95,7.64,292,47,3.95,,monthly_30d_25d_otm,weekly_2_strike0,39,27
SNOW,2023-06-12,2023-07-11,backfill,O:SNOW230721C00205000,205.0,2023-07-21,2023-06-16,7.72,8.1,4.63,4.84,309,41,7.72,,monthly_30d_25d_otm,weekly_2_strike0,39,27
SNOW,2023-06-12,2023-07-11,backfill,O:SNOW230721C00205000,205.0,2023-07-21,2023-06-20,4.56,5.14,3.17,3.7,224,52,4.56,,monthly_30d_25d_otm,weekly_2_strike0,39,27
SNOW,2023-06-12,2023-07-11,backfill,O:SNOW230721C00205000,205.0,2023-07-21,2023-06-21,4.4,4.46,2.4,2.4,139,32,4.4,,monthly_30d_25d_otm,weekly_2_strike0,39,27
SNOW,2023-06-12,2023-07-11,backfill,O:SNOW230721C00205000,205.0,2023-07-21,2023-06-22,2.3,3.3,2.04,3.16,34,18,2.3,,monthly_30d_25d_otm,weekly_2_strike0,39,27
SNOW,2023-06-12,2023-07-11,backfill,O:SNOW230721C00205000,205.0,2023-07-21,2023-06-23,2.47,3.65,2.47,3.1,111,25,2.47,,monthly_30d_25d_otm,weekly_2_strike0,39,27
SNOW,2023-06-12,2023-07-11,backfill,O:SNOW230721C00205000,205.0,2023-07-21,2023-06-26,3.8,3.9,1.59,1.59,766,39,3.8,,monthly_30d_25d_otm,weekly_2_strike0,39,27
SNOW,2023-06-12,2023-07-11,backfill,O:SNOW230721C00205000,205.0,2023-07-21,2023-06-27,2.34,2.34,1.35,1.96,153,33,2.34,,monthly_30d_25d_otm,weekly_2_strike0,39,27
SNOW,2023-06-12,2023-07-11,backfill,O:SNOW230721C00205000,205.0,2023-07-21,2023-06-28,1.96,4.9,1.96,2.65,599,104,1.96,,monthly_30d_25d_otm,weekly_2_strike0,39,27
SNOW,2023-06-12,2023-07-11,backfill,O:SNOW230721C00205000,205.0,2023-07-21,2023-06-29,2.5,2.84,1.2,1.22,454,68,2.5,,monthly_30d_25d_otm,weekly_2_strike0,39,27
SNOW,2023-06-12,2023-07-11,backfill,O:SNOW230721C00205000,205.0,2023-07-21,2023-06-30,1.8,1.86,1.07,1.09,217,37,1.8,,monthly_30d_25d_otm,weekly_2_strike0,39,27
SNOW,2023-06-12,2023-07-11,backfill,O:SNOW230721C00205000,205.0,2023-07-21,2023-07-03,1.16,1.16,0.86,0.96,56,18,1.16,,monthly_30d_25d_otm,weekly_2_strike0,39,27
SNOW,2023-06-12,2023-07-11,backfill,O:SNOW230721C00205000,205.0,2023-07-21,2023-07-05,0.9,0.9,0.55,0.66,307,34,0.9,,monthly_30d_25d_otm,weekly_2_strike0,39,27
SNOW,2023-06-12,2023-07-11,backfill,O:SNOW230721C00205000,205.0,2023-07-21,2023-07-06,0.43,0.58,0.4,0.54,41,13,0.43,,monthly_30d_25d_otm,weekly_2_strike0,39,27
SNOW,2023-06-12,2023-07-11,backfill,O:SNOW230721C00205000,205.0,2023-07-21,2023-07-07,0.59,0.59,0.33,0.33,63,17,0.59,,monthly_30d_25d_otm,weekly_2_strike0,39,27
SNOW,2023-06-12,2023-07-11,backfill,O:SNOW230721C00205000,205.0,2023-07-21,2023-07-10,0.2,0.21,0.14,0.19,104,25,0.2,,monthly_30d_25d_otm,weekly_2_strike0,39,27
SNOW,2023-06-12,2023-07-11,backfill,O:SNOW230721C00205000,205.0,2023-07-21,2023-07-11,0.22,0.27,0.17,0.24,32,17,0.22,,monthly_30d_25d_otm,weekly_2_strike0,39,27
SNOW,2023-12-05,2024-01-03,backfill,O:SNOW240119C00215000,215.0,2024-01-19,2023-12-05,1.95,1.95,1.55,1.7,23,14,1.95,,monthly_30d_20d_otm,weekly_2_strike1,45,23
SNOW,2023-12-05,2024-01-03,backfill,O:SNOW240119C00215000,215.0,2024-01-19,2023-12-06,1.9,2.29,1.72,1.72,208,24,1.9,,monthly_30d_20d_otm,weekly_2_strike1,45,23
SNOW,2023-12-05,2024-01-03,backfill,O:SNOW240119C00215000,215.0,2024-01-19,2023-12-07,1.4,1.9,1.4,1.76,45,19,1.4,,monthly_30d_20d_otm,weekly_2_strike1,45,23
SNOW,2023-12-05,2024-01-03,backfill,O:SNOW240119C00215000,215.0,2024-01-19,2023-12-08,2.2,2.23,1.87,1.98,99,26,2.2,,monthly_30d_20d_otm,weekly_2_strike1,45,23
SNOW,2023-12-05,2024-01-03,backfill,O:SNOW240119C00215000,215.0,2024-01-19,2023-12-11,1.75,3.33,1.75,2.47,107,56,1.75,,monthly_30d_20d_otm,weekly_2_strike1,45,23
SNOW,2023-12-05,2024-01-03,backfill,O:SNOW240119C00215000,215.0,2024-01-19,2023-12-12,1.9,2.42,1.9,2.32,30,15,1.9,,monthly_30d_20d_otm,weekly_2_strike1,45,23
SNOW,2023-12-05,2024-01-03,backfill,O:SNOW240119C00215000,215.0,2024-01-19,2023-12-13,2.36,2.9,1.93,2.65,184,24,2.36,,monthly_30d_20d_otm,weekly_2_strike1,45,23
SNOW,2023-12-05,2024-01-03,backfill,O:SNOW240119C00215000,215.0,2024-01-19,2023-12-14,3.0,4.25,2.7,3.81,327,55,3.0,,monthly_30d_20d_otm,weekly_2_strike1,45,23
SNOW,2023-12-05,2024-01-03,backfill,O:SNOW240119C00215000,215.0,2024-01-19,2023-12-15,3.1,3.66,2.83,3.25,73,23,3.1,,monthly_30d_20d_otm,weekly_2_strike1,45,23
SNOW,2023-12-05,2024-01-03,backfill,O:SNOW240119C00215000,215.0,2024-01-19,2023-12-18,3.0,3.2,2.58,2.86,224,25,3.0,,monthly_30d_20d_otm,weekly_2_strike1,45,23
SNOW,2023-12-05,2024-01-03,backfill,O:SNOW240119C00215000,215.0,2024-01-19,2023-12-19,3.2,3.3,2.75,2.79,92,22,3.2,,monthly_30d_20d_otm,weekly_2_strike1,45,23
SNOW,2023-12-05,2024-01-03,backfill,O:SNOW240119C00215000,215.0,2024-01-19,2023-12-20,2.84,2.91,1.85,1.88,238,20,2.84,,monthly_30d_20d_otm,weekly_2_strike1,45,23
SNOW,2023-12-05,2024-01-03,backfill,O:SNOW240119C00215000,215.0,2024-01-19,2023-12-21,1.95,2.1,1.82,2.03,117,13,1.95,,monthly_30d_20d_otm,weekly_2_strike1,45,23
SNOW,2023-12-05,2024-01-03,backfill,O:SNOW240119C00215000,215.0,2024-01-19,2023-12-22,2.25,2.25,1.7,1.7,37,21,2.25,,monthly_30d_20d_otm,weekly_2_strike1,45,23
SNOW,2023-12-05,2024-01-03,backfill,O:SNOW240119C00215000,215.0,2024-01-19,2023-12-26,1.5,2.28,1.46,2.16,51,22,1.5,,monthly_30d_20d_otm,weekly_2_strike1,45,23
SNOW,2023-12-05,2024-01-03,backfill,O:SNOW240119C00215000,215.0,2024-01-19,2023-12-27,2.02,2.27,1.85,1.9,44,11,2.02,,monthly_30d_20d_otm,weekly_2_strike1,45,23
SNOW,2023-12-05,2024-01-03,backfill,O:SNOW240119C00215000,215.0,2024-01-19,2023-12-28,1.85,2.42,1.85,2.2,81,28,1.85,,monthly_30d_20d_otm,weekly_2_strike1,45,23
SNOW,2023-12-05,2024-01-03,backfill,O:SNOW240119C00215000,215.0,2024-01-19,2023-12-29,2.06,2.28,1.49,1.5,64,25,2.06,,monthly_30d_20d_otm,weekly_2_strike1,45,23
SNOW,2023-12-05,2024-01-03,backfill,O:SNOW240119C00215000,215.0,2024-01-19,2024-01-02,0.91,0.92,0.36,0.4,567,32,0.91,,monthly_30d_20d_otm,weekly_2_strike1,45,23
SNOW,2023-12-05,2024-01-03,backfill,O:SNOW240119C00215000,215.0,2024-01-19,2024-01-03,0.22,0.32,0.14,0.24,128,17,0.22,,monthly_30d_20d_otm,weekly_2_strike1,45,23
SNOW,2024-02-07,2024-02-29,backfill,O:SNOW240419C00240000,240.0,2024-04-19,2024-02-07,10.4,10.95,10.4,10.95,33,12,10.4,,monthly_60d_30d_otm,weekly_2_strike0,72,33
SNOW,2024-02-07,2024-02-29,backfill,O:SNOW240419C00240000,240.0,2024-04-19,2024-02-08,11.69,13.83,11.3,13.6,51,14,11.69,,monthly_60d_30d_otm,weekly_2_strike0,72,33
SNOW,2024-02-07,2024-02-29,backfill,O:SNOW240419C00240000,240.0,2024-04-19,2024-02-09,15.62,18.5,15.62,18.32,193,45,15.62,,monthly_60d_30d_otm,weekly_2_strike0,72,33
SNOW,2024-02-07,2024-02-29,backfill,O:SNOW240419C00240000,240.0,2024-04-19,2024-02-12,15.9,20.32,15.9,17.7,484,42,15.9,,monthly_60d_30d_otm,weekly_2_strike0,72,33
SNOW,2024-02-07,2024-02-29,backfill,O:SNOW240419C00240000,240.0,2024-04-19,2024-02-13,14.96,16.25,14.32,14.6,70,33,14.96,,monthly_60d_30d_otm,weekly_2_strike0,72,33
SNOW,2024-02-07,2024-02-29,backfill,O:SNOW240419C00240000,240.0,2024-04-19,2024-02-14,15.75,18.65,15.7,18.6,176,30,15.75,,monthly_60d_30d_otm,weekly_2_strike0,72,33
SNOW,2024-02-07,2024-02-29,backfill,O:SNOW240419C00240000,240.0,2024-04-19,2024-02-15,17.6,18.05,15.65,16.8,83,25,17.6,,monthly_60d_30d_otm,weekly_2_strike0,72,33
SNOW,2024-02-07,2024-02-29,backfill,O:SNOW240419C00240000,240.0,2024-04-19,2024-02-16,16.55,17.73,15.14,16.15,46,15,16.55,,monthly_60d_30d_otm,weekly_2_strike0,72,33
SNOW,2024-02-07,2024-02-29,backfill,O:SNOW240419C00240000,240.0,2024-04-19,2024-02-20,13.3,13.3,9.66,10.75,246,21,13.3,,monthly_60d_30d_otm,weekly_2_strike0,72,33
SNOW,2024-02-07,2024-02-29,backfill,O:SNOW240419C00240000,240.0,2024-04-19,2024-02-21,9.34,9.7,8.6,9.33,157,19,9.34,,monthly_60d_30d_otm,weekly_2_strike0,72,33
SNOW,2024-02-07,2024-02-29,backfill,O:SNOW240419C00240000,240.0,2024-04-19,2024-02-22,11.65,13.3,11.5,13.3,105,30,11.65,,monthly_60d_30d_otm,weekly_2_strike0,72,33
SNOW,2024-02-07,2024-02-29,backfill,O:SNOW240419C00240000,240.0,2024-04-19,2024-02-23,14.7,15.83,13.55,14.66,199,34,14.7,,monthly_60d_30d_otm,weekly_2_strike0,72,33
SNOW,2024-02-07,2024-02-29,backfill,O:SNOW240419C00240000,240.0,2024-04-19,2024-02-26,14.2,16.3,13.25,15.55,185,62,14.2,,monthly_60d_30d_otm,weekly_2_strike0,72,33
SNOW,2024-02-07,2024-02-29,backfill,O:SNOW240419C00240000,240.0,2024-04-19,2024-02-27,16.25,17.68,15.5,17.1,299,48,16.25,,monthly_60d_30d_otm,weekly_2_strike0,72,33
SNOW,2024-02-07,2024-02-29,backfill,O:SNOW240419C00240000,240.0,2024-04-19,2024-02-28,15.13,17.05,13.95,14.58,344,98,15.13,,monthly_60d_30d_otm,weekly_2_strike0,72,33
SNOW,2024-02-07,2024-02-29,backfill,O:SNOW240419C00240000,240.0,2024-04-19,2024-02-29,0.99,2.01,0.85,1.53,1103,152,0.99,,monthly_60d_30d_otm,weekly_2_strike0,72,33
SNOW,2024-11-26,2024-12-24,backfill,O:SNOW241220C00200000,200.0,2024-12-20,2024-11-26,1.16,1.48,0.7,0.75,942,98,1.16,,monthly_30d_30d_otm,weekly_2_strike2,24,942
SNOW,2024-11-26,2024-12-24,backfill,O:SNOW241220C00200000,200.0,2024-12-20,2024-11-27,0.7,0.87,0.48,0.85,2895,81,0.7,,monthly_30d_30d_otm,weekly_2_strike2,24,942
SNOW,2024-11-26,2024-12-24,backfill,O:SNOW241220C00200000,200.0,2024-12-20,2024-11-29,0.83,1.5,0.75,0.8,4973,180,0.83,,monthly_30d_30d_otm,weekly_2_strike2,24,942
SNOW,2024-11-26,2024-12-24,backfill,O:SNOW241220C00200000,200.0,2024-12-20,2024-12-02,0.86,0.94,0.41,0.46,2502,181,0.86,,monthly_30d_30d_otm,weekly_2_strike2,24,942
SNOW,2024-11-26,2024-12-24,backfill,O:SNOW241220C00200000,200.0,2024-12-20,2024-12-03,0.4,0.62,0.35,0.62,888,97,0.4,,monthly_30d_30d_otm,weekly_2_strike2,24,942
SNOW,2024-11-26,2024-12-24,backfill,O:SNOW241220C00200000,200.0,2024-12-20,2024-12-04,0.94,2.1,0.83,2.08,7534,262,0.94,,monthly_30d_30d_otm,weekly_2_strike2,24,942
SNOW,2024-11-26,2024-12-24,backfill,O:SNOW241220C00200000,200.0,2024-12-20,2024-12-05,2.0,2.0,1.16,1.2,3330,157,2.0,,monthly_30d_30d_otm,weekly_2_strike2,24,942
SNOW,2024-11-26,2024-12-24,backfill,O:SNOW241220C00200000,200.0,2024-12-20,2024-12-06,1.71,1.78,0.84,1.05,2663,211,1.71,,monthly_30d_30d_otm,weekly_2_strike2,24,942
SNOW,2024-11-26,2024-12-24,backfill,O:SNOW241220C00200000,200.0,2024-12-20,2024-12-09,1.06,1.3,0.51,0.8,4892,189,1.06,,monthly_30d_30d_otm,weekly_2_strike2,24,942
SNOW,2024-11-26,2024-12-24,backfill,O:SNOW241220C00200000,200.0,2024-12-20,2024-12-10,0.54,0.64,0.13,0.2,3282,139,0.54,,monthly_30d_30d_otm,weekly_2_strike2,24,942
SNOW,2024-11-26,2024-12-24,backfill,O:SNOW241220C00200000,200.0,2024-12-20,2024-12-11,0.22,0.26,0.13,0.15,936,78,0.22,,monthly_30d_30d_otm,weekly_2_strike2,24,942
SNOW,2024-11-26,2024-12-24,backfill,O:SNOW241220C00200000,200.0,2024-12-20,2024-12-12,0.13,0.15,0.08,0.11,251,44,0.13,,monthly_30d_30d_otm,weekly_2_strike2,24,942
SNOW,2024-11-26,2024-12-24,backfill,O:SNOW241220C00200000,200.0,2024-12-20,2024-12-13,0.08,0.15,0.04,0.07,660,53,0.08,,monthly_30d_30d_otm,weekly_2_strike2,24,942
SNOW,2024-11-26,2024-12-24,backfill,O:SNOW241220C00200000,200.0,2024-12-20,2024-12-16,0.09,0.12,0.05,0.08,611,65,0.09,,monthly_30d_30d_otm,weekly_2_strike2,24,942
SNOW,2024-11-26,2024-12-24,backfill,O:SNOW241220C00200000,200.0,2024-12-20,2024-12-17,0.07,0.08,0.01,0.03,437,38,0.07,,monthly_30d_30d_otm,weekly_2_strike2,24,942
SNOW,2024-11-26,2024-12-24,backfill,O:SNOW241220C00200000,200.0,2024-12-20,2024-12-18,0.03,0.03,0.01,0.01,278,35,0.03,,monthly_30d_30d_otm,weekly_2_strike2,24,942
SNOW,2024-11-26,2024-12-24,backfill,O:SNOW241220C00200000,200.0,2024-12-20,2024-12-19,0.01,0.01,0.01,0.01,31,7,0.01,,monthly_30d_30d_otm,weekly_2_strike2,24,942
SNOW,2024-11-26,2024-12-24,backfill,O:SNOW241220C00200000,200.0,2024-12-20,2024-12-20,0.01,0.01,0.01,0.01,77,13,0.01,,monthly_30d_30d_otm,weekly_2_strike2,24,942
SOFI,2023-01-31,2023-02-28,backfill,O:SOFI230317C00007000,7.0,2023-03-17,2023-01-31,0.47,0.54,0.38,0.53,5105,159,0.47,,monthly_30d_35d_otm,weekly_2_strike0,45,5105
SOFI,2023-01-31,2023-02-28,backfill,O:SOFI230317C00007000,7.0,2023-03-17,2023-02-01,0.53,0.85,0.5,0.8,3362,193,0.53,,monthly_30d_35d_otm,weekly_2_strike0,45,5105
SOFI,2023-01-31,2023-02-28,backfill,O:SOFI230317C00007000,7.0,2023-03-17,2023-02-02,0.97,1.48,0.89,1.09,3248,177,0.97,,monthly_30d_35d_otm,weekly_2_strike0,45,5105
SOFI,2023-01-31,2023-02-28,backfill,O:SOFI230317C00007000,7.0,2023-03-17,2023-02-03,0.86,1.26,0.63,0.91,1601,90,0.86,,monthly_30d_35d_otm,weekly_2_strike0,45,5105
SOFI,2023-01-31,2023-02-28,backfill,O:SOFI230317C00007000,7.0,2023-03-17,2023-02-06,0.85,1.05,0.81,0.84,1129,63,0.85,,monthly_30d_35d_otm,weekly_2_strike0,45,5105
SOFI,2023-01-31,2023-02-28,backfill,O:SOFI230317C00007000,7.0,2023-03-17,2023-02-07,0.78,0.85,0.67,0.81,633,66,0.78,,monthly_30d_35d_otm,weekly_2_strike0,45,5105
SOFI,2023-01-31,2023-02-28,backfill,O:SOFI230317C00007000,7.0,2023-03-17,2023-02-08,0.8,0.87,0.68,0.69,568,43,0.8,,monthly_30d_35d_otm,weekly_2_strike0,45,5105
SOFI,2023-01-31,2023-02-28,backfill,O:SOFI230317C00007000,7.0,2023-03-17,2023-02-09,0.68,0.78,0.49,0.5,2204,74,0.68,,monthly_30d_35d_otm,weekly_2_strike0,45,5105
SOFI,2023-01-31,2023-02-28,backfill,O:SOFI230317C00007000,7.0,2023-03-17,2023-02-10,0.5,0.5,0.41,0.46,1361,72,0.5,,monthly_30d_35d_otm,weekly_2_strike0,45,5105
SOFI,2023-01-31,2023-02-28,backfill,O:SOFI230317C00007000,7.0,2023-03-17,2023-02-13,0.4,0.47,0.38,0.42,679,67,0.4,,monthly_30d_35d_otm,weekly_2_strike0,45,5105
SOFI,2023-01-31,2023-02-28,backfill,O:SOFI230317C00007000,7.0,2023-03-17,2023-02-14,0.41,0.47,0.28,0.37,1539,94,0.41,,monthly_30d_35d_otm,weekly_2_strike0,45,5105
SOFI,2023-01-31,2023-02-28,backfill,O:SOFI230317C00007000,7.0,2023-03-17,2023-02-15,0.41,0.66,0.41,0.64,2916,101,0.41,,monthly_30d_35d_otm,weekly_2_strike0,45,5105
SOFI,2023-01-31,2023-02-28,backfill,O:SOFI230317C00007000,7.0,2023-03-17,2023-02-16,0.38,0.66,0.38,0.47,1502,80,0.38,,monthly_30d_35d_otm,weekly_2_strike0,45,5105
SOFI,2023-01-31,2023-02-28,backfill,O:SOFI230317C00007000,7.0,2023-03-17,2023-02-17,0.4,0.45,0.25,0.29,4987,126,0.4,,monthly_30d_35d_otm,weekly_2_strike0,45,5105
SOFI,2023-01-31,2023-02-28,backfill,O:SOFI230317C00007000,7.0,2023-03-17,2023-02-21,0.25,0.25,0.18,0.21,2240,105,0.25,,monthly_30d_35d_otm,weekly_2_strike0,45,5105
SOFI,2023-01-31,2023-02-28,backfill,O:SOFI230317C00007000,7.0,2023-03-17,2023-02-22,0.21,0.25,0.2,0.24,5746,79,0.21,,monthly_30d_35d_otm,weekly_2_strike0,45,5105
SOFI,2023-01-31,2023-02-28,backfill,O:SOFI230317C00007000,7.0,2023-03-17,2023-02-23,0.28,0.3,0.17,0.22,1502,93,0.28,,monthly_30d_35d_otm,weekly_2_strike0,45,5105
SOFI,2023-01-31,2023-02-28,backfill,O:SOFI230317C00007000,7.0,2023-03-17,2023-02-24,0.16,0.18,0.14,0.15,1092,93,0.16,,monthly_30d_35d_otm,weekly_2_strike0,45,5105
SOFI,2023-01-31,2023-02-28,backfill,O:SOFI230317C00007000,7.0,2023-03-17,2023-02-27,0.15,0.16,0.12,0.13,3022,121,0.15,,monthly_30d_35d_otm,weekly_2_strike0,45,5105
SOFI,2023-01-31,2023-02-28,backfill,O:SOFI230317C00007000,7.0,2023-03-17,2023-02-28,0.13,0.2,0.13,0.19,2158,114,0.13,,monthly_30d_35d_otm,weekly_2_strike0,45,5105
SOFI,2023-06-08,2023-07-07,backfill,O:SOFI230721C00009000,9.0,2023-07-21,2023-06-08,0.26,0.42,0.26,0.4,4558,175,0.26,,monthly_30d_30d_otm,weekly_2_strike0,43,4558
SOFI,2023-06-08,2023-07-07,backfill,O:SOFI230721C00009000,9.0,2023-07-21,2023-06-09,0.42,0.74,0.4,0.43,9457,201,0.42,,monthly_30d_30d_otm,weekly_2_strike0,43,4558
SOFI,2023-06-08,2023-07-07,backfill,O:SOFI230721C00009000,9.0,2023-07-21,2023-06-12,0.51,1.01,0.5,0.93,7251,266,0.51,,monthly_30d_30d_otm,weekly_2_strike0,43,4558
SOFI,2023-06-08,2023-07-07,backfill,O:SOFI230721C00009000,9.0,2023-07-21,2023-06-13,1.19,1.24,0.8,1.17,6218,188,1.19,,monthly_30d_30d_otm,weekly_2_strike0,43,4558
SOFI,2023-06-08,2023-07-07,backfill,O:SOFI230721C00009000,9.0,2023-07-21,2023-06-14,1.3,1.66,1.15,1.41,3717,183,1.3,,monthly_30d_30d_otm,weekly_2_strike0,43,4558
SOFI,2023-06-08,2023-07-07,backfill,O:SOFI230721C00009000,9.0,2023-07-21,2023-06-15,1.11,1.21,0.91,1.2,4157,182,1.11,,monthly_30d_30d_otm,weekly_2_strike0,43,4558
SOFI,2023-06-08,2023-07-07,backfill,O:SOFI230721C00009000,9.0,2023-07-21,2023-06-16,0.77,1.01,0.63,0.63,7463,270,0.77,,monthly_30d_30d_otm,weekly_2_strike0,43,4558
SOFI,2023-06-08,2023-07-07,backfill,O:SOFI230721C00009000,9.0,2023-07-21,2023-06-20,0.54,0.67,0.44,0.54,6786,182,0.54,,monthly_30d_30d_otm,weekly_2_strike0,43,4558
SOFI,2023-06-08,2023-07-07,backfill,O:SOFI230721C00009000,9.0,2023-07-21,2023-06-21,0.52,0.63,0.42,0.52,2855,138,0.52,,monthly_30d_30d_otm,weekly_2_strike0,43,4558
SOFI,2023-06-08,2023-07-07,backfill,O:SOFI230721C00009000,9.0,2023-07-21,2023-06-22,0.53,0.53,0.41,0.43,1597,106,0.53,,monthly_30d_30d_otm,weekly_2_strike0,43,4558
SOFI,2023-06-08,2023-07-07,backfill,O:SOFI230721C00009000,9.0,2023-07-21,2023-06-23,0.27,0.33,0.13,0.33,2500,157,0.27,,monthly_30d_30d_otm,weekly_2_strike0,43,4558
SOFI,2023-06-08,2023-07-07,backfill,O:SOFI230721C00009000,9.0,2023-07-21,2023-06-26,0.31,0.49,0.27,0.27,1194,130,0.31,,monthly_30d_30d_otm,weekly_2_strike0,43,4558
SOFI,2023-06-08,2023-07-07,backfill,O:SOFI230721C00009000,9.0,2023-07-21,2023-06-27,0.31,0.44,0.3,0.41,3118,149,0.31,,monthly_30d_30d_otm,weekly_2_strike0,43,4558
SOFI,2023-06-08,2023-07-07,backfill,O:SOFI230721C00009000,9.0,2023-07-21,2023-06-28,0.41,0.66,0.39,0.54,2562,185,0.41,,monthly_30d_30d_otm,weekly_2_strike0,43,4558
SOFI,2023-06-08,2023-07-07,backfill,O:SOFI230721C00009000,9.0,2023-07-21,2023-06-29,0.62,0.78,0.42,0.5,2721,179,0.62,,monthly_30d_30d_otm,weekly_2_strike0,43,4558
SOFI,2023-06-08,2023-07-07,backfill,O:SOFI230721C00009000,9.0,2023-07-21,2023-06-30,0.6,0.95,0.31,0.33,9524,247,0.6,,monthly_30d_30d_otm,weekly_2_strike0,43,4558
SOFI,2023-06-08,2023-07-07,backfill,O:SOFI230721C00009000,9.0,2023-07-21,2023-07-03,0.33,0.38,0.3,0.31,1695,111,0.33,,monthly_30d_30d_otm,weekly_2_strike0,43,4558
SOFI,2023-06-08,2023-07-07,backfill,O:SOFI230721C00009000,9.0,2023-07-21,2023-07-05,0.31,0.38,0.21,0.23,2415,156,0.31,,monthly_30d_30d_otm,weekly_2_strike0,43,4558
SOFI,2023-06-08,2023-07-07,backfill,O:SOFI230721C00009000,9.0,2023-07-21,2023-07-06,0.15,0.19,0.12,0.15,4153,145,0.15,,monthly_30d_30d_otm,weekly_2_strike0,43,4558
SOFI,2023-06-08,2023-07-07,backfill,O:SOFI230721C00009000,9.0,2023-07-21,2023-07-07,0.15,0.18,0.11,0.12,3775,167,0.15,,monthly_30d_30d_otm,weekly_2_strike0,43,4558
SOFI,2024-10-11,2024-11-07,backfill,O:SOFI241115C00009000,9.0,2024-11-15,2024-10-11,0.6,0.81,0.6,0.75,11195,298,0.6,,monthly_30d_30d_otm,weekly_1_strike0,35,11195
SOFI,2024-10-11,2024-11-07,backfill,O:SOFI241115C00009000,9.0,2024-11-15,2024-10-14,0.92,1.47,0.92,1.44,13810,299,0.92,,monthly_30d_30d_otm,weekly_1_strike0,35,11195
SOFI,2024-10-11,2024-11-07,backfill,O:SOFI241115C00009000,9.0,2024-11-15,2024-10-15,1.51,1.83,1.46,1.56,3612,178,1.51,,monthly_30d_30d_otm,weekly_1_strike0,35,11195
SOFI,2024-10-11,2024-11-07,backfill,O:SOFI241115C00009000,9.0,2024-11-15,2024-10-16,1.53,1.63,1.33,1.44,2098,134,1.53,,monthly_30d_30d_otm,weekly_1_strike0,35,11195
SOFI,2024-10-11,2024-11-07,backfill,O:SOFI241115C00009000,9.0,2024-11-15,2024-10-17,1.41,1.41,1.13,1.3,2232,139,1.41,,monthly_30d_30d_otm,weekly_1_strike0,35,11195
SOFI,2024-10-11,2024-11-07,backfill,O:SOFI241115C00009000,9.0,2024-11-15,2024-10-18,1.33,1.5,1.31,1.5,977,79,1.33,,monthly_30d_30d_otm,weekly_1_strike0,35,11195
SOFI,2024-10-11,2024-11-07,backfill,O:SOFI241115C00009000,9.0,2024-11-15,2024-10-21,1.55,1.81,1.54,1.64,1791,102,1.55,,monthly_30d_30d_otm,weekly_1_strike0,35,11195
SOFI,2024-10-11,2024-11-07,backfill,O:SOFI241115C00009000,9.0,2024-11-15,2024-10-22,1.55,1.83,1.51,1.8,494,56,1.55,,monthly_30d_30d_otm,weekly_1_strike0,35,11195
SOFI,2024-10-11,2024-11-07,backfill,O:SOFI241115C00009000,9.0,2024-11-15,2024-10-23,1.73,1.86,1.47,1.61,1077,76,1.73,,monthly_30d_30d_otm,weekly_1_strike0,35,11195
SOFI,2024-10-11,2024-11-07,backfill,O:SOFI241115C00009000,9.0,2024-11-15,2024-10-24,2.07,2.43,1.98,2.12,3773,120,2.07,,monthly_30d_30d_otm,weekly_1_strike0,35,11195
SOFI,2024-10-11,2024-11-07,backfill,O:SOFI241115C00009000,9.0,2024-11-15,2024-10-25,2.28,2.44,2.09,2.2,1738,90,2.28,,monthly_30d_30d_otm,weekly_1_strike0,35,11195
SOFI,2024-10-11,2024-11-07,backfill,O:SOFI241115C00009000,9.0,2024-11-15,2024-10-28,2.31,2.46,2.24,2.35,3037,122,2.31,,monthly_30d_30d_otm,weekly_1_strike0,35,11195
SOFI,2024-10-11,2024-11-07,backfill,O:SOFI241115C00009000,9.0,2024-11-15,2024-10-29,1.86,1.87,1.0,1.6,2350,137,1.86,,monthly_30d_30d_otm,weekly_1_strike0,35,11195
SOFI,2024-10-11,2024-11-07,backfill,O:SOFI241115C00009000,9.0,2024-11-15,2024-10-30,1.72,2.54,1.72,2.29,1708,120,1.72,,monthly_30d_30d_otm,weekly_1_strike0,35,11195
SOFI,2024-10-11,2024-11-07,backfill,O:SOFI241115C00009000,9.0,2024-11-15,2024-10-31,2.28,2.37,1.89,2.26,662,48,2.28,,monthly_30d_30d_otm,weekly_1_strike0,35,11195
SOFI,2024-10-11,2024-11-07,backfill,O:SOFI241115C00009000,9.0,2024-11-15,2024-11-01,2.23,2.23,1.91,2.11,829,51,2.23,,monthly_30d_30d_otm,weekly_1_strike0,35,11195
SOFI,2024-10-11,2024-11-07,backfill,O:SOFI241115C00009000,9.0,2024-11-15,2024-11-04,1.89,2.15,1.59,1.98,515,61,1.89,,monthly_30d_30d_otm,weekly_1_strike0,35,11195
SOFI,2024-10-11,2024-11-07,backfill,O:SOFI241115C00009000,9.0,2024-11-15,2024-11-05,2.15,2.56,2.11,2.44,1488,69,2.15,,monthly_30d_30d_otm,weekly_1_strike0,35,11195
SOFI,2024-10-11,2024-11-07,backfill,O:SOFI241115C00009000,9.0,2024-11-15,2024-11-06,3.05,3.2,2.7,2.88,1140,83,3.05,,monthly_30d_30d_otm,weekly_1_strike0,35,11195
SOFI,2024-10-11,2024-11-07,backfill,O:SOFI241115C00009000,9.0,2024-11-15,2024-11-07,2.86,3.15,2.86,2.91,679,70,2.86,,monthly_30d_30d_otm,weekly_1_strike0,35,11195
SOXL,2025-06-17,2025-07-16,backfill,O:SOXL250718C00023000,23.0,2025-07-18,2025-06-17,1.75,2.05,1.65,1.67,413,63,1.75,,monthly_30d_40d_otm,weekly_2_strike0,31,413
SOXL,2025-06-17,2025-07-16,backfill,O:SOXL250718C00023000,23.0,2025-07-18,2025-06-18,1.7,2.02,1.56,1.63,490,48,1.7,,monthly_30d_40d_otm,weekly_2_strike0,31,413
SOXL,2025-06-17,2025-07-16,backfill,O:SOXL250718C00023000,23.0,2025-07-18,2025-06-20,1.81,1.86,1.13,1.33,597,73,1.81,,monthly_30d_40d_otm,weekly_2_strike0,31,413
SOXL,2025-06-17,2025-07-16,backfill,O:SOXL250718C00023000,23.0,2025-07-18,2025-06-23,1.33,1.55,1.07,1.3,939,65,1.33,,monthly_30d_40d_otm,weekly_2_strike0,31,413
SOXL,2025-06-17,2025-07-16,backfill,O:SOXL250718C00023000,23.0,2025-07-18,2025-06-24,1.7,2.65,1.7,2.65,912,92,1.7,,monthly_30d_40d_otm,weekly_2_strike0,31,413
SOXL,2025-06-17,2025-07-16,backfill,O:SOXL250718C00023000,23.0,2025-07-18,2025-06-25,2.87,3.06,2.6,3.0,370,59,2.87,,monthly_30d_40d_otm,weekly_2_strike0,31,413
SOXL,2025-06-17,2025-07-16,backfill,O:SOXL250718C00023000,23.0,2025-07-18,2025-06-26,3.33,3.45,2.98,3.35,437,43,3.33,,monthly_30d_40d_otm,weekly_2_strike0,31,413
SOXL,2025-06-17,2025-07-16,backfill,O:SOXL250718C00023000,23.0,2025-07-18,2025-06-27,3.54,3.72,2.81,3.2,234,39,3.54,,monthly_30d_40d_otm,weekly_2_strike0,31,413
SOXL,2025-06-17,2025-07-16,backfill,O:SOXL250718C00023000,23.0,2025-07-18,2025-06-30,3.2,3.33,2.91,3.06,563,37,3.2,,monthly_30d_40d_otm,weekly_2_strike0,31,413
SOXL,2025-06-17,2025-07-16,backfill,O:SOXL250718C00023000,23.0,2025-07-18,2025-07-01,2.8,3.05,2.07,2.91,263,32,2.8,,monthly_30d_40d_otm,weekly_2_strike0,31,413
SOXL,2025-06-17,2025-07-16,backfill,O:SOXL250718C00023000,23.0,2025-07-18,2025-07-02,2.63,3.98,2.63,3.6,334,30,2.63,,monthly_30d_40d_otm,weekly_2_strike0,31,413
SOXL,2025-06-17,2025-07-16,backfill,O:SOXL250718C00023000,23.0,2025-07-18,2025-07-03,4.15,4.19,3.84,3.84,352,32,4.15,,monthly_30d_40d_otm,weekly_2_strike0,31,413
SOXL,2025-06-17,2025-07-16,backfill,O:SOXL250718C00023000,23.0,2025-07-18,2025-07-07,3.2,3.43,2.65,2.7,393,28,3.2,,monthly_30d_40d_otm,weekly_2_strike0,31,413
SOXL,2025-06-17,2025-07-16,backfill,O:SOXL250718C00023000,23.0,2025-07-18,2025-07-08,3.15,4.29,3.12,3.8,100,27,3.15,,monthly_30d_40d_otm,weekly_2_strike0,31,413
SOXL,2025-06-17,2025-07-16,backfill,O:SOXL250718C00023000,23.0,2025-07-18,2025-07-09,4.25,4.6,3.5,3.98,156,29,4.25,,monthly_30d_40d_otm,weekly_2_strike0,31,413
SOXL,2025-06-17,2025-07-16,backfill,O:SOXL250718C00023000,23.0,2025-07-18,2025-07-10,4.32,4.85,4.15,4.6,132,30,4.32,,monthly_30d_40d_otm,weekly_2_strike0,31,413
SOXL,2025-06-17,2025-07-16,backfill,O:SOXL250718C00023000,23.0,2025-07-18,2025-07-11,4.15,4.67,3.98,4.5,468,34,4.15,,monthly_30d_40d_otm,weekly_2_strike0,31,413
SOXL,2025-06-17,2025-07-16,backfill,O:SOXL250718C00023000,23.0,2025-07-18,2025-07-14,3.62,3.92,2.72,3.6,585,53,3.62,,monthly_30d_40d_otm,weekly_2_strike0,31,413
SOXL,2025-06-17,2025-07-16,backfill,O:SOXL250718C00023000,23.0,2025-07-18,2025-07-15,5.15,5.39,4.4,4.4,204,40,5.15,,monthly_30d_40d_otm,weekly_2_strike0,31,413
SOXL,2025-06-17,2025-07-16,backfill,O:SOXL250718C00023000,23.0,2025-07-18,2025-07-16,3.9,4.05,2.4,4.05,815,60,3.9,,monthly_30d_40d_otm,weekly_2_strike0,31,413
SOXX,2024-07-10,2024-07-18,backfill,O:SOXX240816C00275000,275.0,2024-08-16,2024-07-10,4.82,6.3,4.82,6.3,28,9,4.82,,monthly_30d_25d_otm,weekly_2_strike3,37,28
SOXX,2024-07-10,2024-07-18,backfill,O:SOXX240816C00275000,275.0,2024-08-16,2024-07-11,3.3,3.7,3.3,3.7,6,3,3.3,,monthly_30d_25d_otm,weekly_2_strike3,37,28
SOXX,2024-07-10,2024-07-18,backfill,O:SOXX240816C00275000,275.0,2024-08-16,2024-07-12,4.78,4.78,4.0,4.0,6,3,4.78,,monthly_30d_25d_otm,weekly_2_strike3,37,28
SOXX,2024-07-10,2024-07-18,backfill,O:SOXX240816C00275000,275.0,2024-08-16,2024-07-15,4.3,4.4,4.2,4.2,39,11,4.3,,monthly_30d_25d_otm,weekly_2_strike3,37,28
SOXX,2024-07-10,2024-07-18,backfill,O:SOXX240816C00275000,275.0,2024-08-16,2024-07-16,3.61,3.61,3.61,3.61,1,1,3.61,,monthly_30d_25d_otm,weekly_2_strike3,37,28
SOXX,2024-07-10,2024-07-18,backfill,O:SOXX240816C00275000,275.0,2024-08-16,2024-07-17,2.0,2.05,1.0,1.05,18,15,2.0,,monthly_30d_25d_otm,weekly_2_strike3,37,28
SOXX,2024-07-10,2024-07-18,backfill,O:SOXX240816C00275000,275.0,2024-08-16,2024-07-18,1.1,1.17,0.75,0.75,6,6,1.1,,monthly_30d_25d_otm,weekly_2_strike3,37,28
SPCE,2021-02-01,2021-03-01,backfill,O:SPCE210319C00055000,55.0,2021-03-19,2021-02-01,9.85,15.7,8.86,13.05,1053,177,9.85,,monthly_30d_35d_otm,weekly_2_strike0,46,1053
SPCE,2021-02-01,2021-03-01,backfill,O:SPCE210319C00055000,55.0,2021-03-19,2021-02-02,16.3,16.3,8.9,9.35,1304,170,16.3,,monthly_30d_35d_otm,weekly_2_strike0,46,1053
SPCE,2021-02-01,2021-03-01,backfill,O:SPCE210319C00055000,55.0,2021-03-19,2021-02-03,10.28,14.78,10.0,13.75,1781,183,10.28,,monthly_30d_35d_otm,weekly_2_strike0,46,1053
SPCE,2021-02-01,2021-03-01,backfill,O:SPCE210319C00055000,55.0,2021-03-19,2021-02-04,13.49,17.9,11.15,12.15,635,107,13.49,,monthly_30d_35d_otm,weekly_2_strike0,46,1053
SPCE,2021-02-01,2021-03-01,backfill,O:SPCE210319C00055000,55.0,2021-03-19,2021-02-05,11.35,12.1,10.45,11.55,264,84,11.35,,monthly_30d_35d_otm,weekly_2_strike0,46,1053
SPCE,2021-02-01,2021-03-01,backfill,O:SPCE210319C00055000,55.0,2021-03-19,2021-02-08,12.1,12.95,10.77,11.7,409,90,12.1,,monthly_30d_35d_otm,weekly_2_strike0,46,1053
SPCE,2021-02-01,2021-03-01,backfill,O:SPCE210319C00055000,55.0,2021-03-19,2021-02-09,10.97,12.0,10.55,11.55,281,80,10.97,,monthly_30d_35d_otm,weekly_2_strike0,46,1053
SPCE,2021-02-01,2021-03-01,backfill,O:SPCE210319C00055000,55.0,2021-03-19,2021-02-10,11.0,11.17,8.6,9.25,822,150,11.0,,monthly_30d_35d_otm,weekly_2_strike0,46,1053
SPCE,2021-02-01,2021-03-01,backfill,O:SPCE210319C00055000,55.0,2021-03-19,2021-02-11,9.56,14.5,8.9,13.67,2768,192,9.56,,monthly_30d_35d_otm,weekly_2_strike0,46,1053
SPCE,2021-02-01,2021-03-01,backfill,O:SPCE210319C00055000,55.0,2021-03-19,2021-02-12,8.86,11.35,7.1,9.95,940,163,8.86,,monthly_30d_35d_otm,weekly_2_strike0,46,1053
SPCE,2021-02-01,2021-03-01,backfill,O:SPCE210319C00055000,55.0,2021-03-19,2021-02-16,9.2,9.2,6.65,6.8,848,120,9.2,,monthly_30d_35d_otm,weekly_2_strike0,46,1053
SPCE,2021-02-01,2021-03-01,backfill,O:SPCE210319C00055000,55.0,2021-03-19,2021-02-17,6.5,6.75,4.4,5.54,783,152,6.5,,monthly_30d_35d_otm,weekly_2_strike0,46,1053
SPCE,2021-02-01,2021-03-01,backfill,O:SPCE210319C00055000,55.0,2021-03-19,2021-02-18,5.0,8.7,4.38,5.25,2611,164,5.0,,monthly_30d_35d_otm,weekly_2_strike0,46,1053
SPCE,2021-02-01,2021-03-01,backfill,O:SPCE210319C00055000,55.0,2021-03-19,2021-02-19,5.5,6.7,5.3,5.55,545,121,5.5,,monthly_30d_35d_otm,weekly_2_strike0,46,1053
SPCE,2021-02-01,2021-03-01,backfill,O:SPCE210319C00055000,55.0,2021-03-19,2021-02-22,5.05,5.3,3.5,3.7,449,105,5.05,,monthly_30d_35d_otm,weekly_2_strike0,46,1053
SPCE,2021-02-01,2021-03-01,backfill,O:SPCE210319C00055000,55.0,2021-03-19,2021-02-23,2.27,3.0,1.7,2.64,614,112,2.27,,monthly_30d_35d_otm,weekly_2_strike0,46,1053
SPCE,2021-02-01,2021-03-01,backfill,O:SPCE210319C00055000,55.0,2021-03-19,2021-02-24,2.62,3.2,2.29,3.2,303,73,2.62,,monthly_30d_35d_otm,weekly_2_strike0,46,1053
SPCE,2021-02-01,2021-03-01,backfill,O:SPCE210319C00055000,55.0,2021-03-19,2021-02-25,2.75,3.65,2.12,2.24,483,101,2.75,,monthly_30d_35d_otm,weekly_2_strike0,46,1053
SPCE,2021-02-01,2021-03-01,backfill,O:SPCE210319C00055000,55.0,2021-03-19,2021-02-26,1.98,1.98,0.4,0.47,1508,135,1.98,,monthly_30d_35d_otm,weekly_2_strike0,46,1053
SPCE,2021-02-01,2021-03-01,backfill,O:SPCE210319C00055000,55.0,2021-03-19,2021-03-01,0.52,0.57,0.23,0.35,491,65,0.52,,monthly_30d_35d_otm,weekly_2_strike0,46,1053
SPCE,2024-12-30,2025-01-27,backfill,O:SPCE250221C00007000,7.0,2025-02-21,2024-12-30,0.5,0.5,0.46,0.49,26,3,0.5,,monthly_45d_30d_otm,weekly_2_strike0,53,26
SPCE,2024-12-30,2025-01-27,backfill,O:SPCE250221C00007000,7.0,2025-02-21,2024-12-31,0.46,0.47,0.46,0.47,2,2,0.46,,monthly_45d_30d_otm,weekly_2_strike0,53,26
SPCE,2024-12-30,2025-01-27,backfill,O:SPCE250221C00007000,7.0,2025-02-21,2025-01-02,0.55,0.55,0.47,0.5,47,8,0.55,,monthly_45d_30d_otm,weekly_2_strike0,53,26
SPCE,2024-12-30,2025-01-27,backfill,O:SPCE250221C00007000,7.0,2025-02-21,2025-01-03,0.56,0.71,0.56,0.68,141,12,0.56,,monthly_45d_30d_otm,weekly_2_strike0,53,26
SPCE,2024-12-30,2025-01-27,backfill,O:SPCE250221C00007000,7.0,2025-02-21,2025-01-06,0.68,0.68,0.62,0.62,25,5,0.68,,monthly_45d_30d_otm,weekly_2_strike0,53,26
SPCE,2024-12-30,2025-01-27,backfill,O:SPCE250221C00007000,7.0,2025-02-21,2025-01-08,0.46,0.46,0.4,0.41,60,9,0.46,,monthly_45d_30d_otm,weekly_2_strike0,53,26
SPCE,2024-12-30,2025-01-27,backfill,O:SPCE250221C00007000,7.0,2025-02-21,2025-01-10,0.32,0.38,0.32,0.35,59,6,0.32,,monthly_45d_30d_otm,weekly_2_strike0,53,26
SPCE,2024-12-30,2025-01-27,backfill,O:SPCE250221C00007000,7.0,2025-02-21,2025-01-13,0.29,0.29,0.24,0.27,9,3,0.29,,monthly_45d_30d_otm,weekly_2_strike0,53,26
SPCE,2024-12-30,2025-01-27,backfill,O:SPCE250221C00007000,7.0,2025-02-21,2025-01-14,0.26,0.26,0.21,0.21,4,4,0.26,,monthly_45d_30d_otm,weekly_2_strike0,53,26
SPCE,2024-12-30,2025-01-27,backfill,O:SPCE250221C00007000,7.0,2025-02-21,2025-01-15,0.21,0.21,0.16,0.17,3,3,0.21,,monthly_45d_30d_otm,weekly_2_strike0,53,26
SPCE,2024-12-30,2025-01-27,backfill,O:SPCE250221C00007000,7.0,2025-02-21,2025-01-16,0.16,0.16,0.16,0.16,1,1,0.16,,monthly_45d_30d_otm,weekly_2_strike0,53,26
SPCE,2024-12-30,2025-01-27,backfill,O:SPCE250221C00007000,7.0,2025-02-21,2025-01-17,0.12,0.12,0.11,0.11,132,6,0.12,,monthly_45d_30d_otm,weekly_2_strike0,53,26
SPCE,2024-12-30,2025-01-27,backfill,O:SPCE250221C00007000,7.0,2025-02-21,2025-01-21,0.13,0.27,0.1,0.19,1262,28,0.13,,monthly_45d_30d_otm,weekly_2_strike0,53,26
SPCE,2024-12-30,2025-01-27,backfill,O:SPCE250221C00007000,7.0,2025-02-21,2025-01-22,0.19,0.19,0.16,0.17,22,7,0.19,,monthly_45d_30d_otm,weekly_2_strike0,53,26
SPCE,2024-12-30,2025-01-27,backfill,O:SPCE250221C00007000,7.0,2025-02-21,2025-01-23,0.17,0.17,0.15,0.15,2,2,0.17,,monthly_45d_30d_otm,weekly_2_strike0,53,26
SPCE,2024-12-30,2025-01-27,backfill,O:SPCE250221C00007000,7.0,2025-02-21,2025-01-24,0.2,0.23,0.18,0.22,37,8,0.2,,monthly_45d_30d_otm,weekly_2_strike0,53,26
SPCE,2024-12-30,2025-01-27,backfill,O:SPCE250221C00007000,7.0,2025-02-21,2025-01-27,0.15,0.15,0.1,0.1,65,4,0.15,,monthly_45d_30d_otm,weekly_2_strike0,53,26
SPG,2021-02-08,2021-03-08,backfill,O:SPG210319C00105000,105.0,2021-03-19,2021-02-08,3.37,4.16,3.2,3.91,260,43,3.37,,monthly_30d_30d_otm,weekly_2_strike1,39,260
SPG,2021-02-08,2021-03-08,backfill,O:SPG210319C00105000,105.0,2021-03-19,2021-02-09,3.95,6.65,3.89,4.67,1443,106,3.95,,monthly_30d_30d_otm,weekly_2_strike1,39,260
SPG,2021-02-08,2021-03-08,backfill,O:SPG210319C00105000,105.0,2021-03-19,2021-02-10,5.45,8.2,5.4,6.75,652,79,5.45,,monthly_30d_30d_otm,weekly_2_strike1,39,260
SPG,2021-02-08,2021-03-08,backfill,O:SPG210319C00105000,105.0,2021-03-19,2021-02-11,8.44,10.1,7.53,8.35,571,51,8.44,,monthly_30d_30d_otm,weekly_2_strike1,39,260
SPG,2021-02-08,2021-03-08,backfill,O:SPG210319C00105000,105.0,2021-03-19,2021-02-12,8.55,9.3,7.4,8.08,174,31,8.55,,monthly_30d_30d_otm,weekly_2_strike1,39,260
SPG,2021-02-08,2021-03-08,backfill,O:SPG210319C00105000,105.0,2021-03-19,2021-02-16,8.1,9.7,8.0,9.0,271,21,8.1,,monthly_30d_30d_otm,weekly_2_strike1,39,260
SPG,2021-02-08,2021-03-08,backfill,O:SPG210319C00105000,105.0,2021-03-19,2021-02-17,7.75,7.75,6.58,7.25,32,11,7.75,,monthly_30d_30d_otm,weekly_2_strike1,39,260
SPG,2021-02-08,2021-03-08,backfill,O:SPG210319C00105000,105.0,2021-03-19,2021-02-18,7.23,7.23,5.65,6.21,99,30,7.23,,monthly_30d_30d_otm,weekly_2_strike1,39,260
SPG,2021-02-08,2021-03-08,backfill,O:SPG210319C00105000,105.0,2021-03-19,2021-02-19,6.4,8.08,6.38,7.1,7781,129,6.4,,monthly_30d_30d_otm,weekly_2_strike1,39,260
SPG,2021-02-08,2021-03-08,backfill,O:SPG210319C00105000,105.0,2021-03-19,2021-02-22,8.74,12.0,8.66,10.15,188,46,8.74,,monthly_30d_30d_otm,weekly_2_strike1,39,260
SPG,2021-02-08,2021-03-08,backfill,O:SPG210319C00105000,105.0,2021-03-19,2021-02-23,12.0,12.0,10.13,11.8,92,13,12.0,,monthly_30d_30d_otm,weekly_2_strike1,39,260
SPG,2021-02-08,2021-03-08,backfill,O:SPG210319C00105000,105.0,2021-03-19,2021-02-24,12.6,17.15,12.6,15.14,72,17,12.6,,monthly_30d_30d_otm,weekly_2_strike1,39,260
SPG,2021-02-08,2021-03-08,backfill,O:SPG210319C00105000,105.0,2021-03-19,2021-02-25,15.5,18.1,11.42,11.83,78,9,15.5,,monthly_30d_30d_otm,weekly_2_strike1,39,260
SPG,2021-02-08,2021-03-08,backfill,O:SPG210319C00105000,105.0,2021-03-19,2021-02-26,12.1,12.73,9.56,10.35,26,8,12.1,,monthly_30d_30d_otm,weekly_2_strike1,39,260
SPG,2021-02-08,2021-03-08,backfill,O:SPG210319C00105000,105.0,2021-03-19,2021-03-01,13.0,13.0,11.6,11.6,23,8,13.0,,monthly_30d_30d_otm,weekly_2_strike1,39,260
SPG,2021-02-08,2021-03-08,backfill,O:SPG210319C00105000,105.0,2021-03-19,2021-03-02,9.35,9.35,8.5,9.0,106,6,9.35,,monthly_30d_30d_otm,weekly_2_strike1,39,260
SPG,2021-02-08,2021-03-08,backfill,O:SPG210319C00105000,105.0,2021-03-19,2021-03-03,10.2,11.0,9.65,10.4,39,6,10.2,,monthly_30d_30d_otm,weekly_2_strike1,39,260
SPG,2021-02-08,2021-03-08,backfill,O:SPG210319C00105000,105.0,2021-03-19,2021-03-04,8.9,8.9,5.15,6.95,62,19,8.9,,monthly_30d_30d_otm,weekly_2_strike1,39,260
SPG,2021-02-08,2021-03-08,backfill,O:SPG210319C00105000,105.0,2021-03-19,2021-03-05,6.4,7.6,3.6,7.6,133,27,6.4,,monthly_30d_30d_otm,weekly_2_strike1,39,260
SPG,2021-02-08,2021-03-08,backfill,O:SPG210319C00105000,105.0,2021-03-19,2021-03-08,8.26,10.12,8.26,9.9,6,4,8.26,,monthly_30d_30d_otm,weekly_2_strike1,39,260
SPG,2022-11-08,2022-12-06,backfill,O:SPG221216C00120000,120.0,2022-12-16,2022-11-08,3.1,3.15,2.52,2.9,77,21,3.1,,monthly_30d_40d_otm,weekly_2_strike2,38,77
SPG,2022-11-08,2022-12-06,backfill,O:SPG221216C00120000,120.0,2022-12-16,2022-11-09,2.55,2.77,2.05,2.05,64,11,2.55,,monthly_30d_40d_otm,weekly_2_strike2,38,77
SPG,2022-11-08,2022-12-06,backfill,O:SPG221216C00120000,120.0,2022-12-16,2022-11-10,3.53,5.2,3.39,4.45,269,46,3.53,,monthly_30d_40d_otm,weekly_2_strike2,38,77
SPG,2022-11-08,2022-12-06,backfill,O:SPG221216C00120000,120.0,2022-12-16,2022-11-11,4.8,5.53,4.63,4.75,80,25,4.8,,monthly_30d_40d_otm,weekly_2_strike2,38,77
SPG,2022-11-08,2022-12-06,backfill,O:SPG221216C00120000,120.0,2022-12-16,2022-11-14,3.7,3.87,3.15,3.15,67,18,3.7,,monthly_30d_40d_otm,weekly_2_strike2,38,77
SPG,2022-11-08,2022-12-06,backfill,O:SPG221216C00120000,120.0,2022-12-16,2022-11-15,4.0,4.46,3.65,4.16,72,20,4.0,,monthly_30d_40d_otm,weekly_2_strike2,38,77
SPG,2022-11-08,2022-12-06,backfill,O:SPG221216C00120000,120.0,2022-12-16,2022-11-16,2.82,3.25,2.14,2.14,119,27,2.82,,monthly_30d_40d_otm,weekly_2_strike2,38,77
SPG,2022-11-08,2022-12-06,backfill,O:SPG221216C00120000,120.0,2022-12-16,2022-11-17,1.2,1.92,1.2,1.92,164,32,1.2,,monthly_30d_40d_otm,weekly_2_strike2,38,77
SPG,2022-11-08,2022-12-06,backfill,O:SPG221216C00120000,120.0,2022-12-16,2022-11-18,2.5,2.8,2.26,2.68,1336,72,2.5,,monthly_30d_40d_otm,weekly_2_strike2,38,77
SPG,2022-11-08,2022-12-06,backfill,O:SPG221216C00120000,120.0,2022-12-16,2022-11-21,2.59,2.69,1.82,2.03,113,40,2.59,,monthly_30d_40d_otm,weekly_2_strike2,38,77
SPG,2022-11-08,2022-12-06,backfill,O:SPG221216C00120000,120.0,2022-12-16,2022-11-22,2.25,2.75,2.21,2.6,93,28,2.25,,monthly_30d_40d_otm,weekly_2_strike2,38,77
SPG,2022-11-08,2022-12-06,backfill,O:SPG221216C00120000,120.0,2022-12-16,2022-11-23,3.0,3.05,2.39,2.65,84,29,3.0,,monthly_30d_40d_otm,weekly_2_strike2,38,77
SPG,2022-11-08,2022-12-06,backfill,O:SPG221216C00120000,120.0,2022-12-16,2022-11-25,2.87,3.0,2.71,3.0,39,11,2.87,,monthly_30d_40d_otm,weekly_2_strike2,38,77
SPG,2022-11-08,2022-12-06,backfill,O:SPG221216C00120000,120.0,2022-12-16,2022-11-28,2.72,2.72,1.06,1.1,253,53,2.72,,monthly_30d_40d_otm,weekly_2_strike2,38,77
SPG,2022-11-08,2022-12-06,backfill,O:SPG221216C00120000,120.0,2022-12-16,2022-11-29,1.12,1.55,1.05,1.46,81,29,1.12,,monthly_30d_40d_otm,weekly_2_strike2,38,77
SPG,2022-11-08,2022-12-06,backfill,O:SPG221216C00120000,120.0,2022-12-16,2022-11-30,1.16,2.1,1.12,2.07,208,36,1.16,,monthly_30d_40d_otm,weekly_2_strike2,38,77
SPG,2022-11-08,2022-12-06,backfill,O:SPG221216C00120000,120.0,2022-12-16,2022-12-01,2.71,2.71,1.42,1.78,119,40,2.71,,monthly_30d_40d_otm,weekly_2_strike2,38,77
SPG,2022-11-08,2022-12-06,backfill,O:SPG221216C00120000,120.0,2022-12-16,2022-12-02,1.41,1.94,1.38,1.62,112,40,1.41,,monthly_30d_40d_otm,weekly_2_strike2,38,77
SPG,2022-11-08,2022-12-06,backfill,O:SPG221216C00120000,120.0,2022-12-16,2022-12-05,1.62,1.62,0.94,1.0,124,33,1.62,,monthly_30d_40d_otm,weekly_2_strike2,38,77
SPG,2022-11-08,2022-12-06,backfill,O:SPG221216C00120000,120.0,2022-12-16,2022-12-06,1.0,1.3,0.82,1.07,293,56,1.0,,monthly_30d_40d_otm,weekly_2_strike2,38,77
SPOT,2020-04-16,2020-05-13,backfill,O:SPOT200515C00140000,140.0,2020-05-15,2020-04-16,7.7,8.8,7.34,8.8,16,9,7.7,,monthly_30d_atm,weekly_2_strike0,29,16
SPOT,2020-04-16,2020-05-13,backfill,O:SPOT200515C00140000,140.0,2020-05-15,2020-04-17,9.6,9.6,8.29,9.0,8,4,9.6,,monthly_30d_atm,weekly_2_strike0,29,16
SPOT,2020-04-16,2020-05-13,backfill,O:SPOT200515C00140000,140.0,2020-05-15,2020-04-20,11.6,11.6,11.3,11.3,13,2,11.6,,monthly_30d_atm,weekly_2_strike0,29,16
SPOT,2020-04-16,2020-05-13,backfill,O:SPOT200515C00140000,140.0,2020-05-15,2020-04-21,9.43,9.43,8.2,8.2,3,2,9.43,,monthly_30d_atm,weekly_2_strike0,29,16
SPOT,2020-04-16,2020-05-13,backfill,O:SPOT200515C00140000,140.0,2020-05-15,2020-04-22,8.8,8.8,8.63,8.63,4,2,8.8,,monthly_30d_atm,weekly_2_strike0,29,16
SPOT,2020-04-16,2020-05-13,backfill,O:SPOT200515C00140000,140.0,2020-05-15,2020-04-23,7.5,8.0,7.36,7.36,18,5,7.5,,monthly_30d_atm,weekly_2_strike0,29,16
SPOT,2020-04-16,2020-05-13,backfill,O:SPOT200515C00140000,140.0,2020-05-15,2020-04-24,6.8,6.8,5.89,6.5,9,6,6.8,,monthly_30d_atm,weekly_2_strike0,29,16
SPOT,2020-04-16,2020-05-13,backfill,O:SPOT200515C00140000,140.0,2020-05-15,2020-04-27,6.69,7.2,6.69,6.7,11,6,6.69,,monthly_30d_atm,weekly_2_strike0,29,16
SPOT,2020-04-16,2020-05-13,backfill,O:SPOT200515C00140000,140.0,2020-05-15,2020-04-28,7.5,7.5,6.15,6.21,64,15,7.5,,monthly_30d_atm,weekly_2_strike0,29,16
SPOT,2020-04-16,2020-05-13,backfill,O:SPOT200515C00140000,140.0,2020-05-15,2020-04-29,12.4,22.61,12.4,15.7,55,14,12.4,,monthly_30d_atm,weekly_2_strike0,29,16
SPOT,2020-04-16,2020-05-13,backfill,O:SPOT200515C00140000,140.0,2020-05-15,2020-04-30,13.0,13.0,13.0,13.0,1,1,13.0,,monthly_30d_atm,weekly_2_strike0,29,16
SPOT,2020-04-16,2020-05-13,backfill,O:SPOT200515C00140000,140.0,2020-05-15,2020-05-01,9.0,9.0,7.8,7.8,4,2,9.0,,monthly_30d_atm,weekly_2_strike0,29,16
SPOT,2020-04-16,2020-05-13,backfill,O:SPOT200515C00140000,140.0,2020-05-15,2020-05-04,8.1,8.1,7.1,7.5,30,4,8.1,,monthly_30d_atm,weekly_2_strike0,29,16
SPOT,2020-04-16,2020-05-13,backfill,O:SPOT200515C00140000,140.0,2020-05-15,2020-05-05,8.28,8.28,7.0,7.0,65,5,8.28,,monthly_30d_atm,weekly_2_strike0,29,16
SPOT,2020-04-16,2020-05-13,backfill,O:SPOT200515C00140000,140.0,2020-05-15,2020-05-06,8.5,9.48,8.5,9.48,14,3,8.5,,monthly_30d_atm,weekly_2_strike0,29,16
SPOT,2020-04-16,2020-05-13,backfill,O:SPOT200515C00140000,140.0,2020-05-15,2020-05-12,16.72,16.72,16.72,16.72,1,1,16.72,,monthly_30d_atm,weekly_2_strike0,29,16
SPOT,2021-10-15,2021-11-11,backfill,O:SPOT211119C00260000,260.0,2021-11-19,2021-10-15,7.67,7.8,7.0,7.7,40,12,7.67,,monthly_30d_35d_otm,weekly_1_strike0,35,40
SPOT,2021-10-15,2021-11-11,backfill,O:SPOT211119C00260000,260.0,2021-11-19,2021-10-18,8.27,8.27,7.3,7.8,98,4,8.27,,monthly_30d_35d_otm,weekly_1_strike0,35,40
SPOT,2021-10-15,2021-11-11,backfill,O:SPOT211119C00260000,260.0,2021-11-19,2021-10-19,8.38,10.65,8.38,10.65,36,13,8.38,,monthly_30d_35d_otm,weekly_1_strike0,35,40
SPOT,2021-10-15,2021-11-11,backfill,O:SPOT211119C00260000,260.0,2021-11-19,2021-10-20,11.5,11.5,8.2,8.58,16,10,11.5,,monthly_30d_35d_otm,weekly_1_strike0,35,40
SPOT,2021-10-15,2021-11-11,backfill,O:SPOT211119C00260000,260.0,2021-11-19,2021-10-21,10.3,13.95,10.3,10.6,27,16,10.3,,monthly_30d_35d_otm,weekly_1_strike0,35,40
SPOT,2021-10-15,2021-11-11,backfill,O:SPOT211119C00260000,260.0,2021-11-19,2021-10-22,8.9,8.9,8.5,8.5,15,6,8.9,,monthly_30d_35d_otm,weekly_1_strike0,35,40
SPOT,2021-10-15,2021-11-11,backfill,O:SPOT211119C00260000,260.0,2021-11-19,2021-10-25,8.9,11.65,8.2,11.65,15,10,8.9,,monthly_30d_35d_otm,weekly_1_strike0,35,40
SPOT,2021-10-15,2021-11-11,backfill,O:SPOT211119C00260000,260.0,2021-11-19,2021-10-26,12.3,13.66,8.7,9.1,675,31,12.3,,monthly_30d_35d_otm,weekly_1_strike0,35,40
SPOT,2021-10-15,2021-11-11,backfill,O:SPOT211119C00260000,260.0,2021-11-19,2021-10-27,13.7,20.7,11.0,18.55,203,47,13.7,,monthly_30d_35d_otm,weekly_1_strike0,35,40
SPOT,2021-10-15,2021-11-11,backfill,O:SPOT211119C00260000,260.0,2021-11-19,2021-10-28,21.6,34.3,19.86,31.77,76,15,21.6,,monthly_30d_35d_otm,weekly_1_strike0,35,40
SPOT,2021-10-15,2021-11-11,backfill,O:SPOT211119C00260000,260.0,2021-11-19,2021-10-29,28.95,33.3,28.95,31.45,8,6,28.95,,monthly_30d_35d_otm,weekly_1_strike0,35,40
SPOT,2021-10-15,2021-11-11,backfill,O:SPOT211119C00260000,260.0,2021-11-19,2021-11-01,41.2,42.8,38.8,39.0,19,9,41.2,,monthly_30d_35d_otm,weekly_1_strike0,35,40
SPOT,2021-10-15,2021-11-11,backfill,O:SPOT211119C00260000,260.0,2021-11-19,2021-11-02,44.8,45.0,44.8,45.0,11,2,44.8,,monthly_30d_35d_otm,weekly_1_strike0,35,40
SPOT,2021-10-15,2021-11-11,backfill,O:SPOT211119C00260000,260.0,2021-11-19,2021-11-03,39.4,39.4,39.4,39.4,1,1,39.4,,monthly_30d_35d_otm,weekly_1_strike0,35,40
SPOT,2021-10-15,2021-11-11,backfill,O:SPOT211119C00260000,260.0,2021-11-19,2021-11-04,37.58,37.61,33.84,33.84,5,4,37.58,,monthly_30d_35d_otm,weekly_1_strike0,35,40
SPOT,2021-10-15,2021-11-11,backfill,O:SPOT211119C00260000,260.0,2021-11-19,2021-11-05,33.97,33.97,33.58,33.58,5,1,33.97,,monthly_30d_35d_otm,weekly_1_strike0,35,40
SPOT,2021-10-15,2021-11-11,backfill,O:SPOT211119C00260000,260.0,2021-11-19,2021-11-08,24.6,24.6,24.6,24.6,1,1,24.6,,monthly_30d_35d_otm,weekly_1_strike0,35,40
SPOT,2021-10-15,2021-11-11,backfill,O:SPOT211119C00260000,260.0,2021-11-19,2021-11-09,22.59,22.59,22.59,22.59,1,1,22.59,,monthly_30d_35d_otm,weekly_1_strike0,35,40
SPOT,2021-10-15,2021-11-11,backfill,O:SPOT211119C00260000,260.0,2021-11-19,2021-11-10,18.4,18.4,11.24,13.4,12,6,18.4,,monthly_30d_35d_otm,weekly_1_strike0,35,40
SPOT,2021-10-15,2021-11-11,backfill,O:SPOT211119C00260000,260.0,2021-11-19,2021-11-11,19.6,20.21,19.58,20.21,5,3,19.6,,monthly_30d_35d_otm,weekly_1_strike0,35,40
SPOT,2022-07-13,2022-08-09,backfill,O:SPOT220819C00110000,110.0,2022-08-19,2022-07-13,4.1,5.0,4.1,4.71,6,3,4.1,,monthly_30d_25d_otm,weekly_2_strike1,37,6
SPOT,2022-07-13,2022-08-09,backfill,O:SPOT220819C00110000,110.0,2022-08-19,2022-07-14,4.3,4.3,4.1,4.1,29,2,4.3,,monthly_30d_25d_otm,weekly_2_strike1,37,6
SPOT,2022-07-13,2022-08-09,backfill,O:SPOT220819C00110000,110.0,2022-08-19,2022-07-15,4.67,5.7,4.58,5.7,27,8,4.67,,monthly_30d_25d_otm,weekly_2_strike1,37,6
SPOT,2022-07-13,2022-08-09,backfill,O:SPOT220819C00110000,110.0,2022-08-19,2022-07-18,6.1,7.7,6.1,6.8,108,15,6.1,,monthly_30d_25d_otm,weekly_2_strike1,37,6
SPOT,2022-07-13,2022-08-09,backfill,O:SPOT220819C00110000,110.0,2022-08-19,2022-07-19,6.7,7.85,6.7,7.85,3,3,6.7,,monthly_30d_25d_otm,weekly_2_strike1,37,6
SPOT,2022-07-13,2022-08-09,backfill,O:SPOT220819C00110000,110.0,2022-08-19,2022-07-20,9.7,11.32,9.7,11.09,13,5,9.7,,monthly_30d_25d_otm,weekly_2_strike1,37,6
SPOT,2022-07-13,2022-08-09,backfill,O:SPOT220819C00110000,110.0,2022-08-19,2022-07-21,12.01,12.01,11.5,11.5,2,2,12.01,,monthly_30d_25d_otm,weekly_2_strike1,37,6
SPOT,2022-07-13,2022-08-09,backfill,O:SPOT220819C00110000,110.0,2022-08-19,2022-07-22,9.85,10.05,8.9,10.05,7,6,9.85,,monthly_30d_25d_otm,weekly_2_strike1,37,6
SPOT,2022-07-13,2022-08-09,backfill,O:SPOT220819C00110000,110.0,2022-08-19,2022-07-25,9.9,9.9,9.9,9.9,1,1,9.9,,monthly_30d_25d_otm,weekly_2_strike1,37,6
SPOT,2022-07-13,2022-08-09,backfill,O:SPOT220819C00110000,110.0,2022-08-19,2022-07-26,7.1,7.1,5.48,5.55,20,10,7.1,,monthly_30d_25d_otm,weekly_2_strike1,37,6
SPOT,2022-07-13,2022-08-09,backfill,O:SPOT220819C00110000,110.0,2022-08-19,2022-07-27,9.82,13.92,9.82,11.5,120,18,9.82,,monthly_30d_25d_otm,weekly_2_strike1,37,6
SPOT,2022-07-13,2022-08-09,backfill,O:SPOT220819C00110000,110.0,2022-08-19,2022-07-28,8.1,8.31,8.1,8.31,6,2,8.1,,monthly_30d_25d_otm,weekly_2_strike1,37,6
SPOT,2022-07-13,2022-08-09,backfill,O:SPOT220819C00110000,110.0,2022-08-19,2022-07-29,6.4,7.71,6.4,7.55,12,7,6.4,,monthly_30d_25d_otm,weekly_2_strike1,37,6
SPOT,2022-07-13,2022-08-09,backfill,O:SPOT220819C00110000,110.0,2022-08-19,2022-08-01,7.53,8.2,7.53,8.2,3,3,7.53,,monthly_30d_25d_otm,weekly_2_strike1,37,6
SPOT,2022-07-13,2022-08-09,backfill,O:SPOT220819C00110000,110.0,2022-08-19,2022-08-03,11.12,11.12,11.12,11.12,1,1,11.12,,monthly_30d_25d_otm,weekly_2_strike1,37,6
SPOT,2022-07-13,2022-08-09,backfill,O:SPOT220819C00110000,110.0,2022-08-19,2022-08-04,14.1,14.6,13.0,13.0,20,6,14.1,,monthly_30d_25d_otm,weekly_2_strike1,37,6
SPOT,2022-07-13,2022-08-09,backfill,O:SPOT220819C00110000,110.0,2022-08-19,2022-08-05,10.2,10.2,10.2,10.2,1,1,10.2,,monthly_30d_25d_otm,weekly_2_strike1,37,6
SPOT,2022-07-13,2022-08-09,backfill,O:SPOT220819C00110000,110.0,2022-08-19,2022-08-08,11.45,11.45,11.17,11.17,2,2,11.45,,monthly_30d_25d_otm,weekly_2_strike1,37,6
SPOT,2022-07-13,2022-08-09,backfill,O:SPOT220819C00110000,110.0,2022-08-19,2022-08-09,7.75,7.75,7.25,7.25,5,2,7.75,,monthly_30d_25d_otm,weekly_2_strike1,37,6
SPOT,2023-01-19,2023-02-15,backfill,O:SPOT230217C00095000,95.0,2023-02-17,2023-01-19,6.1,6.99,5.11,6.99,65,17,6.1,,monthly_30d_35d_otm,weekly_2_strike0,29,65
SPOT,2023-01-19,2023-02-15,backfill,O:SPOT230217C00095000,95.0,2023-02-17,2023-01-20,7.4,8.85,7.4,8.73,100,22,7.4,,monthly_30d_35d_otm,weekly_2_strike0,29,65
SPOT,2023-01-19,2023-02-15,backfill,O:SPOT230217C00095000,95.0,2023-02-17,2023-01-23,10.97,11.0,9.6,10.26,48,19,10.97,,monthly_30d_35d_otm,weekly_2_strike0,29,65
SPOT,2023-01-19,2023-02-15,backfill,O:SPOT230217C00095000,95.0,2023-02-17,2023-01-24,9.02,9.7,9.02,9.55,19,3,9.02,,monthly_30d_35d_otm,weekly_2_strike0,29,65
SPOT,2023-01-19,2023-02-15,backfill,O:SPOT230217C00095000,95.0,2023-02-17,2023-01-25,7.65,9.64,7.65,9.64,11,5,7.65,,monthly_30d_35d_otm,weekly_2_strike0,29,65
SPOT,2023-01-19,2023-02-15,backfill,O:SPOT230217C00095000,95.0,2023-02-17,2023-01-26,10.6,10.6,10.35,10.48,4,3,10.6,,monthly_30d_35d_otm,weekly_2_strike0,29,65
SPOT,2023-01-19,2023-02-15,backfill,O:SPOT230217C00095000,95.0,2023-02-17,2023-01-27,10.7,10.8,10.7,10.8,5,3,10.7,,monthly_30d_35d_otm,weekly_2_strike0,29,65
SPOT,2023-01-19,2023-02-15,backfill,O:SPOT230217C00095000,95.0,2023-02-17,2023-01-30,10.45,10.82,9.39,9.8,60,7,10.45,,monthly_30d_35d_otm,weekly_2_strike0,29,65
SPOT,2023-01-19,2023-02-15,backfill,O:SPOT230217C00095000,95.0,2023-02-17,2023-01-31,13.65,17.8,13.65,17.64,19,10,13.65,,monthly_30d_35d_otm,weekly_2_strike0,29,65
SPOT,2023-01-19,2023-02-15,backfill,O:SPOT230217C00095000,95.0,2023-02-17,2023-02-01,19.5,21.3,18.33,21.3,6,5,19.5,,monthly_30d_35d_otm,weekly_2_strike0,29,65
SPOT,2023-01-19,2023-02-15,backfill,O:SPOT230217C00095000,95.0,2023-02-17,2023-02-02,24.95,27.45,24.95,27.45,4,3,24.95,,monthly_30d_35d_otm,weekly_2_strike0,29,65
SPOT,2023-01-19,2023-02-15,backfill,O:SPOT230217C00095000,95.0,2023-02-17,2023-02-03,24.65,28.4,24.65,26.5,11,4,24.65,,monthly_30d_35d_otm,weekly_2_strike0,29,65
SPOT,2023-01-19,2023-02-15,backfill,O:SPOT230217C00095000,95.0,2023-02-17,2023-02-06,28.35,28.35,28.35,28.35,2,1,28.35,,monthly_30d_35d_otm,weekly_2_strike0,29,65
SPOT,2023-01-19,2023-02-15,backfill,O:SPOT230217C00095000,95.0,2023-02-17,2023-02-08,30.16,30.17,30.16,30.17,2,1,30.16,,monthly_30d_35d_otm,weekly_2_strike0,29,65
SPOT,2023-01-19,2023-02-15,backfill,O:SPOT230217C00095000,95.0,2023-02-17,2023-02-09,28.75,28.75,26.25,26.25,161,4,28.75,,monthly_30d_35d_otm,weekly_2_strike0,29,65
SPOT,2023-01-19,2023-02-15,backfill,O:SPOT230217C00095000,95.0,2023-02-17,2023-02-10,30.53,31.68,30.53,30.54,9,4,30.53,,monthly_30d_35d_otm,weekly_2_strike0,29,65
SPOT,2023-01-19,2023-02-15,backfill,O:SPOT230217C00095000,95.0,2023-02-17,2023-02-14,26.2,26.2,26.2,26.2,7,1,26.2,,monthly_30d_35d_otm,weekly_2_strike0,29,65
SPOT,2023-01-19,2023-02-15,backfill,O:SPOT230217C00095000,95.0,2023-02-17,2023-02-15,32.7,33.05,32.7,33.05,5,2,32.7,,monthly_30d_35d_otm,weekly_2_strike0,29,65
SPOT,2023-10-12,2023-11-08,backfill,O:SPOT231117C00170000,170.0,2023-11-17,2023-10-12,6.0,7.3,6.0,6.15,13,8,6.0,,monthly_30d_25d_otm,weekly_2_strike0,36,13
SPOT,2023-10-12,2023-11-08,backfill,O:SPOT231117C00170000,170.0,2023-11-17,2023-10-13,5.58,5.58,4.8,4.82,22,7,5.58,,monthly_30d_25d_otm,weekly_2_strike0,36,13
SPOT,2023-10-12,2023-11-08,backfill,O:SPOT231117C00170000,170.0,2023-11-17,2023-10-16,4.4,5.85,4.4,5.85,14,9,4.4,,monthly_30d_25d_otm,weekly_2_strike0,36,13
SPOT,2023-10-12,2023-11-08,backfill,O:SPOT231117C00170000,170.0,2023-11-17,2023-10-17,5.78,6.2,5.78,6.2,14,3,5.78,,monthly_30d_25d_otm,weekly_2_strike0,36,13
SPOT,2023-10-12,2023-11-08,backfill,O:SPOT231117C00170000,170.0,2023-11-17,2023-10-18,4.8,4.8,3.4,3.4,52,13,4.8,,monthly_30d_25d_otm,weekly_2_strike0,36,13
SPOT,2023-10-12,2023-11-08,backfill,O:SPOT231117C00170000,170.0,2023-11-17,2023-10-19,4.4,4.4,3.55,3.55,19,10,4.4,,monthly_30d_25d_otm,weekly_2_strike0,36,13
SPOT,2023-10-12,2023-11-08,backfill,O:SPOT231117C00170000,170.0,2023-11-17,2023-10-20,3.3,3.52,2.7,3.52,15,12,3.3,,monthly_30d_25d_otm,weekly_2_strike0,36,13
SPOT,2023-10-12,2023-11-08,backfill,O:SPOT231117C00170000,170.0,2023-11-17,2023-10-23,3.5,4.9,3.5,4.5,183,22,3.5,,monthly_30d_25d_otm,weekly_2_strike0,36,13
SPOT,2023-10-12,2023-11-08,backfill,O:SPOT231117C00170000,170.0,2023-11-17,2023-10-24,5.11,9.9,5.11,7.15,382,85,5.11,,monthly_30d_25d_otm,weekly_2_strike0,36,13
SPOT,2023-10-12,2023-11-08,backfill,O:SPOT231117C00170000,170.0,2023-11-17,2023-10-25,6.67,6.67,3.0,3.52,378,44,6.67,,monthly_30d_25d_otm,weekly_2_strike0,36,13
SPOT,2023-10-12,2023-11-08,backfill,O:SPOT231117C00170000,170.0,2023-11-17,2023-10-26,4.5,4.8,2.09,2.65,85,28,4.5,,monthly_30d_25d_otm,weekly_2_strike0,36,13
SPOT,2023-10-12,2023-11-08,backfill,O:SPOT231117C00170000,170.0,2023-11-17,2023-10-27,3.17,3.37,2.5,2.62,31,14,3.17,,monthly_30d_25d_otm,weekly_2_strike0,36,13
SPOT,2023-10-12,2023-11-08,backfill,O:SPOT231117C00170000,170.0,2023-11-17,2023-10-30,2.9,3.68,2.45,3.16,199,48,2.9,,monthly_30d_25d_otm,weekly_2_strike0,36,13
SPOT,2023-10-12,2023-11-08,backfill,O:SPOT231117C00170000,170.0,2023-11-17,2023-10-31,3.6,3.7,2.68,3.65,55,29,3.6,,monthly_30d_25d_otm,weekly_2_strike0,36,13
SPOT,2023-10-12,2023-11-08,backfill,O:SPOT231117C00170000,170.0,2023-11-17,2023-11-01,3.82,4.44,3.2,4.32,117,24,3.82,,monthly_30d_25d_otm,weekly_2_strike0,36,13
SPOT,2023-10-12,2023-11-08,backfill,O:SPOT231117C00170000,170.0,2023-11-17,2023-11-02,5.4,5.55,3.84,3.9,68,21,5.4,,monthly_30d_25d_otm,weekly_2_strike0,36,13
SPOT,2023-10-12,2023-11-08,backfill,O:SPOT231117C00170000,170.0,2023-11-17,2023-11-03,4.34,5.07,4.13,4.6,65,20,4.34,,monthly_30d_25d_otm,weekly_2_strike0,36,13
SPOT,2023-10-12,2023-11-08,backfill,O:SPOT231117C00170000,170.0,2023-11-17,2023-11-06,4.1,4.1,2.85,2.85,74,17,4.1,,monthly_30d_25d_otm,weekly_2_strike0,36,13
SPOT,2023-10-12,2023-11-08,backfill,O:SPOT231117C00170000,170.0,2023-11-17,2023-11-07,2.68,3.31,2.12,2.12,43,14,2.68,,monthly_30d_25d_otm,weekly_2_strike0,36,13
SPOT,2023-10-12,2023-11-08,backfill,O:SPOT231117C00170000,170.0,2023-11-17,2023-11-08,2.05,3.8,1.95,3.8,139,34,2.05,,monthly_30d_25d_otm,weekly_2_strike0,36,13
SPOT,2024-03-07,2024-04-04,backfill,O:SPOT240419C00280000,280.0,2024-04-19,2024-03-07,9.0,10.2,9.0,10.0,104,13,9.0,,monthly_30d_30d_otm,weekly_2_strike0,43,104
SPOT,2024-03-07,2024-04-04,backfill,O:SPOT240419C00280000,280.0,2024-04-19,2024-03-08,9.83,9.95,5.55,5.55,94,18,9.83,,monthly_30d_30d_otm,weekly_2_strike0,43,104
SPOT,2024-03-07,2024-04-04,backfill,O:SPOT240419C00280000,280.0,2024-04-19,2024-03-11,4.8,5.05,4.27,4.27,20,5,4.8,,monthly_30d_30d_otm,weekly_2_strike0,43,104
SPOT,2024-03-07,2024-04-04,backfill,O:SPOT240419C00280000,280.0,2024-04-19,2024-03-12,5.25,5.25,4.65,4.65,2,2,5.25,,monthly_30d_30d_otm,weekly_2_strike0,43,104
SPOT,2024-03-07,2024-04-04,backfill,O:SPOT240419C00280000,280.0,2024-04-19,2024-03-13,4.75,4.75,4.55,4.55,2,2,4.75,,monthly_30d_30d_otm,weekly_2_strike0,43,104
SPOT,2024-03-07,2024-04-04,backfill,O:SPOT240419C00280000,280.0,2024-04-19,2024-03-14,3.95,3.95,3.65,3.65,30,5,3.95,,monthly_30d_30d_otm,weekly_2_strike0,43,104
SPOT,2024-03-07,2024-04-04,backfill,O:SPOT240419C00280000,280.0,2024-04-19,2024-03-15,3.4,3.5,3.05,3.42,122,7,3.4,,monthly_30d_30d_otm,weekly_2_strike0,43,104
SPOT,2024-03-07,2024-04-04,backfill,O:SPOT240419C00280000,280.0,2024-04-19,2024-03-18,3.65,3.65,3.0,3.0,1682,11,3.65,,monthly_30d_30d_otm,weekly_2_strike0,43,104
SPOT,2024-03-07,2024-04-04,backfill,O:SPOT240419C00280000,280.0,2024-04-19,2024-03-19,2.23,2.43,2.23,2.43,83,4,2.23,,monthly_30d_30d_otm,weekly_2_strike0,43,104
SPOT,2024-03-07,2024-04-04,backfill,O:SPOT240419C00280000,280.0,2024-04-19,2024-03-20,3.34,3.95,2.83,3.95,150,12,3.34,,monthly_30d_30d_otm,weekly_2_strike0,43,104
SPOT,2024-03-07,2024-04-04,backfill,O:SPOT240419C00280000,280.0,2024-04-19,2024-03-21,4.0,4.0,3.45,3.45,13,5,4.0,,monthly_30d_30d_otm,weekly_2_strike0,43,104
SPOT,2024-03-07,2024-04-04,backfill,O:SPOT240419C00280000,280.0,2024-04-19,2024-03-22,3.95,4.6,3.95,4.6,9,6,3.95,,monthly_30d_30d_otm,weekly_2_strike0,43,104
SPOT,2024-03-07,2024-04-04,backfill,O:SPOT240419C00280000,280.0,2024-04-19,2024-03-25,4.15,4.25,3.55,4.12,1619,17,4.15,,monthly_30d_30d_otm,weekly_2_strike0,43,104
SPOT,2024-03-07,2024-04-04,backfill,O:SPOT240419C00280000,280.0,2024-04-19,2024-03-26,7.05,9.0,4.2,4.2,39,15,7.05,,monthly_30d_30d_otm,weekly_2_strike0,43,104
SPOT,2024-03-07,2024-04-04,backfill,O:SPOT240419C00280000,280.0,2024-04-19,2024-03-27,3.79,3.92,2.5,2.53,19,8,3.79,,monthly_30d_30d_otm,weekly_2_strike0,43,104
SPOT,2024-03-07,2024-04-04,backfill,O:SPOT240419C00280000,280.0,2024-04-19,2024-03-28,3.55,4.32,3.2,3.2,109,7,3.55,,monthly_30d_30d_otm,weekly_2_strike0,43,104
SPOT,2024-03-07,2024-04-04,backfill,O:SPOT240419C00280000,280.0,2024-04-19,2024-04-01,2.79,3.6,2.53,3.5,123,14,2.79,,monthly_30d_30d_otm,weekly_2_strike0,43,104
SPOT,2024-03-07,2024-04-04,backfill,O:SPOT240419C00280000,280.0,2024-04-19,2024-04-02,2.97,4.5,2.85,4.48,32,14,2.97,,monthly_30d_30d_otm,weekly_2_strike0,43,104
SPOT,2024-03-07,2024-04-04,backfill,O:SPOT240419C00280000,280.0,2024-04-19,2024-04-03,12.75,16.5,9.6,16.5,134,46,12.75,,monthly_30d_30d_otm,weekly_2_strike0,43,104
SPOT,2024-03-07,2024-04-04,backfill,O:SPOT240419C00280000,280.0,2024-04-19,2024-04-04,20.0,24.7,19.7,19.85,39,20,20.0,,monthly_30d_30d_otm,weekly_2_strike0,43,104
SPOT,2024-04-05,2024-05-02,backfill,O:SPOT240517C00320000,320.0,2024-05-17,2024-04-05,13.0,19.9,13.0,19.9,49,11,13.0,,monthly_30d_30d_otm,weekly_1_strike0,42,49
SPOT,2024-04-05,2024-05-02,backfill,O:SPOT240517C00320000,320.0,2024-05-17,2024-04-08,18.45,18.75,17.4,18.35,36,15,18.45,,monthly_30d_30d_otm,weekly_1_strike0,42,49
SPOT,2024-04-05,2024-05-02,backfill,O:SPOT240517C00320000,320.0,2024-05-17,2024-04-09,16.8,16.8,12.94,12.94,57,11,16.8,,monthly_30d_30d_otm,weekly_1_strike0,42,49
SPOT,2024-04-05,2024-05-02,backfill,O:SPOT240517C00320000,320.0,2024-05-17,2024-04-10,12.4,13.35,12.35,12.35,12,7,12.4,,monthly_30d_30d_otm,weekly_1_strike0,42,49
SPOT,2024-04-05,2024-05-02,backfill,O:SPOT240517C00320000,320.0,2024-05-17,2024-04-11,12.25,14.22,12.0,14.06,71,12,12.25,,monthly_30d_30d_otm,weekly_1_strike0,42,49
SPOT,2024-04-05,2024-05-02,backfill,O:SPOT240517C00320000,320.0,2024-05-17,2024-04-12,12.55,13.05,12.1,12.46,37,17,12.55,,monthly_30d_30d_otm,weekly_1_strike0,42,49
SPOT,2024-04-05,2024-05-02,backfill,O:SPOT240517C00320000,320.0,2024-05-17,2024-04-15,12.28,13.32,8.95,8.95,26,10,12.28,,monthly_30d_30d_otm,weekly_1_strike0,42,49
SPOT,2024-04-05,2024-05-02,backfill,O:SPOT240517C00320000,320.0,2024-05-17,2024-04-16,8.49,11.79,8.49,11.35,33,11,8.49,,monthly_30d_30d_otm,weekly_1_strike0,42,49
SPOT,2024-04-05,2024-05-02,backfill,O:SPOT240517C00320000,320.0,2024-05-17,2024-04-17,11.4,11.4,9.65,9.65,12,6,11.4,,monthly_30d_30d_otm,weekly_1_strike0,42,49
SPOT,2024-04-05,2024-05-02,backfill,O:SPOT240517C00320000,320.0,2024-05-17,2024-04-18,9.6,9.6,9.6,9.6,1,1,9.6,,monthly_30d_30d_otm,weekly_1_strike0,42,49
SPOT,2024-04-05,2024-05-02,backfill,O:SPOT240517C00320000,320.0,2024-05-17,2024-04-19,6.08,6.08,3.55,4.2,79,22,6.08,,monthly_30d_30d_otm,weekly_1_strike0,42,49
SPOT,2024-04-05,2024-05-02,backfill,O:SPOT240517C00320000,320.0,2024-05-17,2024-04-22,4.4,4.4,2.22,2.6,50,24,4.4,,monthly_30d_30d_otm,weekly_1_strike0,42,49
SPOT,2024-04-05,2024-05-02,backfill,O:SPOT240517C00320000,320.0,2024-05-17,2024-04-23,4.4,12.53,4.4,4.45,460,76,4.4,,monthly_30d_30d_otm,weekly_1_strike0,42,49
SPOT,2024-04-05,2024-05-02,backfill,O:SPOT240517C00320000,320.0,2024-05-17,2024-04-24,4.15,5.1,0.93,0.96,182,39,4.15,,monthly_30d_30d_otm,weekly_1_strike0,42,49
SPOT,2024-04-05,2024-05-02,backfill,O:SPOT240517C00320000,320.0,2024-05-17,2024-04-25,0.71,1.85,0.65,1.84,23,13,0.71,,monthly_30d_30d_otm,weekly_1_strike0,42,49
SPOT,2024-04-05,2024-05-02,backfill,O:SPOT240517C00320000,320.0,2024-05-17,2024-04-26,2.19,2.19,1.1,1.25,52,11,2.19,,monthly_30d_30d_otm,weekly_1_strike0,42,49
SPOT,2024-04-05,2024-05-02,backfill,O:SPOT240517C00320000,320.0,2024-05-17,2024-04-29,1.31,1.31,0.81,1.03,29,7,1.31,,monthly_30d_30d_otm,weekly_1_strike0,42,49
SPOT,2024-04-05,2024-05-02,backfill,O:SPOT240517C00320000,320.0,2024-05-17,2024-04-30,0.91,0.91,0.54,0.54,2079,9,0.91,,monthly_30d_30d_otm,weekly_1_strike0,42,49
SPOT,2024-04-05,2024-05-02,backfill,O:SPOT240517C00320000,320.0,2024-05-17,2024-05-01,0.67,0.9,0.54,0.85,60,7,0.67,,monthly_30d_30d_otm,weekly_1_strike0,42,49
SPOT,2024-04-05,2024-05-02,backfill,O:SPOT240517C00320000,320.0,2024-05-17,2024-05-02,0.76,1.19,0.75,1.19,91,11,0.76,,monthly_30d_30d_otm,weekly_1_strike0,42,49
SPOT,2024-11-21,2024-12-19,backfill,O:SPOT241220C00500000,500.0,2024-12-20,2024-11-21,6.5,8.15,6.5,7.4,77,12,6.5,,monthly_30d_30d_otm,weekly_2_strike0,29,77
SPOT,2024-11-21,2024-12-19,backfill,O:SPOT241220C00500000,500.0,2024-12-20,2024-11-22,9.0,9.5,6.65,6.99,58,23,9.0,,monthly_30d_30d_otm,weekly_2_strike0,29,77
SPOT,2024-11-21,2024-12-19,backfill,O:SPOT241220C00500000,500.0,2024-12-20,2024-11-25,9.43,9.43,4.6,7.6,68,20,9.43,,monthly_30d_30d_otm,weekly_2_strike0,29,77
SPOT,2024-11-21,2024-12-19,backfill,O:SPOT241220C00500000,500.0,2024-12-20,2024-11-26,8.15,8.15,5.9,6.25,24,17,8.15,,monthly_30d_30d_otm,weekly_2_strike0,29,77
SPOT,2024-11-21,2024-12-19,backfill,O:SPOT241220C00500000,500.0,2024-12-20,2024-11-27,7.0,7.55,4.8,5.2,32,14,7.0,,monthly_30d_30d_otm,weekly_2_strike0,29,77
SPOT,2024-11-21,2024-12-19,backfill,O:SPOT241220C00500000,500.0,2024-12-20,2024-11-29,5.0,5.7,4.8,4.84,10,8,5.0,,monthly_30d_30d_otm,weekly_2_strike0,29,77
SPOT,2024-11-21,2024-12-19,backfill,O:SPOT241220C00500000,500.0,2024-12-20,2024-12-02,5.32,6.5,4.39,5.75,83,25,5.32,,monthly_30d_30d_otm,weekly_2_strike0,29,77
SPOT,2024-11-21,2024-12-19,backfill,O:SPOT241220C00500000,500.0,2024-12-20,2024-12-03,5.75,10.31,5.2,10.3,322,88,5.75,,monthly_30d_30d_otm,weekly_2_strike0,29,77
SPOT,2024-11-21,2024-12-19,backfill,O:SPOT241220C00500000,500.0,2024-12-20,2024-12-04,10.45,16.73,9.0,12.95,452,62,10.45,,monthly_30d_30d_otm,weekly_2_strike0,29,77
SPOT,2024-11-21,2024-12-19,backfill,O:SPOT241220C00500000,500.0,2024-12-20,2024-12-05,9.35,9.35,5.22,9.1,219,38,9.35,,monthly_30d_30d_otm,weekly_2_strike0,29,77
SPOT,2024-11-21,2024-12-19,backfill,O:SPOT241220C00500000,500.0,2024-12-20,2024-12-06,9.34,10.6,6.8,10.6,192,30,9.34,,monthly_30d_30d_otm,weekly_2_strike0,29,77
SPOT,2024-11-21,2024-12-19,backfill,O:SPOT241220C00500000,500.0,2024-12-20,2024-12-09,9.44,9.47,4.5,4.71,57,25,9.44,,monthly_30d_30d_otm,weekly_2_strike0,29,77
SPOT,2024-11-21,2024-12-19,backfill,O:SPOT241220C00500000,500.0,2024-12-20,2024-12-10,2.88,5.65,1.71,2.35,35,18,2.88,,monthly_30d_30d_otm,weekly_2_strike0,29,77
SPOT,2024-11-21,2024-12-19,backfill,O:SPOT241220C00500000,500.0,2024-12-20,2024-12-11,2.8,3.2,1.7,2.9,465,34,2.8,,monthly_30d_30d_otm,weekly_2_strike0,29,77
SPOT,2024-11-21,2024-12-19,backfill,O:SPOT241220C00500000,500.0,2024-12-20,2024-12-12,2.74,5.2,2.74,3.0,148,47,2.74,,monthly_30d_30d_otm,weekly_2_strike0,29,77
SPOT,2024-11-21,2024-12-19,backfill,O:SPOT241220C00500000,500.0,2024-12-20,2024-12-13,3.3,3.3,1.55,2.53,222,34,3.3,,monthly_30d_30d_otm,weekly_2_strike0,29,77
SPOT,2024-11-21,2024-12-19,backfill,O:SPOT241220C00500000,500.0,2024-12-20,2024-12-16,2.86,4.1,1.8,2.15,561,94,2.86,,monthly_30d_30d_otm,weekly_2_strike0,29,77
SPOT,2024-11-21,2024-12-19,backfill,O:SPOT241220C00500000,500.0,2024-12-20,2024-12-17,1.5,1.5,0.48,0.66,166,45,1.5,,monthly_30d_30d_otm,weekly_2_strike0,29,77
SPOT,2024-11-21,2024-12-19,backfill,O:SPOT241220C00500000,500.0,2024-12-20,2024-12-18,0.85,0.85,0.06,0.19,156,34,0.85,,monthly_30d_30d_otm,weekly_2_strike0,29,77
SPOT,2024-11-21,2024-12-19,backfill,O:SPOT241220C00500000,500.0,2024-12-20,2024-12-19,0.22,0.22,0.01,0.05,78,19,0.22,,monthly_30d_30d_otm,weekly_2_strike0,29,77
SPOT,2025-02-07,2025-03-06,backfill,O:SPOT250321C00690000,690.0,2025-03-21,2025-02-07,8.63,9.7,7.95,7.95,28,6,8.63,,monthly_30d_30d_otm,weekly_1_strike0,42,28
SPOT,2025-02-07,2025-03-06,backfill,O:SPOT250321C00690000,690.0,2025-03-21,2025-02-10,7.61,11.3,7.61,11.3,101,13,7.61,,monthly_30d_30d_otm,weekly_1_strike0,42,28
SPOT,2025-02-07,2025-03-06,backfill,O:SPOT250321C00690000,690.0,2025-03-21,2025-02-11,8.3,8.3,6.3,6.38,9,7,8.3,,monthly_30d_30d_otm,weekly_1_strike0,42,28
SPOT,2025-02-07,2025-03-06,backfill,O:SPOT250321C00690000,690.0,2025-03-21,2025-02-12,9.3,13.0,9.3,11.2,22,16,9.3,,monthly_30d_30d_otm,weekly_1_strike0,42,28
SPOT,2025-02-07,2025-03-06,backfill,O:SPOT250321C00690000,690.0,2025-03-21,2025-02-13,11.14,13.5,11.14,12.17,8,8,11.14,,monthly_30d_30d_otm,weekly_1_strike0,42,28
SPOT,2025-02-07,2025-03-06,backfill,O:SPOT250321C00690000,690.0,2025-03-21,2025-02-14,11.4,11.4,7.23,8.16,32,11,11.4,,monthly_30d_30d_otm,weekly_1_strike0,42,28
SPOT,2025-02-07,2025-03-06,backfill,O:SPOT250321C00690000,690.0,2025-03-21,2025-02-18,10.75,10.75,7.5,7.5,7,3,10.75,,monthly_30d_30d_otm,weekly_1_strike0,42,28
SPOT,2025-02-07,2025-03-06,backfill,O:SPOT250321C00690000,690.0,2025-03-21,2025-02-19,8.41,8.41,8.22,8.22,2,2,8.41,,monthly_30d_30d_otm,weekly_1_strike0,42,28
SPOT,2025-02-07,2025-03-06,backfill,O:SPOT250321C00690000,690.0,2025-03-21,2025-02-20,6.48,7.19,5.53,7.19,8,8,6.48,,monthly_30d_30d_otm,weekly_1_strike0,42,28
SPOT,2025-02-07,2025-03-06,backfill,O:SPOT250321C00690000,690.0,2025-03-21,2025-02-21,5.23,5.42,4.57,4.57,23,3,5.23,,monthly_30d_30d_otm,weekly_1_strike0,42,28
SPOT,2025-02-07,2025-03-06,backfill,O:SPOT250321C00690000,690.0,2025-03-21,2025-02-24,4.95,4.95,2.26,2.95,102,13,4.95,,monthly_30d_30d_otm,weekly_1_strike0,42,28
SPOT,2025-02-07,2025-03-06,backfill,O:SPOT250321C00690000,690.0,2025-03-21,2025-02-25,2.16,2.16,1.5,1.66,11,6,2.16,,monthly_30d_30d_otm,weekly_1_strike0,42,28
SPOT,2025-02-07,2025-03-06,backfill,O:SPOT250321C00690000,690.0,2025-03-21,2025-02-26,2.68,2.72,2.34,2.34,32,5,2.68,,monthly_30d_30d_otm,weekly_1_strike0,42,28
SPOT,2025-02-07,2025-03-06,backfill,O:SPOT250321C00690000,690.0,2025-03-21,2025-02-27,3.0,3.0,2.23,2.23,3,3,3.0,,monthly_30d_30d_otm,weekly_1_strike0,42,28
SPOT,2025-02-07,2025-03-06,backfill,O:SPOT250321C00690000,690.0,2025-03-21,2025-02-28,1.4,1.85,1.4,1.7,6,4,1.4,,monthly_30d_30d_otm,weekly_1_strike0,42,28
SPOT,2025-02-07,2025-03-06,backfill,O:SPOT250321C00690000,690.0,2025-03-21,2025-03-03,2.15,2.5,2.15,2.25,15,5,2.15,,monthly_30d_30d_otm,weekly_1_strike0,42,28
SPOT,2025-02-07,2025-03-06,backfill,O:SPOT250321C00690000,690.0,2025-03-21,2025-03-04,0.99,1.15,0.55,1.05,29,8,0.99,,monthly_30d_30d_otm,weekly_1_strike0,42,28
SPOT,2025-02-07,2025-03-06,backfill,O:SPOT250321C00690000,690.0,2025-03-21,2025-03-06,0.55,0.74,0.27,0.27,31,8,0.55,,monthly_30d_30d_otm,weekly_1_strike0,42,28
SPY,2023-05-11,2023-06-08,backfill,O:SPY230616C00425000,425.0,2023-06-16,2023-05-11,2.39,2.39,1.91,2.11,2913,153,2.39,,monthly_30d_25d_otm,weekly_2_strike0,36,2913
SPY,2023-05-11,2023-06-08,backfill,O:SPY230616C00425000,425.0,2023-06-16,2023-05-12,2.33,2.37,1.47,1.82,5194,254,2.33,,monthly_30d_25d_otm,weekly_2_strike0,36,2913
SPY,2023-05-11,2023-06-08,backfill,O:SPY230616C00425000,425.0,2023-06-16,2023-05-15,1.82,2.02,1.46,1.83,4056,207,1.82,,monthly_30d_25d_otm,weekly_2_strike0,36,2913
SPY,2023-05-11,2023-06-08,backfill,O:SPY230616C00425000,425.0,2023-06-16,2023-05-16,1.63,1.76,1.34,1.35,3169,199,1.63,,monthly_30d_25d_otm,weekly_2_strike0,36,2913
SPY,2023-05-11,2023-06-08,backfill,O:SPY230616C00425000,425.0,2023-06-16,2023-05-17,1.61,2.69,1.32,2.4,5507,272,1.61,,monthly_30d_25d_otm,weekly_2_strike0,36,2913
SPY,2023-05-11,2023-06-08,backfill,O:SPY230616C00425000,425.0,2023-06-16,2023-05-18,2.32,3.99,2.23,3.86,8757,278,2.32,,monthly_30d_25d_otm,weekly_2_strike0,36,2913
SPY,2023-05-11,2023-06-08,backfill,O:SPY230616C00425000,425.0,2023-06-16,2023-05-19,4.14,4.4,3.26,3.57,10443,280,4.14,,monthly_30d_25d_otm,weekly_2_strike0,36,2913
SPY,2023-05-11,2023-06-08,backfill,O:SPY230616C00425000,425.0,2023-06-16,2023-05-22,3.42,4.14,3.16,3.42,6232,236,3.42,,monthly_30d_25d_otm,weekly_2_strike0,36,2913
SPY,2023-05-11,2023-06-08,backfill,O:SPY230616C00425000,425.0,2023-06-16,2023-05-23,2.83,3.11,1.96,1.99,6044,264,2.83,,monthly_30d_25d_otm,weekly_2_strike0,36,2913
SPY,2023-05-11,2023-06-08,backfill,O:SPY230616C00425000,425.0,2023-06-16,2023-05-24,1.68,1.68,1.3,1.36,10508,308,1.68,,monthly_30d_25d_otm,weekly_2_strike0,36,2913
SPY,2023-05-11,2023-06-08,backfill,O:SPY230616C00425000,425.0,2023-06-16,2023-05-25,2.01,2.46,1.53,1.91,6618,276,2.01,,monthly_30d_25d_otm,weekly_2_strike0,36,2913
SPY,2023-05-11,2023-06-08,backfill,O:SPY230616C00425000,425.0,2023-06-16,2023-05-26,2.04,4.0,2.02,3.5,11565,323,2.04,,monthly_30d_25d_otm,weekly_2_strike0,36,2913
SPY,2023-05-11,2023-06-08,backfill,O:SPY230616C00425000,425.0,2023-06-16,2023-05-30,4.0,4.21,2.78,3.21,13412,314,4.0,,monthly_30d_25d_otm,weekly_2_strike0,36,2913
SPY,2023-05-11,2023-06-08,backfill,O:SPY230616C00425000,425.0,2023-06-16,2023-05-31,2.44,2.64,1.75,1.96,5002,277,2.44,,monthly_30d_25d_otm,weekly_2_strike0,36,2913
SPY,2023-05-11,2023-06-08,backfill,O:SPY230616C00425000,425.0,2023-06-16,2023-06-01,1.91,3.45,1.52,2.9,19352,334,1.91,,monthly_30d_25d_otm,weekly_2_strike0,36,2913
SPY,2023-05-11,2023-06-08,backfill,O:SPY230616C00425000,425.0,2023-06-16,2023-06-02,4.22,6.81,3.88,6.14,22545,342,4.22,,monthly_30d_25d_otm,weekly_2_strike0,36,2913
SPY,2023-05-11,2023-06-08,backfill,O:SPY230616C00425000,425.0,2023-06-16,2023-06-05,6.27,7.36,4.95,5.32,5111,229,6.27,,monthly_30d_25d_otm,weekly_2_strike0,36,2913
SPY,2023-05-11,2023-06-08,backfill,O:SPY230616C00425000,425.0,2023-06-16,2023-06-06,4.97,6.06,4.54,5.68,4680,258,4.97,,monthly_30d_25d_otm,weekly_2_strike0,36,2913
SPY,2023-05-11,2023-06-08,backfill,O:SPY230616C00425000,425.0,2023-06-16,2023-06-07,5.92,6.69,4.12,4.33,7256,241,5.92,,monthly_30d_25d_otm,weekly_2_strike0,36,2913
SPY,2023-05-11,2023-06-08,backfill,O:SPY230616C00425000,425.0,2023-06-16,2023-06-08,4.27,6.28,3.79,6.0,5633,194,4.27,,monthly_30d_25d_otm,weekly_2_strike0,36,2913
SQ,2020-02-04,2020-03-03,backfill,O:SQ200320C00085000,85.0,2020-03-20,2020-02-04,3.1,3.75,2.89,3.44,1785,124,3.1,,monthly_30d_30d_otm,weekly_2_strike0,45,1785
SQ,2020-02-04,2020-03-03,backfill,O:SQ200320C00085000,85.0,2020-03-20,2020-02-05,3.7,3.85,2.3,2.36,2242,90,3.7,,monthly_30d_30d_otm,weekly_2_strike0,45,1785
SQ,2020-02-04,2020-03-03,backfill,O:SQ200320C00085000,85.0,2020-03-20,2020-02-06,2.45,2.67,2.33,2.45,415,45,2.45,,monthly_30d_30d_otm,weekly_2_strike0,45,1785
SQ,2020-02-04,2020-03-03,backfill,O:SQ200320C00085000,85.0,2020-03-20,2020-02-07,2.21,2.97,2.21,2.61,346,74,2.21,,monthly_30d_30d_otm,weekly_2_strike0,45,1785
SQ,2020-02-04,2020-03-03,backfill,O:SQ200320C00085000,85.0,2020-03-20,2020-02-10,2.75,3.17,2.58,2.98,632,64,2.75,,monthly_30d_30d_otm,weekly_2_strike0,45,1785
SQ,2020-02-04,2020-03-03,backfill,O:SQ200320C00085000,85.0,2020-03-20,2020-02-11,3.09,3.45,2.75,2.85,417,66,3.09,,monthly_30d_30d_otm,weekly_2_strike0,45,1785
SQ,2020-02-04,2020-03-03,backfill,O:SQ200320C00085000,85.0,2020-03-20,2020-02-12,2.83,3.13,2.68,2.72,645,58,2.83,,monthly_30d_30d_otm,weekly_2_strike0,45,1785
SQ,2020-02-04,2020-03-03,backfill,O:SQ200320C00085000,85.0,2020-03-20,2020-02-13,2.59,3.8,2.59,3.06,1592,116,2.59,,monthly_30d_30d_otm,weekly_2_strike0,45,1785
SQ,2020-02-04,2020-03-03,backfill,O:SQ200320C00085000,85.0,2020-03-20,2020-02-14,3.14,3.8,3.1,3.45,1082,136,3.14,,monthly_30d_30d_otm,weekly_2_strike0,45,1785
SQ,2020-02-04,2020-03-03,backfill,O:SQ200320C00085000,85.0,2020-03-20,2020-02-18,3.3,4.05,3.28,3.64,1209,120,3.3,,monthly_30d_30d_otm,weekly_2_strike0,45,1785
SQ,2020-02-04,2020-03-03,backfill,O:SQ200320C00085000,85.0,2020-03-20,2020-02-19,4.0,5.75,4.0,5.05,1850,210,4.0,,monthly_30d_30d_otm,weekly_2_strike0,45,1785
SQ,2020-02-04,2020-03-03,backfill,O:SQ200320C00085000,85.0,2020-03-20,2020-02-20,5.0,6.3,3.25,5.6,2514,216,5.0,,monthly_30d_30d_otm,weekly_2_strike0,45,1785
SQ,2020-02-04,2020-03-03,backfill,O:SQ200320C00085000,85.0,2020-03-20,2020-02-21,5.6,5.9,4.3,4.6,1958,157,5.6,,monthly_30d_30d_otm,weekly_2_strike0,45,1785
SQ,2020-02-04,2020-03-03,backfill,O:SQ200320C00085000,85.0,2020-03-20,2020-02-24,2.22,3.67,1.9,3.37,2382,139,2.22,,monthly_30d_30d_otm,weekly_2_strike0,45,1785
SQ,2020-02-04,2020-03-03,backfill,O:SQ200320C00085000,85.0,2020-03-20,2020-02-25,3.75,3.75,2.1,2.38,844,127,3.75,,monthly_30d_30d_otm,weekly_2_strike0,45,1785
SQ,2020-02-04,2020-03-03,backfill,O:SQ200320C00085000,85.0,2020-03-20,2020-02-26,2.67,3.01,2.04,2.04,1363,125,2.67,,monthly_30d_30d_otm,weekly_2_strike0,45,1785
SQ,2020-02-04,2020-03-03,backfill,O:SQ200320C00085000,85.0,2020-03-20,2020-02-27,2.99,5.2,2.35,2.76,3460,241,2.99,,monthly_30d_30d_otm,weekly_2_strike0,45,1785
SQ,2020-02-04,2020-03-03,backfill,O:SQ200320C00085000,85.0,2020-03-20,2020-02-28,2.21,5.83,2.21,5.35,1836,151,2.21,,monthly_30d_30d_otm,weekly_2_strike0,45,1785
SQ,2020-02-04,2020-03-03,backfill,O:SQ200320C00085000,85.0,2020-03-20,2020-03-02,5.1,5.1,2.18,2.59,869,105,5.1,,monthly_30d_30d_otm,weekly_2_strike0,45,1785
SQ,2020-02-04,2020-03-03,backfill,O:SQ200320C00085000,85.0,2020-03-20,2020-03-03,2.24,2.24,1.0,1.58,598,87,2.24,,monthly_30d_30d_otm,weekly_2_strike0,45,1785
SQ,2022-04-08,2022-05-06,backfill,O:SQ220520C00125000,125.0,2022-05-20,2022-04-08,12.52,14.9,12.4,12.4,90,33,12.52,,monthly_30d_atm,weekly_2_strike0,42,90
SQ,2022-04-08,2022-05-06,backfill,O:SQ220520C00125000,125.0,2022-05-20,2022-04-11,11.0,13.3,10.44,12.1,666,60,11.0,,monthly_30d_atm,weekly_2_strike0,42,90
SQ,2022-04-08,2022-05-06,backfill,O:SQ220520C00125000,125.0,2022-05-20,2022-04-12,14.6,16.2,11.42,12.1,217,45,14.6,,monthly_30d_atm,weekly_2_strike0,42,90
SQ,2022-04-08,2022-05-06,backfill,O:SQ220520C00125000,125.0,2022-05-20,2022-04-13,11.24,13.38,10.95,13.05,103,40,11.24,,monthly_30d_atm,weekly_2_strike0,42,90
SQ,2022-04-08,2022-05-06,backfill,O:SQ220520C00125000,125.0,2022-05-20,2022-04-14,11.95,12.2,10.38,10.46,593,36,11.95,,monthly_30d_atm,weekly_2_strike0,42,90
SQ,2022-04-08,2022-05-06,backfill,O:SQ220520C00125000,125.0,2022-05-20,2022-04-18,10.0,10.0,7.5,8.55,192,34,10.0,,monthly_30d_atm,weekly_2_strike0,42,90
SQ,2022-04-08,2022-05-06,backfill,O:SQ220520C00125000,125.0,2022-05-20,2022-04-19,10.0,12.5,8.8,11.75,1127,37,10.0,,monthly_30d_atm,weekly_2_strike0,42,90
SQ,2022-04-08,2022-05-06,backfill,O:SQ220520C00125000,125.0,2022-05-20,2022-04-20,11.39,11.39,6.7,7.05,106,43,11.39,,monthly_30d_atm,weekly_2_strike0,42,90
SQ,2022-04-08,2022-05-06,backfill,O:SQ220520C00125000,125.0,2022-05-20,2022-04-21,7.83,8.25,4.65,4.8,170,56,7.83,,monthly_30d_atm,weekly_2_strike0,42,90
SQ,2022-04-08,2022-05-06,backfill,O:SQ220520C00125000,125.0,2022-05-20,2022-04-22,5.0,5.44,3.48,3.78,184,59,5.0,,monthly_30d_atm,weekly_2_strike0,42,90
SQ,2022-04-08,2022-05-06,backfill,O:SQ220520C00125000,125.0,2022-05-20,2022-04-25,3.77,5.05,3.75,4.49,94,41,3.77,,monthly_30d_atm,weekly_2_strike0,42,90
SQ,2022-04-08,2022-05-06,backfill,O:SQ220520C00125000,125.0,2022-05-20,2022-04-26,3.45,3.67,3.05,3.1,295,42,3.45,,monthly_30d_atm,weekly_2_strike0,42,90
SQ,2022-04-08,2022-05-06,backfill,O:SQ220520C00125000,125.0,2022-05-20,2022-04-27,2.87,3.32,2.45,2.66,75,37,2.87,,monthly_30d_atm,weekly_2_strike0,42,90
SQ,2022-04-08,2022-05-06,backfill,O:SQ220520C00125000,125.0,2022-05-20,2022-04-28,2.76,3.57,2.09,3.43,93,47,2.76,,monthly_30d_atm,weekly_2_strike0,42,90
SQ,2022-04-08,2022-05-06,backfill,O:SQ220520C00125000,125.0,2022-05-20,2022-04-29,2.92,4.11,2.53,2.55,498,33,2.92,,monthly_30d_atm,weekly_2_strike0,42,90
SQ,2022-04-08,2022-05-06,backfill,O:SQ220520C00125000,125.0,2022-05-20,2022-05-02,2.16,3.5,2.02,3.5,187,37,2.16,,monthly_30d_atm,weekly_2_strike0,42,90
SQ,2022-04-08,2022-05-06,backfill,O:SQ220520C00125000,125.0,2022-05-20,2022-05-03,2.82,3.75,2.3,2.38,117,34,2.82,,monthly_30d_atm,weekly_2_strike0,42,90
SQ,2022-04-08,2022-05-06,backfill,O:SQ220520C00125000,125.0,2022-05-20,2022-05-04,2.24,3.06,1.13,2.97,322,62,2.24,,monthly_30d_atm,weekly_2_strike0,42,90
SQ,2022-04-08,2022-05-06,backfill,O:SQ220520C00125000,125.0,2022-05-20,2022-05-05,2.04,2.22,1.31,1.6,724,56,2.04,,monthly_30d_atm,weekly_2_strike0,42,90
SQ,2022-04-08,2022-05-06,backfill,O:SQ220520C00125000,125.0,2022-05-20,2022-05-06,0.76,0.87,0.3,0.53,219,46,0.76,,monthly_30d_atm,weekly_2_strike0,42,90
SQ,2022-09-08,2022-10-05,backfill,O:SQ221021C00075000,75.0,2022-10-21,2022-09-08,3.18,4.85,3.18,4.85,194,44,3.18,,monthly_30d_25d_otm,weekly_2_strike0,43,194
SQ,2022-09-08,2022-10-05,backfill,O:SQ221021C00075000,75.0,2022-10-21,2022-09-09,5.45,6.6,5.35,6.45,550,108,5.45,,monthly_30d_25d_otm,weekly_2_strike0,43,194
SQ,2022-09-08,2022-10-05,backfill,O:SQ221021C00075000,75.0,2022-10-21,2022-09-12,6.75,7.52,6.25,6.75,453,42,6.75,,monthly_30d_25d_otm,weekly_2_strike0,43,194
SQ,2022-09-08,2022-10-05,backfill,O:SQ221021C00075000,75.0,2022-10-21,2022-09-13,4.4,4.8,3.9,4.15,862,93,4.4,,monthly_30d_25d_otm,weekly_2_strike0,43,194
SQ,2022-09-08,2022-10-05,backfill,O:SQ221021C00075000,75.0,2022-10-21,2022-09-14,3.09,3.65,2.58,3.65,417,106,3.09,,monthly_30d_25d_otm,weekly_2_strike0,43,194
SQ,2022-09-08,2022-10-05,backfill,O:SQ221021C00075000,75.0,2022-10-21,2022-09-15,2.94,4.7,2.94,3.9,174,47,2.94,,monthly_30d_25d_otm,weekly_2_strike0,43,194
SQ,2022-09-08,2022-10-05,backfill,O:SQ221021C00075000,75.0,2022-10-21,2022-09-16,3.02,3.05,2.39,2.39,321,80,3.02,,monthly_30d_25d_otm,weekly_2_strike0,43,194
SQ,2022-09-08,2022-10-05,backfill,O:SQ221021C00075000,75.0,2022-10-21,2022-09-19,2.2,2.34,1.59,1.77,406,112,2.2,,monthly_30d_25d_otm,weekly_2_strike0,43,194
SQ,2022-09-08,2022-10-05,backfill,O:SQ221021C00075000,75.0,2022-10-21,2022-09-20,1.53,1.62,1.23,1.23,557,143,1.53,,monthly_30d_25d_otm,weekly_2_strike0,43,194
SQ,2022-09-08,2022-10-05,backfill,O:SQ221021C00075000,75.0,2022-10-21,2022-09-21,1.13,1.4,0.82,0.82,638,96,1.13,,monthly_30d_25d_otm,weekly_2_strike0,43,194
SQ,2022-09-08,2022-10-05,backfill,O:SQ221021C00075000,75.0,2022-10-21,2022-09-22,0.67,0.68,0.38,0.45,1033,105,0.67,,monthly_30d_25d_otm,weekly_2_strike0,43,194
SQ,2022-09-08,2022-10-05,backfill,O:SQ221021C00075000,75.0,2022-10-21,2022-09-23,0.42,0.5,0.35,0.45,177,40,0.42,,monthly_30d_25d_otm,weekly_2_strike0,43,194
SQ,2022-09-08,2022-10-05,backfill,O:SQ221021C00075000,75.0,2022-10-21,2022-09-26,0.55,0.55,0.32,0.35,239,42,0.55,,monthly_30d_25d_otm,weekly_2_strike0,43,194
SQ,2022-09-08,2022-10-05,backfill,O:SQ221021C00075000,75.0,2022-10-21,2022-09-27,0.38,0.45,0.27,0.3,73,24,0.38,,monthly_30d_25d_otm,weekly_2_strike0,43,194
SQ,2022-09-08,2022-10-05,backfill,O:SQ221021C00075000,75.0,2022-10-21,2022-09-28,0.32,0.53,0.31,0.53,543,30,0.32,,monthly_30d_25d_otm,weekly_2_strike0,43,194
SQ,2022-09-08,2022-10-05,backfill,O:SQ221021C00075000,75.0,2022-10-21,2022-09-29,0.38,0.38,0.28,0.29,71,19,0.38,,monthly_30d_25d_otm,weekly_2_strike0,43,194
SQ,2022-09-08,2022-10-05,backfill,O:SQ221021C00075000,75.0,2022-10-21,2022-09-30,0.25,0.34,0.19,0.2,71,29,0.25,,monthly_30d_25d_otm,weekly_2_strike0,43,194
SQ,2022-09-08,2022-10-05,backfill,O:SQ221021C00075000,75.0,2022-10-21,2022-10-03,0.15,0.2,0.12,0.18,76,30,0.15,,monthly_30d_25d_otm,weekly_2_strike0,43,194
SQ,2022-09-08,2022-10-05,backfill,O:SQ221021C00075000,75.0,2022-10-21,2022-10-04,0.3,0.7,0.29,0.57,726,81,0.3,,monthly_30d_25d_otm,weekly_2_strike0,43,194
SQ,2022-09-08,2022-10-05,backfill,O:SQ221021C00075000,75.0,2022-10-21,2022-10-05,0.46,0.56,0.36,0.53,60,28,0.46,,monthly_30d_25d_otm,weekly_2_strike0,43,194
SQ,2023-11-27,2023-12-22,backfill,O:SQ240119C00065000,65.0,2024-01-19,2023-11-27,1.61,2.01,1.61,1.89,1331,71,1.61,,monthly_45d_30d_otm,weekly_2_strike0,53,1331
SQ,2023-11-27,2023-12-22,backfill,O:SQ240119C00065000,65.0,2024-01-19,2023-11-28,2.07,3.52,1.95,3.27,3578,165,2.07,,monthly_45d_30d_otm,weekly_2_strike0,53,1331
SQ,2023-11-27,2023-12-22,backfill,O:SQ240119C00065000,65.0,2024-01-19,2023-11-29,3.52,4.17,3.35,3.4,2529,129,3.52,,monthly_45d_30d_otm,weekly_2_strike0,53,1331
SQ,2023-11-27,2023-12-22,backfill,O:SQ240119C00065000,65.0,2024-01-19,2023-11-30,3.55,3.55,2.82,3.11,626,63,3.55,,monthly_45d_30d_otm,weekly_2_strike0,53,1331
SQ,2023-11-27,2023-12-22,backfill,O:SQ240119C00065000,65.0,2024-01-19,2023-12-01,3.14,3.97,3.14,3.91,995,104,3.14,,monthly_45d_30d_otm,weekly_2_strike0,53,1331
SQ,2023-11-27,2023-12-22,backfill,O:SQ240119C00065000,65.0,2024-01-19,2023-12-04,3.82,4.0,3.5,3.9,480,63,3.82,,monthly_45d_30d_otm,weekly_2_strike0,53,1331
SQ,2023-11-27,2023-12-22,backfill,O:SQ240119C00065000,65.0,2024-01-19,2023-12-05,3.3,3.7,3.05,3.67,583,59,3.3,,monthly_45d_30d_otm,weekly_2_strike0,53,1331
SQ,2023-11-27,2023-12-22,backfill,O:SQ240119C00065000,65.0,2024-01-19,2023-12-06,4.45,7.11,4.4,5.75,3287,135,4.45,,monthly_45d_30d_otm,weekly_2_strike0,53,1331
SQ,2023-11-27,2023-12-22,backfill,O:SQ240119C00065000,65.0,2024-01-19,2023-12-07,5.1,6.2,5.1,6.05,424,30,5.1,,monthly_45d_30d_otm,weekly_2_strike0,53,1331
SQ,2023-11-27,2023-12-22,backfill,O:SQ240119C00065000,65.0,2024-01-19,2023-12-08,5.91,7.45,5.55,6.6,254,36,5.91,,monthly_45d_30d_otm,weekly_2_strike0,53,1331
SQ,2023-11-27,2023-12-22,backfill,O:SQ240119C00065000,65.0,2024-01-19,2023-12-11,6.88,7.15,5.99,5.99,186,28,6.88,,monthly_45d_30d_otm,weekly_2_strike0,53,1331
SQ,2023-11-27,2023-12-22,backfill,O:SQ240119C00065000,65.0,2024-01-19,2023-12-12,6.2,6.4,5.8,6.35,786,30,6.2,,monthly_45d_30d_otm,weekly_2_strike0,53,1331
SQ,2023-11-27,2023-12-22,backfill,O:SQ240119C00065000,65.0,2024-01-19,2023-12-13,6.43,7.25,4.7,6.74,291,43,6.43,,monthly_45d_30d_otm,weekly_2_strike0,53,1331
SQ,2023-11-27,2023-12-22,backfill,O:SQ240119C00065000,65.0,2024-01-19,2023-12-14,8.66,11.22,8.55,10.72,4344,75,8.66,,monthly_45d_30d_otm,weekly_2_strike0,53,1331
SQ,2023-11-27,2023-12-22,backfill,O:SQ240119C00065000,65.0,2024-01-19,2023-12-15,10.7,11.42,9.9,10.27,35,27,10.7,,monthly_45d_30d_otm,weekly_2_strike0,53,1331
SQ,2023-11-27,2023-12-22,backfill,O:SQ240119C00065000,65.0,2024-01-19,2023-12-18,10.25,10.73,9.59,10.0,46,23,10.25,,monthly_45d_30d_otm,weekly_2_strike0,53,1331
SQ,2023-11-27,2023-12-22,backfill,O:SQ240119C00065000,65.0,2024-01-19,2023-12-19,10.61,13.32,10.61,12.95,271,33,10.61,,monthly_45d_30d_otm,weekly_2_strike0,53,1331
SQ,2023-11-27,2023-12-22,backfill,O:SQ240119C00065000,65.0,2024-01-19,2023-12-20,13.3,14.62,12.12,12.12,213,32,13.3,,monthly_45d_30d_otm,weekly_2_strike0,53,1331
SQ,2023-11-27,2023-12-22,backfill,O:SQ240119C00065000,65.0,2024-01-19,2023-12-21,12.43,12.74,11.85,12.73,54,10,12.43,,monthly_45d_30d_otm,weekly_2_strike0,53,1331
SQ,2023-11-27,2023-12-22,backfill,O:SQ240119C00065000,65.0,2024-01-19,2023-12-22,13.0,13.0,12.59,12.81,18,8,13.0,,monthly_45d_30d_otm,weekly_2_strike0,53,1331
SQ,2024-12-11,2025-01-10,backfill,O:SQ250117C00110000,110.0,2025-01-17,2024-12-11,1.6,2.4,1.59,2.18,2156,207,1.6,,monthly_30d_20d_otm,weekly_2_strike0,37,2156
SQ,2024-12-11,2025-01-10,backfill,O:SQ250117C00110000,110.0,2025-01-17,2024-12-12,1.72,1.9,1.19,1.27,2957,187,1.72,,monthly_30d_20d_otm,weekly_2_strike0,37,2156
SQ,2024-12-11,2025-01-10,backfill,O:SQ250117C00110000,110.0,2025-01-17,2024-12-13,1.26,1.49,0.83,0.95,1203,140,1.26,,monthly_30d_20d_otm,weekly_2_strike0,37,2156
SQ,2024-12-11,2025-01-10,backfill,O:SQ250117C00110000,110.0,2025-01-17,2024-12-16,0.95,1.35,0.87,1.25,826,133,0.95,,monthly_30d_20d_otm,weekly_2_strike0,37,2156
SQ,2024-12-11,2025-01-10,backfill,O:SQ250117C00110000,110.0,2025-01-17,2024-12-17,1.22,1.56,1.1,1.4,932,111,1.22,,monthly_30d_20d_otm,weekly_2_strike0,37,2156
SQ,2024-12-11,2025-01-10,backfill,O:SQ250117C00110000,110.0,2025-01-17,2024-12-18,1.25,1.54,0.53,0.53,1352,157,1.25,,monthly_30d_20d_otm,weekly_2_strike0,37,2156
SQ,2024-12-11,2025-01-10,backfill,O:SQ250117C00110000,110.0,2025-01-17,2024-12-19,0.69,0.9,0.46,0.53,558,105,0.69,,monthly_30d_20d_otm,weekly_2_strike0,37,2156
SQ,2024-12-11,2025-01-10,backfill,O:SQ250117C00110000,110.0,2025-01-17,2024-12-20,0.57,0.66,0.42,0.46,781,65,0.57,,monthly_30d_20d_otm,weekly_2_strike0,37,2156
SQ,2024-12-11,2025-01-10,backfill,O:SQ250117C00110000,110.0,2025-01-17,2024-12-23,0.38,0.44,0.29,0.29,621,68,0.38,,monthly_30d_20d_otm,weekly_2_strike0,37,2156
SQ,2024-12-11,2025-01-10,backfill,O:SQ250117C00110000,110.0,2025-01-17,2024-12-24,0.29,0.33,0.26,0.32,1349,43,0.29,,monthly_30d_20d_otm,weekly_2_strike0,37,2156
SQ,2024-12-11,2025-01-10,backfill,O:SQ250117C00110000,110.0,2025-01-17,2024-12-26,0.29,0.32,0.25,0.28,473,30,0.29,,monthly_30d_20d_otm,weekly_2_strike0,37,2156
SQ,2024-12-11,2025-01-10,backfill,O:SQ250117C00110000,110.0,2025-01-17,2024-12-27,0.26,0.26,0.14,0.15,415,68,0.26,,monthly_30d_20d_otm,weekly_2_strike0,37,2156
SQ,2024-12-11,2025-01-10,backfill,O:SQ250117C00110000,110.0,2025-01-17,2024-12-30,0.12,0.17,0.1,0.12,232,37,0.12,,monthly_30d_20d_otm,weekly_2_strike0,37,2156
SQ,2024-12-11,2025-01-10,backfill,O:SQ250117C00110000,110.0,2025-01-17,2024-12-31,0.1,0.11,0.05,0.06,773,29,0.1,,monthly_30d_20d_otm,weekly_2_strike0,37,2156
SQ,2024-12-11,2025-01-10,backfill,O:SQ250117C00110000,110.0,2025-01-17,2025-01-02,0.11,0.11,0.05,0.07,5836,21,0.11,,monthly_30d_20d_otm,weekly_2_strike0,37,2156
SQ,2024-12-11,2025-01-10,backfill,O:SQ250117C00110000,110.0,2025-01-17,2025-01-03,0.12,0.23,0.11,0.16,325,43,0.12,,monthly_30d_20d_otm,weekly_2_strike0,37,2156
SQ,2024-12-11,2025-01-10,backfill,O:SQ250117C00110000,110.0,2025-01-17,2025-01-06,0.17,0.2,0.1,0.13,589,38,0.17,,monthly_30d_20d_otm,weekly_2_strike0,37,2156
SQ,2024-12-11,2025-01-10,backfill,O:SQ250117C00110000,110.0,2025-01-17,2025-01-07,0.13,0.13,0.01,0.04,129,29,0.13,,monthly_30d_20d_otm,weekly_2_strike0,37,2156
SQ,2024-12-11,2025-01-10,backfill,O:SQ250117C00110000,110.0,2025-01-17,2025-01-08,0.01,0.1,0.01,0.04,30,10,0.01,,monthly_30d_20d_otm,weekly_2_strike0,37,2156
SQ,2024-12-11,2025-01-10,backfill,O:SQ250117C00110000,110.0,2025-01-17,2025-01-10,0.03,0.04,0.01,0.01,282,16,0.03,,monthly_30d_20d_otm,weekly_2_strike0,37,2156
SWKS,2021-02-08,2021-03-08,backfill,O:SWKS210319C00180000,180.0,2021-03-19,2021-02-08,9.1,9.95,8.45,9.79,118,33,9.1,,monthly_30d_atm,weekly_2_strike0,39,118
SWKS,2021-02-08,2021-03-08,backfill,O:SWKS210319C00180000,180.0,2021-03-19,2021-02-09,10.0,13.0,10.0,10.73,178,48,10.0,,monthly_30d_atm,weekly_2_strike0,39,118
SWKS,2021-02-08,2021-03-08,backfill,O:SWKS210319C00180000,180.0,2021-03-19,2021-02-10,11.9,12.8,10.0,11.71,314,44,11.9,,monthly_30d_atm,weekly_2_strike0,39,118
SWKS,2021-02-08,2021-03-08,backfill,O:SWKS210319C00180000,180.0,2021-03-19,2021-02-11,13.34,14.4,11.55,14.0,263,37,13.34,,monthly_30d_atm,weekly_2_strike0,39,118
SWKS,2021-02-08,2021-03-08,backfill,O:SWKS210319C00180000,180.0,2021-03-19,2021-02-12,13.87,15.0,13.77,14.77,115,23,13.87,,monthly_30d_atm,weekly_2_strike0,39,118
SWKS,2021-02-08,2021-03-08,backfill,O:SWKS210319C00180000,180.0,2021-03-19,2021-02-16,16.52,19.2,16.52,17.75,275,41,16.52,,monthly_30d_atm,weekly_2_strike0,39,118
SWKS,2021-02-08,2021-03-08,backfill,O:SWKS210319C00180000,180.0,2021-03-19,2021-02-17,16.87,17.15,14.15,16.6,65,17,16.87,,monthly_30d_atm,weekly_2_strike0,39,118
SWKS,2021-02-08,2021-03-08,backfill,O:SWKS210319C00180000,180.0,2021-03-19,2021-02-18,13.97,14.03,12.25,13.45,29,16,13.97,,monthly_30d_atm,weekly_2_strike0,39,118
SWKS,2021-02-08,2021-03-08,backfill,O:SWKS210319C00180000,180.0,2021-03-19,2021-02-19,13.61,16.3,13.61,15.97,102,19,13.61,,monthly_30d_atm,weekly_2_strike0,39,118
SWKS,2021-02-08,2021-03-08,backfill,O:SWKS210319C00180000,180.0,2021-03-19,2021-02-22,14.97,14.97,9.65,10.11,45,13,14.97,,monthly_30d_atm,weekly_2_strike0,39,118
SWKS,2021-02-08,2021-03-08,backfill,O:SWKS210319C00180000,180.0,2021-03-19,2021-02-23,7.85,9.6,6.8,9.6,137,26,7.85,,monthly_30d_atm,weekly_2_strike0,39,118
SWKS,2021-02-08,2021-03-08,backfill,O:SWKS210319C00180000,180.0,2021-03-19,2021-02-24,7.85,13.6,7.35,13.6,105,16,7.85,,monthly_30d_atm,weekly_2_strike0,39,118
SWKS,2021-02-08,2021-03-08,backfill,O:SWKS210319C00180000,180.0,2021-03-19,2021-02-25,12.15,12.15,6.0,6.8,118,40,12.15,,monthly_30d_atm,weekly_2_strike0,39,118
SWKS,2021-02-08,2021-03-08,backfill,O:SWKS210319C00180000,180.0,2021-03-19,2021-02-26,7.25,7.5,5.5,6.65,51,17,7.25,,monthly_30d_atm,weekly_2_strike0,39,118
SWKS,2021-02-08,2021-03-08,backfill,O:SWKS210319C00180000,180.0,2021-03-19,2021-03-01,7.5,10.5,6.26,10.2,101,20,7.5,,monthly_30d_atm,weekly_2_strike0,39,118
SWKS,2021-02-08,2021-03-08,backfill,O:SWKS210319C00180000,180.0,2021-03-19,2021-03-02,9.5,9.5,7.19,7.25,17,15,9.5,,monthly_30d_atm,weekly_2_strike0,39,118
SWKS,2021-02-08,2021-03-08,backfill,O:SWKS210319C00180000,180.0,2021-03-19,2021-03-03,5.91,5.91,4.5,4.68,51,22,5.91,,monthly_30d_atm,weekly_2_strike0,39,118
SWKS,2021-02-08,2021-03-08,backfill,O:SWKS210319C00180000,180.0,2021-03-19,2021-03-04,3.4,3.6,1.3,2.15,54,16,3.4,,monthly_30d_atm,weekly_2_strike0,39,118
SWKS,2021-02-08,2021-03-08,backfill,O:SWKS210319C00180000,180.0,2021-03-19,2021-03-05,1.8,3.35,0.94,2.96,271,51,1.8,,monthly_30d_atm,weekly_2_strike0,39,118
SWKS,2021-02-08,2021-03-08,backfill,O:SWKS210319C00180000,180.0,2021-03-19,2021-03-08,1.81,2.4,0.71,0.88,142,26,1.81,,monthly_30d_atm,weekly_2_strike0,39,118
SWKS,2021-07-30,2021-08-17,backfill,O:SWKS210820C00190000,190.0,2021-08-20,2021-07-30,4.0,4.0,1.38,2.73,988,121,4.0,,monthly_30d_35d_otm,weekly_1_strike0,21,988
SWKS,2021-07-30,2021-08-17,backfill,O:SWKS210820C00190000,190.0,2021-08-20,2021-08-02,3.5,4.05,2.5,3.25,793,81,3.5,,monthly_30d_35d_otm,weekly_1_strike0,21,988
SWKS,2021-07-30,2021-08-17,backfill,O:SWKS210820C00190000,190.0,2021-08-20,2021-08-03,3.8,4.2,2.69,3.55,304,55,3.8,,monthly_30d_35d_otm,weekly_1_strike0,21,988
SWKS,2021-07-30,2021-08-17,backfill,O:SWKS210820C00190000,190.0,2021-08-20,2021-08-04,3.5,3.55,2.65,2.94,159,38,3.5,,monthly_30d_35d_otm,weekly_1_strike0,21,988
SWKS,2021-07-30,2021-08-17,backfill,O:SWKS210820C00190000,190.0,2021-08-20,2021-08-05,3.15,3.25,2.1,2.21,171,29,3.15,,monthly_30d_35d_otm,weekly_1_strike0,21,988
SWKS,2021-07-30,2021-08-17,backfill,O:SWKS210820C00190000,190.0,2021-08-20,2021-08-06,1.92,2.17,1.6,1.91,162,28,1.92,,monthly_30d_35d_otm,weekly_1_strike0,21,988
SWKS,2021-07-30,2021-08-17,backfill,O:SWKS210820C00190000,190.0,2021-08-20,2021-08-09,1.49,1.95,1.42,1.45,129,28,1.49,,monthly_30d_35d_otm,weekly_1_strike0,21,988
SWKS,2021-07-30,2021-08-17,backfill,O:SWKS210820C00190000,190.0,2021-08-20,2021-08-10,1.5,1.58,0.83,1.05,297,19,1.5,,monthly_30d_35d_otm,weekly_1_strike0,21,988
SWKS,2021-07-30,2021-08-17,backfill,O:SWKS210820C00190000,190.0,2021-08-20,2021-08-11,1.21,1.23,0.57,0.88,480,27,1.21,,monthly_30d_35d_otm,weekly_1_strike0,21,988
SWKS,2021-07-30,2021-08-17,backfill,O:SWKS210820C00190000,190.0,2021-08-20,2021-08-12,0.38,0.5,0.31,0.42,403,27,0.38,,monthly_30d_35d_otm,weekly_1_strike0,21,988
SWKS,2021-07-30,2021-08-17,backfill,O:SWKS210820C00190000,190.0,2021-08-20,2021-08-13,0.32,0.35,0.15,0.17,337,34,0.32,,monthly_30d_35d_otm,weekly_1_strike0,21,988
SWKS,2021-07-30,2021-08-17,backfill,O:SWKS210820C00190000,190.0,2021-08-20,2021-08-16,0.1,0.12,0.06,0.08,295,26,0.1,,monthly_30d_35d_otm,weekly_1_strike0,21,988
SWKS,2021-07-30,2021-08-17,backfill,O:SWKS210820C00190000,190.0,2021-08-20,2021-08-17,0.03,0.06,0.01,0.03,218,19,0.03,,monthly_30d_35d_otm,weekly_1_strike0,21,988
T,2022-10-31,2022-11-28,backfill,O:T221216C00020000,20.0,2022-12-16,2022-10-31,0.12,0.14,0.11,0.12,1345,62,0.12,,monthly_45d_25d_otm,weekly_2_strike0,46,1345
T,2022-10-31,2022-11-28,backfill,O:T221216C00020000,20.0,2022-12-16,2022-11-01,0.15,0.15,0.12,0.13,492,41,0.15,,monthly_45d_25d_otm,weekly_2_strike0,46,1345
T,2022-10-31,2022-11-28,backfill,O:T221216C00020000,20.0,2022-12-16,2022-11-02,0.13,0.2,0.13,0.14,1203,47,0.13,,monthly_45d_25d_otm,weekly_2_strike0,46,1345
T,2022-10-31,2022-11-28,backfill,O:T221216C00020000,20.0,2022-12-16,2022-11-03,0.1,0.12,0.09,0.09,3025,38,0.1,,monthly_45d_25d_otm,weekly_2_strike0,46,1345
T,2022-10-31,2022-11-28,backfill,O:T221216C00020000,20.0,2022-12-16,2022-11-04,0.11,0.11,0.08,0.1,1429,32,0.11,,monthly_45d_25d_otm,weekly_2_strike0,46,1345
T,2022-10-31,2022-11-28,backfill,O:T221216C00020000,20.0,2022-12-16,2022-11-07,0.09,0.1,0.07,0.1,106,17,0.09,,monthly_45d_25d_otm,weekly_2_strike0,46,1345
T,2022-10-31,2022-11-28,backfill,O:T221216C00020000,20.0,2022-12-16,2022-11-08,0.1,0.14,0.09,0.12,339,35,0.1,,monthly_45d_25d_otm,weekly_2_strike0,46,1345
T,2022-10-31,2022-11-28,backfill,O:T221216C00020000,20.0,2022-12-16,2022-11-09,0.1,0.15,0.1,0.11,564,44,0.1,,monthly_45d_25d_otm,weekly_2_strike0,46,1345
T,2022-10-31,2022-11-28,backfill,O:T221216C00020000,20.0,2022-12-16,2022-11-10,0.16,0.17,0.11,0.15,981,67,0.16,,monthly_45d_25d_otm,weekly_2_strike0,46,1345
T,2022-10-31,2022-11-28,backfill,O:T221216C00020000,20.0,2022-12-16,2022-11-11,0.15,0.21,0.14,0.19,1469,74,0.15,,monthly_45d_25d_otm,weekly_2_strike0,46,1345
T,2022-10-31,2022-11-28,backfill,O:T221216C00020000,20.0,2022-12-16,2022-11-14,0.19,0.26,0.17,0.17,2069,98,0.19,,monthly_45d_25d_otm,weekly_2_strike0,46,1345
T,2022-10-31,2022-11-28,backfill,O:T221216C00020000,20.0,2022-12-16,2022-11-15,0.17,0.28,0.15,0.18,2745,108,0.17,,monthly_45d_25d_otm,weekly_2_strike0,46,1345
T,2022-10-31,2022-11-28,backfill,O:T221216C00020000,20.0,2022-12-16,2022-11-16,0.15,0.17,0.12,0.15,2980,84,0.15,,monthly_45d_25d_otm,weekly_2_strike0,46,1345
T,2022-10-31,2022-11-28,backfill,O:T221216C00020000,20.0,2022-12-16,2022-11-17,0.12,0.13,0.09,0.13,6600,56,0.12,,monthly_45d_25d_otm,weekly_2_strike0,46,1345
T,2022-10-31,2022-11-28,backfill,O:T221216C00020000,20.0,2022-12-16,2022-11-18,0.14,0.16,0.11,0.11,923,78,0.14,,monthly_45d_25d_otm,weekly_2_strike0,46,1345
T,2022-10-31,2022-11-28,backfill,O:T221216C00020000,20.0,2022-12-16,2022-11-21,0.11,0.12,0.06,0.06,5725,101,0.11,,monthly_45d_25d_otm,weekly_2_strike0,46,1345
T,2022-10-31,2022-11-28,backfill,O:T221216C00020000,20.0,2022-12-16,2022-11-22,0.07,0.08,0.06,0.06,1524,68,0.07,,monthly_45d_25d_otm,weekly_2_strike0,46,1345
T,2022-10-31,2022-11-28,backfill,O:T221216C00020000,20.0,2022-12-16,2022-11-23,0.06,0.08,0.05,0.08,688,31,0.06,,monthly_45d_25d_otm,weekly_2_strike0,46,1345
T,2022-10-31,2022-11-28,backfill,O:T221216C00020000,20.0,2022-12-16,2022-11-25,0.09,0.11,0.08,0.08,1712,24,0.09,,monthly_45d_25d_otm,weekly_2_strike0,46,1345
T,2022-10-31,2022-11-28,backfill,O:T221216C00020000,20.0,2022-12-16,2022-11-28,0.07,0.07,0.04,0.05,1621,57,0.07,,monthly_45d_25d_otm,weekly_2_strike0,46,1345
T,2024-06-11,2024-07-10,backfill,O:T240719C00018000,18.0,2024-07-19,2024-06-11,0.3,0.36,0.28,0.32,688,41,0.3,,monthly_30d_atm,weekly_2_strike0,38,688
T,2024-06-11,2024-07-10,backfill,O:T240719C00018000,18.0,2024-07-19,2024-06-12,0.37,0.37,0.19,0.21,1513,76,0.37,,monthly_30d_atm,weekly_2_strike0,38,688
T,2024-06-11,2024-07-10,backfill,O:T240719C00018000,18.0,2024-07-19,2024-06-13,0.18,0.22,0.15,0.21,692,68,0.18,,monthly_30d_atm,weekly_2_strike0,38,688
T,2024-06-11,2024-07-10,backfill,O:T240719C00018000,18.0,2024-07-19,2024-06-14,0.2,0.23,0.17,0.2,999,59,0.2,,monthly_30d_atm,weekly_2_strike0,38,688
T,2024-06-11,2024-07-10,backfill,O:T240719C00018000,18.0,2024-07-19,2024-06-17,0.18,0.21,0.13,0.2,1648,72,0.18,,monthly_30d_atm,weekly_2_strike0,38,688
T,2024-06-11,2024-07-10,backfill,O:T240719C00018000,18.0,2024-07-19,2024-06-18,0.29,0.43,0.22,0.38,4039,116,0.29,,monthly_30d_atm,weekly_2_strike0,38,688
T,2024-06-11,2024-07-10,backfill,O:T240719C00018000,18.0,2024-07-19,2024-06-20,0.32,0.43,0.3,0.39,1340,76,0.32,,monthly_30d_atm,weekly_2_strike0,38,688
T,2024-06-11,2024-07-10,backfill,O:T240719C00018000,18.0,2024-07-19,2024-06-21,0.39,0.6,0.35,0.56,3436,122,0.39,,monthly_30d_atm,weekly_2_strike0,38,688
T,2024-06-11,2024-07-10,backfill,O:T240719C00018000,18.0,2024-07-19,2024-06-24,0.57,0.78,0.57,0.74,5345,106,0.57,,monthly_30d_atm,weekly_2_strike0,38,688
T,2024-06-11,2024-07-10,backfill,O:T240719C00018000,18.0,2024-07-19,2024-06-25,0.69,0.8,0.4,0.79,634,65,0.69,,monthly_30d_atm,weekly_2_strike0,38,688
T,2024-06-11,2024-07-10,backfill,O:T240719C00018000,18.0,2024-07-19,2024-06-26,0.8,0.89,0.74,0.84,684,49,0.8,,monthly_30d_atm,weekly_2_strike0,38,688
T,2024-06-11,2024-07-10,backfill,O:T240719C00018000,18.0,2024-07-19,2024-06-27,0.79,0.9,0.7,0.78,1054,49,0.79,,monthly_30d_atm,weekly_2_strike0,38,688
T,2024-06-11,2024-07-10,backfill,O:T240719C00018000,18.0,2024-07-19,2024-06-28,0.82,1.16,0.82,1.13,1307,104,0.82,,monthly_30d_atm,weekly_2_strike0,38,688
T,2024-06-11,2024-07-10,backfill,O:T240719C00018000,18.0,2024-07-19,2024-07-01,1.25,1.36,0.87,0.93,3282,68,1.25,,monthly_30d_atm,weekly_2_strike0,38,688
T,2024-06-11,2024-07-10,backfill,O:T240719C00018000,18.0,2024-07-19,2024-07-02,1.1,1.1,0.72,0.84,529,59,1.1,,monthly_30d_atm,weekly_2_strike0,38,688
T,2024-06-11,2024-07-10,backfill,O:T240719C00018000,18.0,2024-07-19,2024-07-03,0.83,0.94,0.7,0.7,215,22,0.83,,monthly_30d_atm,weekly_2_strike0,38,688
T,2024-06-11,2024-07-10,backfill,O:T240719C00018000,18.0,2024-07-19,2024-07-05,0.81,0.81,0.69,0.8,2831,57,0.81,,monthly_30d_atm,weekly_2_strike0,38,688
T,2024-06-11,2024-07-10,backfill,O:T240719C00018000,18.0,2024-07-19,2024-07-08,0.81,0.88,0.71,0.82,3532,92,0.81,,monthly_30d_atm,weekly_2_strike0,38,688
T,2024-06-11,2024-07-10,backfill,O:T240719C00018000,18.0,2024-07-19,2024-07-09,0.84,0.99,0.74,0.84,329565,136,0.84,,monthly_30d_atm,weekly_2_strike0,38,688
T,2024-06-11,2024-07-10,backfill,O:T240719C00018000,18.0,2024-07-19,2024-07-10,0.71,0.8,0.42,0.8,1415,78,0.71,,monthly_30d_atm,weekly_2_strike0,38,688
T,2024-09-05,2024-10-02,backfill,O:T241018C00021000,21.0,2024-10-18,2024-09-05,0.37,0.47,0.3,0.36,601,63,0.37,,monthly_30d_35d_otm,weekly_2_strike0,43,601
T,2024-09-05,2024-10-02,backfill,O:T241018C00021000,21.0,2024-10-18,2024-09-06,0.43,0.54,0.39,0.53,3290,72,0.43,,monthly_30d_35d_otm,weekly_2_strike0,43,601
T,2024-09-05,2024-10-02,backfill,O:T241018C00021000,21.0,2024-10-18,2024-09-09,0.56,0.92,0.51,0.92,5769,104,0.56,,monthly_30d_35d_otm,weekly_2_strike0,43,601
T,2024-09-05,2024-10-02,backfill,O:T241018C00021000,21.0,2024-10-18,2024-09-10,0.72,1.12,0.72,1.03,592,62,0.72,,monthly_30d_35d_otm,weekly_2_strike0,43,601
T,2024-09-05,2024-10-02,backfill,O:T241018C00021000,21.0,2024-10-18,2024-09-11,0.97,0.97,0.68,0.83,768,68,0.97,,monthly_30d_35d_otm,weekly_2_strike0,43,601
T,2024-09-05,2024-10-02,backfill,O:T241018C00021000,21.0,2024-10-18,2024-09-12,0.83,0.91,0.61,0.88,690,43,0.83,,monthly_30d_35d_otm,weekly_2_strike0,43,601
T,2024-09-05,2024-10-02,backfill,O:T241018C00021000,21.0,2024-10-18,2024-09-13,0.91,0.92,0.81,0.86,532,29,0.91,,monthly_30d_35d_otm,weekly_2_strike0,43,601
T,2024-09-05,2024-10-02,backfill,O:T241018C00021000,21.0,2024-10-18,2024-09-16,1.06,1.44,1.01,1.44,367,46,1.06,,monthly_30d_35d_otm,weekly_2_strike0,43,601
T,2024-09-05,2024-10-02,backfill,O:T241018C00021000,21.0,2024-10-18,2024-09-17,0.82,1.28,0.82,0.99,360,53,0.82,,monthly_30d_35d_otm,weekly_2_strike0,43,601
T,2024-09-05,2024-10-02,backfill,O:T241018C00021000,21.0,2024-10-18,2024-09-18,1.0,1.1,0.93,0.93,73,18,1.0,,monthly_30d_35d_otm,weekly_2_strike0,43,601
T,2024-09-05,2024-10-02,backfill,O:T241018C00021000,21.0,2024-10-18,2024-09-19,0.87,0.87,0.54,0.57,640,47,0.87,,monthly_30d_35d_otm,weekly_2_strike0,43,601
T,2024-09-05,2024-10-02,backfill,O:T241018C00021000,21.0,2024-10-18,2024-09-20,0.5,0.75,0.5,0.75,473,34,0.5,,monthly_30d_35d_otm,weekly_2_strike0,43,601
T,2024-09-05,2024-10-02,backfill,O:T241018C00021000,21.0,2024-10-18,2024-09-23,0.71,0.71,0.56,0.65,761,22,0.71,,monthly_30d_35d_otm,weekly_2_strike0,43,601
T,2024-09-05,2024-10-02,backfill,O:T241018C00021000,21.0,2024-10-18,2024-09-24,0.59,0.78,0.59,0.71,403,15,0.59,,monthly_30d_35d_otm,weekly_2_strike0,43,601
T,2024-09-05,2024-10-02,backfill,O:T241018C00021000,21.0,2024-10-18,2024-09-25,0.75,0.81,0.69,0.69,924,23,0.75,,monthly_30d_35d_otm,weekly_2_strike0,43,601
T,2024-09-05,2024-10-02,backfill,O:T241018C00021000,21.0,2024-10-18,2024-09-26,0.62,0.83,0.62,0.77,209,32,0.62,,monthly_30d_35d_otm,weekly_2_strike0,43,601
T,2024-09-05,2024-10-02,backfill,O:T241018C00021000,21.0,2024-10-18,2024-09-27,0.82,1.05,0.8,0.96,1068,69,0.82,,monthly_30d_35d_otm,weekly_2_strike0,43,601
T,2024-09-05,2024-10-02,backfill,O:T241018C00021000,21.0,2024-10-18,2024-09-30,1.09,1.12,0.78,1.04,306,44,1.09,,monthly_30d_35d_otm,weekly_2_strike0,43,601
T,2024-09-05,2024-10-02,backfill,O:T241018C00021000,21.0,2024-10-18,2024-10-01,1.03,1.17,0.9,1.15,1025,47,1.03,,monthly_30d_35d_otm,weekly_2_strike0,43,601
T,2024-09-05,2024-10-02,backfill,O:T241018C00021000,21.0,2024-10-18,2024-10-02,1.11,1.26,1.04,1.18,70,23,1.11,,monthly_30d_35d_otm,weekly_2_strike0,43,601
T,2024-11-06,2024-12-04,backfill,O:T241220C00023000,23.0,2024-12-20,2024-11-06,0.24,0.43,0.24,0.42,388,53,0.24,,monthly_30d_30d_otm,weekly_2_strike0,44,388
T,2024-11-06,2024-12-04,backfill,O:T241220C00023000,23.0,2024-12-20,2024-11-07,0.43,0.47,0.25,0.32,736,42,0.43,,monthly_30d_30d_otm,weekly_2_strike0,44,388
T,2024-11-06,2024-12-04,backfill,O:T241220C00023000,23.0,2024-12-20,2024-11-08,0.33,0.43,0.33,0.41,492,49,0.33,,monthly_30d_30d_otm,weekly_2_strike0,44,388
T,2024-11-06,2024-12-04,backfill,O:T241220C00023000,23.0,2024-12-20,2024-11-11,0.41,0.48,0.37,0.41,4868,51,0.41,,monthly_30d_30d_otm,weekly_2_strike0,44,388
T,2024-11-06,2024-12-04,backfill,O:T241220C00023000,23.0,2024-12-20,2024-11-12,0.29,0.38,0.24,0.36,410,44,0.29,,monthly_30d_30d_otm,weekly_2_strike0,44,388
T,2024-11-06,2024-12-04,backfill,O:T241220C00023000,23.0,2024-12-20,2024-11-13,0.35,0.44,0.32,0.4,1015,50,0.35,,monthly_30d_30d_otm,weekly_2_strike0,44,388
T,2024-11-06,2024-12-04,backfill,O:T241220C00023000,23.0,2024-12-20,2024-11-14,0.31,0.45,0.31,0.36,616,53,0.31,,monthly_30d_30d_otm,weekly_2_strike0,44,388
T,2024-11-06,2024-12-04,backfill,O:T241220C00023000,23.0,2024-12-20,2024-11-15,0.36,0.54,0.32,0.53,3266,83,0.36,,monthly_30d_30d_otm,weekly_2_strike0,44,388
T,2024-11-06,2024-12-04,backfill,O:T241220C00023000,23.0,2024-12-20,2024-11-18,0.58,0.75,0.56,0.63,2766,70,0.58,,monthly_30d_30d_otm,weekly_2_strike0,44,388
T,2024-11-06,2024-12-04,backfill,O:T241220C00023000,23.0,2024-12-20,2024-11-19,0.5,0.55,0.48,0.51,205,37,0.5,,monthly_30d_30d_otm,weekly_2_strike0,44,388
T,2024-11-06,2024-12-04,backfill,O:T241220C00023000,23.0,2024-12-20,2024-11-20,0.5,0.59,0.48,0.54,1699,47,0.5,,monthly_30d_30d_otm,weekly_2_strike0,44,388
T,2024-11-06,2024-12-04,backfill,O:T241220C00023000,23.0,2024-12-20,2024-11-21,0.55,0.69,0.51,0.57,979,61,0.55,,monthly_30d_30d_otm,weekly_2_strike0,44,388
T,2024-11-06,2024-12-04,backfill,O:T241220C00023000,23.0,2024-12-20,2024-11-22,0.61,0.77,0.59,0.68,581,48,0.61,,monthly_30d_30d_otm,weekly_2_strike0,44,388
T,2024-11-06,2024-12-04,backfill,O:T241220C00023000,23.0,2024-12-20,2024-11-25,0.51,0.68,0.51,0.64,459,48,0.51,,monthly_30d_30d_otm,weekly_2_strike0,44,388
T,2024-11-06,2024-12-04,backfill,O:T241220C00023000,23.0,2024-12-20,2024-11-26,0.58,0.58,0.41,0.56,370,45,0.58,,monthly_30d_30d_otm,weekly_2_strike0,44,388
T,2024-11-06,2024-12-04,backfill,O:T241220C00023000,23.0,2024-12-20,2024-11-27,0.58,0.73,0.52,0.65,938,35,0.58,,monthly_30d_30d_otm,weekly_2_strike0,44,388
T,2024-11-06,2024-12-04,backfill,O:T241220C00023000,23.0,2024-12-20,2024-11-29,0.64,0.66,0.5,0.6,795,21,0.64,,monthly_30d_30d_otm,weekly_2_strike0,44,388
T,2024-11-06,2024-12-04,backfill,O:T241220C00023000,23.0,2024-12-20,2024-12-02,0.58,0.64,0.36,0.38,3543,65,0.58,,monthly_30d_30d_otm,weekly_2_strike0,44,388
T,2024-11-06,2024-12-04,backfill,O:T241220C00023000,23.0,2024-12-20,2024-12-03,0.71,1.17,0.66,0.91,2313,111,0.71,,monthly_30d_30d_otm,weekly_2_strike0,44,388
T,2024-11-06,2024-12-04,backfill,O:T241220C00023000,23.0,2024-12-20,2024-12-04,1.02,1.02,0.63,0.74,267,37,1.02,,monthly_30d_30d_otm,weekly_2_strike0,44,388
TEAM,2020-05-07,2020-06-04,backfill,O:TEAM200619C00185000,185.0,2020-06-19,2020-05-07,6.9,8.82,6.9,8.82,150,10,6.9,,monthly_30d_35d_otm,weekly_2_strike0,43,150
TEAM,2020-05-07,2020-06-04,backfill,O:TEAM200619C00185000,185.0,2020-06-19,2020-05-08,9.0,9.61,7.6,7.6,8,4,9.0,,monthly_30d_35d_otm,weekly_2_strike0,43,150
TEAM,2020-05-07,2020-06-04,backfill,O:TEAM200619C00185000,185.0,2020-06-19,2020-05-11,7.6,8.0,7.4,8.0,15,7,7.6,,monthly_30d_35d_otm,weekly_2_strike0,43,150
TEAM,2020-05-07,2020-06-04,backfill,O:TEAM200619C00185000,185.0,2020-06-19,2020-05-12,5.5,8.35,5.1,7.64,53,20,5.5,,monthly_30d_35d_otm,weekly_2_strike0,43,150
TEAM,2020-05-07,2020-06-04,backfill,O:TEAM200619C00185000,185.0,2020-06-19,2020-05-13,5.63,7.23,5.2,6.5,53,19,5.63,,monthly_30d_35d_otm,weekly_2_strike0,43,150
TEAM,2020-05-07,2020-06-04,backfill,O:TEAM200619C00185000,185.0,2020-06-19,2020-05-14,6.8,8.5,6.8,8.2,29,10,6.8,,monthly_30d_35d_otm,weekly_2_strike0,43,150
TEAM,2020-05-07,2020-06-04,backfill,O:TEAM200619C00185000,185.0,2020-06-19,2020-05-15,9.72,14.1,9.3,12.09,91,26,9.72,,monthly_30d_35d_otm,weekly_2_strike0,43,150
TEAM,2020-05-07,2020-06-04,backfill,O:TEAM200619C00185000,185.0,2020-06-19,2020-05-18,14.44,14.44,8.5,8.73,33,11,14.44,,monthly_30d_35d_otm,weekly_2_strike0,43,150
TEAM,2020-05-07,2020-06-04,backfill,O:TEAM200619C00185000,185.0,2020-06-19,2020-05-19,10.5,10.5,7.77,7.77,12,8,10.5,,monthly_30d_35d_otm,weekly_2_strike0,43,150
TEAM,2020-05-07,2020-06-04,backfill,O:TEAM200619C00185000,185.0,2020-06-19,2020-05-20,9.5,9.85,8.0,8.1,21,12,9.5,,monthly_30d_35d_otm,weekly_2_strike0,43,150
TEAM,2020-05-07,2020-06-04,backfill,O:TEAM200619C00185000,185.0,2020-06-19,2020-05-21,9.0,9.0,6.6,6.6,15,7,9.0,,monthly_30d_35d_otm,weekly_2_strike0,43,150
TEAM,2020-05-07,2020-06-04,backfill,O:TEAM200619C00185000,185.0,2020-06-19,2020-05-22,6.5,8.37,6.5,7.7,35,14,6.5,,monthly_30d_35d_otm,weekly_2_strike0,43,150
TEAM,2020-05-07,2020-06-04,backfill,O:TEAM200619C00185000,185.0,2020-06-19,2020-05-26,8.26,8.26,3.2,3.2,161,28,8.26,,monthly_30d_35d_otm,weekly_2_strike0,43,150
TEAM,2020-05-07,2020-06-04,backfill,O:TEAM200619C00185000,185.0,2020-06-19,2020-05-27,1.86,3.75,1.05,3.75,248,23,1.86,,monthly_30d_35d_otm,weekly_2_strike0,43,150
TEAM,2020-05-07,2020-06-04,backfill,O:TEAM200619C00185000,185.0,2020-06-19,2020-05-28,4.0,5.54,3.9,4.61,77,13,4.0,,monthly_30d_35d_otm,weekly_2_strike0,43,150
TEAM,2020-05-07,2020-06-04,backfill,O:TEAM200619C00185000,185.0,2020-06-19,2020-05-29,6.6,8.1,5.15,8.05,142,14,6.6,,monthly_30d_35d_otm,weekly_2_strike0,43,150
TEAM,2020-05-07,2020-06-04,backfill,O:TEAM200619C00185000,185.0,2020-06-19,2020-06-01,7.7,11.0,7.7,9.96,125,13,7.7,,monthly_30d_35d_otm,weekly_2_strike0,43,150
TEAM,2020-05-07,2020-06-04,backfill,O:TEAM200619C00185000,185.0,2020-06-19,2020-06-02,8.0,8.0,5.7,6.82,32,15,8.0,,monthly_30d_35d_otm,weekly_2_strike0,43,150
TEAM,2020-05-07,2020-06-04,backfill,O:TEAM200619C00185000,185.0,2020-06-19,2020-06-03,5.2,6.3,4.3,6.2,14,9,5.2,,monthly_30d_35d_otm,weekly_2_strike0,43,150
TEAM,2020-05-07,2020-06-04,backfill,O:TEAM200619C00185000,185.0,2020-06-19,2020-06-04,4.56,4.8,1.65,1.76,183,53,4.56,,monthly_30d_35d_otm,weekly_2_strike0,43,150
TEAM,2020-10-23,2020-11-10,backfill,O:TEAM201120C00217500,217.5,2020-11-20,2020-10-23,8.2,8.2,7.7,8.1,18,5,8.2,,monthly_30d_30d_otm,weekly_1_strike0,28,18
TEAM,2020-10-23,2020-11-10,backfill,O:TEAM201120C00217500,217.5,2020-11-20,2020-10-26,6.9,7.3,6.5,7.3,7,3,6.9,,monthly_30d_30d_otm,weekly_1_strike0,28,18
TEAM,2020-10-23,2020-11-10,backfill,O:TEAM201120C00217500,217.5,2020-11-20,2020-10-27,8.8,10.1,8.7,9.2,24,9,8.8,,monthly_30d_30d_otm,weekly_1_strike0,28,18
TEAM,2020-10-23,2020-11-10,backfill,O:TEAM201120C00217500,217.5,2020-11-20,2020-10-28,8.3,8.8,8.1,8.3,53,9,8.3,,monthly_30d_30d_otm,weekly_1_strike0,28,18
TEAM,2020-10-23,2020-11-10,backfill,O:TEAM201120C00217500,217.5,2020-11-20,2020-10-29,9.6,10.0,9.3,9.7,16,7,9.6,,monthly_30d_30d_otm,weekly_1_strike0,28,18
TEAM,2020-10-23,2020-11-10,backfill,O:TEAM201120C00217500,217.5,2020-11-20,2020-10-30,2.65,4.04,2.35,3.61,31,7,2.65,,monthly_30d_30d_otm,weekly_1_strike0,28,18
TEAM,2020-10-23,2020-11-10,backfill,O:TEAM201120C00217500,217.5,2020-11-20,2020-11-02,0.8,0.8,0.5,0.5,5,3,0.8,,monthly_30d_30d_otm,weekly_1_strike0,28,18
TEAM,2020-10-23,2020-11-10,backfill,O:TEAM201120C00217500,217.5,2020-11-20,2020-11-03,0.7,0.7,0.6,0.6,3,2,0.7,,monthly_30d_30d_otm,weekly_1_strike0,28,18
TEAM,2020-10-23,2020-11-10,backfill,O:TEAM201120C00217500,217.5,2020-11-20,2020-11-04,1.05,1.05,0.9,0.9,3,2,1.05,,monthly_30d_30d_otm,weekly_1_strike0,28,18
TEAM,2020-10-23,2020-11-10,backfill,O:TEAM201120C00217500,217.5,2020-11-20,2020-11-05,1.85,1.85,1.85,1.85,1,1,1.85,,monthly_30d_30d_otm,weekly_1_strike0,28,18
TEAM,2020-10-23,2020-11-10,backfill,O:TEAM201120C00217500,217.5,2020-11-20,2020-11-06,1.4,1.4,1.15,1.39,6,5,1.4,,monthly_30d_30d_otm,weekly_1_strike0,28,18
TEAM,2020-10-23,2020-11-10,backfill,O:TEAM201120C00217500,217.5,2020-11-20,2020-11-09,0.85,1.06,0.29,0.29,5,3,0.85,,monthly_30d_30d_otm,weekly_1_strike0,28,18
TEAM,2020-10-23,2020-11-10,backfill,O:TEAM201120C00217500,217.5,2020-11-20,2020-11-10,0.18,0.18,0.18,0.18,1,1,0.18,,monthly_30d_30d_otm,weekly_1_strike0,28,18
TEAM,2020-12-02,2020-12-30,backfill,O:TEAM210115C00220000,220.0,2021-01-15,2020-12-02,13.8,17.11,13.35,17.11,24,12,13.8,,monthly_30d_atm,weekly_2_strike1,44,24
TEAM,2020-12-02,2020-12-30,backfill,O:TEAM210115C00220000,220.0,2021-01-15,2020-12-03,18.0,21.4,16.6,16.61,50,19,18.0,,monthly_30d_atm,weekly_2_strike1,44,24
TEAM,2020-12-02,2020-12-30,backfill,O:TEAM210115C00220000,220.0,2021-01-15,2020-12-04,17.04,17.04,15.4,15.4,31,7,17.04,,monthly_30d_atm,weekly_2_strike1,44,24
TEAM,2020-12-02,2020-12-30,backfill,O:TEAM210115C00220000,220.0,2021-01-15,2020-12-07,15.9,16.49,15.9,16.1,9,4,15.9,,monthly_30d_atm,weekly_2_strike1,44,24
TEAM,2020-12-02,2020-12-30,backfill,O:TEAM210115C00220000,220.0,2021-01-15,2020-12-08,19.0,21.35,17.7,17.7,17,9,19.0,,monthly_30d_atm,weekly_2_strike1,44,24
TEAM,2020-12-02,2020-12-30,backfill,O:TEAM210115C00220000,220.0,2021-01-15,2020-12-09,15.3,16.6,12.2,13.7,18,11,15.3,,monthly_30d_atm,weekly_2_strike1,44,24
TEAM,2020-12-02,2020-12-30,backfill,O:TEAM210115C00220000,220.0,2021-01-15,2020-12-10,16.36,16.36,14.8,15.5,10,5,16.36,,monthly_30d_atm,weekly_2_strike1,44,24
TEAM,2020-12-02,2020-12-30,backfill,O:TEAM210115C00220000,220.0,2021-01-15,2020-12-11,18.75,18.75,15.6,17.8,544,23,18.75,,monthly_30d_atm,weekly_2_strike1,44,24
TEAM,2020-12-02,2020-12-30,backfill,O:TEAM210115C00220000,220.0,2021-01-15,2020-12-14,21.2,24.7,21.2,23.71,98,19,21.2,,monthly_30d_atm,weekly_2_strike1,44,24
TEAM,2020-12-02,2020-12-30,backfill,O:TEAM210115C00220000,220.0,2021-01-15,2020-12-15,19.5,19.5,19.5,19.5,1,1,19.5,,monthly_30d_atm,weekly_2_strike1,44,24
TEAM,2020-12-02,2020-12-30,backfill,O:TEAM210115C00220000,220.0,2021-01-15,2020-12-16,27.42,28.1,26.34,28.1,67,10,27.42,,monthly_30d_atm,weekly_2_strike1,44,24
TEAM,2020-12-02,2020-12-30,backfill,O:TEAM210115C00220000,220.0,2021-01-15,2020-12-17,30.2,31.05,29.8,31.05,135,7,30.2,,monthly_30d_atm,weekly_2_strike1,44,24
TEAM,2020-12-02,2020-12-30,backfill,O:TEAM210115C00220000,220.0,2021-01-15,2020-12-18,31.9,32.25,29.6,32.25,56,5,31.9,,monthly_30d_atm,weekly_2_strike1,44,24
TEAM,2020-12-02,2020-12-30,backfill,O:TEAM210115C00220000,220.0,2021-01-15,2020-12-21,27.8,31.05,25.65,30.4,97,7,27.8,,monthly_30d_atm,weekly_2_strike1,44,24
TEAM,2020-12-02,2020-12-30,backfill,O:TEAM210115C00220000,220.0,2021-01-15,2020-12-22,30.2,30.4,28.25,29.28,20,8,30.2,,monthly_30d_atm,weekly_2_strike1,44,24
TEAM,2020-12-02,2020-12-30,backfill,O:TEAM210115C00220000,220.0,2021-01-15,2020-12-23,23.9,24.42,23.9,23.9,8,4,23.9,,monthly_30d_atm,weekly_2_strike1,44,24
TEAM,2020-12-02,2020-12-30,backfill,O:TEAM210115C00220000,220.0,2021-01-15,2020-12-24,23.5,24.0,23.5,24.0,3,2,23.5,,monthly_30d_atm,weekly_2_strike1,44,24
TEAM,2020-12-02,2020-12-30,backfill,O:TEAM210115C00220000,220.0,2021-01-15,2020-12-28,19.0,19.0,15.45,15.45,8,6,19.0,,monthly_30d_atm,weekly_2_strike1,44,24
TEAM,2020-12-02,2020-12-30,backfill,O:TEAM210115C00220000,220.0,2021-01-15,2020-12-29,15.83,16.04,14.07,15.23,16,5,15.83,,monthly_30d_atm,weekly_2_strike1,44,24
TEAM,2022-10-04,2022-10-31,backfill,O:TEAM221118C00260000,260.0,2022-11-18,2022-10-04,10.25,10.37,10.25,10.37,21,2,10.25,,monthly_30d_25d_otm,weekly_2_strike0,45,21
TEAM,2022-10-04,2022-10-31,backfill,O:TEAM221118C00260000,260.0,2022-11-18,2022-10-05,13.3,15.1,13.3,15.06,14,3,13.3,,monthly_30d_25d_otm,weekly_2_strike0,45,21
TEAM,2022-10-04,2022-10-31,backfill,O:TEAM221118C00260000,260.0,2022-11-18,2022-10-06,15.1,15.1,15.1,15.1,2,1,15.1,,monthly_30d_25d_otm,weekly_2_strike0,45,21
TEAM,2022-10-04,2022-10-31,backfill,O:TEAM221118C00260000,260.0,2022-11-18,2022-10-07,10.2,10.6,9.9,10.5,39,8,10.2,,monthly_30d_25d_otm,weekly_2_strike0,45,21
TEAM,2022-10-04,2022-10-31,backfill,O:TEAM221118C00260000,260.0,2022-11-18,2022-10-11,6.33,6.35,4.75,6.15,28,4,6.33,,monthly_30d_25d_otm,weekly_2_strike0,45,21
TEAM,2022-10-04,2022-10-31,backfill,O:TEAM221118C00260000,260.0,2022-11-18,2022-10-12,3.49,4.2,3.49,3.9,4,3,3.49,,monthly_30d_25d_otm,weekly_2_strike0,45,21
TEAM,2022-10-04,2022-10-31,backfill,O:TEAM221118C00260000,260.0,2022-11-18,2022-10-13,2.42,3.65,1.83,3.4,176,11,2.42,,monthly_30d_25d_otm,weekly_2_strike0,45,21
TEAM,2022-10-04,2022-10-31,backfill,O:TEAM221118C00260000,260.0,2022-11-18,2022-10-14,2.25,2.25,1.95,1.95,5,2,2.25,,monthly_30d_25d_otm,weekly_2_strike0,45,21
TEAM,2022-10-04,2022-10-31,backfill,O:TEAM221118C00260000,260.0,2022-11-18,2022-10-17,2.45,3.7,2.45,3.56,18,10,2.45,,monthly_30d_25d_otm,weekly_2_strike0,45,21
TEAM,2022-10-04,2022-10-31,backfill,O:TEAM221118C00260000,260.0,2022-11-18,2022-10-18,4.35,4.6,4.35,4.6,4,2,4.35,,monthly_30d_25d_otm,weekly_2_strike0,45,21
TEAM,2022-10-04,2022-10-31,backfill,O:TEAM221118C00260000,260.0,2022-11-18,2022-10-19,1.87,1.87,1.3,1.3,50,9,1.87,,monthly_30d_25d_otm,weekly_2_strike0,45,21
TEAM,2022-10-04,2022-10-31,backfill,O:TEAM221118C00260000,260.0,2022-11-18,2022-10-20,2.1,2.3,1.4,1.49,12,7,2.1,,monthly_30d_25d_otm,weekly_2_strike0,45,21
TEAM,2022-10-04,2022-10-31,backfill,O:TEAM221118C00260000,260.0,2022-11-18,2022-10-21,1.2,1.35,1.08,1.35,5,3,1.2,,monthly_30d_25d_otm,weekly_2_strike0,45,21
TEAM,2022-10-04,2022-10-31,backfill,O:TEAM221118C00260000,260.0,2022-11-18,2022-10-24,1.25,1.25,1.0,1.2,4,4,1.25,,monthly_30d_25d_otm,weekly_2_strike0,45,21
TEAM,2022-10-04,2022-10-31,backfill,O:TEAM221118C00260000,260.0,2022-11-18,2022-10-25,1.5,2.25,1.5,2.25,3,3,1.5,,monthly_30d_25d_otm,weekly_2_strike0,45,21
TEAM,2022-10-04,2022-10-31,backfill,O:TEAM221118C00260000,260.0,2022-11-18,2022-10-26,1.3,1.3,1.3,1.3,2,1,1.3,,monthly_30d_25d_otm,weekly_2_strike0,45,21
TEAM,2022-10-04,2022-10-31,backfill,O:TEAM221118C00260000,260.0,2022-11-18,2022-10-28,1.2,1.25,0.9,1.25,7,4,1.2,,monthly_30d_25d_otm,weekly_2_strike0,45,21
TEAM,2022-10-04,2022-10-31,backfill,O:TEAM221118C00260000,260.0,2022-11-18,2022-10-31,1.58,1.8,1.58,1.8,4,3,1.58,,monthly_30d_25d_otm,weekly_2_strike0,45,21
TEAM,2024-10-21,2024-11-15,backfill,O:TEAM241115C00195000,195.0,2024-11-15,2024-10-21,11.55,12.35,11.0,11.68,16,4,11.55,,monthly_30d_40d_otm,weekly_2_strike0,25,16
TEAM,2024-10-21,2024-11-15,backfill,O:TEAM241115C00195000,195.0,2024-11-15,2024-10-22,11.7,13.1,11.7,13.1,18,9,11.7,,monthly_30d_40d_otm,weekly_2_strike0,25,16
TEAM,2024-10-21,2024-11-15,backfill,O:TEAM241115C00195000,195.0,2024-11-15,2024-10-23,10.33,10.93,10.0,10.93,14,6,10.33,,monthly_30d_40d_otm,weekly_2_strike0,25,16
TEAM,2024-10-21,2024-11-15,backfill,O:TEAM241115C00195000,195.0,2024-11-15,2024-10-24,11.8,12.0,11.8,11.8,31,7,11.8,,monthly_30d_40d_otm,weekly_2_strike0,25,16
TEAM,2024-10-21,2024-11-15,backfill,O:TEAM241115C00195000,195.0,2024-11-15,2024-10-25,12.0,12.0,11.2,11.2,12,7,12.0,,monthly_30d_40d_otm,weekly_2_strike0,25,16
TEAM,2024-10-21,2024-11-15,backfill,O:TEAM241115C00195000,195.0,2024-11-15,2024-10-28,10.2,10.2,10.0,10.0,6,2,10.2,,monthly_30d_40d_otm,weekly_2_strike0,25,16
TEAM,2024-10-21,2024-11-15,backfill,O:TEAM241115C00195000,195.0,2024-11-15,2024-10-29,11.4,12.16,11.4,11.4,41,19,11.4,,monthly_30d_40d_otm,weekly_2_strike0,25,16
TEAM,2024-10-21,2024-11-15,backfill,O:TEAM241115C00195000,195.0,2024-11-15,2024-10-30,12.1,12.52,11.5,12.2,25,11,12.1,,monthly_30d_40d_otm,weekly_2_strike0,25,16
TEAM,2024-10-21,2024-11-15,backfill,O:TEAM241115C00195000,195.0,2024-11-15,2024-10-31,9.9,11.68,9.9,11.4,40,14,9.9,,monthly_30d_40d_otm,weekly_2_strike0,25,16
TEAM,2024-10-21,2024-11-15,backfill,O:TEAM241115C00195000,195.0,2024-11-15,2024-11-01,33.05,33.05,24.35,31.5,54,23,33.05,,monthly_30d_40d_otm,weekly_2_strike0,25,16
TEAM,2024-10-21,2024-11-15,backfill,O:TEAM241115C00195000,195.0,2024-11-15,2024-11-04,24.3,25.2,24.3,25.2,14,2,24.3,,monthly_30d_40d_otm,weekly_2_strike0,25,16
TEAM,2024-10-21,2024-11-15,backfill,O:TEAM241115C00195000,195.0,2024-11-15,2024-11-05,25.43,26.46,25.43,26.46,16,2,25.43,,monthly_30d_40d_otm,weekly_2_strike0,25,16
TEAM,2024-10-21,2024-11-15,backfill,O:TEAM241115C00195000,195.0,2024-11-15,2024-11-06,29.15,32.0,28.86,28.86,28,6,29.15,,monthly_30d_40d_otm,weekly_2_strike0,25,16
TEAM,2024-10-21,2024-11-15,backfill,O:TEAM241115C00195000,195.0,2024-11-15,2024-11-07,39.4,39.4,39.4,39.4,20,1,39.4,,monthly_30d_40d_otm,weekly_2_strike0,25,16
TEAM,2024-10-21,2024-11-15,backfill,O:TEAM241115C00195000,195.0,2024-11-15,2024-11-08,42.57,42.57,42.57,42.57,1,1,42.57,,monthly_30d_40d_otm,weekly_2_strike0,25,16
TEAM,2024-10-21,2024-11-15,backfill,O:TEAM241115C00195000,195.0,2024-11-15,2024-11-11,50.28,51.35,50.28,51.35,9,2,50.28,,monthly_30d_40d_otm,weekly_2_strike0,25,16
TEAM,2024-10-21,2024-11-15,backfill,O:TEAM241115C00195000,195.0,2024-11-15,2024-11-12,45.8,50.51,45.8,50.51,8,3,45.8,,monthly_30d_40d_otm,weekly_2_strike0,25,16
TEAM,2024-10-21,2024-11-15,backfill,O:TEAM241115C00195000,195.0,2024-11-15,2024-11-14,56.83,56.83,56.83,56.83,2,1,56.83,,monthly_30d_40d_otm,weekly_2_strike0,25,16
TEAM,2024-10-21,2024-11-15,backfill,O:TEAM241115C00195000,195.0,2024-11-15,2024-11-15,49.8,49.8,49.8,49.8,1,1,49.8,,monthly_30d_40d_otm,weekly_2_strike0,25,16
TEAM,2025-02-05,2025-03-04,backfill,O:TEAM250321C00350000,350.0,2025-03-21,2025-02-05,5.9,6.5,5.75,6.2,7,7,5.9,,monthly_30d_30d_otm,weekly_2_strike0,44,7
TEAM,2025-02-05,2025-03-04,backfill,O:TEAM250321C00350000,350.0,2025-03-21,2025-02-06,7.0,7.12,6.0,6.0,40,7,7.0,,monthly_30d_30d_otm,weekly_2_strike0,44,7
TEAM,2025-02-05,2025-03-04,backfill,O:TEAM250321C00350000,350.0,2025-03-21,2025-02-07,5.5,5.67,4.9,4.9,14,5,5.5,,monthly_30d_30d_otm,weekly_2_strike0,44,7
TEAM,2025-02-05,2025-03-04,backfill,O:TEAM250321C00350000,350.0,2025-03-21,2025-02-10,5.2,6.36,5.2,6.36,9,5,5.2,,monthly_30d_30d_otm,weekly_2_strike0,44,7
TEAM,2025-02-05,2025-03-04,backfill,O:TEAM250321C00350000,350.0,2025-03-21,2025-02-11,5.2,5.2,4.36,4.36,20,4,5.2,,monthly_30d_30d_otm,weekly_2_strike0,44,7
TEAM,2025-02-05,2025-03-04,backfill,O:TEAM250321C00350000,350.0,2025-03-21,2025-02-12,3.9,4.2,3.86,3.86,5,4,3.9,,monthly_30d_30d_otm,weekly_2_strike0,44,7
TEAM,2025-02-05,2025-03-04,backfill,O:TEAM250321C00350000,350.0,2025-03-21,2025-02-13,4.45,4.45,3.88,3.88,9,6,4.45,,monthly_30d_30d_otm,weekly_2_strike0,44,7
TEAM,2025-02-05,2025-03-04,backfill,O:TEAM250321C00350000,350.0,2025-03-21,2025-02-14,2.71,3.0,2.25,2.9,38,18,2.71,,monthly_30d_30d_otm,weekly_2_strike0,44,7
TEAM,2025-02-05,2025-03-04,backfill,O:TEAM250321C00350000,350.0,2025-03-21,2025-02-18,2.94,2.94,2.75,2.75,3,3,2.94,,monthly_30d_30d_otm,weekly_2_strike0,44,7
TEAM,2025-02-05,2025-03-04,backfill,O:TEAM250321C00350000,350.0,2025-03-21,2025-02-19,2.76,2.76,1.25,1.25,107,8,2.76,,monthly_30d_30d_otm,weekly_2_strike0,44,7
TEAM,2025-02-05,2025-03-04,backfill,O:TEAM250321C00350000,350.0,2025-03-21,2025-02-20,1.11,1.3,0.8,1.04,36,11,1.11,,monthly_30d_30d_otm,weekly_2_strike0,44,7
TEAM,2025-02-05,2025-03-04,backfill,O:TEAM250321C00350000,350.0,2025-03-21,2025-02-21,0.75,1.12,0.45,0.45,9,6,0.75,,monthly_30d_30d_otm,weekly_2_strike0,44,7
TEAM,2025-02-05,2025-03-04,backfill,O:TEAM250321C00350000,350.0,2025-03-21,2025-02-24,0.34,0.45,0.34,0.45,14,5,0.34,,monthly_30d_30d_otm,weekly_2_strike0,44,7
TEAM,2025-02-05,2025-03-04,backfill,O:TEAM250321C00350000,350.0,2025-03-21,2025-02-25,0.3,0.3,0.3,0.3,3,2,0.3,,monthly_30d_30d_otm,weekly_2_strike0,44,7
TEAM,2025-02-05,2025-03-04,backfill,O:TEAM250321C00350000,350.0,2025-03-21,2025-02-26,0.42,0.42,0.42,0.42,3,1,0.42,,monthly_30d_30d_otm,weekly_2_strike0,44,7
TEAM,2025-02-05,2025-03-04,backfill,O:TEAM250321C00350000,350.0,2025-03-21,2025-02-28,0.2,0.2,0.2,0.2,1,1,0.2,,monthly_30d_30d_otm,weekly_2_strike0,44,7
TEAM,2025-02-05,2025-03-04,backfill,O:TEAM250321C00350000,350.0,2025-03-21,2025-03-03,0.22,0.22,0.1,0.1,7,2,0.22,,monthly_30d_30d_otm,weekly_2_strike0,44,7
TEAM,2025-02-05,2025-03-04,backfill,O:TEAM250321C00350000,350.0,2025-03-21,2025-03-04,0.26,0.26,0.26,0.26,1,1,0.26,,monthly_30d_30d_otm,weekly_2_strike0,44,7
TGT,2020-08-26,2020-09-23,backfill,O:TGT200918C00165000,165.0,2020-09-18,2020-08-26,0.61,0.68,0.49,0.55,543,75,0.61,,monthly_30d_25d_otm,weekly_2_strike2,23,543
TGT,2020-08-26,2020-09-23,backfill,O:TGT200918C00165000,165.0,2020-09-18,2020-08-27,0.56,0.56,0.37,0.39,2466,55,0.56,,monthly_30d_25d_otm,weekly_2_strike2,23,543
TGT,2020-08-26,2020-09-23,backfill,O:TGT200918C00165000,165.0,2020-09-18,2020-08-28,0.38,0.45,0.35,0.38,1775,41,0.38,,monthly_30d_25d_otm,weekly_2_strike2,23,543
TGT,2020-08-26,2020-09-23,backfill,O:TGT200918C00165000,165.0,2020-09-18,2020-08-31,0.4,0.46,0.3,0.37,174,35,0.4,,monthly_30d_25d_otm,weekly_2_strike2,23,543
TGT,2020-08-26,2020-09-23,backfill,O:TGT200918C00165000,165.0,2020-09-18,2020-09-01,0.31,0.34,0.27,0.32,164,34,0.31,,monthly_30d_25d_otm,weekly_2_strike2,23,543
TGT,2020-08-26,2020-09-23,backfill,O:TGT200918C00165000,165.0,2020-09-18,2020-09-02,0.31,0.32,0.21,0.31,93,31,0.31,,monthly_30d_25d_otm,weekly_2_strike2,23,543
TGT,2020-08-26,2020-09-23,backfill,O:TGT200918C00165000,165.0,2020-09-18,2020-09-03,0.26,0.26,0.15,0.15,175,34,0.26,,monthly_30d_25d_otm,weekly_2_strike2,23,543
TGT,2020-08-26,2020-09-23,backfill,O:TGT200918C00165000,165.0,2020-09-18,2020-09-04,0.15,0.2,0.09,0.17,666,27,0.15,,monthly_30d_25d_otm,weekly_2_strike2,23,543
TGT,2020-08-26,2020-09-23,backfill,O:TGT200918C00165000,165.0,2020-09-18,2020-09-08,0.17,0.17,0.05,0.11,246,29,0.17,,monthly_30d_25d_otm,weekly_2_strike2,23,543
TGT,2020-08-26,2020-09-23,backfill,O:TGT200918C00165000,165.0,2020-09-18,2020-09-09,0.05,0.1,0.05,0.07,72,10,0.05,,monthly_30d_25d_otm,weekly_2_strike2,23,543
TGT,2020-08-26,2020-09-23,backfill,O:TGT200918C00165000,165.0,2020-09-18,2020-09-10,0.07,0.1,0.04,0.04,77,12,0.07,,monthly_30d_25d_otm,weekly_2_strike2,23,543
TGT,2020-08-26,2020-09-23,backfill,O:TGT200918C00165000,165.0,2020-09-18,2020-09-11,0.03,0.05,0.03,0.03,8,3,0.03,,monthly_30d_25d_otm,weekly_2_strike2,23,543
TGT,2020-08-26,2020-09-23,backfill,O:TGT200918C00165000,165.0,2020-09-18,2020-09-14,0.05,0.05,0.02,0.04,168,14,0.05,,monthly_30d_25d_otm,weekly_2_strike2,23,543
TGT,2020-08-26,2020-09-23,backfill,O:TGT200918C00165000,165.0,2020-09-18,2020-09-15,0.01,0.04,0.01,0.01,18,4,0.01,,monthly_30d_25d_otm,weekly_2_strike2,23,543
TGT,2020-08-26,2020-09-23,backfill,O:TGT200918C00165000,165.0,2020-09-18,2020-09-18,0.02,0.03,0.02,0.03,2,2,0.02,,monthly_30d_25d_otm,weekly_2_strike2,23,543
TGT,2021-05-21,2021-06-18,backfill,O:TGT210618C00230000,230.0,2021-06-18,2021-05-21,2.42,3.91,2.4,3.25,1159,155,2.42,,monthly_30d_35d_otm,weekly_1_strike0,28,1159
TGT,2021-05-21,2021-06-18,backfill,O:TGT210618C00230000,230.0,2021-06-18,2021-05-24,3.85,4.48,2.91,2.91,940,116,3.85,,monthly_30d_35d_otm,weekly_1_strike0,28,1159
TGT,2021-05-21,2021-06-18,backfill,O:TGT210618C00230000,230.0,2021-06-18,2021-05-25,2.99,3.35,2.1,2.62,3990,75,2.99,,monthly_30d_35d_otm,weekly_1_strike0,28,1159
TGT,2021-05-21,2021-06-18,backfill,O:TGT210618C00230000,230.0,2021-06-18,2021-05-26,2.8,3.55,2.8,3.15,156,42,2.8,,monthly_30d_35d_otm,weekly_1_strike0,28,1159
TGT,2021-05-21,2021-06-18,backfill,O:TGT210618C00230000,230.0,2021-06-18,2021-05-27,3.55,3.7,2.6,2.81,298,60,3.55,,monthly_30d_35d_otm,weekly_1_strike0,28,1159
TGT,2021-05-21,2021-06-18,backfill,O:TGT210618C00230000,230.0,2021-06-18,2021-05-28,2.95,3.22,2.55,2.67,817,88,2.95,,monthly_30d_35d_otm,weekly_1_strike0,28,1159
TGT,2021-05-21,2021-06-18,backfill,O:TGT210618C00230000,230.0,2021-06-18,2021-06-01,2.94,3.25,2.33,2.68,2299,112,2.94,,monthly_30d_35d_otm,weekly_1_strike0,28,1159
TGT,2021-05-21,2021-06-18,backfill,O:TGT210618C00230000,230.0,2021-06-18,2021-06-02,2.52,3.25,2.25,2.94,394,81,2.52,,monthly_30d_35d_otm,weekly_1_strike0,28,1159
TGT,2021-05-21,2021-06-18,backfill,O:TGT210618C00230000,230.0,2021-06-18,2021-06-03,2.45,3.6,2.44,3.05,1701,102,2.45,,monthly_30d_35d_otm,weekly_1_strike0,28,1159
TGT,2021-05-21,2021-06-18,backfill,O:TGT210618C00230000,230.0,2021-06-18,2021-06-04,3.45,4.15,2.96,4.06,733,99,3.45,,monthly_30d_35d_otm,weekly_1_strike0,28,1159
TGT,2021-05-21,2021-06-18,backfill,O:TGT210618C00230000,230.0,2021-06-18,2021-06-07,4.05,4.67,3.2,3.25,282,50,4.05,,monthly_30d_35d_otm,weekly_1_strike0,28,1159
TGT,2021-05-21,2021-06-18,backfill,O:TGT210618C00230000,230.0,2021-06-18,2021-06-08,5.13,7.35,4.6,6.34,492,91,5.13,,monthly_30d_35d_otm,weekly_1_strike0,28,1159
TGT,2021-05-21,2021-06-18,backfill,O:TGT210618C00230000,230.0,2021-06-18,2021-06-09,6.2,7.5,4.0,4.0,680,50,6.2,,monthly_30d_35d_otm,weekly_1_strike0,28,1159
TGT,2021-05-21,2021-06-18,backfill,O:TGT210618C00230000,230.0,2021-06-18,2021-06-10,3.76,4.9,3.22,3.46,253,41,3.76,,monthly_30d_35d_otm,weekly_1_strike0,28,1159
TGT,2021-05-21,2021-06-18,backfill,O:TGT210618C00230000,230.0,2021-06-18,2021-06-11,3.47,3.87,3.25,3.77,173,35,3.47,,monthly_30d_35d_otm,weekly_1_strike0,28,1159
TGT,2021-05-21,2021-06-18,backfill,O:TGT210618C00230000,230.0,2021-06-18,2021-06-14,4.0,4.05,2.6,3.55,1735,65,4.0,,monthly_30d_35d_otm,weekly_1_strike0,28,1159
TGT,2021-05-21,2021-06-18,backfill,O:TGT210618C00230000,230.0,2021-06-18,2021-06-15,3.1,3.4,2.15,3.1,1245,65,3.1,,monthly_30d_35d_otm,weekly_1_strike0,28,1159
TGT,2021-05-21,2021-06-18,backfill,O:TGT210618C00230000,230.0,2021-06-18,2021-06-16,3.25,3.35,1.5,2.08,263,58,3.25,,monthly_30d_35d_otm,weekly_1_strike0,28,1159
TGT,2021-05-21,2021-06-18,backfill,O:TGT210618C00230000,230.0,2021-06-18,2021-06-17,1.54,3.01,1.21,2.04,6492,87,1.54,,monthly_30d_35d_otm,weekly_1_strike0,28,1159
TGT,2021-05-21,2021-06-18,backfill,O:TGT210618C00230000,230.0,2021-06-18,2021-06-18,0.99,1.13,0.23,0.88,1359,152,0.99,,monthly_30d_35d_otm,weekly_1_strike0,28,1159
TGT,2021-07-07,2021-08-03,backfill,O:TGT210820C00250000,250.0,2021-08-20,2021-07-07,6.65,8.12,6.65,7.67,237,72,6.65,,monthly_30d_30d_otm,weekly_2_strike0,44,237
TGT,2021-07-07,2021-08-03,backfill,O:TGT210820C00250000,250.0,2021-08-20,2021-07-08,7.27,8.4,6.65,8.4,732,58,7.27,,monthly_30d_30d_otm,weekly_2_strike0,44,237
TGT,2021-07-07,2021-08-03,backfill,O:TGT210820C00250000,250.0,2021-08-20,2021-07-09,8.6,9.2,7.5,7.9,563,62,8.6,,monthly_30d_30d_otm,weekly_2_strike0,44,237
TGT,2021-07-07,2021-08-03,backfill,O:TGT210820C00250000,250.0,2021-08-20,2021-07-12,8.3,9.85,8.3,9.76,636,101,8.3,,monthly_30d_30d_otm,weekly_2_strike0,44,237
TGT,2021-07-07,2021-08-03,backfill,O:TGT210820C00250000,250.0,2021-08-20,2021-07-13,9.12,10.22,9.12,9.35,456,71,9.12,,monthly_30d_30d_otm,weekly_2_strike0,44,237
TGT,2021-07-07,2021-08-03,backfill,O:TGT210820C00250000,250.0,2021-08-20,2021-07-14,9.74,10.7,9.31,10.6,250,57,9.74,,monthly_30d_30d_otm,weekly_2_strike0,44,237
TGT,2021-07-07,2021-08-03,backfill,O:TGT210820C00250000,250.0,2021-08-20,2021-07-15,10.43,10.62,9.55,10.15,218,54,10.43,,monthly_30d_30d_otm,weekly_2_strike0,44,237
TGT,2021-07-07,2021-08-03,backfill,O:TGT210820C00250000,250.0,2021-08-20,2021-07-16,10.35,10.4,8.72,8.95,222,47,10.35,,monthly_30d_30d_otm,weekly_2_strike0,44,237
TGT,2021-07-07,2021-08-03,backfill,O:TGT210820C00250000,250.0,2021-08-20,2021-07-19,7.75,9.3,7.6,9.0,381,56,7.75,,monthly_30d_30d_otm,weekly_2_strike0,44,237
TGT,2021-07-07,2021-08-03,backfill,O:TGT210820C00250000,250.0,2021-08-20,2021-07-20,9.0,11.85,8.86,10.96,520,62,9.0,,monthly_30d_30d_otm,weekly_2_strike0,44,237
TGT,2021-07-07,2021-08-03,backfill,O:TGT210820C00250000,250.0,2021-08-20,2021-07-21,11.28,11.5,10.42,11.1,196,27,11.28,,monthly_30d_30d_otm,weekly_2_strike0,44,237
TGT,2021-07-07,2021-08-03,backfill,O:TGT210820C00250000,250.0,2021-08-20,2021-07-22,11.4,12.0,10.95,12.0,44,22,11.4,,monthly_30d_30d_otm,weekly_2_strike0,44,237
TGT,2021-07-07,2021-08-03,backfill,O:TGT210820C00250000,250.0,2021-08-20,2021-07-23,12.35,14.39,12.35,14.37,230,43,12.35,,monthly_30d_30d_otm,weekly_2_strike0,44,237
TGT,2021-07-07,2021-08-03,backfill,O:TGT210820C00250000,250.0,2021-08-20,2021-07-26,15.45,15.45,13.85,14.15,149,29,15.45,,monthly_30d_30d_otm,weekly_2_strike0,44,237
TGT,2021-07-07,2021-08-03,backfill,O:TGT210820C00250000,250.0,2021-08-20,2021-07-27,13.05,13.05,11.07,12.47,78,27,13.05,,monthly_30d_30d_otm,weekly_2_strike0,44,237
TGT,2021-07-07,2021-08-03,backfill,O:TGT210820C00250000,250.0,2021-08-20,2021-07-28,11.88,12.8,11.55,12.1,92,36,11.88,,monthly_30d_30d_otm,weekly_2_strike0,44,237
TGT,2021-07-07,2021-08-03,backfill,O:TGT210820C00250000,250.0,2021-08-20,2021-07-29,12.59,14.74,11.95,14.74,255,34,12.59,,monthly_30d_30d_otm,weekly_2_strike0,44,237
TGT,2021-07-07,2021-08-03,backfill,O:TGT210820C00250000,250.0,2021-08-20,2021-07-30,14.24,15.93,14.02,14.4,204,48,14.24,,monthly_30d_30d_otm,weekly_2_strike0,44,237
TGT,2021-07-07,2021-08-03,backfill,O:TGT210820C00250000,250.0,2021-08-20,2021-08-02,14.4,14.4,10.0,11.55,147,43,14.4,,monthly_30d_30d_otm,weekly_2_strike0,44,237
TGT,2021-07-07,2021-08-03,backfill,O:TGT210820C00250000,250.0,2021-08-20,2021-08-03,13.0,15.8,12.7,14.88,145,40,13.0,,monthly_30d_30d_otm,weekly_2_strike0,44,237
TGT,2022-10-20,2022-11-16,backfill,O:TGT221216C00170000,170.0,2022-12-16,2022-10-20,5.85,5.85,4.3,4.3,19,11,5.85,,monthly_45d_30d_otm,weekly_2_strike4,57,19
TGT,2022-10-20,2022-11-16,backfill,O:TGT221216C00170000,170.0,2022-12-16,2022-10-21,5.5,5.77,4.9,5.7,44,13,5.5,,monthly_45d_30d_otm,weekly_2_strike4,57,19
TGT,2022-10-20,2022-11-16,backfill,O:TGT221216C00170000,170.0,2022-12-16,2022-10-24,6.35,7.45,6.3,7.2,60,23,6.35,,monthly_45d_30d_otm,weekly_2_strike4,57,19
TGT,2022-10-20,2022-11-16,backfill,O:TGT221216C00170000,170.0,2022-12-16,2022-10-25,7.95,8.8,7.5,8.55,117,24,7.95,,monthly_45d_30d_otm,weekly_2_strike4,57,19
TGT,2022-10-20,2022-11-16,backfill,O:TGT221216C00170000,170.0,2022-12-16,2022-10-26,9.3,10.65,9.01,9.01,83,25,9.3,,monthly_45d_30d_otm,weekly_2_strike4,57,19
TGT,2022-10-20,2022-11-16,backfill,O:TGT221216C00170000,170.0,2022-12-16,2022-10-27,10.2,10.45,9.0,9.0,88,38,10.2,,monthly_45d_30d_otm,weekly_2_strike4,57,19
TGT,2022-10-20,2022-11-16,backfill,O:TGT221216C00170000,170.0,2022-12-16,2022-10-28,8.0,9.24,7.9,9.2,158,30,8.0,,monthly_45d_30d_otm,weekly_2_strike4,57,19
TGT,2022-10-20,2022-11-16,backfill,O:TGT221216C00170000,170.0,2022-12-16,2022-10-31,8.48,8.75,7.29,7.29,105,29,8.48,,monthly_45d_30d_otm,weekly_2_strike4,57,19
TGT,2022-10-20,2022-11-16,backfill,O:TGT221216C00170000,170.0,2022-12-16,2022-11-01,7.27,7.45,6.55,7.35,152,21,7.27,,monthly_45d_30d_otm,weekly_2_strike4,57,19
TGT,2022-10-20,2022-11-16,backfill,O:TGT221216C00170000,170.0,2022-12-16,2022-11-02,6.86,6.9,5.52,5.52,18,12,6.86,,monthly_45d_30d_otm,weekly_2_strike4,57,19
TGT,2022-10-20,2022-11-16,backfill,O:TGT221216C00170000,170.0,2022-12-16,2022-11-03,4.6,5.5,4.6,5.4,212,24,4.6,,monthly_45d_30d_otm,weekly_2_strike4,57,19
TGT,2022-10-20,2022-11-16,backfill,O:TGT221216C00170000,170.0,2022-12-16,2022-11-04,5.65,5.65,3.95,5.0,63,21,5.65,,monthly_45d_30d_otm,weekly_2_strike4,57,19
TGT,2022-10-20,2022-11-16,backfill,O:TGT221216C00170000,170.0,2022-12-16,2022-11-07,5.54,5.58,4.36,5.25,38,10,5.54,,monthly_45d_30d_otm,weekly_2_strike4,57,19
TGT,2022-10-20,2022-11-16,backfill,O:TGT221216C00170000,170.0,2022-12-16,2022-11-08,5.71,7.0,5.67,6.2,143,18,5.71,,monthly_45d_30d_otm,weekly_2_strike4,57,19
TGT,2022-10-20,2022-11-16,backfill,O:TGT221216C00170000,170.0,2022-12-16,2022-11-09,4.55,4.55,3.0,3.22,237,44,4.55,,monthly_45d_30d_otm,weekly_2_strike4,57,19
TGT,2022-10-20,2022-11-16,backfill,O:TGT221216C00170000,170.0,2022-12-16,2022-11-10,5.1,6.9,5.1,6.75,1302,51,5.1,,monthly_45d_30d_otm,weekly_2_strike4,57,19
TGT,2022-10-20,2022-11-16,backfill,O:TGT221216C00170000,170.0,2022-12-16,2022-11-11,7.09,12.45,6.7,12.0,610,66,7.09,,monthly_45d_30d_otm,weekly_2_strike4,57,19
TGT,2022-10-20,2022-11-16,backfill,O:TGT221216C00170000,170.0,2022-12-16,2022-11-14,11.36,13.6,11.05,11.69,144,43,11.36,,monthly_45d_30d_otm,weekly_2_strike4,57,19
TGT,2022-10-20,2022-11-16,backfill,O:TGT221216C00170000,170.0,2022-12-16,2022-11-15,15.5,16.69,14.75,15.41,469,57,15.5,,monthly_45d_30d_otm,weekly_2_strike4,57,19
TGT,2022-10-20,2022-11-16,backfill,O:TGT221216C00170000,170.0,2022-12-16,2022-11-16,1.34,2.45,0.75,1.62,3077,283,1.34,,monthly_45d_30d_otm,weekly_2_strike4,57,19
TGT,2025-08-05,2025-09-02,backfill,O:TGT250919C00100000,100.0,2025-09-19,2025-08-05,6.55,7.7,6.25,7.4,195,36,6.55,,monthly_30d_atm,weekly_2_strike0,45,195
TGT,2025-08-05,2025-09-02,backfill,O:TGT250919C00100000,100.0,2025-09-19,2025-08-06,8.55,9.55,8.27,9.3,184,26,8.55,,monthly_30d_atm,weekly_2_strike0,45,195
TGT,2025-08-05,2025-09-02,backfill,O:TGT250919C00100000,100.0,2025-09-19,2025-08-07,10.0,10.0,8.5,9.2,27,13,10.0,,monthly_30d_atm,weekly_2_strike0,45,195
TGT,2025-08-05,2025-09-02,backfill,O:TGT250919C00100000,100.0,2025-09-19,2025-08-08,9.26,9.26,8.67,8.8,77,13,9.26,,monthly_30d_atm,weekly_2_strike0,45,195
TGT,2025-08-05,2025-09-02,backfill,O:TGT250919C00100000,100.0,2025-09-19,2025-08-11,8.95,9.03,7.8,7.9,168,23,8.95,,monthly_30d_atm,weekly_2_strike0,45,195
TGT,2025-08-05,2025-09-02,backfill,O:TGT250919C00100000,100.0,2025-09-19,2025-08-12,8.1,10.32,8.1,9.5,156,31,8.1,,monthly_30d_atm,weekly_2_strike0,45,195
TGT,2025-08-05,2025-09-02,backfill,O:TGT250919C00100000,100.0,2025-09-19,2025-08-13,8.0,9.35,8.0,9.0,356,26,8.0,,monthly_30d_atm,weekly_2_strike0,45,195
TGT,2025-08-05,2025-09-02,backfill,O:TGT250919C00100000,100.0,2025-09-19,2025-08-14,8.0,8.35,7.88,8.35,83,17,8.0,,monthly_30d_atm,weekly_2_strike0,45,195
TGT,2025-08-05,2025-09-02,backfill,O:TGT250919C00100000,100.0,2025-09-19,2025-08-15,7.24,7.94,7.24,7.94,128,19,7.24,,monthly_30d_atm,weekly_2_strike0,45,195
TGT,2025-08-05,2025-09-02,backfill,O:TGT250919C00100000,100.0,2025-09-19,2025-08-18,8.85,9.62,8.85,8.92,118,13,8.85,,monthly_30d_atm,weekly_2_strike0,45,195
TGT,2025-08-05,2025-09-02,backfill,O:TGT250919C00100000,100.0,2025-09-19,2025-08-19,9.3,10.47,8.59,9.25,1176,36,9.3,,monthly_30d_atm,weekly_2_strike0,45,195
TGT,2025-08-05,2025-09-02,backfill,O:TGT250919C00100000,100.0,2025-09-19,2025-08-20,1.85,3.5,1.65,3.15,6175,209,1.85,,monthly_30d_atm,weekly_2_strike0,45,195
TGT,2025-08-05,2025-09-02,backfill,O:TGT250919C00100000,100.0,2025-09-19,2025-08-21,2.84,2.84,1.86,2.17,1038,103,2.84,,monthly_30d_atm,weekly_2_strike0,45,195
TGT,2025-08-05,2025-09-02,backfill,O:TGT250919C00100000,100.0,2025-09-19,2025-08-22,2.5,4.06,2.3,2.83,1094,123,2.5,,monthly_30d_atm,weekly_2_strike0,45,195
TGT,2025-08-05,2025-09-02,backfill,O:TGT250919C00100000,100.0,2025-09-19,2025-08-25,2.64,2.68,1.73,1.87,564,110,2.64,,monthly_30d_atm,weekly_2_strike0,45,195
TGT,2025-08-05,2025-09-02,backfill,O:TGT250919C00100000,100.0,2025-09-19,2025-08-26,1.75,1.86,1.34,1.41,247,77,1.75,,monthly_30d_atm,weekly_2_strike0,45,195
TGT,2025-08-05,2025-09-02,backfill,O:TGT250919C00100000,100.0,2025-09-19,2025-08-27,1.45,2.15,1.45,2.05,189,60,1.45,,monthly_30d_atm,weekly_2_strike0,45,195
TGT,2025-08-05,2025-09-02,backfill,O:TGT250919C00100000,100.0,2025-09-19,2025-08-28,2.22,2.3,1.38,1.52,303,70,2.22,,monthly_30d_atm,weekly_2_strike0,45,195
TGT,2025-08-05,2025-09-02,backfill,O:TGT250919C00100000,100.0,2025-09-19,2025-08-29,1.52,1.57,1.09,1.2,561,85,1.52,,monthly_30d_atm,weekly_2_strike0,45,195
TGT,2025-08-05,2025-09-02,backfill,O:TGT250919C00100000,100.0,2025-09-19,2025-09-02,0.88,0.99,0.37,0.39,935,129,0.88,,monthly_30d_atm,weekly_2_strike0,45,195
TGT,2025-12-01,2025-12-29,backfill,O:TGT260116C00095000,95.0,2026-01-16,2025-12-01,2.5,3.7,2.48,2.71,475,93,2.5,,monthly_45d_35d_otm,weekly_2_strike0,46,475
TGT,2025-12-01,2025-12-29,backfill,O:TGT260116C00095000,95.0,2026-01-16,2025-12-02,2.9,2.9,2.06,2.44,347,119,2.9,,monthly_45d_35d_otm,weekly_2_strike0,46,475
TGT,2025-12-01,2025-12-29,backfill,O:TGT260116C00095000,95.0,2026-01-16,2025-12-03,2.5,3.4,2.5,2.5,502,123,2.5,,monthly_45d_35d_otm,weekly_2_strike0,46,475
TGT,2025-12-01,2025-12-29,backfill,O:TGT260116C00095000,95.0,2026-01-16,2025-12-04,2.49,2.95,2.23,2.6,4819,159,2.49,,monthly_45d_35d_otm,weekly_2_strike0,46,475
TGT,2025-12-01,2025-12-29,backfill,O:TGT260116C00095000,95.0,2026-01-16,2025-12-05,2.62,3.1,2.25,2.95,870,115,2.62,,monthly_45d_35d_otm,weekly_2_strike0,46,475
TGT,2025-12-01,2025-12-29,backfill,O:TGT260116C00095000,95.0,2026-01-16,2025-12-08,2.92,3.6,2.37,3.2,1770,171,2.92,,monthly_45d_35d_otm,weekly_2_strike0,46,475
TGT,2025-12-01,2025-12-29,backfill,O:TGT260116C00095000,95.0,2026-01-16,2025-12-09,2.96,3.7,2.96,3.5,2969,163,2.96,,monthly_45d_35d_otm,weekly_2_strike0,46,475
TGT,2025-12-01,2025-12-29,backfill,O:TGT260116C00095000,95.0,2026-01-16,2025-12-10,3.6,4.35,3.06,3.9,1622,140,3.6,,monthly_45d_35d_otm,weekly_2_strike0,46,475
TGT,2025-12-01,2025-12-29,backfill,O:TGT260116C00095000,95.0,2026-01-16,2025-12-11,4.15,5.5,4.1,5.15,1320,96,4.15,,monthly_45d_35d_otm,weekly_2_strike0,46,475
TGT,2025-12-01,2025-12-29,backfill,O:TGT260116C00095000,95.0,2026-01-16,2025-12-12,5.6,6.0,4.7,5.15,471,74,5.6,,monthly_45d_35d_otm,weekly_2_strike0,46,475
TGT,2025-12-01,2025-12-29,backfill,O:TGT260116C00095000,95.0,2026-01-16,2025-12-15,5.2,5.6,4.67,5.39,66,35,5.2,,monthly_45d_35d_otm,weekly_2_strike0,46,475
TGT,2025-12-01,2025-12-29,backfill,O:TGT260116C00095000,95.0,2026-01-16,2025-12-16,5.53,6.0,5.06,5.34,918,49,5.53,,monthly_45d_35d_otm,weekly_2_strike0,46,475
TGT,2025-12-01,2025-12-29,backfill,O:TGT260116C00095000,95.0,2026-01-16,2025-12-17,4.81,5.75,3.87,5.67,240,36,4.81,,monthly_45d_35d_otm,weekly_2_strike0,46,475
TGT,2025-12-01,2025-12-29,backfill,O:TGT260116C00095000,95.0,2026-01-16,2025-12-18,6.29,8.32,6.29,6.6,963,116,6.29,,monthly_45d_35d_otm,weekly_2_strike0,46,475
TGT,2025-12-01,2025-12-29,backfill,O:TGT260116C00095000,95.0,2026-01-16,2025-12-19,6.28,6.35,4.29,4.9,1889,67,6.28,,monthly_45d_35d_otm,weekly_2_strike0,46,475
TGT,2025-12-01,2025-12-29,backfill,O:TGT260116C00095000,95.0,2026-01-16,2025-12-22,5.25,5.25,3.15,3.3,729,62,5.25,,monthly_45d_35d_otm,weekly_2_strike0,46,475
TGT,2025-12-01,2025-12-29,backfill,O:TGT260116C00095000,95.0,2026-01-16,2025-12-23,3.0,3.0,2.63,2.87,213,58,3.0,,monthly_45d_35d_otm,weekly_2_strike0,46,475
TGT,2025-12-01,2025-12-29,backfill,O:TGT260116C00095000,95.0,2026-01-16,2025-12-24,3.06,4.03,2.88,3.9,319,37,3.06,,monthly_45d_35d_otm,weekly_2_strike0,46,475
TGT,2025-12-01,2025-12-29,backfill,O:TGT260116C00095000,95.0,2026-01-16,2025-12-26,4.5,8.1,4.5,6.0,674,46,4.5,,monthly_45d_35d_otm,weekly_2_strike0,46,475
TGT,2025-12-01,2025-12-29,backfill,O:TGT260116C00095000,95.0,2026-01-16,2025-12-29,5.95,6.3,4.6,4.81,173,35,5.95,,monthly_45d_35d_otm,weekly_2_strike0,46,475
TLT,2025-03-11,2025-04-07,backfill,O:TLT250516C00094000,94.0,2025-05-16,2025-03-11,1.36,1.61,1.18,1.21,3455,35,1.36,,monthly_60d_30d_otm,weekly_2_strike0,66,3455
TLT,2025-03-11,2025-04-07,backfill,O:TLT250516C00094000,94.0,2025-05-16,2025-03-12,1.02,1.12,0.97,1.02,10795,33,1.02,,monthly_60d_30d_otm,weekly_2_strike0,66,3455
TLT,2025-03-11,2025-04-07,backfill,O:TLT250516C00094000,94.0,2025-05-16,2025-03-13,0.88,1.19,0.82,1.15,4853,45,0.88,,monthly_60d_30d_otm,weekly_2_strike0,66,3455
TLT,2025-03-11,2025-04-07,backfill,O:TLT250516C00094000,94.0,2025-05-16,2025-03-14,0.96,1.05,0.93,0.97,61,14,0.96,,monthly_60d_30d_otm,weekly_2_strike0,66,3455
TLT,2025-03-11,2025-04-07,backfill,O:TLT250516C00094000,94.0,2025-05-16,2025-03-17,1.12,1.2,0.93,0.98,994,36,1.12,,monthly_60d_30d_otm,weekly_2_strike0,66,3455
TLT,2025-03-11,2025-04-07,backfill,O:TLT250516C00094000,94.0,2025-05-16,2025-03-18,0.86,1.08,0.85,0.98,2193,43,0.86,,monthly_60d_30d_otm,weekly_2_strike0,66,3455
TLT,2025-03-11,2025-04-07,backfill,O:TLT250516C00094000,94.0,2025-05-16,2025-03-19,0.94,1.04,0.82,1.03,2099,39,0.94,,monthly_60d_30d_otm,weekly_2_strike0,66,3455
TLT,2025-03-11,2025-04-07,backfill,O:TLT250516C00094000,94.0,2025-05-16,2025-03-20,1.43,1.43,1.02,1.04,1544,53,1.43,,monthly_60d_30d_otm,weekly_2_strike0,66,3455
TLT,2025-03-11,2025-04-07,backfill,O:TLT250516C00094000,94.0,2025-05-16,2025-03-21,1.02,1.03,0.83,0.84,1391,42,1.02,,monthly_60d_30d_otm,weekly_2_strike0,66,3455
TLT,2025-03-11,2025-04-07,backfill,O:TLT250516C00094000,94.0,2025-05-16,2025-03-24,0.71,0.71,0.58,0.58,432,59,0.71,,monthly_60d_30d_otm,weekly_2_strike0,66,3455
TLT,2025-03-11,2025-04-07,backfill,O:TLT250516C00094000,94.0,2025-05-16,2025-03-25,0.55,0.58,0.52,0.53,982,53,0.55,,monthly_60d_30d_otm,weekly_2_strike0,66,3455
TLT,2025-03-11,2025-04-07,backfill,O:TLT250516C00094000,94.0,2025-05-16,2025-03-26,0.44,0.55,0.43,0.49,10186,41,0.44,,monthly_60d_30d_otm,weekly_2_strike0,66,3455
TLT,2025-03-11,2025-04-07,backfill,O:TLT250516C00094000,94.0,2025-05-16,2025-03-27,0.42,0.45,0.39,0.43,291,39,0.42,,monthly_60d_30d_otm,weekly_2_strike0,66,3455
TLT,2025-03-11,2025-04-07,backfill,O:TLT250516C00094000,94.0,2025-05-16,2025-03-28,0.58,0.7,0.56,0.68,10037,82,0.58,,monthly_60d_30d_otm,weekly_2_strike0,66,3455
TLT,2025-03-11,2025-04-07,backfill,O:TLT250516C00094000,94.0,2025-05-16,2025-03-31,0.96,1.0,0.73,0.88,11722,75,0.96,,monthly_60d_30d_otm,weekly_2_strike0,66,3455
TLT,2025-03-11,2025-04-07,backfill,O:TLT250516C00094000,94.0,2025-05-16,2025-04-01,1.01,1.27,1.01,1.09,3751,87,1.01,,monthly_60d_30d_otm,weekly_2_strike0,66,3455
TLT,2025-03-11,2025-04-07,backfill,O:TLT250516C00094000,94.0,2025-05-16,2025-04-02,1.4,1.41,0.8,0.84,5941,76,1.4,,monthly_60d_30d_otm,weekly_2_strike0,66,3455
TLT,2025-03-11,2025-04-07,backfill,O:TLT250516C00094000,94.0,2025-05-16,2025-04-03,1.38,1.57,1.17,1.28,19693,101,1.38,,monthly_60d_30d_otm,weekly_2_strike0,66,3455
TLT,2025-03-11,2025-04-07,backfill,O:TLT250516C00094000,94.0,2025-05-16,2025-04-04,1.94,2.43,1.78,1.8,11284,205,1.94,,monthly_60d_30d_otm,weekly_2_strike0,66,3455
TLT,2025-03-11,2025-04-07,backfill,O:TLT250516C00094000,94.0,2025-05-16,2025-04-07,1.4,1.64,0.77,0.84,6010,115,1.4,,monthly_60d_30d_otm,weekly_2_strike0,66,3455
TMO,2023-01-11,2023-02-08,backfill,O:TMO230217C00600000,600.0,2023-02-17,2023-01-11,14.62,15.9,11.0,15.44,77,13,14.62,,monthly_30d_30d_otm,weekly_2_strike0,37,77
TMO,2023-01-11,2023-02-08,backfill,O:TMO230217C00600000,600.0,2023-02-17,2023-01-12,13.71,15.1,13.6,13.6,64,6,13.71,,monthly_30d_30d_otm,weekly_2_strike0,37,77
TMO,2023-01-11,2023-02-08,backfill,O:TMO230217C00600000,600.0,2023-02-17,2023-01-13,12.5,12.65,11.8,12.65,13,6,12.5,,monthly_30d_30d_otm,weekly_2_strike0,37,77
TMO,2023-01-11,2023-02-08,backfill,O:TMO230217C00600000,600.0,2023-02-17,2023-01-17,14.8,15.4,14.7,15.4,13,9,14.8,,monthly_30d_30d_otm,weekly_2_strike0,37,77
TMO,2023-01-11,2023-02-08,backfill,O:TMO230217C00600000,600.0,2023-02-17,2023-01-18,17.5,17.8,13.18,13.18,160,10,17.5,,monthly_30d_30d_otm,weekly_2_strike0,37,77
TMO,2023-01-11,2023-02-08,backfill,O:TMO230217C00600000,600.0,2023-02-17,2023-01-19,12.1,12.5,12.1,12.1,3,3,12.1,,monthly_30d_30d_otm,weekly_2_strike0,37,77
TMO,2023-01-11,2023-02-08,backfill,O:TMO230217C00600000,600.0,2023-02-17,2023-01-20,15.75,17.7,13.0,17.7,44,9,15.75,,monthly_30d_30d_otm,weekly_2_strike0,37,77
TMO,2023-01-11,2023-02-08,backfill,O:TMO230217C00600000,600.0,2023-02-17,2023-01-23,19.3,22.9,19.3,20.0,20,7,19.3,,monthly_30d_30d_otm,weekly_2_strike0,37,77
TMO,2023-01-11,2023-02-08,backfill,O:TMO230217C00600000,600.0,2023-02-17,2023-01-24,12.2,12.2,8.85,8.9,27,9,12.2,,monthly_30d_30d_otm,weekly_2_strike0,37,77
TMO,2023-01-11,2023-02-08,backfill,O:TMO230217C00600000,600.0,2023-02-17,2023-01-25,6.99,7.61,6.13,7.2,40,9,6.99,,monthly_30d_30d_otm,weekly_2_strike0,37,77
TMO,2023-01-11,2023-02-08,backfill,O:TMO230217C00600000,600.0,2023-02-17,2023-01-26,6.62,7.7,5.5,7.7,38,11,6.62,,monthly_30d_30d_otm,weekly_2_strike0,37,77
TMO,2023-01-11,2023-02-08,backfill,O:TMO230217C00600000,600.0,2023-02-17,2023-01-27,5.8,6.7,5.1,6.6,8,6,5.8,,monthly_30d_30d_otm,weekly_2_strike0,37,77
TMO,2023-01-11,2023-02-08,backfill,O:TMO230217C00600000,600.0,2023-02-17,2023-01-30,3.7,3.7,3.55,3.55,2,2,3.7,,monthly_30d_30d_otm,weekly_2_strike0,37,77
TMO,2023-01-11,2023-02-08,backfill,O:TMO230217C00600000,600.0,2023-02-17,2023-01-31,3.3,4.08,2.85,4.08,32,11,3.3,,monthly_30d_30d_otm,weekly_2_strike0,37,77
TMO,2023-01-11,2023-02-08,backfill,O:TMO230217C00600000,600.0,2023-02-17,2023-02-01,8.0,11.72,6.2,9.54,37,12,8.0,,monthly_30d_30d_otm,weekly_2_strike0,37,77
TMO,2023-01-11,2023-02-08,backfill,O:TMO230217C00600000,600.0,2023-02-17,2023-02-02,7.4,8.7,7.4,8.2,37,6,7.4,,monthly_30d_30d_otm,weekly_2_strike0,37,77
TMO,2023-01-11,2023-02-08,backfill,O:TMO230217C00600000,600.0,2023-02-17,2023-02-03,6.5,8.18,5.55,5.55,12,4,6.5,,monthly_30d_30d_otm,weekly_2_strike0,37,77
TMO,2023-01-11,2023-02-08,backfill,O:TMO230217C00600000,600.0,2023-02-17,2023-02-06,3.0,4.03,2.45,2.45,21,9,3.0,,monthly_30d_30d_otm,weekly_2_strike0,37,77
TMO,2023-01-11,2023-02-08,backfill,O:TMO230217C00600000,600.0,2023-02-17,2023-02-07,2.2,3.2,2.2,3.2,217,5,2.2,,monthly_30d_30d_otm,weekly_2_strike0,37,77
TMO,2023-01-11,2023-02-08,backfill,O:TMO230217C00600000,600.0,2023-02-17,2023-02-08,2.95,2.95,2.4,2.4,2,2,2.95,,monthly_30d_30d_otm,weekly_2_strike0,37,77
TMO,2024-01-09,2024-02-06,backfill,O:TMO240216C00560000,560.0,2024-02-16,2024-01-09,14.7,19.5,13.6,13.6,32,12,14.7,,monthly_30d_30d_otm,weekly_2_strike0,38,32
TMO,2024-01-09,2024-02-06,backfill,O:TMO240216C00560000,560.0,2024-02-16,2024-01-10,11.4,13.17,8.8,11.75,17,11,11.4,,monthly_30d_30d_otm,weekly_2_strike0,38,32
TMO,2024-01-09,2024-02-06,backfill,O:TMO240216C00560000,560.0,2024-02-16,2024-01-11,11.5,13.2,10.8,13.2,10,6,11.5,,monthly_30d_30d_otm,weekly_2_strike0,38,32
TMO,2024-01-09,2024-02-06,backfill,O:TMO240216C00560000,560.0,2024-02-16,2024-01-12,13.81,14.16,12.3,12.3,28,7,13.81,,monthly_30d_30d_otm,weekly_2_strike0,38,32
TMO,2024-01-09,2024-02-06,backfill,O:TMO240216C00560000,560.0,2024-02-16,2024-01-16,12.2,12.79,9.9,9.9,23,10,12.2,,monthly_30d_30d_otm,weekly_2_strike0,38,32
TMO,2024-01-09,2024-02-06,backfill,O:TMO240216C00560000,560.0,2024-02-16,2024-01-17,10.8,10.8,8.2,9.0,169,19,10.8,,monthly_30d_30d_otm,weekly_2_strike0,38,32
TMO,2024-01-09,2024-02-06,backfill,O:TMO240216C00560000,560.0,2024-02-16,2024-01-18,8.4,10.51,8.4,10.5,114,9,8.4,,monthly_30d_30d_otm,weekly_2_strike0,38,32
TMO,2024-01-09,2024-02-06,backfill,O:TMO240216C00560000,560.0,2024-02-16,2024-01-19,9.84,13.33,9.84,12.48,116,32,9.84,,monthly_30d_30d_otm,weekly_2_strike0,38,32
TMO,2024-01-09,2024-02-06,backfill,O:TMO240216C00560000,560.0,2024-02-16,2024-01-22,15.0,15.5,13.0,13.5,430,22,15.0,,monthly_30d_30d_otm,weekly_2_strike0,38,32
TMO,2024-01-09,2024-02-06,backfill,O:TMO240216C00560000,560.0,2024-02-16,2024-01-23,10.7,10.76,9.8,10.2,43,10,10.7,,monthly_30d_30d_otm,weekly_2_strike0,38,32
TMO,2024-01-09,2024-02-06,backfill,O:TMO240216C00560000,560.0,2024-02-16,2024-01-24,8.15,8.15,7.4,7.4,6,3,8.15,,monthly_30d_30d_otm,weekly_2_strike0,38,32
TMO,2024-01-09,2024-02-06,backfill,O:TMO240216C00560000,560.0,2024-02-16,2024-01-25,6.9,7.2,6.9,7.2,2,2,6.9,,monthly_30d_30d_otm,weekly_2_strike0,38,32
TMO,2024-01-09,2024-02-06,backfill,O:TMO240216C00560000,560.0,2024-02-16,2024-01-26,14.0,14.0,10.2,10.2,47,11,14.0,,monthly_30d_30d_otm,weekly_2_strike0,38,32
TMO,2024-01-09,2024-02-06,backfill,O:TMO240216C00560000,560.0,2024-02-16,2024-01-29,9.9,15.3,9.9,14.68,109,13,9.9,,monthly_30d_30d_otm,weekly_2_strike0,38,32
TMO,2024-01-09,2024-02-06,backfill,O:TMO240216C00560000,560.0,2024-02-16,2024-01-30,18.68,19.33,16.27,19.17,112,37,18.68,,monthly_30d_30d_otm,weekly_2_strike0,38,32
TMO,2024-01-09,2024-02-06,backfill,O:TMO240216C00560000,560.0,2024-02-16,2024-01-31,5.6,6.25,4.54,5.0,11,10,5.6,,monthly_30d_30d_otm,weekly_2_strike0,38,32
TMO,2024-01-09,2024-02-06,backfill,O:TMO240216C00560000,560.0,2024-02-16,2024-02-01,4.24,7.35,2.75,7.35,231,45,4.24,,monthly_30d_30d_otm,weekly_2_strike0,38,32
TMO,2024-01-09,2024-02-06,backfill,O:TMO240216C00560000,560.0,2024-02-16,2024-02-02,4.3,6.67,4.1,6.53,147,17,4.3,,monthly_30d_30d_otm,weekly_2_strike0,38,32
TMO,2024-01-09,2024-02-06,backfill,O:TMO240216C00560000,560.0,2024-02-16,2024-02-05,6.68,7.4,5.0,6.3,264,50,6.68,,monthly_30d_30d_otm,weekly_2_strike0,38,32
TMO,2024-01-09,2024-02-06,backfill,O:TMO240216C00560000,560.0,2024-02-16,2024-02-06,6.3,8.91,5.37,8.91,107,32,6.3,,monthly_30d_30d_otm,weekly_2_strike0,38,32
TMO,2024-09-19,2024-10-16,backfill,O:TMO241018C00630000,630.0,2024-10-18,2024-09-19,7.3,10.6,7.2,9.43,84,10,7.3,,monthly_30d_30d_otm,weekly_2_strike0,29,84
TMO,2024-09-19,2024-10-16,backfill,O:TMO241018C00630000,630.0,2024-10-18,2024-09-20,8.96,8.96,6.5,7.8,69,14,8.96,,monthly_30d_30d_otm,weekly_2_strike0,29,84
TMO,2024-09-19,2024-10-16,backfill,O:TMO241018C00630000,630.0,2024-10-18,2024-09-23,4.9,5.5,4.43,4.43,13,8,4.9,,monthly_30d_30d_otm,weekly_2_strike0,29,84
TMO,2024-09-19,2024-10-16,backfill,O:TMO241018C00630000,630.0,2024-10-18,2024-09-24,5.0,6.4,5.0,5.63,52,13,5.0,,monthly_30d_30d_otm,weekly_2_strike0,29,84
TMO,2024-09-19,2024-10-16,backfill,O:TMO241018C00630000,630.0,2024-10-18,2024-09-25,2.37,2.37,1.91,2.09,16,6,2.37,,monthly_30d_30d_otm,weekly_2_strike0,29,84
TMO,2024-09-19,2024-10-16,backfill,O:TMO241018C00630000,630.0,2024-10-18,2024-09-26,5.5,8.3,5.5,8.3,26,11,5.5,,monthly_30d_30d_otm,weekly_2_strike0,29,84
TMO,2024-09-19,2024-10-16,backfill,O:TMO241018C00630000,630.0,2024-10-18,2024-09-27,8.0,8.0,6.95,6.95,3,3,8.0,,monthly_30d_30d_otm,weekly_2_strike0,29,84
TMO,2024-09-19,2024-10-16,backfill,O:TMO241018C00630000,630.0,2024-10-18,2024-09-30,5.5,6.86,5.5,6.8,16,5,5.5,,monthly_30d_30d_otm,weekly_2_strike0,29,84
TMO,2024-09-19,2024-10-16,backfill,O:TMO241018C00630000,630.0,2024-10-18,2024-10-01,7.0,7.0,7.0,7.0,1,1,7.0,,monthly_30d_30d_otm,weekly_2_strike0,29,84
TMO,2024-09-19,2024-10-16,backfill,O:TMO241018C00630000,630.0,2024-10-18,2024-10-02,5.2,5.2,4.23,4.23,3,3,5.2,,monthly_30d_30d_otm,weekly_2_strike0,29,84
TMO,2024-09-19,2024-10-16,backfill,O:TMO241018C00630000,630.0,2024-10-18,2024-10-03,3.0,3.0,2.62,2.62,4,2,3.0,,monthly_30d_30d_otm,weekly_2_strike0,29,84
TMO,2024-09-19,2024-10-16,backfill,O:TMO241018C00630000,630.0,2024-10-18,2024-10-04,1.85,2.0,1.5,1.5,8,6,1.85,,monthly_30d_30d_otm,weekly_2_strike0,29,84
TMO,2024-09-19,2024-10-16,backfill,O:TMO241018C00630000,630.0,2024-10-18,2024-10-07,1.08,1.2,1.08,1.15,7,3,1.08,,monthly_30d_30d_otm,weekly_2_strike0,29,84
TMO,2024-09-19,2024-10-16,backfill,O:TMO241018C00630000,630.0,2024-10-18,2024-10-08,1.25,1.25,0.85,0.85,60,4,1.25,,monthly_30d_30d_otm,weekly_2_strike0,29,84
TMO,2024-09-19,2024-10-16,backfill,O:TMO241018C00630000,630.0,2024-10-18,2024-10-09,0.67,0.67,0.67,0.67,3,1,0.67,,monthly_30d_30d_otm,weekly_2_strike0,29,84
TMO,2024-09-19,2024-10-16,backfill,O:TMO241018C00630000,630.0,2024-10-18,2024-10-10,0.4,0.4,0.4,0.4,2,1,0.4,,monthly_30d_30d_otm,weekly_2_strike0,29,84
TMO,2024-09-19,2024-10-16,backfill,O:TMO241018C00630000,630.0,2024-10-18,2024-10-11,0.57,0.57,0.57,0.57,5,1,0.57,,monthly_30d_30d_otm,weekly_2_strike0,29,84
TMO,2024-09-19,2024-10-16,backfill,O:TMO241018C00630000,630.0,2024-10-18,2024-10-15,0.6,0.6,0.6,0.6,22,1,0.6,,monthly_30d_30d_otm,weekly_2_strike0,29,84
TMO,2025-02-03,2025-02-10,backfill,O:TMO250321C00620000,620.0,2025-03-21,2025-02-03,7.5,8.4,6.9,6.9,8,4,7.5,,monthly_30d_35d_otm,weekly_2_strike0,46,8
TMO,2025-02-03,2025-02-10,backfill,O:TMO250321C00620000,620.0,2025-03-21,2025-02-04,3.9,4.84,3.44,3.44,18,7,3.9,,monthly_30d_35d_otm,weekly_2_strike0,46,8
TMO,2025-02-03,2025-02-10,backfill,O:TMO250321C00620000,620.0,2025-03-21,2025-02-05,3.62,3.62,3.0,3.6,28,8,3.62,,monthly_30d_35d_otm,weekly_2_strike0,46,8
TMO,2025-02-03,2025-02-10,backfill,O:TMO250321C00620000,620.0,2025-03-21,2025-02-06,2.26,2.29,2.1,2.1,8,2,2.26,,monthly_30d_35d_otm,weekly_2_strike0,46,8
TMO,2025-02-03,2025-02-10,backfill,O:TMO250321C00620000,620.0,2025-03-21,2025-02-07,2.2,2.35,2.2,2.35,3,2,2.2,,monthly_30d_35d_otm,weekly_2_strike0,46,8
TMO,2025-02-03,2025-02-10,backfill,O:TMO250321C00620000,620.0,2025-03-21,2025-02-10,1.45,2.29,0.6,0.85,59,7,1.45,,monthly_30d_35d_otm,weekly_2_strike0,46,8
TMO,2025-08-01,2025-08-28,backfill,O:TMO250919C00460000,460.0,2025-09-19,2025-08-01,21.0,21.6,16.8,21.6,15,7,21.0,,monthly_45d_atm,weekly_1_strike0,49,15
TMO,2025-08-01,2025-08-28,backfill,O:TMO250919C00460000,460.0,2025-09-19,2025-08-04,20.6,21.9,19.5,21.9,10,4,20.6,,monthly_45d_atm,weekly_1_strike0,49,15
TMO,2025-08-01,2025-08-28,backfill,O:TMO250919C00460000,460.0,2025-09-19,2025-08-05,23.05,23.7,23.05,23.7,2,2,23.05,,monthly_45d_atm,weekly_1_strike0,49,15
TMO,2025-08-01,2025-08-28,backfill,O:TMO250919C00460000,460.0,2025-09-19,2025-08-06,22.33,22.33,13.5,13.8,27,14,22.33,,monthly_45d_atm,weekly_1_strike0,49,15
TMO,2025-08-01,2025-08-28,backfill,O:TMO250919C00460000,460.0,2025-09-19,2025-08-07,15.7,16.8,15.5,16.8,40,6,15.7,,monthly_45d_atm,weekly_1_strike0,49,15
TMO,2025-08-01,2025-08-28,backfill,O:TMO250919C00460000,460.0,2025-09-19,2025-08-08,15.5,18.6,15.0,18.6,13,12,15.5,,monthly_45d_atm,weekly_1_strike0,49,15
TMO,2025-08-01,2025-08-28,backfill,O:TMO250919C00460000,460.0,2025-09-19,2025-08-11,19.2,19.4,18.4,19.4,45,8,19.2,,monthly_45d_atm,weekly_1_strike0,49,15
TMO,2025-08-01,2025-08-28,backfill,O:TMO250919C00460000,460.0,2025-09-19,2025-08-12,20.5,20.8,20.5,20.8,3,2,20.5,,monthly_45d_atm,weekly_1_strike0,49,15
TMO,2025-08-01,2025-08-28,backfill,O:TMO250919C00460000,460.0,2025-09-19,2025-08-14,31.84,31.84,31.84,31.84,1,1,31.84,,monthly_45d_atm,weekly_1_strike0,49,15
TMO,2025-08-01,2025-08-28,backfill,O:TMO250919C00460000,460.0,2025-09-19,2025-08-15,37.2,37.2,37.2,37.2,2,1,37.2,,monthly_45d_atm,weekly_1_strike0,49,15
TMO,2025-08-01,2025-08-28,backfill,O:TMO250919C00460000,460.0,2025-09-19,2025-08-18,37.3,38.0,36.87,36.87,4,3,37.3,,monthly_45d_atm,weekly_1_strike0,49,15
TMO,2025-08-01,2025-08-28,backfill,O:TMO250919C00460000,460.0,2025-09-19,2025-08-19,42.0,43.5,41.5,43.5,6,4,42.0,,monthly_45d_atm,weekly_1_strike0,49,15
TMO,2025-08-01,2025-08-28,backfill,O:TMO250919C00460000,460.0,2025-09-19,2025-08-20,41.0,41.0,39.0,39.0,2,2,41.0,,monthly_45d_atm,weekly_1_strike0,49,15
TMO,2025-08-01,2025-08-28,backfill,O:TMO250919C00460000,460.0,2025-09-19,2025-08-22,42.2,45.0,42.2,45.0,17,4,42.2,,monthly_45d_atm,weekly_1_strike0,49,15
TMO,2025-08-01,2025-08-28,backfill,O:TMO250919C00460000,460.0,2025-09-19,2025-08-26,34.3,34.3,34.3,34.3,1,1,34.3,,monthly_45d_atm,weekly_1_strike0,49,15
TMO,2025-08-01,2025-08-28,backfill,O:TMO250919C00460000,460.0,2025-09-19,2025-08-28,32.05,32.05,32.05,32.05,1,1,32.05,,monthly_45d_atm,weekly_1_strike0,49,15
TQQQ,2020-07-14,2020-08-10,backfill,O:TQQQ200821C00120000,120.0,2020-08-21,2020-07-14,9.0,9.95,7.0,9.95,215,56,9.0,,monthly_30d_30d_otm,weekly_2_strike0,38,215
TQQQ,2020-07-14,2020-08-10,backfill,O:TQQQ200821C00120000,120.0,2020-08-21,2020-07-15,11.3,12.1,8.6,10.15,396,54,11.3,,monthly_30d_30d_otm,weekly_2_strike0,38,215
TQQQ,2020-07-14,2020-08-10,backfill,O:TQQQ200821C00120000,120.0,2020-08-21,2020-07-16,8.05,8.57,7.0,8.01,249,43,8.05,,monthly_30d_30d_otm,weekly_2_strike0,38,215
TQQQ,2020-07-14,2020-08-10,backfill,O:TQQQ200821C00120000,120.0,2020-08-21,2020-07-17,8.25,8.35,6.52,7.0,81,18,8.25,,monthly_30d_30d_otm,weekly_2_strike0,38,215
TQQQ,2020-07-14,2020-08-10,backfill,O:TQQQ200821C00120000,120.0,2020-08-21,2020-07-20,7.5,12.3,6.53,12.2,853,83,7.5,,monthly_30d_30d_otm,weekly_2_strike0,38,215
TQQQ,2020-07-14,2020-08-10,backfill,O:TQQQ200821C00120000,120.0,2020-08-21,2020-07-21,12.3,13.05,9.55,9.7,574,70,12.3,,monthly_30d_30d_otm,weekly_2_strike0,38,215
TQQQ,2020-07-14,2020-08-10,backfill,O:TQQQ200821C00120000,120.0,2020-08-21,2020-07-22,10.45,11.1,9.0,10.25,700,47,10.45,,monthly_30d_30d_otm,weekly_2_strike0,38,215
TQQQ,2020-07-14,2020-08-10,backfill,O:TQQQ200821C00120000,120.0,2020-08-21,2020-07-23,9.55,10.05,5.0,5.45,643,104,9.55,,monthly_30d_30d_otm,weekly_2_strike0,38,215
TQQQ,2020-07-14,2020-08-10,backfill,O:TQQQ200821C00120000,120.0,2020-08-21,2020-07-24,4.0,4.8,3.15,4.25,564,99,4.0,,monthly_30d_30d_otm,weekly_2_strike0,38,215
TQQQ,2020-07-14,2020-08-10,backfill,O:TQQQ200821C00120000,120.0,2020-08-21,2020-07-27,5.21,6.0,4.48,5.93,400,55,5.21,,monthly_30d_30d_otm,weekly_2_strike0,38,215
TQQQ,2020-07-14,2020-08-10,backfill,O:TQQQ200821C00120000,120.0,2020-08-21,2020-07-28,5.6,5.6,4.15,4.25,172,30,5.6,,monthly_30d_30d_otm,weekly_2_strike0,38,215
TQQQ,2020-07-14,2020-08-10,backfill,O:TQQQ200821C00120000,120.0,2020-08-21,2020-07-29,4.9,5.5,4.56,5.0,211,40,4.9,,monthly_30d_30d_otm,weekly_2_strike0,38,215
TQQQ,2020-07-14,2020-08-10,backfill,O:TQQQ200821C00120000,120.0,2020-08-21,2020-07-30,4.2,6.1,3.95,6.0,566,51,4.2,,monthly_30d_30d_otm,weekly_2_strike0,38,215
TQQQ,2020-07-14,2020-08-10,backfill,O:TQQQ200821C00120000,120.0,2020-08-21,2020-07-31,8.4,8.5,5.36,7.49,913,95,8.4,,monthly_30d_30d_otm,weekly_2_strike0,38,215
TQQQ,2020-07-14,2020-08-10,backfill,O:TQQQ200821C00120000,120.0,2020-08-21,2020-08-03,9.0,11.35,8.95,11.05,634,78,9.0,,monthly_30d_30d_otm,weekly_2_strike0,38,215
TQQQ,2020-07-14,2020-08-10,backfill,O:TQQQ200821C00120000,120.0,2020-08-21,2020-08-04,10.25,11.45,9.5,9.5,109,18,10.25,,monthly_30d_30d_otm,weekly_2_strike0,38,215
TQQQ,2020-07-14,2020-08-10,backfill,O:TQQQ200821C00120000,120.0,2020-08-21,2020-08-05,11.15,11.9,10.55,11.25,108,30,11.15,,monthly_30d_30d_otm,weekly_2_strike0,38,215
TQQQ,2020-07-14,2020-08-10,backfill,O:TQQQ200821C00120000,120.0,2020-08-21,2020-08-06,11.0,15.0,10.8,14.84,161,40,11.0,,monthly_30d_30d_otm,weekly_2_strike0,38,215
TQQQ,2020-07-14,2020-08-10,backfill,O:TQQQ200821C00120000,120.0,2020-08-21,2020-08-07,12.6,14.87,9.75,11.45,196,25,12.6,,monthly_30d_30d_otm,weekly_2_strike0,38,215
TQQQ,2020-07-14,2020-08-10,backfill,O:TQQQ200821C00120000,120.0,2020-08-21,2020-08-10,11.0,11.25,6.7,8.9,281,40,11.0,,monthly_30d_30d_otm,weekly_2_strike0,38,215
TQQQ,2021-07-26,2021-08-20,backfill,O:TQQQ210820C00140000,140.0,2021-08-20,2021-07-26,4.5,5.45,4.26,5.05,364,42,4.5,,monthly_30d_35d_otm,weekly_2_strike0,25,364
TQQQ,2021-07-26,2021-08-20,backfill,O:TQQQ210820C00140000,140.0,2021-08-20,2021-07-27,4.91,4.91,2.3,3.4,1295,87,4.91,,monthly_30d_35d_otm,weekly_2_strike0,25,364
TQQQ,2021-07-26,2021-08-20,backfill,O:TQQQ210820C00140000,140.0,2021-08-20,2021-07-28,3.5,4.3,2.85,3.5,139,42,3.5,,monthly_30d_35d_otm,weekly_2_strike0,25,364
TQQQ,2021-07-26,2021-08-20,backfill,O:TQQQ210820C00140000,140.0,2021-08-20,2021-07-29,3.15,3.95,3.15,3.4,159,27,3.15,,monthly_30d_35d_otm,weekly_2_strike0,25,364
TQQQ,2021-07-26,2021-08-20,backfill,O:TQQQ210820C00140000,140.0,2021-08-20,2021-07-30,1.99,2.8,1.99,2.49,387,51,1.99,,monthly_30d_35d_otm,weekly_2_strike0,25,364
TQQQ,2021-07-26,2021-08-20,backfill,O:TQQQ210820C00140000,140.0,2021-08-20,2021-08-02,2.85,3.15,2.16,2.16,381,50,2.85,,monthly_30d_35d_otm,weekly_2_strike0,25,364
TQQQ,2021-07-26,2021-08-20,backfill,O:TQQQ210820C00140000,140.0,2021-08-20,2021-08-03,2.32,2.58,1.54,2.57,523,61,2.32,,monthly_30d_35d_otm,weekly_2_strike0,25,364
TQQQ,2021-07-26,2021-08-20,backfill,O:TQQQ210820C00140000,140.0,2021-08-20,2021-08-04,2.55,3.05,2.28,2.78,201,52,2.55,,monthly_30d_35d_otm,weekly_2_strike0,25,364
TQQQ,2021-07-26,2021-08-20,backfill,O:TQQQ210820C00140000,140.0,2021-08-20,2021-08-05,2.86,3.7,2.86,3.7,413,72,2.86,,monthly_30d_35d_otm,weekly_2_strike0,25,364
TQQQ,2021-07-26,2021-08-20,backfill,O:TQQQ210820C00140000,140.0,2021-08-20,2021-08-06,2.97,3.15,2.11,2.5,573,77,2.97,,monthly_30d_35d_otm,weekly_2_strike0,25,364
TQQQ,2021-07-26,2021-08-20,backfill,O:TQQQ210820C00140000,140.0,2021-08-20,2021-08-09,2.72,2.75,2.2,2.3,466,64,2.72,,monthly_30d_35d_otm,weekly_2_strike0,25,364
TQQQ,2021-07-26,2021-08-20,backfill,O:TQQQ210820C00140000,140.0,2021-08-20,2021-08-10,2.47,2.56,1.31,1.43,2139,91,2.47,,monthly_30d_35d_otm,weekly_2_strike0,25,364
TQQQ,2021-07-26,2021-08-20,backfill,O:TQQQ210820C00140000,140.0,2021-08-20,2021-08-11,1.88,1.98,0.79,0.96,1100,84,1.88,,monthly_30d_35d_otm,weekly_2_strike0,25,364
TQQQ,2021-07-26,2021-08-20,backfill,O:TQQQ210820C00140000,140.0,2021-08-20,2021-08-12,0.8,1.21,0.6,1.16,942,102,0.8,,monthly_30d_35d_otm,weekly_2_strike0,25,364
TQQQ,2021-07-26,2021-08-20,backfill,O:TQQQ210820C00140000,140.0,2021-08-20,2021-08-13,1.1,1.56,0.89,0.99,1706,136,1.1,,monthly_30d_35d_otm,weekly_2_strike0,25,364
TQQQ,2021-07-26,2021-08-20,backfill,O:TQQQ210820C00140000,140.0,2021-08-20,2021-08-16,0.7,1.0,0.22,0.79,3135,186,0.7,,monthly_30d_35d_otm,weekly_2_strike0,25,364
TQQQ,2021-07-26,2021-08-20,backfill,O:TQQQ210820C00140000,140.0,2021-08-20,2021-08-17,0.34,0.46,0.21,0.3,2799,137,0.34,,monthly_30d_35d_otm,weekly_2_strike0,25,364
TQQQ,2021-07-26,2021-08-20,backfill,O:TQQQ210820C00140000,140.0,2021-08-20,2021-08-18,0.2,0.3,0.12,0.14,1515,76,0.2,,monthly_30d_35d_otm,weekly_2_strike0,25,364
TQQQ,2021-07-26,2021-08-20,backfill,O:TQQQ210820C00140000,140.0,2021-08-20,2021-08-19,0.13,0.13,0.03,0.03,2255,106,0.13,,monthly_30d_35d_otm,weekly_2_strike0,25,364
TQQQ,2021-07-26,2021-08-20,backfill,O:TQQQ210820C00140000,140.0,2021-08-20,2021-08-20,0.06,0.06,0.01,0.01,1672,75,0.06,,monthly_30d_35d_otm,weekly_2_strike0,25,364
TQQQ,2021-08-27,2021-09-20,backfill,O:TQQQ210917C00147000,147.0,2021-09-17,2021-08-27,3.2,4.22,3.1,4.15,370,13,3.2,,monthly_30d_30d_otm,weekly_1_strike0,21,370
TQQQ,2021-08-27,2021-09-20,backfill,O:TQQQ210917C00147000,147.0,2021-09-17,2021-08-30,4.25,7.04,4.25,6.85,129,14,4.25,,monthly_30d_30d_otm,weekly_1_strike0,21,370
TQQQ,2021-08-27,2021-09-20,backfill,O:TQQQ210917C00147000,147.0,2021-09-17,2021-08-31,6.76,6.76,5.75,6.54,126,17,6.76,,monthly_30d_30d_otm,weekly_1_strike0,21,370
TQQQ,2021-08-27,2021-09-20,backfill,O:TQQQ210917C00147000,147.0,2021-09-17,2021-09-01,7.1,8.5,7.1,7.35,31,6,7.1,,monthly_30d_30d_otm,weekly_1_strike0,21,370
TQQQ,2021-08-27,2021-09-20,backfill,O:TQQQ210917C00147000,147.0,2021-09-17,2021-09-02,8.05,8.05,7.5,7.5,65,4,8.05,,monthly_30d_30d_otm,weekly_1_strike0,21,370
TQQQ,2021-08-27,2021-09-20,backfill,O:TQQQ210917C00147000,147.0,2021-09-17,2021-09-03,7.4,7.63,7.4,7.55,30,5,7.4,,monthly_30d_30d_otm,weekly_1_strike0,21,370
TQQQ,2021-08-27,2021-09-20,backfill,O:TQQQ210917C00147000,147.0,2021-09-17,2021-09-07,7.3,7.95,6.73,7.75,71,7,7.3,,monthly_30d_30d_otm,weekly_1_strike0,21,370
TQQQ,2021-08-27,2021-09-20,backfill,O:TQQQ210917C00147000,147.0,2021-09-17,2021-09-08,7.45,7.45,4.95,5.85,185,27,7.45,,monthly_30d_30d_otm,weekly_1_strike0,21,370
TQQQ,2021-08-27,2021-09-20,backfill,O:TQQQ210917C00147000,147.0,2021-09-17,2021-09-09,6.4,6.9,5.0,5.41,235,23,6.4,,monthly_30d_30d_otm,weekly_1_strike0,21,370
TQQQ,2021-08-27,2021-09-20,backfill,O:TQQQ210917C00147000,147.0,2021-09-17,2021-09-10,6.6,6.6,3.0,3.1,342,61,6.6,,monthly_30d_30d_otm,weekly_1_strike0,21,370
TQQQ,2021-08-27,2021-09-20,backfill,O:TQQQ210917C00147000,147.0,2021-09-17,2021-09-13,3.85,4.3,1.56,2.25,1507,179,3.85,,monthly_30d_30d_otm,weekly_1_strike0,21,370
TQQQ,2021-08-27,2021-09-20,backfill,O:TQQQ210917C00147000,147.0,2021-09-17,2021-09-14,2.81,3.25,0.99,1.21,1673,176,2.81,,monthly_30d_30d_otm,weekly_1_strike0,21,370
TQQQ,2021-08-27,2021-09-20,backfill,O:TQQQ210917C00147000,147.0,2021-09-17,2021-09-15,1.25,2.1,0.52,1.84,3628,200,1.25,,monthly_30d_30d_otm,weekly_1_strike0,21,370
TQQQ,2021-08-27,2021-09-20,backfill,O:TQQQ210917C00147000,147.0,2021-09-17,2021-09-16,1.18,1.95,0.5,1.6,2479,180,1.18,,monthly_30d_30d_otm,weekly_1_strike0,21,370
TQQQ,2021-08-27,2021-09-20,backfill,O:TQQQ210917C00147000,147.0,2021-09-17,2021-09-17,0.84,0.94,0.01,0.01,2156,157,0.84,,monthly_30d_30d_otm,weekly_1_strike0,21,370
TSLA,2020-08-21,2020-09-18,backfill,O:TSLA200918C02045000,2045.0,2020-09-18,2020-08-21,170.64,199.6,170.64,179.05,33,19,170.64,,monthly_30d_atm,weekly_1_strike0,28,33
TSLA,2020-08-21,2020-09-18,backfill,O:TSLA200918C02045000,2045.0,2020-09-18,2020-08-24,218.83,218.83,142.05,153.68,64,29,218.83,,monthly_30d_atm,weekly_1_strike0,28,33
TSLA,2020-08-21,2020-09-18,backfill,O:TSLA200918C02045000,2045.0,2020-09-18,2020-08-25,130.7,146.91,130.7,137.55,18,7,130.7,,monthly_30d_atm,weekly_1_strike0,28,33
TSLA,2020-08-21,2020-09-18,backfill,O:TSLA200918C02045000,2045.0,2020-09-18,2020-08-26,173.13,223.89,173.13,198.75,23,15,173.13,,monthly_30d_atm,weekly_1_strike0,28,33
TSLA,2020-08-21,2020-09-18,backfill,O:TSLA200918C02045000,2045.0,2020-09-18,2020-08-27,258.85,309.25,258.85,298.8,6,5,258.85,,monthly_30d_atm,weekly_1_strike0,28,33
TSLA,2020-08-21,2020-09-18,backfill,O:TSLA200918C02045000,2045.0,2020-09-18,2020-08-28,293.3,293.3,293.3,293.3,2,1,293.3,,monthly_30d_atm,weekly_1_strike0,28,33
TSLA,2023-03-02,2023-03-13,backfill,O:TSLA230421C00210000,210.0,2023-04-21,2023-03-02,9.77,12.35,9.5,11.0,2892,209,9.77,,monthly_30d_30d_otm,weekly_2_strike1,50,2892
TSLA,2023-03-02,2023-03-13,backfill,O:TSLA230421C00210000,210.0,2023-04-21,2023-03-03,12.51,14.9,11.65,13.5,1628,193,12.51,,monthly_30d_30d_otm,weekly_2_strike1,50,2892
TSLA,2023-03-02,2023-03-13,backfill,O:TSLA230421C00210000,210.0,2023-04-21,2023-03-06,13.69,13.69,10.73,11.22,1235,183,13.69,,monthly_30d_30d_otm,weekly_2_strike1,50,2892
TSLA,2023-03-02,2023-03-13,backfill,O:TSLA230421C00210000,210.0,2023-04-21,2023-03-07,10.2,10.9,8.3,8.57,1470,200,10.2,,monthly_30d_30d_otm,weekly_2_strike1,50,2892
TSLA,2023-03-02,2023-03-13,backfill,O:TSLA230421C00210000,210.0,2023-04-21,2023-03-08,7.58,7.92,5.85,6.26,2844,215,7.58,,monthly_30d_30d_otm,weekly_2_strike1,50,2892
TSLA,2023-03-02,2023-03-13,backfill,O:TSLA230421C00210000,210.0,2023-04-21,2023-03-09,5.7,7.0,4.05,4.09,3305,250,5.7,,monthly_30d_30d_otm,weekly_2_strike1,50,2892
TSLA,2023-03-02,2023-03-13,backfill,O:TSLA230421C00210000,210.0,2023-04-21,2023-03-10,4.65,5.2,3.45,4.11,1564,172,4.65,,monthly_30d_30d_otm,weekly_2_strike1,50,2892
TSLA,2023-03-02,2023-03-13,backfill,O:TSLA230421C00210000,210.0,2023-04-21,2023-03-13,3.26,4.6,2.86,4.2,4385,210,3.26,,monthly_30d_30d_otm,weekly_2_strike1,50,2892
TSLA,2023-06-20,2023-07-18,backfill,O:TSLA230721C00275000,275.0,2023-07-21,2023-06-20,15.0,21.4,14.93,21.26,4320,275,15.0,,monthly_30d_30d_otm,weekly_2_strike0,31,4320
TSLA,2023-06-20,2023-07-18,backfill,O:TSLA230721C00275000,275.0,2023-07-21,2023-06-21,21.3,22.4,13.5,13.99,4679,292,21.3,,monthly_30d_30d_otm,weekly_2_strike0,31,4320
TSLA,2023-06-20,2023-07-18,backfill,O:TSLA230721C00275000,275.0,2023-07-21,2023-06-22,10.57,15.37,9.9,15.25,2011,184,10.57,,monthly_30d_30d_otm,weekly_2_strike0,31,4320
TSLA,2023-06-20,2023-07-18,backfill,O:TSLA230721C00275000,275.0,2023-07-21,2023-06-23,12.95,13.85,10.35,10.9,1612,185,12.95,,monthly_30d_30d_otm,weekly_2_strike0,31,4320
TSLA,2023-06-20,2023-07-18,backfill,O:TSLA230721C00275000,275.0,2023-07-21,2023-06-26,8.7,10.9,5.78,5.85,3460,253,8.7,,monthly_30d_30d_otm,weekly_2_strike0,31,4320
TSLA,2023-06-20,2023-07-18,backfill,O:TSLA230721C00275000,275.0,2023-07-21,2023-06-27,6.4,7.2,5.6,7.15,1680,206,6.4,,monthly_30d_30d_otm,weekly_2_strike0,31,4320
TSLA,2023-06-20,2023-07-18,backfill,O:TSLA230721C00275000,275.0,2023-07-21,2023-06-28,7.15,10.65,6.85,8.98,1834,214,7.15,,monthly_30d_30d_otm,weekly_2_strike0,31,4320
TSLA,2023-06-20,2023-07-18,backfill,O:TSLA230721C00275000,275.0,2023-07-21,2023-06-29,9.35,10.6,8.27,9.17,2725,181,9.35,,monthly_30d_30d_otm,weekly_2_strike0,31,4320
TSLA,2023-06-20,2023-07-18,backfill,O:TSLA230721C00275000,275.0,2023-07-21,2023-06-30,10.2,11.66,10.05,10.35,3133,238,10.2,,monthly_30d_30d_otm,weekly_2_strike0,31,4320
TSLA,2023-06-20,2023-07-18,backfill,O:TSLA230721C00275000,275.0,2023-07-21,2023-07-03,16.45,21.4,15.25,17.85,3939,190,16.45,,monthly_30d_30d_otm,weekly_2_strike0,31,4320
TSLA,2023-06-20,2023-07-18,backfill,O:TSLA230721C00275000,275.0,2023-07-21,2023-07-05,16.6,19.65,16.0,18.81,2178,213,16.6,,monthly_30d_30d_otm,weekly_2_strike0,31,4320
TSLA,2023-06-20,2023-07-18,backfill,O:TSLA230721C00275000,275.0,2023-07-21,2023-07-06,16.2,17.15,13.65,15.0,6825,304,16.2,,monthly_30d_30d_otm,weekly_2_strike0,31,4320
TSLA,2023-06-20,2023-07-18,backfill,O:TSLA230721C00275000,275.0,2023-07-21,2023-07-07,16.0,17.2,12.98,13.35,5177,285,16.0,,monthly_30d_30d_otm,weekly_2_strike0,31,4320
TSLA,2023-06-20,2023-07-18,backfill,O:TSLA230721C00275000,275.0,2023-07-21,2023-07-10,14.35,14.74,8.7,10.35,10364,350,14.35,,monthly_30d_30d_otm,weekly_2_strike0,31,4320
TSLA,2023-06-20,2023-07-18,backfill,O:TSLA230721C00275000,275.0,2023-07-21,2023-07-11,9.9,10.75,8.65,9.84,3873,312,9.9,,monthly_30d_30d_otm,weekly_2_strike0,31,4320
TSLA,2023-06-20,2023-07-18,backfill,O:TSLA230721C00275000,275.0,2023-07-21,2023-07-12,12.75,12.93,10.15,10.25,13248,371,12.75,,monthly_30d_30d_otm,weekly_2_strike0,31,4320
TSLA,2023-06-20,2023-07-18,backfill,O:TSLA230721C00275000,275.0,2023-07-21,2023-07-13,11.4,13.75,9.45,12.94,16102,385,11.4,,monthly_30d_30d_otm,weekly_2_strike0,31,4320
TSLA,2023-06-20,2023-07-18,backfill,O:TSLA230721C00275000,275.0,2023-07-21,2023-07-14,12.29,17.26,11.65,14.5,12755,375,12.29,,monthly_30d_30d_otm,weekly_2_strike0,31,4320
TSLA,2023-06-20,2023-07-18,backfill,O:TSLA230721C00275000,275.0,2023-07-21,2023-07-17,17.82,21.8,15.5,20.15,6226,347,17.82,,monthly_30d_30d_otm,weekly_2_strike0,31,4320
TSLA,2023-06-20,2023-07-18,backfill,O:TSLA230721C00275000,275.0,2023-07-21,2023-07-18,19.97,23.4,16.95,21.15,3598,298,19.97,,monthly_30d_30d_otm,weekly_2_strike0,31,4320
TSLA,2023-10-09,2023-10-19,backfill,O:TSLA231117C00255000,255.0,2023-11-17,2023-10-09,19.05,21.55,16.75,20.35,3824,176,19.05,,monthly_30d_atm,weekly_2_strike0,39,3824
TSLA,2023-10-09,2023-10-19,backfill,O:TSLA231117C00255000,255.0,2023-11-17,2023-10-10,19.23,25.95,19.23,22.52,746,110,19.23,,monthly_30d_atm,weekly_2_strike0,39,3824
TSLA,2023-10-09,2023-10-19,backfill,O:TSLA231117C00255000,255.0,2023-11-17,2023-10-11,24.02,25.0,20.7,21.8,521,79,24.02,,monthly_30d_atm,weekly_2_strike0,39,3824
TSLA,2023-10-09,2023-10-19,backfill,O:TSLA231117C00255000,255.0,2023-11-17,2023-10-12,21.95,22.88,18.1,18.65,730,130,21.95,,monthly_30d_atm,weekly_2_strike0,39,3824
TSLA,2023-10-09,2023-10-19,backfill,O:TSLA231117C00255000,255.0,2023-11-17,2023-10-13,18.7,19.82,14.45,14.75,1226,202,18.7,,monthly_30d_atm,weekly_2_strike0,39,3824
TSLA,2023-10-09,2023-10-19,backfill,O:TSLA231117C00255000,255.0,2023-11-17,2023-10-16,13.98,16.0,13.61,15.0,1398,207,13.98,,monthly_30d_atm,weekly_2_strike0,39,3824
TSLA,2023-10-09,2023-10-19,backfill,O:TSLA231117C00255000,255.0,2023-11-17,2023-10-17,13.05,16.58,11.9,15.32,3157,236,13.05,,monthly_30d_atm,weekly_2_strike0,39,3824
TSLA,2023-10-09,2023-10-19,backfill,O:TSLA231117C00255000,255.0,2023-11-17,2023-10-18,14.0,15.11,9.5,9.85,2319,256,14.0,,monthly_30d_atm,weekly_2_strike0,39,3824
TSLA,2023-10-09,2023-10-19,backfill,O:TSLA231117C00255000,255.0,2023-11-17,2023-10-19,2.83,4.04,1.97,2.34,3529,266,2.83,,monthly_30d_atm,weekly_2_strike0,39,3824
TSLA,2023-11-03,2023-12-01,backfill,O:TSLA231215C00250000,250.0,2023-12-15,2023-11-03,4.54,5.81,3.75,4.1,11489,285,4.54,,monthly_30d_25d_otm,weekly_1_strike0,42,11489
TSLA,2023-11-03,2023-12-01,backfill,O:TSLA231215C00250000,250.0,2023-12-15,2023-11-06,4.9,5.45,2.94,3.6,5117,264,4.9,,monthly_30d_25d_otm,weekly_1_strike0,42,11489
TSLA,2023-11-03,2023-12-01,backfill,O:TSLA231215C00250000,250.0,2023-12-15,2023-11-07,3.7,4.3,3.0,4.13,4658,307,3.7,,monthly_30d_25d_otm,weekly_1_strike0,42,11489
TSLA,2023-11-03,2023-12-01,backfill,O:TSLA231215C00250000,250.0,2023-12-15,2023-11-08,4.25,4.55,3.15,3.85,6709,241,4.25,,monthly_30d_25d_otm,weekly_1_strike0,42,11489
TSLA,2023-11-03,2023-12-01,backfill,O:TSLA231215C00250000,250.0,2023-12-15,2023-11-09,3.3,3.5,1.7,1.99,9677,353,3.3,,monthly_30d_25d_otm,weekly_1_strike0,42,11489
TSLA,2023-11-03,2023-12-01,backfill,O:TSLA231215C00250000,250.0,2023-12-15,2023-11-10,1.86,2.48,1.54,2.3,8684,325,1.86,,monthly_30d_25d_otm,weekly_1_strike0,42,11489
TSLA,2023-11-03,2023-12-01,backfill,O:TSLA231215C00250000,250.0,2023-12-15,2023-11-13,2.39,4.36,1.9,3.9,13264,336,2.39,,monthly_30d_25d_otm,weekly_1_strike0,42,11489
TSLA,2023-11-03,2023-12-01,backfill,O:TSLA231215C00250000,250.0,2023-12-15,2023-11-14,7.15,7.87,5.5,7.5,13154,370,7.15,,monthly_30d_25d_otm,weekly_1_strike0,42,11489
TSLA,2023-11-03,2023-12-01,backfill,O:TSLA231215C00250000,250.0,2023-12-15,2023-11-15,8.2,11.96,7.32,9.91,13779,355,8.2,,monthly_30d_25d_otm,weekly_1_strike0,42,11489
TSLA,2023-11-03,2023-12-01,backfill,O:TSLA231215C00250000,250.0,2023-12-15,2023-11-16,8.4,8.8,5.34,6.0,12766,349,8.4,,monthly_30d_25d_otm,weekly_1_strike0,42,11489
TSLA,2023-11-03,2023-12-01,backfill,O:TSLA231215C00250000,250.0,2023-12-15,2023-11-17,5.5,7.1,4.15,6.05,10911,359,5.5,,monthly_30d_25d_otm,weekly_1_strike0,42,11489
TSLA,2023-11-03,2023-12-01,backfill,O:TSLA231215C00250000,250.0,2023-12-15,2023-11-20,5.9,6.56,5.05,5.81,8818,336,5.9,,monthly_30d_25d_otm,weekly_1_strike0,42,11489
TSLA,2023-11-03,2023-12-01,backfill,O:TSLA231215C00250000,250.0,2023-12-15,2023-11-21,5.6,8.95,5.15,7.64,10044,352,5.6,,monthly_30d_25d_otm,weekly_1_strike0,42,11489
TSLA,2023-11-03,2023-12-01,backfill,O:TSLA231215C00250000,250.0,2023-12-15,2023-11-22,7.9,8.75,4.1,4.72,13126,357,7.9,,monthly_30d_25d_otm,weekly_1_strike0,42,11489
TSLA,2023-11-03,2023-12-01,backfill,O:TSLA231215C00250000,250.0,2023-12-15,2023-11-24,4.45,5.88,4.15,4.57,6121,190,4.45,,monthly_30d_25d_otm,weekly_1_strike0,42,11489
TSLA,2023-11-03,2023-12-01,backfill,O:TSLA231215C00250000,250.0,2023-12-15,2023-11-27,4.9,5.3,3.6,4.3,7671,345,4.9,,monthly_30d_25d_otm,weekly_1_strike0,42,11489
TSLA,2023-11-03,2023-12-01,backfill,O:TSLA231215C00250000,250.0,2023-12-15,2023-11-28,4.6,8.2,3.6,8.1,29755,386,4.6,,monthly_30d_25d_otm,weekly_1_strike0,42,11489
TSLA,2023-11-03,2023-12-01,backfill,O:TSLA231215C00250000,250.0,2023-12-15,2023-11-29,9.25,11.3,6.41,7.0,23909,383,9.25,,monthly_30d_25d_otm,weekly_1_strike0,42,11489
TSLA,2023-11-03,2023-12-01,backfill,O:TSLA231215C00250000,250.0,2023-12-15,2023-11-30,7.2,7.2,4.2,5.0,20924,373,7.2,,monthly_30d_25d_otm,weekly_1_strike0,42,11489
TSLA,2023-11-03,2023-12-01,backfill,O:TSLA231215C00250000,250.0,2023-12-15,2023-12-01,2.94,4.6,2.57,4.0,15665,371,2.94,,monthly_30d_25d_otm,weekly_1_strike0,42,11489
TSM,2021-01-25,2021-02-22,backfill,O:TSM210219C00140000,140.0,2021-02-19,2021-01-25,3.0,3.13,1.83,3.13,3050,190,3.0,,monthly_30d_30d_otm,weekly_2_strike0,25,3050
TSM,2021-01-25,2021-02-22,backfill,O:TSM210219C00140000,140.0,2021-02-19,2021-01-26,2.74,3.1,1.96,2.2,1713,160,2.74,,monthly_30d_30d_otm,weekly_2_strike0,25,3050
TSM,2021-01-25,2021-02-22,backfill,O:TSM210219C00140000,140.0,2021-02-19,2021-01-27,1.54,1.78,1.17,1.35,734,119,1.54,,monthly_30d_30d_otm,weekly_2_strike0,25,3050
TSM,2021-01-25,2021-02-22,backfill,O:TSM210219C00140000,140.0,2021-02-19,2021-01-28,1.66,2.13,1.38,1.75,11498,150,1.66,,monthly_30d_30d_otm,weekly_2_strike0,25,3050
TSM,2021-01-25,2021-02-22,backfill,O:TSM210219C00140000,140.0,2021-02-19,2021-01-29,1.5,1.51,0.92,1.07,576,138,1.5,,monthly_30d_30d_otm,weekly_2_strike0,25,3050
TSM,2021-01-25,2021-02-22,backfill,O:TSM210219C00140000,140.0,2021-02-19,2021-02-01,1.33,1.6,0.94,1.52,1486,154,1.33,,monthly_30d_30d_otm,weekly_2_strike0,25,3050
TSM,2021-01-25,2021-02-22,backfill,O:TSM210219C00140000,140.0,2021-02-19,2021-02-02,2.0,2.0,1.05,1.23,658,107,2.0,,monthly_30d_30d_otm,weekly_2_strike0,25,3050
TSM,2021-01-25,2021-02-22,backfill,O:TSM210219C00140000,140.0,2021-02-19,2021-02-03,1.1,1.46,0.76,0.95,410,84,1.1,,monthly_30d_30d_otm,weekly_2_strike0,25,3050
TSM,2021-01-25,2021-02-22,backfill,O:TSM210219C00140000,140.0,2021-02-19,2021-02-04,0.83,0.85,0.57,0.68,17583,167,0.83,,monthly_30d_30d_otm,weekly_2_strike0,25,3050
TSM,2021-01-25,2021-02-22,backfill,O:TSM210219C00140000,140.0,2021-02-19,2021-02-05,0.62,0.8,0.47,0.51,1051,80,0.62,,monthly_30d_30d_otm,weekly_2_strike0,25,3050
TSM,2021-01-25,2021-02-22,backfill,O:TSM210219C00140000,140.0,2021-02-19,2021-02-08,0.55,1.4,0.51,1.15,1229,159,0.55,,monthly_30d_30d_otm,weekly_2_strike0,25,3050
TSM,2021-01-25,2021-02-22,backfill,O:TSM210219C00140000,140.0,2021-02-19,2021-02-09,1.42,1.42,0.73,0.87,1004,113,1.42,,monthly_30d_30d_otm,weekly_2_strike0,25,3050
TSM,2021-01-25,2021-02-22,backfill,O:TSM210219C00140000,140.0,2021-02-19,2021-02-10,1.19,1.6,0.81,1.05,2475,212,1.19,,monthly_30d_30d_otm,weekly_2_strike0,25,3050
TSM,2021-01-25,2021-02-22,backfill,O:TSM210219C00140000,140.0,2021-02-19,2021-02-11,1.36,2.8,0.91,2.64,7645,331,1.36,,monthly_30d_30d_otm,weekly_2_strike0,25,3050
TSM,2021-01-25,2021-02-22,backfill,O:TSM210219C00140000,140.0,2021-02-19,2021-02-12,2.59,2.85,1.54,1.87,4661,280,2.59,,monthly_30d_30d_otm,weekly_2_strike0,25,3050
TSM,2021-01-25,2021-02-22,backfill,O:TSM210219C00140000,140.0,2021-02-19,2021-02-16,3.2,3.28,1.75,2.0,3197,221,3.2,,monthly_30d_30d_otm,weekly_2_strike0,25,3050
TSM,2021-01-25,2021-02-22,backfill,O:TSM210219C00140000,140.0,2021-02-19,2021-02-17,1.55,1.55,0.43,0.43,2224,189,1.55,,monthly_30d_30d_otm,weekly_2_strike0,25,3050
TSM,2021-01-25,2021-02-22,backfill,O:TSM210219C00140000,140.0,2021-02-19,2021-02-18,0.24,0.27,0.05,0.07,1080,121,0.24,,monthly_30d_30d_otm,weekly_2_strike0,25,3050
TSM,2021-01-25,2021-02-22,backfill,O:TSM210219C00140000,140.0,2021-02-19,2021-02-19,0.1,0.16,0.01,0.01,1404,112,0.1,,monthly_30d_30d_otm,weekly_2_strike0,25,3050
TSM,2022-01-12,2022-01-28,backfill,O:TSM220218C00130000,130.0,2022-02-18,2022-01-12,6.3,7.7,6.3,7.35,1502,164,6.3,,monthly_30d_atm,weekly_2_strike0,37,1502
TSM,2022-01-12,2022-01-28,backfill,O:TSM220218C00130000,130.0,2022-02-18,2022-01-13,12.75,16.3,11.5,11.8,2711,144,12.75,,monthly_30d_atm,weekly_2_strike0,37,1502
TSM,2022-01-12,2022-01-28,backfill,O:TSM220218C00130000,130.0,2022-02-18,2022-01-14,9.79,15.48,9.25,12.2,241,65,9.79,,monthly_30d_atm,weekly_2_strike0,37,1502
TSM,2022-01-12,2022-01-28,backfill,O:TSM220218C00130000,130.0,2022-02-18,2022-01-18,9.42,10.15,7.7,7.74,693,46,9.42,,monthly_30d_atm,weekly_2_strike0,37,1502
TSM,2022-01-12,2022-01-28,backfill,O:TSM220218C00130000,130.0,2022-02-18,2022-01-19,8.59,8.7,5.85,5.96,203,50,8.59,,monthly_30d_atm,weekly_2_strike0,37,1502
TSM,2022-01-12,2022-01-28,backfill,O:TSM220218C00130000,130.0,2022-02-18,2022-01-20,5.9,6.75,4.5,4.5,482,75,5.9,,monthly_30d_atm,weekly_2_strike0,37,1502
TSM,2022-01-12,2022-01-28,backfill,O:TSM220218C00130000,130.0,2022-02-18,2022-01-21,4.1,4.35,2.94,2.97,1491,137,4.1,,monthly_30d_atm,weekly_2_strike0,37,1502
TSM,2022-01-12,2022-01-28,backfill,O:TSM220218C00130000,130.0,2022-02-18,2022-01-24,2.95,3.51,2.35,3.51,671,105,2.95,,monthly_30d_atm,weekly_2_strike0,37,1502
TSM,2022-01-12,2022-01-28,backfill,O:TSM220218C00130000,130.0,2022-02-18,2022-01-25,3.48,3.48,2.2,2.41,3148,109,3.48,,monthly_30d_atm,weekly_2_strike0,37,1502
TSM,2022-01-12,2022-01-28,backfill,O:TSM220218C00130000,130.0,2022-02-18,2022-01-26,3.25,3.43,1.97,2.17,1059,183,3.25,,monthly_30d_atm,weekly_2_strike0,37,1502
TSM,2022-01-12,2022-01-28,backfill,O:TSM220218C00130000,130.0,2022-02-18,2022-01-27,2.49,2.49,0.77,0.8,1194,166,2.49,,monthly_30d_atm,weekly_2_strike0,37,1502
TSM,2022-01-12,2022-01-28,backfill,O:TSM220218C00130000,130.0,2022-02-18,2022-01-28,1.04,1.04,0.45,0.67,2581,175,1.04,,monthly_30d_atm,weekly_2_strike0,37,1502
TSM,2024-06-13,2024-07-12,backfill,O:TSM240816C00180000,180.0,2024-08-16,2024-06-13,8.85,9.6,7.8,9.1,802,63,8.85,,monthly_60d_40d_otm,weekly_2_strike6,64,802
TSM,2024-06-13,2024-07-12,backfill,O:TSM240816C00180000,180.0,2024-08-16,2024-06-14,8.63,10.0,8.3,9.77,214,43,8.63,,monthly_60d_40d_otm,weekly_2_strike6,64,802
TSM,2024-06-13,2024-07-12,backfill,O:TSM240816C00180000,180.0,2024-08-16,2024-06-17,11.55,12.88,10.39,12.23,447,112,11.55,,monthly_60d_40d_otm,weekly_2_strike6,64,802
TSM,2024-06-13,2024-07-12,backfill,O:TSM240816C00180000,180.0,2024-08-16,2024-06-18,13.63,17.5,13.63,14.35,1727,135,13.63,,monthly_60d_40d_otm,weekly_2_strike6,64,802
TSM,2024-06-13,2024-07-12,backfill,O:TSM240816C00180000,180.0,2024-08-16,2024-06-20,16.2,16.55,11.25,11.8,1032,111,16.2,,monthly_60d_40d_otm,weekly_2_strike6,64,802
TSM,2024-06-13,2024-07-12,backfill,O:TSM240816C00180000,180.0,2024-08-16,2024-06-21,10.1,11.75,9.95,10.0,458,51,10.1,,monthly_60d_40d_otm,weekly_2_strike6,64,802
TSM,2024-06-13,2024-07-12,backfill,O:TSM240816C00180000,180.0,2024-08-16,2024-06-24,8.2,8.71,6.8,6.8,436,68,8.2,,monthly_60d_40d_otm,weekly_2_strike6,64,802
TSM,2024-06-13,2024-07-12,backfill,O:TSM240816C00180000,180.0,2024-08-16,2024-06-25,8.35,8.35,7.34,8.25,494,60,8.35,,monthly_60d_40d_otm,weekly_2_strike6,64,802
TSM,2024-06-13,2024-07-12,backfill,O:TSM240816C00180000,180.0,2024-08-16,2024-06-26,8.37,8.62,7.95,8.4,410,27,8.37,,monthly_60d_40d_otm,weekly_2_strike6,64,802
TSM,2024-06-13,2024-07-12,backfill,O:TSM240816C00180000,180.0,2024-08-16,2024-06-27,9.4,9.65,7.75,7.75,1169,41,9.4,,monthly_60d_40d_otm,weekly_2_strike6,64,802
TSM,2024-06-13,2024-07-12,backfill,O:TSM240816C00180000,180.0,2024-08-16,2024-06-28,8.91,10.3,8.55,8.85,388,51,8.91,,monthly_60d_40d_otm,weekly_2_strike6,64,802
TSM,2024-06-13,2024-07-12,backfill,O:TSM240816C00180000,180.0,2024-08-16,2024-07-01,8.8,8.85,7.55,7.77,397,42,8.8,,monthly_60d_40d_otm,weekly_2_strike6,64,802
TSM,2024-06-13,2024-07-12,backfill,O:TSM240816C00180000,180.0,2024-08-16,2024-07-02,8.65,9.55,8.33,9.24,406,50,8.65,,monthly_60d_40d_otm,weekly_2_strike6,64,802
TSM,2024-06-13,2024-07-12,backfill,O:TSM240816C00180000,180.0,2024-08-16,2024-07-03,10.5,12.5,10.39,12.1,422,66,10.5,,monthly_60d_40d_otm,weekly_2_strike6,64,802
TSM,2024-06-13,2024-07-12,backfill,O:TSM240816C00180000,180.0,2024-08-16,2024-07-05,13.45,13.76,12.35,13.18,543,82,13.45,,monthly_60d_40d_otm,weekly_2_strike6,64,802
TSM,2024-06-13,2024-07-12,backfill,O:TSM240816C00180000,180.0,2024-08-16,2024-07-08,18.1,19.2,14.1,15.05,617,86,18.1,,monthly_60d_40d_otm,weekly_2_strike6,64,802
TSM,2024-06-13,2024-07-12,backfill,O:TSM240816C00180000,180.0,2024-08-16,2024-07-09,15.72,15.72,12.5,13.6,506,68,15.72,,monthly_60d_40d_otm,weekly_2_strike6,64,802
TSM,2024-06-13,2024-07-12,backfill,O:TSM240816C00180000,180.0,2024-08-16,2024-07-10,15.68,17.7,14.9,17.53,887,73,15.68,,monthly_60d_40d_otm,weekly_2_strike6,64,802
TSM,2024-06-13,2024-07-12,backfill,O:TSM240816C00180000,180.0,2024-08-16,2024-07-11,18.55,18.55,12.5,13.4,439,90,18.55,,monthly_60d_40d_otm,weekly_2_strike6,64,802
TSM,2024-06-13,2024-07-12,backfill,O:TSM240816C00180000,180.0,2024-08-16,2024-07-12,12.4,17.0,12.1,15.15,223,47,12.4,,monthly_60d_40d_otm,weekly_2_strike6,64,802
TTD,2021-07-29,2021-08-25,backfill,O:TTD210820C00082000,82.0,2021-08-20,2021-07-29,7.0,7.73,6.8,6.8,118,22,7.0,,monthly_30d_slight_itm,weekly_2_strike1,22,118
TTD,2021-07-29,2021-08-25,backfill,O:TTD210820C00082000,82.0,2021-08-20,2021-07-30,6.32,6.48,5.5,5.5,133,16,6.32,,monthly_30d_slight_itm,weekly_2_strike1,22,118
TTD,2021-07-29,2021-08-25,backfill,O:TTD210820C00082000,82.0,2021-08-20,2021-08-02,5.64,6.5,5.28,6.17,73,19,5.64,,monthly_30d_slight_itm,weekly_2_strike1,22,118
TTD,2021-07-29,2021-08-25,backfill,O:TTD210820C00082000,82.0,2021-08-20,2021-08-03,5.8,5.91,5.4,5.91,63,12,5.8,,monthly_30d_slight_itm,weekly_2_strike1,22,118
TTD,2021-07-29,2021-08-25,backfill,O:TTD210820C00082000,82.0,2021-08-20,2021-08-04,6.4,7.9,6.4,7.8,171,15,6.4,,monthly_30d_slight_itm,weekly_2_strike1,22,118
TTD,2021-07-29,2021-08-25,backfill,O:TTD210820C00082000,82.0,2021-08-20,2021-08-05,6.9,7.4,5.95,6.0,16,8,6.9,,monthly_30d_slight_itm,weekly_2_strike1,22,118
TTD,2021-07-29,2021-08-25,backfill,O:TTD210820C00082000,82.0,2021-08-20,2021-08-06,6.2,6.38,5.59,5.79,53,17,6.2,,monthly_30d_slight_itm,weekly_2_strike1,22,118
TTD,2021-07-29,2021-08-25,backfill,O:TTD210820C00082000,82.0,2021-08-20,2021-08-09,3.6,4.0,2.3,2.65,1942,127,3.6,,monthly_30d_slight_itm,weekly_2_strike1,22,118
TTD,2021-07-29,2021-08-25,backfill,O:TTD210820C00082000,82.0,2021-08-20,2021-08-10,3.4,8.55,3.4,6.53,393,59,3.4,,monthly_30d_slight_itm,weekly_2_strike1,22,118
TTD,2021-07-29,2021-08-25,backfill,O:TTD210820C00082000,82.0,2021-08-20,2021-08-11,5.7,5.7,2.55,2.84,259,52,5.7,,monthly_30d_slight_itm,weekly_2_strike1,22,118
TTD,2021-07-29,2021-08-25,backfill,O:TTD210820C00082000,82.0,2021-08-20,2021-08-12,2.9,4.72,2.81,4.72,90,29,2.9,,monthly_30d_slight_itm,weekly_2_strike1,22,118
TTD,2021-07-29,2021-08-25,backfill,O:TTD210820C00082000,82.0,2021-08-20,2021-08-13,3.6,3.6,1.53,1.6,715,147,3.6,,monthly_30d_slight_itm,weekly_2_strike1,22,118
TTD,2021-07-29,2021-08-25,backfill,O:TTD210820C00082000,82.0,2021-08-20,2021-08-16,1.15,1.15,0.45,0.66,801,109,1.15,,monthly_30d_slight_itm,weekly_2_strike1,22,118
TTD,2021-07-29,2021-08-25,backfill,O:TTD210820C00082000,82.0,2021-08-20,2021-08-17,0.54,0.75,0.35,0.6,560,84,0.54,,monthly_30d_slight_itm,weekly_2_strike1,22,118
TTD,2021-07-29,2021-08-25,backfill,O:TTD210820C00082000,82.0,2021-08-20,2021-08-18,0.65,0.7,0.11,0.11,450,65,0.65,,monthly_30d_slight_itm,weekly_2_strike1,22,118
TTD,2021-07-29,2021-08-25,backfill,O:TTD210820C00082000,82.0,2021-08-20,2021-08-19,0.15,0.15,0.02,0.04,1194,38,0.15,,monthly_30d_slight_itm,weekly_2_strike1,22,118
TTD,2021-07-29,2021-08-25,backfill,O:TTD210820C00082000,82.0,2021-08-20,2021-08-20,0.03,0.05,0.01,0.05,36,12,0.03,,monthly_30d_slight_itm,weekly_2_strike1,22,118
TTD,2021-11-22,2021-12-03,backfill,O:TTD211217C00121000,121.0,2021-12-17,2021-11-22,1.56,1.56,1.1,1.1,40,3,1.56,,monthly_30d_35d_otm,weekly_2_strike0,25,40
TTD,2021-11-22,2021-12-03,backfill,O:TTD211217C00121000,121.0,2021-12-17,2021-11-23,1.08,1.26,1.08,1.26,11,2,1.08,,monthly_30d_35d_otm,weekly_2_strike0,25,40
TTD,2021-11-22,2021-12-03,backfill,O:TTD211217C00121000,121.0,2021-12-17,2021-11-24,1.37,1.8,1.37,1.8,32,2,1.37,,monthly_30d_35d_otm,weekly_2_strike0,25,40
TTD,2021-11-22,2021-12-03,backfill,O:TTD211217C00121000,121.0,2021-12-17,2021-11-26,1.92,1.92,1.92,1.92,10,1,1.92,,monthly_30d_35d_otm,weekly_2_strike0,25,40
TTD,2021-11-22,2021-12-03,backfill,O:TTD211217C00121000,121.0,2021-12-17,2021-11-29,1.35,1.5,1.3,1.35,25,9,1.35,,monthly_30d_35d_otm,weekly_2_strike0,25,40
TTD,2021-11-22,2021-12-03,backfill,O:TTD211217C00121000,121.0,2021-12-17,2021-11-30,1.7,1.9,1.12,1.19,14,5,1.7,,monthly_30d_35d_otm,weekly_2_strike0,25,40
TTD,2021-11-22,2021-12-03,backfill,O:TTD211217C00121000,121.0,2021-12-17,2021-12-01,0.39,0.39,0.39,0.39,8,1,0.39,,monthly_30d_35d_otm,weekly_2_strike0,25,40
TTD,2021-11-22,2021-12-03,backfill,O:TTD211217C00121000,121.0,2021-12-17,2021-12-02,0.44,0.44,0.44,0.44,1,1,0.44,,monthly_30d_35d_otm,weekly_2_strike0,25,40
TTD,2021-11-22,2021-12-03,backfill,O:TTD211217C00121000,121.0,2021-12-17,2021-12-03,0.2,0.2,0.2,0.2,2,1,0.2,,monthly_30d_35d_otm,weekly_2_strike0,25,40
TTD,2024-04-03,2024-04-22,backfill,O:TTD240517C00090000,90.0,2024-05-17,2024-04-03,5.85,5.95,5.35,5.35,42,14,5.85,,monthly_30d_35d_otm,weekly_2_strike0,44,42
TTD,2024-04-03,2024-04-22,backfill,O:TTD240517C00090000,90.0,2024-05-17,2024-04-04,5.8,5.81,4.55,4.55,124,18,5.8,,monthly_30d_35d_otm,weekly_2_strike0,44,42
TTD,2024-04-03,2024-04-22,backfill,O:TTD240517C00090000,90.0,2024-05-17,2024-04-05,4.75,5.4,4.75,5.0,109,17,4.75,,monthly_30d_35d_otm,weekly_2_strike0,44,42
TTD,2024-04-03,2024-04-22,backfill,O:TTD240517C00090000,90.0,2024-05-17,2024-04-08,5.1,5.5,4.9,5.4,65,20,5.1,,monthly_30d_35d_otm,weekly_2_strike0,44,42
TTD,2024-04-03,2024-04-22,backfill,O:TTD240517C00090000,90.0,2024-05-17,2024-04-09,5.73,5.76,5.35,5.35,43,14,5.73,,monthly_30d_35d_otm,weekly_2_strike0,44,42
TTD,2024-04-03,2024-04-22,backfill,O:TTD240517C00090000,90.0,2024-05-17,2024-04-10,4.55,5.24,4.55,5.15,114,20,4.55,,monthly_30d_35d_otm,weekly_2_strike0,44,42
TTD,2024-04-03,2024-04-22,backfill,O:TTD240517C00090000,90.0,2024-05-17,2024-04-11,5.29,5.82,5.0,5.77,55,26,5.29,,monthly_30d_35d_otm,weekly_2_strike0,44,42
TTD,2024-04-03,2024-04-22,backfill,O:TTD240517C00090000,90.0,2024-05-17,2024-04-12,5.35,5.45,4.92,5.05,71,19,5.35,,monthly_30d_35d_otm,weekly_2_strike0,44,42
TTD,2024-04-03,2024-04-22,backfill,O:TTD240517C00090000,90.0,2024-05-17,2024-04-15,5.03,5.03,2.85,3.2,192,45,5.03,,monthly_30d_35d_otm,weekly_2_strike0,44,42
TTD,2024-04-03,2024-04-22,backfill,O:TTD240517C00090000,90.0,2024-05-17,2024-04-16,2.75,3.49,2.48,3.23,113,25,2.75,,monthly_30d_35d_otm,weekly_2_strike0,44,42
TTD,2024-04-03,2024-04-22,backfill,O:TTD240517C00090000,90.0,2024-05-17,2024-04-17,3.35,3.4,2.73,2.74,259,46,3.35,,monthly_30d_35d_otm,weekly_2_strike0,44,42
TTD,2024-04-03,2024-04-22,backfill,O:TTD240517C00090000,90.0,2024-05-17,2024-04-18,2.74,3.15,2.68,2.77,50,23,2.74,,monthly_30d_35d_otm,weekly_2_strike0,44,42
TTD,2024-04-03,2024-04-22,backfill,O:TTD240517C00090000,90.0,2024-05-17,2024-04-19,2.42,2.6,1.83,1.94,116,30,2.42,,monthly_30d_35d_otm,weekly_2_strike0,44,42
TTD,2024-04-03,2024-04-22,backfill,O:TTD240517C00090000,90.0,2024-05-17,2024-04-22,2.0,2.13,1.6,1.95,224,33,2.0,,monthly_30d_35d_otm,weekly_2_strike0,44,42
TWLO,2020-03-23,2020-04-20,backfill,O:TWLO200417C00100000,100.0,2020-04-17,2020-03-23,1.28,2.69,1.15,2.5,39,23,1.28,,monthly_30d_25d_otm,weekly_2_strike0,25,39
TWLO,2020-03-23,2020-04-20,backfill,O:TWLO200417C00100000,100.0,2020-04-17,2020-03-24,3.15,6.0,3.15,5.5,262,28,3.15,,monthly_30d_25d_otm,weekly_2_strike0,25,39
TWLO,2020-03-23,2020-04-20,backfill,O:TWLO200417C00100000,100.0,2020-04-17,2020-03-25,7.25,7.5,5.2,5.85,135,31,7.25,,monthly_30d_25d_otm,weekly_2_strike0,25,39
TWLO,2020-03-23,2020-04-20,backfill,O:TWLO200417C00100000,100.0,2020-04-17,2020-03-26,6.0,7.58,5.45,6.35,34,15,6.0,,monthly_30d_25d_otm,weekly_2_strike0,25,39
TWLO,2020-03-23,2020-04-20,backfill,O:TWLO200417C00100000,100.0,2020-04-17,2020-03-27,5.6,5.6,4.7,5.12,22,9,5.6,,monthly_30d_25d_otm,weekly_2_strike0,25,39
TWLO,2020-03-23,2020-04-20,backfill,O:TWLO200417C00100000,100.0,2020-04-17,2020-03-30,4.2,5.09,3.75,4.0,240,11,4.2,,monthly_30d_25d_otm,weekly_2_strike0,25,39
TWLO,2020-03-23,2020-04-20,backfill,O:TWLO200417C00100000,100.0,2020-04-17,2020-03-31,2.52,2.62,1.25,1.25,184,20,2.52,,monthly_30d_25d_otm,weekly_2_strike0,25,39
TWLO,2020-03-23,2020-04-20,backfill,O:TWLO200417C00100000,100.0,2020-04-17,2020-04-01,0.81,0.81,0.45,0.45,24,8,0.81,,monthly_30d_25d_otm,weekly_2_strike0,25,39
TWLO,2020-03-23,2020-04-20,backfill,O:TWLO200417C00100000,100.0,2020-04-17,2020-04-02,0.37,0.5,0.37,0.43,20,5,0.37,,monthly_30d_25d_otm,weekly_2_strike0,25,39
TWLO,2020-03-23,2020-04-20,backfill,O:TWLO200417C00100000,100.0,2020-04-17,2020-04-03,0.18,0.23,0.18,0.23,12,4,0.18,,monthly_30d_25d_otm,weekly_2_strike0,25,39
TWLO,2020-03-23,2020-04-20,backfill,O:TWLO200417C00100000,100.0,2020-04-17,2020-04-06,0.24,0.27,0.19,0.27,154,14,0.24,,monthly_30d_25d_otm,weekly_2_strike0,25,39
TWLO,2020-03-23,2020-04-20,backfill,O:TWLO200417C00100000,100.0,2020-04-17,2020-04-07,0.56,0.56,0.29,0.31,18,10,0.56,,monthly_30d_25d_otm,weekly_2_strike0,25,39
TWLO,2020-03-23,2020-04-20,backfill,O:TWLO200417C00100000,100.0,2020-04-17,2020-04-08,0.3,0.59,0.3,0.47,145,14,0.3,,monthly_30d_25d_otm,weekly_2_strike0,25,39
TWLO,2020-03-23,2020-04-20,backfill,O:TWLO200417C00100000,100.0,2020-04-17,2020-04-09,0.51,1.75,0.51,0.9,431,51,0.51,,monthly_30d_25d_otm,weekly_2_strike0,25,39
TWLO,2020-03-23,2020-04-20,backfill,O:TWLO200417C00100000,100.0,2020-04-17,2020-04-13,0.8,1.0,0.4,0.92,258,32,0.8,,monthly_30d_25d_otm,weekly_2_strike0,25,39
TWLO,2020-03-23,2020-04-20,backfill,O:TWLO200417C00100000,100.0,2020-04-17,2020-04-14,1.6,2.73,1.3,1.5,843,61,1.6,,monthly_30d_25d_otm,weekly_2_strike0,25,39
TWLO,2020-03-23,2020-04-20,backfill,O:TWLO200417C00100000,100.0,2020-04-17,2020-04-15,1.24,2.73,0.99,2.43,464,48,1.24,,monthly_30d_25d_otm,weekly_2_strike0,25,39
TWLO,2020-03-23,2020-04-20,backfill,O:TWLO200417C00100000,100.0,2020-04-17,2020-04-16,2.56,6.5,2.56,3.97,169,70,2.56,,monthly_30d_25d_otm,weekly_2_strike0,25,39
TWLO,2020-03-23,2020-04-20,backfill,O:TWLO200417C00100000,100.0,2020-04-17,2020-04-17,6.1,8.15,4.8,8.1,191,40,6.1,,monthly_30d_25d_otm,weekly_2_strike0,25,39
TWLO,2023-10-10,2023-10-30,backfill,O:TWLO231117C00060000,60.0,2023-11-17,2023-10-10,3.35,3.86,3.35,3.65,60,13,3.35,,monthly_30d_30d_otm,weekly_2_strike0,38,60
TWLO,2023-10-10,2023-10-30,backfill,O:TWLO231117C00060000,60.0,2023-11-17,2023-10-11,3.71,3.8,3.1,3.2,50,14,3.71,,monthly_30d_30d_otm,weekly_2_strike0,38,60
TWLO,2023-10-10,2023-10-30,backfill,O:TWLO231117C00060000,60.0,2023-11-17,2023-10-12,2.94,3.02,2.66,2.68,208,20,2.94,,monthly_30d_30d_otm,weekly_2_strike0,38,60
TWLO,2023-10-10,2023-10-30,backfill,O:TWLO231117C00060000,60.0,2023-11-17,2023-10-13,2.67,2.93,2.5,2.58,69,13,2.67,,monthly_30d_30d_otm,weekly_2_strike0,38,60
TWLO,2023-10-10,2023-10-30,backfill,O:TWLO231117C00060000,60.0,2023-11-17,2023-10-16,2.57,3.25,2.57,3.2,27,11,2.57,,monthly_30d_30d_otm,weekly_2_strike0,38,60
TWLO,2023-10-10,2023-10-30,backfill,O:TWLO231117C00060000,60.0,2023-11-17,2023-10-17,2.87,3.7,2.87,3.45,249,34,2.87,,monthly_30d_30d_otm,weekly_2_strike0,38,60
TWLO,2023-10-10,2023-10-30,backfill,O:TWLO231117C00060000,60.0,2023-11-17,2023-10-18,3.05,3.05,2.59,2.59,41,12,3.05,,monthly_30d_30d_otm,weekly_2_strike0,38,60
TWLO,2023-10-10,2023-10-30,backfill,O:TWLO231117C00060000,60.0,2023-11-17,2023-10-19,2.59,2.75,2.26,2.27,90,26,2.59,,monthly_30d_30d_otm,weekly_2_strike0,38,60
TWLO,2023-10-10,2023-10-30,backfill,O:TWLO231117C00060000,60.0,2023-11-17,2023-10-20,1.96,2.07,1.6,1.61,244,54,1.96,,monthly_30d_30d_otm,weekly_2_strike0,38,60
TWLO,2023-10-10,2023-10-30,backfill,O:TWLO231117C00060000,60.0,2023-11-17,2023-10-23,1.44,1.58,1.34,1.38,130,19,1.44,,monthly_30d_30d_otm,weekly_2_strike0,38,60
TWLO,2023-10-10,2023-10-30,backfill,O:TWLO231117C00060000,60.0,2023-11-17,2023-10-24,1.5,1.78,1.43,1.57,27,18,1.5,,monthly_30d_30d_otm,weekly_2_strike0,38,60
TWLO,2023-10-10,2023-10-30,backfill,O:TWLO231117C00060000,60.0,2023-11-17,2023-10-25,1.23,1.23,0.99,1.0,78,14,1.23,,monthly_30d_30d_otm,weekly_2_strike0,38,60
TWLO,2023-10-10,2023-10-30,backfill,O:TWLO231117C00060000,60.0,2023-11-17,2023-10-26,1.1,1.1,0.86,0.95,100,19,1.1,,monthly_30d_30d_otm,weekly_2_strike0,38,60
TWLO,2023-10-10,2023-10-30,backfill,O:TWLO231117C00060000,60.0,2023-11-17,2023-10-27,0.84,0.86,0.78,0.78,25,8,0.84,,monthly_30d_30d_otm,weekly_2_strike0,38,60
TWLO,2023-10-10,2023-10-30,backfill,O:TWLO231117C00060000,60.0,2023-11-17,2023-10-30,0.64,0.68,0.62,0.68,17,6,0.64,,monthly_30d_30d_otm,weekly_2_strike0,38,60
TWLO,2024-11-04,2024-12-02,backfill,O:TWLO241220C00085000,85.0,2024-12-20,2024-11-04,4.26,6.8,4.26,6.2,162,24,4.26,,monthly_30d_atm,weekly_2_strike0,46,162
TWLO,2024-11-04,2024-12-02,backfill,O:TWLO241220C00085000,85.0,2024-12-20,2024-11-05,6.2,6.8,5.4,6.4,37,18,6.2,,monthly_30d_atm,weekly_2_strike0,46,162
TWLO,2024-11-04,2024-12-02,backfill,O:TWLO241220C00085000,85.0,2024-12-20,2024-11-06,7.45,8.0,6.6,7.12,1102,14,7.45,,monthly_30d_atm,weekly_2_strike0,46,162
TWLO,2024-11-04,2024-12-02,backfill,O:TWLO241220C00085000,85.0,2024-12-20,2024-11-07,7.52,9.17,6.8,9.15,20,8,7.52,,monthly_30d_atm,weekly_2_strike0,46,162
TWLO,2024-11-04,2024-12-02,backfill,O:TWLO241220C00085000,85.0,2024-12-20,2024-11-08,8.09,8.6,8.05,8.6,17,4,8.09,,monthly_30d_atm,weekly_2_strike0,46,162
TWLO,2024-11-04,2024-12-02,backfill,O:TWLO241220C00085000,85.0,2024-12-20,2024-11-11,11.08,11.76,10.8,10.95,17,5,11.08,,monthly_30d_atm,weekly_2_strike0,46,162
TWLO,2024-11-04,2024-12-02,backfill,O:TWLO241220C00085000,85.0,2024-12-20,2024-11-12,12.7,13.36,12.7,13.36,8,3,12.7,,monthly_30d_atm,weekly_2_strike0,46,162
TWLO,2024-11-04,2024-12-02,backfill,O:TWLO241220C00085000,85.0,2024-12-20,2024-11-13,14.3,15.3,14.3,14.92,7,5,14.3,,monthly_30d_atm,weekly_2_strike0,46,162
TWLO,2024-11-04,2024-12-02,backfill,O:TWLO241220C00085000,85.0,2024-12-20,2024-11-14,13.68,13.68,13.3,13.3,2,2,13.68,,monthly_30d_atm,weekly_2_strike0,46,162
TWLO,2024-11-04,2024-12-02,backfill,O:TWLO241220C00085000,85.0,2024-12-20,2024-11-15,13.5,13.5,12.3,12.55,5,4,13.5,,monthly_30d_atm,weekly_2_strike0,46,162
TWLO,2024-11-04,2024-12-02,backfill,O:TWLO241220C00085000,85.0,2024-12-20,2024-11-18,11.72,13.1,11.72,12.68,62,11,11.72,,monthly_30d_atm,weekly_2_strike0,46,162
TWLO,2024-11-04,2024-12-02,backfill,O:TWLO241220C00085000,85.0,2024-12-20,2024-11-19,11.6,11.6,10.35,10.35,5,2,11.6,,monthly_30d_atm,weekly_2_strike0,46,162
TWLO,2024-11-04,2024-12-02,backfill,O:TWLO241220C00085000,85.0,2024-12-20,2024-11-21,17.1,18.06,17.1,18.06,7,3,17.1,,monthly_30d_atm,weekly_2_strike0,46,162
TWLO,2024-11-04,2024-12-02,backfill,O:TWLO241220C00085000,85.0,2024-12-20,2024-11-25,23.05,23.05,20.88,20.88,2,2,23.05,,monthly_30d_atm,weekly_2_strike0,46,162
TWLO,2024-11-04,2024-12-02,backfill,O:TWLO241220C00085000,85.0,2024-12-20,2024-11-26,20.32,20.32,20.32,20.32,1,1,20.32,,monthly_30d_atm,weekly_2_strike0,46,162
TWLO,2024-11-04,2024-12-02,backfill,O:TWLO241220C00085000,85.0,2024-12-20,2024-12-02,21.05,21.06,21.05,21.06,3,2,21.05,,monthly_30d_atm,weekly_2_strike0,46,162
TXN,2020-10-13,2020-11-09,backfill,O:TXN201120C00160000,160.0,2020-11-20,2020-10-13,4.15,4.58,3.73,4.15,1035,13,4.15,,monthly_30d_35d_otm,weekly_2_strike0,38,1035
TXN,2020-10-13,2020-11-09,backfill,O:TXN201120C00160000,160.0,2020-11-20,2020-10-14,3.51,3.65,3.35,3.42,15,8,3.51,,monthly_30d_35d_otm,weekly_2_strike0,38,1035
TXN,2020-10-13,2020-11-09,backfill,O:TXN201120C00160000,160.0,2020-11-20,2020-10-15,2.95,3.36,2.95,3.34,144,15,2.95,,monthly_30d_35d_otm,weekly_2_strike0,38,1035
TXN,2020-10-13,2020-11-09,backfill,O:TXN201120C00160000,160.0,2020-11-20,2020-10-16,3.85,3.9,3.44,3.7,321,23,3.85,,monthly_30d_35d_otm,weekly_2_strike0,38,1035
TXN,2020-10-13,2020-11-09,backfill,O:TXN201120C00160000,160.0,2020-11-20,2020-10-19,3.42,3.7,2.6,2.73,23,13,3.42,,monthly_30d_35d_otm,weekly_2_strike0,38,1035
TXN,2020-10-13,2020-11-09,backfill,O:TXN201120C00160000,160.0,2020-11-20,2020-10-20,2.91,2.91,2.17,2.28,115,36,2.91,,monthly_30d_35d_otm,weekly_2_strike0,38,1035
TXN,2020-10-13,2020-11-09,backfill,O:TXN201120C00160000,160.0,2020-11-20,2020-10-21,0.98,1.25,0.75,1.15,319,40,0.98,,monthly_30d_35d_otm,weekly_2_strike0,38,1035
TXN,2020-10-13,2020-11-09,backfill,O:TXN201120C00160000,160.0,2020-11-20,2020-10-22,1.05,1.06,0.92,1.03,55,12,1.05,,monthly_30d_35d_otm,weekly_2_strike0,38,1035
TXN,2020-10-13,2020-11-09,backfill,O:TXN201120C00160000,160.0,2020-11-20,2020-10-23,1.0,1.13,0.98,1.13,166,33,1.0,,monthly_30d_35d_otm,weekly_2_strike0,38,1035
TXN,2020-10-13,2020-11-09,backfill,O:TXN201120C00160000,160.0,2020-11-20,2020-10-26,0.83,0.83,0.58,0.6,42,9,0.83,,monthly_30d_35d_otm,weekly_2_strike0,38,1035
TXN,2020-10-13,2020-11-09,backfill,O:TXN201120C00160000,160.0,2020-11-20,2020-10-27,0.7,0.86,0.69,0.71,131,9,0.7,,monthly_30d_35d_otm,weekly_2_strike0,38,1035
TXN,2020-10-13,2020-11-09,backfill,O:TXN201120C00160000,160.0,2020-11-20,2020-10-28,0.97,0.97,0.4,0.47,31,14,0.97,,monthly_30d_35d_otm,weekly_2_strike0,38,1035
TXN,2020-10-13,2020-11-09,backfill,O:TXN201120C00160000,160.0,2020-11-20,2020-10-29,0.59,0.91,0.59,0.91,17,5,0.59,,monthly_30d_35d_otm,weekly_2_strike0,38,1035
TXN,2020-10-13,2020-11-09,backfill,O:TXN201120C00160000,160.0,2020-11-20,2020-10-30,0.61,0.61,0.42,0.53,14,4,0.61,,monthly_30d_35d_otm,weekly_2_strike0,38,1035
TXN,2020-10-13,2020-11-09,backfill,O:TXN201120C00160000,160.0,2020-11-20,2020-11-02,0.6,0.6,0.49,0.53,29,7,0.6,,monthly_30d_35d_otm,weekly_2_strike0,38,1035
TXN,2020-10-13,2020-11-09,backfill,O:TXN201120C00160000,160.0,2020-11-20,2020-11-03,0.61,0.72,0.61,0.68,25,9,0.61,,monthly_30d_35d_otm,weekly_2_strike0,38,1035
TXN,2020-10-13,2020-11-09,backfill,O:TXN201120C00160000,160.0,2020-11-20,2020-11-04,0.87,1.36,0.72,1.1,59,18,0.87,,monthly_30d_35d_otm,weekly_2_strike0,38,1035
TXN,2020-10-13,2020-11-09,backfill,O:TXN201120C00160000,160.0,2020-11-20,2020-11-05,1.6,1.92,1.53,1.75,68,12,1.6,,monthly_30d_35d_otm,weekly_2_strike0,38,1035
TXN,2020-10-13,2020-11-09,backfill,O:TXN201120C00160000,160.0,2020-11-20,2020-11-06,1.7,2.52,1.7,2.35,78,19,1.7,,monthly_30d_35d_otm,weekly_2_strike0,38,1035
TXN,2020-10-13,2020-11-09,backfill,O:TXN201120C00160000,160.0,2020-11-20,2020-11-09,4.2,6.0,1.53,1.53,228,45,4.2,,monthly_30d_35d_otm,weekly_2_strike0,38,1035
TXN,2022-11-22,2022-12-20,backfill,O:TXN221216C00175000,175.0,2022-12-16,2022-11-22,4.53,5.93,4.31,5.8,34,7,4.53,,monthly_30d_atm,weekly_2_strike0,24,34
TXN,2022-11-22,2022-12-20,backfill,O:TXN221216C00175000,175.0,2022-12-16,2022-11-23,8.16,8.16,7.2,7.5,2513,8,8.16,,monthly_30d_atm,weekly_2_strike0,24,34
TXN,2022-11-22,2022-12-20,backfill,O:TXN221216C00175000,175.0,2022-12-16,2022-11-25,7.5,7.54,6.99,6.99,38,8,7.5,,monthly_30d_atm,weekly_2_strike0,24,34
TXN,2022-11-22,2022-12-20,backfill,O:TXN221216C00175000,175.0,2022-12-16,2022-11-28,5.4,5.4,3.77,3.8,88,23,5.4,,monthly_30d_atm,weekly_2_strike0,24,34
TXN,2022-11-22,2022-12-20,backfill,O:TXN221216C00175000,175.0,2022-12-16,2022-11-29,4.0,4.3,3.5,3.7,178,21,4.0,,monthly_30d_atm,weekly_2_strike0,24,34
TXN,2022-11-22,2022-12-20,backfill,O:TXN221216C00175000,175.0,2022-12-16,2022-11-30,3.45,7.12,3.0,7.12,229,27,3.45,,monthly_30d_atm,weekly_2_strike0,24,34
TXN,2022-11-22,2022-12-20,backfill,O:TXN221216C00175000,175.0,2022-12-16,2022-12-01,7.2,7.45,5.35,5.96,502,26,7.2,,monthly_30d_atm,weekly_2_strike0,24,34
TXN,2022-11-22,2022-12-20,backfill,O:TXN221216C00175000,175.0,2022-12-16,2022-12-02,4.65,5.34,3.65,5.34,192,18,4.65,,monthly_30d_atm,weekly_2_strike0,24,34
TXN,2022-11-22,2022-12-20,backfill,O:TXN221216C00175000,175.0,2022-12-16,2022-12-05,5.2,5.8,5.1,5.63,82,9,5.2,,monthly_30d_atm,weekly_2_strike0,24,34
TXN,2022-11-22,2022-12-20,backfill,O:TXN221216C00175000,175.0,2022-12-16,2022-12-06,4.75,5.0,3.75,3.82,81,18,4.75,,monthly_30d_atm,weekly_2_strike0,24,34
TXN,2022-11-22,2022-12-20,backfill,O:TXN221216C00175000,175.0,2022-12-16,2022-12-07,3.9,4.15,3.2,3.66,75,27,3.9,,monthly_30d_atm,weekly_2_strike0,24,34
TXN,2022-11-22,2022-12-20,backfill,O:TXN221216C00175000,175.0,2022-12-16,2022-12-08,3.25,4.55,3.25,4.5,113,21,3.25,,monthly_30d_atm,weekly_2_strike0,24,34
TXN,2022-11-22,2022-12-20,backfill,O:TXN221216C00175000,175.0,2022-12-16,2022-12-09,3.85,4.35,3.25,3.3,219,21,3.85,,monthly_30d_atm,weekly_2_strike0,24,34
TXN,2022-11-22,2022-12-20,backfill,O:TXN221216C00175000,175.0,2022-12-16,2022-12-12,2.63,4.8,2.52,4.5,867,60,2.63,,monthly_30d_atm,weekly_2_strike0,24,34
TXN,2022-11-22,2022-12-20,backfill,O:TXN221216C00175000,175.0,2022-12-16,2022-12-13,8.13,8.35,3.76,4.4,380,31,8.13,,monthly_30d_atm,weekly_2_strike0,24,34
TXN,2022-11-22,2022-12-20,backfill,O:TXN221216C00175000,175.0,2022-12-16,2022-12-14,3.7,5.76,1.81,2.5,2653,49,3.7,,monthly_30d_atm,weekly_2_strike0,24,34
TXN,2022-11-22,2022-12-20,backfill,O:TXN221216C00175000,175.0,2022-12-16,2022-12-15,1.29,1.29,0.13,0.17,166,48,1.29,,monthly_30d_atm,weekly_2_strike0,24,34
TXN,2022-11-22,2022-12-20,backfill,O:TXN221216C00175000,175.0,2022-12-16,2022-12-16,0.03,0.05,0.01,0.01,64,16,0.03,,monthly_30d_atm,weekly_2_strike0,24,34
TXN,2023-07-26,2023-08-02,backfill,O:TXN230818C00180000,180.0,2023-08-18,2023-07-26,2.48,2.48,1.55,2.0,142,28,2.48,,monthly_30d_40d_otm,weekly_2_strike1,23,142
TXN,2023-07-26,2023-08-02,backfill,O:TXN230818C00180000,180.0,2023-08-18,2023-07-27,2.79,3.76,2.0,2.47,303,38,2.79,,monthly_30d_40d_otm,weekly_2_strike1,23,142
TXN,2023-07-26,2023-08-02,backfill,O:TXN230818C00180000,180.0,2023-08-18,2023-07-28,3.25,3.35,2.45,2.9,222,45,3.25,,monthly_30d_40d_otm,weekly_2_strike1,23,142
TXN,2023-07-26,2023-08-02,backfill,O:TXN230818C00180000,180.0,2023-08-18,2023-07-31,2.99,3.75,2.9,3.5,245,26,2.99,,monthly_30d_40d_otm,weekly_2_strike1,23,142
TXN,2023-07-26,2023-08-02,backfill,O:TXN230818C00180000,180.0,2023-08-18,2023-08-01,2.85,3.15,2.5,2.85,107,32,2.85,,monthly_30d_40d_otm,weekly_2_strike1,23,142
TXN,2023-07-26,2023-08-02,backfill,O:TXN230818C00180000,180.0,2023-08-18,2023-08-02,1.73,1.79,0.92,1.03,86,16,1.73,,monthly_30d_40d_otm,weekly_2_strike1,23,142
U,2023-06-15,2023-07-14,backfill,O:U230721C00045000,45.0,2023-07-21,2023-06-15,2.0,2.54,1.83,2.25,2447,184,2.0,,monthly_30d_35d_otm,weekly_2_strike0,36,2447
U,2023-06-15,2023-07-14,backfill,O:U230721C00045000,45.0,2023-07-21,2023-06-16,2.51,4.0,2.36,2.54,5512,227,2.51,,monthly_30d_35d_otm,weekly_2_strike0,36,2447
U,2023-06-15,2023-07-14,backfill,O:U230721C00045000,45.0,2023-07-21,2023-06-20,2.35,3.05,1.31,1.44,2405,178,2.35,,monthly_30d_35d_otm,weekly_2_strike0,36,2447
U,2023-06-15,2023-07-14,backfill,O:U230721C00045000,45.0,2023-07-21,2023-06-21,1.47,1.56,0.83,0.95,1481,106,1.47,,monthly_30d_35d_otm,weekly_2_strike0,36,2447
U,2023-06-15,2023-07-14,backfill,O:U230721C00045000,45.0,2023-07-21,2023-06-22,0.78,0.88,0.63,0.67,573,47,0.78,,monthly_30d_35d_otm,weekly_2_strike0,36,2447
U,2023-06-15,2023-07-14,backfill,O:U230721C00045000,45.0,2023-07-21,2023-06-23,0.51,0.59,0.44,0.51,373,48,0.51,,monthly_30d_35d_otm,weekly_2_strike0,36,2447
U,2023-06-15,2023-07-14,backfill,O:U230721C00045000,45.0,2023-07-21,2023-06-26,0.49,0.5,0.33,0.4,325,38,0.49,,monthly_30d_35d_otm,weekly_2_strike0,36,2447
U,2023-06-15,2023-07-14,backfill,O:U230721C00045000,45.0,2023-07-21,2023-06-27,0.72,1.88,0.72,1.81,3788,203,0.72,,monthly_30d_35d_otm,weekly_2_strike0,36,2447
U,2023-06-15,2023-07-14,backfill,O:U230721C00045000,45.0,2023-07-21,2023-06-28,1.95,2.78,1.54,2.5,3538,216,1.95,,monthly_30d_35d_otm,weekly_2_strike0,36,2447
U,2023-06-15,2023-07-14,backfill,O:U230721C00045000,45.0,2023-07-21,2023-06-29,2.65,2.65,1.91,2.09,1108,124,2.65,,monthly_30d_35d_otm,weekly_2_strike0,36,2447
U,2023-06-15,2023-07-14,backfill,O:U230721C00045000,45.0,2023-07-21,2023-06-30,2.54,2.75,1.76,1.78,1666,166,2.54,,monthly_30d_35d_otm,weekly_2_strike0,36,2447
U,2023-06-15,2023-07-14,backfill,O:U230721C00045000,45.0,2023-07-21,2023-07-03,1.8,2.09,1.6,1.65,570,68,1.8,,monthly_30d_35d_otm,weekly_2_strike0,36,2447
U,2023-06-15,2023-07-14,backfill,O:U230721C00045000,45.0,2023-07-21,2023-07-05,1.57,1.87,0.87,0.89,1491,155,1.57,,monthly_30d_35d_otm,weekly_2_strike0,36,2447
U,2023-06-15,2023-07-14,backfill,O:U230721C00045000,45.0,2023-07-21,2023-07-06,0.52,0.74,0.46,0.61,1429,113,0.52,,monthly_30d_35d_otm,weekly_2_strike0,36,2447
U,2023-06-15,2023-07-14,backfill,O:U230721C00045000,45.0,2023-07-21,2023-07-07,0.6,0.74,0.43,0.45,1201,129,0.6,,monthly_30d_35d_otm,weekly_2_strike0,36,2447
U,2023-06-15,2023-07-14,backfill,O:U230721C00045000,45.0,2023-07-21,2023-07-10,0.3,0.35,0.19,0.3,1643,98,0.3,,monthly_30d_35d_otm,weekly_2_strike0,36,2447
U,2023-06-15,2023-07-14,backfill,O:U230721C00045000,45.0,2023-07-21,2023-07-11,0.35,1.4,0.35,1.34,3954,250,0.35,,monthly_30d_35d_otm,weekly_2_strike0,36,2447
U,2023-06-15,2023-07-14,backfill,O:U230721C00045000,45.0,2023-07-21,2023-07-12,1.65,1.79,0.65,1.12,3374,249,1.65,,monthly_30d_35d_otm,weekly_2_strike0,36,2447
U,2023-06-15,2023-07-14,backfill,O:U230721C00045000,45.0,2023-07-21,2023-07-13,1.37,3.55,1.34,2.75,8505,208,1.37,,monthly_30d_35d_otm,weekly_2_strike0,36,2447
U,2023-06-15,2023-07-14,backfill,O:U230721C00045000,45.0,2023-07-21,2023-07-14,3.01,3.6,1.1,1.2,1658,185,3.01,,monthly_30d_35d_otm,weekly_2_strike0,36,2447
U,2024-09-13,2024-10-10,backfill,O:U241018C00022000,22.0,2024-10-18,2024-09-13,0.7,1.12,0.52,0.75,3870,149,0.7,,monthly_30d_30d_otm,weekly_1_strike0,35,3870
U,2024-09-13,2024-10-10,backfill,O:U241018C00022000,22.0,2024-10-18,2024-09-16,0.73,1.38,0.51,1.07,4259,158,0.73,,monthly_30d_30d_otm,weekly_1_strike0,35,3870
U,2024-09-13,2024-10-10,backfill,O:U241018C00022000,22.0,2024-10-18,2024-09-17,1.13,1.3,0.86,1.1,4930,93,1.13,,monthly_30d_30d_otm,weekly_1_strike0,35,3870
U,2024-09-13,2024-10-10,backfill,O:U241018C00022000,22.0,2024-10-18,2024-09-18,0.98,1.15,0.71,0.76,2132,115,0.98,,monthly_30d_30d_otm,weekly_1_strike0,35,3870
U,2024-09-13,2024-10-10,backfill,O:U241018C00022000,22.0,2024-10-18,2024-09-19,1.07,1.1,0.68,0.74,1056,79,1.07,,monthly_30d_30d_otm,weekly_1_strike0,35,3870
U,2024-09-13,2024-10-10,backfill,O:U241018C00022000,22.0,2024-10-18,2024-09-20,0.65,1.3,0.59,1.15,4075,139,0.65,,monthly_30d_30d_otm,weekly_1_strike0,35,3870
U,2024-09-13,2024-10-10,backfill,O:U241018C00022000,22.0,2024-10-18,2024-09-23,1.2,1.27,0.91,1.17,1878,143,1.2,,monthly_30d_30d_otm,weekly_1_strike0,35,3870
U,2024-09-13,2024-10-10,backfill,O:U241018C00022000,22.0,2024-10-18,2024-09-24,1.33,2.51,1.08,2.42,5155,249,1.33,,monthly_30d_30d_otm,weekly_1_strike0,35,3870
U,2024-09-13,2024-10-10,backfill,O:U241018C00022000,22.0,2024-10-18,2024-09-25,2.45,2.45,1.15,1.57,4964,144,2.45,,monthly_30d_30d_otm,weekly_1_strike0,35,3870
U,2024-09-13,2024-10-10,backfill,O:U241018C00022000,22.0,2024-10-18,2024-09-26,1.95,2.05,1.51,1.78,714,83,1.95,,monthly_30d_30d_otm,weekly_1_strike0,35,3870
U,2024-09-13,2024-10-10,backfill,O:U241018C00022000,22.0,2024-10-18,2024-09-27,1.75,2.3,1.63,1.75,426,65,1.75,,monthly_30d_30d_otm,weekly_1_strike0,35,3870
U,2024-09-13,2024-10-10,backfill,O:U241018C00022000,22.0,2024-10-18,2024-09-30,1.94,2.23,1.48,1.67,301,34,1.94,,monthly_30d_30d_otm,weekly_1_strike0,35,3870
U,2024-09-13,2024-10-10,backfill,O:U241018C00022000,22.0,2024-10-18,2024-10-01,1.57,1.57,0.96,1.12,379,59,1.57,,monthly_30d_30d_otm,weekly_1_strike0,35,3870
U,2024-09-13,2024-10-10,backfill,O:U241018C00022000,22.0,2024-10-18,2024-10-02,1.2,1.2,0.72,0.81,738,48,1.2,,monthly_30d_30d_otm,weekly_1_strike0,35,3870
U,2024-09-13,2024-10-10,backfill,O:U241018C00022000,22.0,2024-10-18,2024-10-03,0.81,0.85,0.36,0.55,2183,59,0.81,,monthly_30d_30d_otm,weekly_1_strike0,35,3870
U,2024-09-13,2024-10-10,backfill,O:U241018C00022000,22.0,2024-10-18,2024-10-04,0.75,1.1,0.56,0.95,938,68,0.75,,monthly_30d_30d_otm,weekly_1_strike0,35,3870
U,2024-09-13,2024-10-10,backfill,O:U241018C00022000,22.0,2024-10-18,2024-10-07,0.84,0.93,0.51,0.69,373,52,0.84,,monthly_30d_30d_otm,weekly_1_strike0,35,3870
U,2024-09-13,2024-10-10,backfill,O:U241018C00022000,22.0,2024-10-18,2024-10-08,0.55,0.72,0.52,0.57,1694,29,0.55,,monthly_30d_30d_otm,weekly_1_strike0,35,3870
U,2024-09-13,2024-10-10,backfill,O:U241018C00022000,22.0,2024-10-18,2024-10-09,0.73,0.85,0.48,0.49,830,90,0.73,,monthly_30d_30d_otm,weekly_1_strike0,35,3870
U,2024-09-13,2024-10-10,backfill,O:U241018C00022000,22.0,2024-10-18,2024-10-10,0.4,0.48,0.29,0.32,832,67,0.4,,monthly_30d_30d_otm,weekly_1_strike0,35,3870
UAL,2022-02-17,2022-02-24,backfill,O:UAL220318C00049000,49.0,2022-03-18,2022-02-17,2.85,2.94,2.41,2.41,102,12,2.85,,monthly_30d_atm,weekly_2_strike0,29,102
UAL,2022-02-17,2022-02-24,backfill,O:UAL220318C00049000,49.0,2022-03-18,2022-02-18,2.39,2.39,1.93,1.94,1443,27,2.39,,monthly_30d_atm,weekly_2_strike0,29,102
UAL,2022-02-17,2022-02-24,backfill,O:UAL220318C00049000,49.0,2022-03-18,2022-02-22,1.5,1.85,1.38,1.38,1306,32,1.5,,monthly_30d_atm,weekly_2_strike0,29,102
UAL,2022-02-17,2022-02-24,backfill,O:UAL220318C00049000,49.0,2022-03-18,2022-02-23,1.52,1.6,0.7,0.7,548,20,1.52,,monthly_30d_atm,weekly_2_strike0,29,102
UAL,2022-02-17,2022-02-24,backfill,O:UAL220318C00049000,49.0,2022-03-18,2022-02-24,0.58,0.73,0.38,0.73,2629,38,0.58,,monthly_30d_atm,weekly_2_strike0,29,102
UAL,2023-03-03,2023-03-14,backfill,O:UAL230421C00055000,55.0,2023-04-21,2023-03-03,2.44,2.64,2.14,2.26,522,92,2.44,,monthly_30d_35d_otm,weekly_1_strike0,49,522
UAL,2023-03-03,2023-03-14,backfill,O:UAL230421C00055000,55.0,2023-04-21,2023-03-06,2.32,2.44,1.9,1.9,152,49,2.32,,monthly_30d_35d_otm,weekly_1_strike0,49,522
UAL,2023-03-03,2023-03-14,backfill,O:UAL230421C00055000,55.0,2023-04-21,2023-03-07,2.01,3.25,2.01,2.87,1605,73,2.01,,monthly_30d_35d_otm,weekly_1_strike0,49,522
UAL,2023-03-03,2023-03-14,backfill,O:UAL230421C00055000,55.0,2023-04-21,2023-03-08,2.8,3.05,2.46,2.77,222,52,2.8,,monthly_30d_35d_otm,weekly_1_strike0,49,522
UAL,2023-03-03,2023-03-14,backfill,O:UAL230421C00055000,55.0,2023-04-21,2023-03-09,2.55,2.85,1.79,1.88,452,61,2.55,,monthly_30d_35d_otm,weekly_1_strike0,49,522
UAL,2023-03-03,2023-03-14,backfill,O:UAL230421C00055000,55.0,2023-04-21,2023-03-10,2.3,2.3,1.21,1.54,748,60,2.3,,monthly_30d_35d_otm,weekly_1_strike0,49,522
UAL,2023-03-03,2023-03-14,backfill,O:UAL230421C00055000,55.0,2023-04-21,2023-03-13,1.05,1.16,0.82,0.97,1338,59,1.05,,monthly_30d_35d_otm,weekly_1_strike0,49,522
UAL,2023-03-03,2023-03-14,backfill,O:UAL230421C00055000,55.0,2023-04-21,2023-03-14,0.55,0.72,0.29,0.37,471,76,0.55,,monthly_30d_35d_otm,weekly_1_strike0,49,522
UBER,2020-12-29,2021-01-27,backfill,O:UBER210219C00055000,55.0,2021-02-19,2020-12-29,3.08,3.3,2.7,2.96,460,82,3.08,,monthly_45d_35d_otm,weekly_2_strike0,52,460
UBER,2020-12-29,2021-01-27,backfill,O:UBER210219C00055000,55.0,2021-02-19,2020-12-30,2.97,3.9,2.97,3.5,2348,156,2.97,,monthly_45d_35d_otm,weekly_2_strike0,52,460
UBER,2020-12-29,2021-01-27,backfill,O:UBER210219C00055000,55.0,2021-02-19,2020-12-31,3.5,3.56,2.29,2.31,1403,127,3.5,,monthly_45d_35d_otm,weekly_2_strike0,52,460
UBER,2020-12-29,2021-01-27,backfill,O:UBER210219C00055000,55.0,2021-02-19,2021-01-04,2.76,2.76,1.86,2.4,4783,154,2.76,,monthly_45d_35d_otm,weekly_2_strike0,52,460
UBER,2020-12-29,2021-01-27,backfill,O:UBER210219C00055000,55.0,2021-02-19,2021-01-05,2.25,3.85,2.2,3.8,3683,236,2.25,,monthly_45d_35d_otm,weekly_2_strike0,52,460
UBER,2020-12-29,2021-01-27,backfill,O:UBER210219C00055000,55.0,2021-02-19,2021-01-06,3.6,3.7,2.68,2.84,2167,176,3.6,,monthly_45d_35d_otm,weekly_2_strike0,52,460
UBER,2020-12-29,2021-01-27,backfill,O:UBER210219C00055000,55.0,2021-02-19,2021-01-07,3.5,4.85,3.4,4.75,2332,221,3.5,,monthly_45d_35d_otm,weekly_2_strike0,52,460
UBER,2020-12-29,2021-01-27,backfill,O:UBER210219C00055000,55.0,2021-02-19,2021-01-08,3.95,3.95,2.95,3.25,3791,191,3.95,,monthly_45d_35d_otm,weekly_2_strike0,52,460
UBER,2020-12-29,2021-01-27,backfill,O:UBER210219C00055000,55.0,2021-02-19,2021-01-11,3.15,4.05,3.05,3.8,2010,166,3.15,,monthly_45d_35d_otm,weekly_2_strike0,52,460
UBER,2020-12-29,2021-01-27,backfill,O:UBER210219C00055000,55.0,2021-02-19,2021-01-12,4.25,6.85,4.23,6.2,3404,238,4.25,,monthly_45d_35d_otm,weekly_2_strike0,52,460
UBER,2020-12-29,2021-01-27,backfill,O:UBER210219C00055000,55.0,2021-02-19,2021-01-13,5.9,7.09,5.5,6.7,1128,134,5.9,,monthly_45d_35d_otm,weekly_2_strike0,52,460
UBER,2020-12-29,2021-01-27,backfill,O:UBER210219C00055000,55.0,2021-02-19,2021-01-14,7.0,7.13,4.95,4.95,1813,125,7.0,,monthly_45d_35d_otm,weekly_2_strike0,52,460
UBER,2020-12-29,2021-01-27,backfill,O:UBER210219C00055000,55.0,2021-02-19,2021-01-15,5.3,5.56,3.9,4.2,1991,108,5.3,,monthly_45d_35d_otm,weekly_2_strike0,52,460
UBER,2020-12-29,2021-01-27,backfill,O:UBER210219C00055000,55.0,2021-02-19,2021-01-19,4.76,4.76,3.8,4.31,293,63,4.76,,monthly_45d_35d_otm,weekly_2_strike0,52,460
UBER,2020-12-29,2021-01-27,backfill,O:UBER210219C00055000,55.0,2021-02-19,2021-01-20,5.0,5.35,3.65,4.3,311,53,5.0,,monthly_45d_35d_otm,weekly_2_strike0,52,460
UBER,2020-12-29,2021-01-27,backfill,O:UBER210219C00055000,55.0,2021-02-19,2021-01-21,4.08,4.3,3.7,3.9,544,60,4.08,,monthly_45d_35d_otm,weekly_2_strike0,52,460
UBER,2020-12-29,2021-01-27,backfill,O:UBER210219C00055000,55.0,2021-02-19,2021-01-22,3.62,3.9,2.83,3.15,1516,110,3.62,,monthly_45d_35d_otm,weekly_2_strike0,52,460
UBER,2020-12-29,2021-01-27,backfill,O:UBER210219C00055000,55.0,2021-02-19,2021-01-25,3.15,3.15,1.4,3.05,6577,186,3.15,,monthly_45d_35d_otm,weekly_2_strike0,52,460
UBER,2020-12-29,2021-01-27,backfill,O:UBER210219C00055000,55.0,2021-02-19,2021-01-26,3.4,3.7,2.0,2.15,2870,169,3.4,,monthly_45d_35d_otm,weekly_2_strike0,52,460
UBER,2020-12-29,2021-01-27,backfill,O:UBER210219C00055000,55.0,2021-02-19,2021-01-27,1.57,1.85,1.1,1.3,7793,203,1.57,,monthly_45d_35d_otm,weekly_2_strike0,52,460
UBER,2022-08-04,2022-08-31,backfill,O:UBER220916C00030000,30.0,2022-09-16,2022-08-04,2.15,3.65,2.11,3.32,5575,142,2.15,,monthly_30d_atm,weekly_2_strike0,43,5575
UBER,2022-08-04,2022-08-31,backfill,O:UBER220916C00030000,30.0,2022-09-16,2022-08-05,3.14,3.8,2.81,3.4,2149,82,3.14,,monthly_30d_atm,weekly_2_strike0,43,5575
UBER,2022-08-04,2022-08-31,backfill,O:UBER220916C00030000,30.0,2022-09-16,2022-08-08,3.75,4.03,3.2,3.3,5888,60,3.75,,monthly_30d_atm,weekly_2_strike0,43,5575
UBER,2022-08-04,2022-08-31,backfill,O:UBER220916C00030000,30.0,2022-09-16,2022-08-09,2.87,2.93,2.3,2.7,2356,48,2.87,,monthly_30d_atm,weekly_2_strike0,43,5575
UBER,2022-08-04,2022-08-31,backfill,O:UBER220916C00030000,30.0,2022-09-16,2022-08-10,3.53,4.05,3.45,3.82,2224,64,3.53,,monthly_30d_atm,weekly_2_strike0,43,5575
UBER,2022-08-04,2022-08-31,backfill,O:UBER220916C00030000,30.0,2022-09-16,2022-08-11,4.09,4.25,3.28,3.4,2735,62,4.09,,monthly_30d_atm,weekly_2_strike0,43,5575
UBER,2022-08-04,2022-08-31,backfill,O:UBER220916C00030000,30.0,2022-09-16,2022-08-12,3.51,3.54,3.0,3.52,281,38,3.51,,monthly_30d_atm,weekly_2_strike0,43,5575
UBER,2022-08-04,2022-08-31,backfill,O:UBER220916C00030000,30.0,2022-09-16,2022-08-15,3.39,3.58,3.1,3.51,380,19,3.39,,monthly_30d_atm,weekly_2_strike0,43,5575
UBER,2022-08-04,2022-08-31,backfill,O:UBER220916C00030000,30.0,2022-09-16,2022-08-16,3.15,3.5,2.57,3.35,498,49,3.15,,monthly_30d_atm,weekly_2_strike0,43,5575
UBER,2022-08-04,2022-08-31,backfill,O:UBER220916C00030000,30.0,2022-09-16,2022-08-17,2.68,2.79,2.01,2.16,1162,75,2.68,,monthly_30d_atm,weekly_2_strike0,43,5575
UBER,2022-08-04,2022-08-31,backfill,O:UBER220916C00030000,30.0,2022-09-16,2022-08-18,2.03,2.03,1.62,1.74,481,71,2.03,,monthly_30d_atm,weekly_2_strike0,43,5575
UBER,2022-08-04,2022-08-31,backfill,O:UBER220916C00030000,30.0,2022-09-16,2022-08-19,1.43,1.43,1.02,1.16,5120,102,1.43,,monthly_30d_atm,weekly_2_strike0,43,5575
UBER,2022-08-04,2022-08-31,backfill,O:UBER220916C00030000,30.0,2022-09-16,2022-08-22,0.91,1.05,0.74,0.77,428,79,0.91,,monthly_30d_atm,weekly_2_strike0,43,5575
UBER,2022-08-04,2022-08-31,backfill,O:UBER220916C00030000,30.0,2022-09-16,2022-08-23,0.79,1.01,0.67,0.67,657,49,0.79,,monthly_30d_atm,weekly_2_strike0,43,5575
UBER,2022-08-04,2022-08-31,backfill,O:UBER220916C00030000,30.0,2022-09-16,2022-08-24,0.8,1.17,0.8,0.95,542,75,0.8,,monthly_30d_atm,weekly_2_strike0,43,5575
UBER,2022-08-04,2022-08-31,backfill,O:UBER220916C00030000,30.0,2022-09-16,2022-08-25,1.0,1.3,0.98,1.3,10534,135,1.0,,monthly_30d_atm,weekly_2_strike0,43,5575
UBER,2022-08-04,2022-08-31,backfill,O:UBER220916C00030000,30.0,2022-09-16,2022-08-26,1.27,1.27,0.79,0.88,4437,81,1.27,,monthly_30d_atm,weekly_2_strike0,43,5575
UBER,2022-08-04,2022-08-31,backfill,O:UBER220916C00030000,30.0,2022-09-16,2022-08-29,0.71,1.07,0.71,0.88,553,68,0.71,,monthly_30d_atm,weekly_2_strike0,43,5575
UBER,2022-08-04,2022-08-31,backfill,O:UBER220916C00030000,30.0,2022-09-16,2022-08-30,0.95,0.95,0.63,0.82,3443,88,0.95,,monthly_30d_atm,weekly_2_strike0,43,5575
UBER,2022-08-04,2022-08-31,backfill,O:UBER220916C00030000,30.0,2022-09-16,2022-08-31,1.06,1.34,0.84,0.85,4511,130,1.06,,monthly_30d_atm,weekly_2_strike0,43,5575
UBER,2023-11-17,2023-12-15,backfill,O:UBER240119C00060000,60.0,2024-01-19,2023-11-17,1.07,1.14,1.02,1.07,642,54,1.07,,monthly_45d_25d_otm,weekly_1_strike0,63,642
UBER,2023-11-17,2023-12-15,backfill,O:UBER240119C00060000,60.0,2024-01-19,2023-11-20,0.92,1.21,0.91,1.07,2507,91,0.92,,monthly_45d_25d_otm,weekly_1_strike0,63,642
UBER,2023-11-17,2023-12-15,backfill,O:UBER240119C00060000,60.0,2024-01-19,2023-11-21,0.95,1.12,0.89,1.03,404,51,0.95,,monthly_45d_25d_otm,weekly_1_strike0,63,642
UBER,2023-11-17,2023-12-15,backfill,O:UBER240119C00060000,60.0,2024-01-19,2023-11-22,1.16,1.31,1.03,1.16,11151,108,1.16,,monthly_45d_25d_otm,weekly_1_strike0,63,642
UBER,2023-11-17,2023-12-15,backfill,O:UBER240119C00060000,60.0,2024-01-19,2023-11-24,1.12,1.26,1.12,1.14,756,53,1.12,,monthly_45d_25d_otm,weekly_1_strike0,63,642
UBER,2023-11-17,2023-12-15,backfill,O:UBER240119C00060000,60.0,2024-01-19,2023-11-27,1.19,1.44,1.19,1.27,23034,126,1.19,,monthly_45d_25d_otm,weekly_1_strike0,63,642
UBER,2023-11-17,2023-12-15,backfill,O:UBER240119C00060000,60.0,2024-01-19,2023-11-28,1.22,1.31,1.08,1.3,2529,81,1.22,,monthly_45d_25d_otm,weekly_1_strike0,63,642
UBER,2023-11-17,2023-12-15,backfill,O:UBER240119C00060000,60.0,2024-01-19,2023-11-29,1.35,1.58,1.21,1.38,4949,111,1.35,,monthly_45d_25d_otm,weekly_1_strike0,63,642
UBER,2023-11-17,2023-12-15,backfill,O:UBER240119C00060000,60.0,2024-01-19,2023-11-30,1.45,1.49,1.09,1.4,2984,132,1.45,,monthly_45d_25d_otm,weekly_1_strike0,63,642
UBER,2023-11-17,2023-12-15,backfill,O:UBER240119C00060000,60.0,2024-01-19,2023-12-01,1.48,1.97,1.35,1.75,6486,220,1.48,,monthly_45d_25d_otm,weekly_1_strike0,63,642
UBER,2023-11-17,2023-12-15,backfill,O:UBER240119C00060000,60.0,2024-01-19,2023-12-04,2.92,3.44,2.14,2.15,7590,237,2.92,,monthly_45d_25d_otm,weekly_1_strike0,63,642
UBER,2023-11-17,2023-12-15,backfill,O:UBER240119C00060000,60.0,2024-01-19,2023-12-05,1.86,2.1,1.78,1.82,1949,159,1.86,,monthly_45d_25d_otm,weekly_1_strike0,63,642
UBER,2023-11-17,2023-12-15,backfill,O:UBER240119C00060000,60.0,2024-01-19,2023-12-06,2.1,2.7,2.1,2.65,2881,146,2.1,,monthly_45d_25d_otm,weekly_1_strike0,63,642
UBER,2023-11-17,2023-12-15,backfill,O:UBER240119C00060000,60.0,2024-01-19,2023-12-07,2.61,3.3,2.41,3.2,2431,152,2.61,,monthly_45d_25d_otm,weekly_1_strike0,63,642
UBER,2023-11-17,2023-12-15,backfill,O:UBER240119C00060000,60.0,2024-01-19,2023-12-08,2.95,4.05,2.95,3.61,2430,153,2.95,,monthly_45d_25d_otm,weekly_1_strike0,63,642
UBER,2023-11-17,2023-12-15,backfill,O:UBER240119C00060000,60.0,2024-01-19,2023-12-11,3.04,4.55,3.04,4.05,3632,92,3.04,,monthly_45d_25d_otm,weekly_1_strike0,63,642
UBER,2023-11-17,2023-12-15,backfill,O:UBER240119C00060000,60.0,2024-01-19,2023-12-12,3.75,4.48,3.35,4.25,1192,99,3.75,,monthly_45d_25d_otm,weekly_1_strike0,63,642
UBER,2023-11-17,2023-12-15,backfill,O:UBER240119C00060000,60.0,2024-01-19,2023-12-13,4.23,4.3,3.35,3.7,859,110,4.23,,monthly_45d_25d_otm,weekly_1_strike0,63,642
UBER,2023-11-17,2023-12-15,backfill,O:UBER240119C00060000,60.0,2024-01-19,2023-12-14,3.5,4.25,2.83,4.0,952,100,3.5,,monthly_45d_25d_otm,weekly_1_strike0,63,642
UBER,2023-11-17,2023-12-15,backfill,O:UBER240119C00060000,60.0,2024-01-19,2023-12-15,3.5,4.8,3.5,3.8,1096,100,3.5,,monthly_45d_25d_otm,weekly_1_strike0,63,642
UNH,2021-04-19,2021-05-14,backfill,O:UNH210521C00400000,400.0,2021-05-21,2021-04-19,5.2,6.1,4.96,5.15,353,20,5.2,,monthly_30d_35d_otm,weekly_2_strike0,32,353
UNH,2021-04-19,2021-05-14,backfill,O:UNH210521C00400000,400.0,2021-05-21,2021-04-20,6.65,8.45,5.96,8.45,979,54,6.65,,monthly_30d_35d_otm,weekly_2_strike0,32,353
UNH,2021-04-19,2021-05-14,backfill,O:UNH210521C00400000,400.0,2021-05-21,2021-04-21,9.0,10.95,8.0,9.24,214,61,9.0,,monthly_30d_35d_otm,weekly_2_strike0,32,353
UNH,2021-04-19,2021-05-14,backfill,O:UNH210521C00400000,400.0,2021-05-21,2021-04-22,8.2,8.2,6.55,7.8,592,40,8.2,,monthly_30d_35d_otm,weekly_2_strike0,32,353
UNH,2021-04-19,2021-05-14,backfill,O:UNH210521C00400000,400.0,2021-05-21,2021-04-23,8.55,9.8,6.79,8.7,486,93,8.55,,monthly_30d_35d_otm,weekly_2_strike0,32,353
UNH,2021-04-19,2021-05-14,backfill,O:UNH210521C00400000,400.0,2021-05-21,2021-04-26,8.75,8.75,6.1,6.1,927,39,8.75,,monthly_30d_35d_otm,weekly_2_strike0,32,353
UNH,2021-04-19,2021-05-14,backfill,O:UNH210521C00400000,400.0,2021-05-21,2021-04-27,5.4,6.18,5.0,5.5,267,47,5.4,,monthly_30d_35d_otm,weekly_2_strike0,32,353
UNH,2021-04-19,2021-05-14,backfill,O:UNH210521C00400000,400.0,2021-05-21,2021-04-28,5.84,6.2,5.05,6.05,99,19,5.84,,monthly_30d_35d_otm,weekly_2_strike0,32,353
UNH,2021-04-19,2021-05-14,backfill,O:UNH210521C00400000,400.0,2021-05-21,2021-04-29,6.13,8.68,6.06,8.56,197,50,6.13,,monthly_30d_35d_otm,weekly_2_strike0,32,353
UNH,2021-04-19,2021-05-14,backfill,O:UNH210521C00400000,400.0,2021-05-21,2021-04-30,8.15,8.58,6.83,7.0,116,21,8.15,,monthly_30d_35d_otm,weekly_2_strike0,32,353
UNH,2021-04-19,2021-05-14,backfill,O:UNH210521C00400000,400.0,2021-05-21,2021-05-03,8.11,11.1,7.35,10.55,229,49,8.11,,monthly_30d_35d_otm,weekly_2_strike0,32,353
UNH,2021-04-19,2021-05-14,backfill,O:UNH210521C00400000,400.0,2021-05-21,2021-05-04,9.87,15.67,9.87,14.79,191,35,9.87,,monthly_30d_35d_otm,weekly_2_strike0,32,353
UNH,2021-04-19,2021-05-14,backfill,O:UNH210521C00400000,400.0,2021-05-21,2021-05-05,11.65,14.9,11.65,14.9,53,13,11.65,,monthly_30d_35d_otm,weekly_2_strike0,32,353
UNH,2021-04-19,2021-05-14,backfill,O:UNH210521C00400000,400.0,2021-05-21,2021-05-06,16.5,18.52,16.1,17.46,89,15,16.5,,monthly_30d_35d_otm,weekly_2_strike0,32,353
UNH,2021-04-19,2021-05-14,backfill,O:UNH210521C00400000,400.0,2021-05-21,2021-05-07,17.0,20.15,17.0,19.68,148,22,17.0,,monthly_30d_35d_otm,weekly_2_strike0,32,353
UNH,2021-04-19,2021-05-14,backfill,O:UNH210521C00400000,400.0,2021-05-21,2021-05-10,20.41,25.78,20.41,23.91,44,13,20.41,,monthly_30d_35d_otm,weekly_2_strike0,32,353
UNH,2021-04-19,2021-05-14,backfill,O:UNH210521C00400000,400.0,2021-05-21,2021-05-11,17.28,17.28,14.54,15.3,34,9,17.28,,monthly_30d_35d_otm,weekly_2_strike0,32,353
UNH,2021-04-19,2021-05-14,backfill,O:UNH210521C00400000,400.0,2021-05-21,2021-05-12,12.52,13.01,11.12,11.12,26,9,12.52,,monthly_30d_35d_otm,weekly_2_strike0,32,353
UNH,2021-04-19,2021-05-14,backfill,O:UNH210521C00400000,400.0,2021-05-21,2021-05-13,10.8,13.7,10.29,12.98,96,8,10.8,,monthly_30d_35d_otm,weekly_2_strike0,32,353
UNH,2021-04-19,2021-05-14,backfill,O:UNH210521C00400000,400.0,2021-05-21,2021-05-14,12.6,12.6,11.28,11.41,8,4,12.6,,monthly_30d_35d_otm,weekly_2_strike0,32,353
UNH,2021-12-08,2022-01-05,backfill,O:UNH220121C00480000,480.0,2022-01-21,2021-12-08,11.18,11.4,8.8,11.4,2025,24,11.18,,monthly_30d_35d_otm,weekly_2_strike0,44,2025
UNH,2021-12-08,2022-01-05,backfill,O:UNH220121C00480000,480.0,2022-01-21,2021-12-09,11.2,13.4,10.8,13.18,423,53,11.2,,monthly_30d_35d_otm,weekly_2_strike0,44,2025
UNH,2021-12-08,2022-01-05,backfill,O:UNH220121C00480000,480.0,2022-01-21,2021-12-10,12.4,14.7,11.72,14.7,75,29,12.4,,monthly_30d_35d_otm,weekly_2_strike0,44,2025
UNH,2021-12-08,2022-01-05,backfill,O:UNH220121C00480000,480.0,2022-01-21,2021-12-13,13.6,15.7,12.9,15.24,80,29,13.6,,monthly_30d_35d_otm,weekly_2_strike0,44,2025
UNH,2021-12-08,2022-01-05,backfill,O:UNH220121C00480000,480.0,2022-01-21,2021-12-14,16.04,17.0,14.85,15.45,1687,30,16.04,,monthly_30d_35d_otm,weekly_2_strike0,44,2025
UNH,2021-12-08,2022-01-05,backfill,O:UNH220121C00480000,480.0,2022-01-21,2021-12-15,17.36,24.02,17.05,23.45,234,41,17.36,,monthly_30d_35d_otm,weekly_2_strike0,44,2025
UNH,2021-12-08,2022-01-05,backfill,O:UNH220121C00480000,480.0,2022-01-21,2021-12-16,22.75,25.75,21.7,23.85,202,17,22.75,,monthly_30d_35d_otm,weekly_2_strike0,44,2025
UNH,2021-12-08,2022-01-05,backfill,O:UNH220121C00480000,480.0,2022-01-21,2021-12-17,22.6,24.45,18.5,18.5,65,20,22.6,,monthly_30d_35d_otm,weekly_2_strike0,44,2025
UNH,2021-12-08,2022-01-05,backfill,O:UNH220121C00480000,480.0,2022-01-21,2021-12-20,14.29,16.65,12.3,16.65,66,22,14.29,,monthly_30d_35d_otm,weekly_2_strike0,44,2025
UNH,2021-12-08,2022-01-05,backfill,O:UNH220121C00480000,480.0,2022-01-21,2021-12-21,15.79,18.5,15.6,18.5,45,27,15.79,,monthly_30d_35d_otm,weekly_2_strike0,44,2025
UNH,2021-12-08,2022-01-05,backfill,O:UNH220121C00480000,480.0,2022-01-21,2021-12-22,18.35,23.1,18.35,22.83,75,14,18.35,,monthly_30d_35d_otm,weekly_2_strike0,44,2025
UNH,2021-12-08,2022-01-05,backfill,O:UNH220121C00480000,480.0,2022-01-21,2021-12-23,23.45,24.47,21.96,23.5,18,10,23.45,,monthly_30d_35d_otm,weekly_2_strike0,44,2025
UNH,2021-12-08,2022-01-05,backfill,O:UNH220121C00480000,480.0,2022-01-21,2021-12-27,24.3,25.73,23.5,23.5,610,15,24.3,,monthly_30d_35d_otm,weekly_2_strike0,44,2025
UNH,2021-12-08,2022-01-05,backfill,O:UNH220121C00480000,480.0,2022-01-21,2021-12-28,26.83,30.4,26.83,27.73,29,13,26.83,,monthly_30d_35d_otm,weekly_2_strike0,44,2025
UNH,2021-12-08,2022-01-05,backfill,O:UNH220121C00480000,480.0,2022-01-21,2021-12-29,28.63,29.8,26.6,29.8,21,7,28.63,,monthly_30d_35d_otm,weekly_2_strike0,44,2025
UNH,2021-12-08,2022-01-05,backfill,O:UNH220121C00480000,480.0,2022-01-21,2021-12-30,30.19,30.19,28.6,29.15,7,6,30.19,,monthly_30d_35d_otm,weekly_2_strike0,44,2025
UNH,2021-12-08,2022-01-05,backfill,O:UNH220121C00480000,480.0,2022-01-21,2021-12-31,28.22,29.45,27.95,28.93,15,7,28.22,,monthly_30d_35d_otm,weekly_2_strike0,44,2025
UNH,2021-12-08,2022-01-05,backfill,O:UNH220121C00480000,480.0,2022-01-21,2022-01-03,21.95,22.45,19.29,22.45,8,5,21.95,,monthly_30d_35d_otm,weekly_2_strike0,44,2025
UNH,2021-12-08,2022-01-05,backfill,O:UNH220121C00480000,480.0,2022-01-21,2022-01-04,17.89,17.93,17.0,17.0,57,14,17.89,,monthly_30d_35d_otm,weekly_2_strike0,44,2025
UNH,2021-12-08,2022-01-05,backfill,O:UNH220121C00480000,480.0,2022-01-21,2022-01-05,19.0,19.9,17.0,17.32,13,8,19.0,,monthly_30d_35d_otm,weekly_2_strike0,44,2025
UNH,2023-04-18,2023-05-15,backfill,O:UNH230519C00530000,530.0,2023-05-19,2023-04-18,2.22,2.57,1.65,2.4,354,81,2.22,,monthly_30d_25d_otm,weekly_2_strike0,31,354
UNH,2023-04-18,2023-05-15,backfill,O:UNH230519C00530000,530.0,2023-05-19,2023-04-19,1.8,1.8,0.63,0.69,370,90,1.8,,monthly_30d_25d_otm,weekly_2_strike0,31,354
UNH,2023-04-18,2023-05-15,backfill,O:UNH230519C00530000,530.0,2023-05-19,2023-04-20,0.5,0.77,0.5,0.67,112,21,0.5,,monthly_30d_25d_otm,weekly_2_strike0,31,354
UNH,2023-04-18,2023-05-15,backfill,O:UNH230519C00530000,530.0,2023-05-19,2023-04-21,0.95,0.99,0.38,0.38,255,22,0.95,,monthly_30d_25d_otm,weekly_2_strike0,31,354
UNH,2023-04-18,2023-05-15,backfill,O:UNH230519C00530000,530.0,2023-05-19,2023-04-24,0.43,0.52,0.29,0.42,120,28,0.43,,monthly_30d_25d_otm,weekly_2_strike0,31,354
UNH,2023-04-18,2023-05-15,backfill,O:UNH230519C00530000,530.0,2023-05-19,2023-04-25,0.5,0.71,0.5,0.66,234,25,0.5,,monthly_30d_25d_otm,weekly_2_strike0,31,354
UNH,2023-04-18,2023-05-15,backfill,O:UNH230519C00530000,530.0,2023-05-19,2023-04-26,0.55,0.55,0.3,0.33,119,7,0.55,,monthly_30d_25d_otm,weekly_2_strike0,31,354
UNH,2023-04-18,2023-05-15,backfill,O:UNH230519C00530000,530.0,2023-05-19,2023-04-27,0.46,0.46,0.3,0.37,23,12,0.46,,monthly_30d_25d_otm,weekly_2_strike0,31,354
UNH,2023-04-18,2023-05-15,backfill,O:UNH230519C00530000,530.0,2023-05-19,2023-04-28,0.39,0.39,0.39,0.39,1,1,0.39,,monthly_30d_25d_otm,weekly_2_strike0,31,354
UNH,2023-04-18,2023-05-15,backfill,O:UNH230519C00530000,530.0,2023-05-19,2023-05-01,0.28,0.48,0.28,0.38,58,13,0.28,,monthly_30d_25d_otm,weekly_2_strike0,31,354
UNH,2023-04-18,2023-05-15,backfill,O:UNH230519C00530000,530.0,2023-05-19,2023-05-02,0.39,0.39,0.22,0.32,13,9,0.39,,monthly_30d_25d_otm,weekly_2_strike0,31,354
UNH,2023-04-18,2023-05-15,backfill,O:UNH230519C00530000,530.0,2023-05-19,2023-05-03,0.13,0.37,0.13,0.36,32,5,0.13,,monthly_30d_25d_otm,weekly_2_strike0,31,354
UNH,2023-04-18,2023-05-15,backfill,O:UNH230519C00530000,530.0,2023-05-19,2023-05-04,0.27,0.27,0.14,0.18,258,4,0.27,,monthly_30d_25d_otm,weekly_2_strike0,31,354
UNH,2023-04-18,2023-05-15,backfill,O:UNH230519C00530000,530.0,2023-05-19,2023-05-05,0.23,0.35,0.1,0.1,34,8,0.23,,monthly_30d_25d_otm,weekly_2_strike0,31,354
UNH,2023-04-18,2023-05-15,backfill,O:UNH230519C00530000,530.0,2023-05-19,2023-05-08,0.2,0.2,0.12,0.12,12,6,0.2,,monthly_30d_25d_otm,weekly_2_strike0,31,354
UNH,2023-04-18,2023-05-15,backfill,O:UNH230519C00530000,530.0,2023-05-19,2023-05-09,0.23,0.23,0.09,0.14,189,5,0.23,,monthly_30d_25d_otm,weekly_2_strike0,31,354
UNH,2023-04-18,2023-05-15,backfill,O:UNH230519C00530000,530.0,2023-05-19,2023-05-10,0.17,0.17,0.05,0.12,108,6,0.17,,monthly_30d_25d_otm,weekly_2_strike0,31,354
UNH,2023-04-18,2023-05-15,backfill,O:UNH230519C00530000,530.0,2023-05-19,2023-05-11,0.13,0.13,0.05,0.06,11,8,0.13,,monthly_30d_25d_otm,weekly_2_strike0,31,354
UNH,2023-04-18,2023-05-15,backfill,O:UNH230519C00530000,530.0,2023-05-19,2023-05-12,0.04,0.12,0.04,0.1,22,3,0.04,,monthly_30d_25d_otm,weekly_2_strike0,31,354
UNH,2023-04-18,2023-05-15,backfill,O:UNH230519C00530000,530.0,2023-05-19,2023-05-15,0.02,0.05,0.01,0.01,16,6,0.02,,monthly_30d_25d_otm,weekly_2_strike0,31,354
UNH,2023-08-29,2023-09-26,backfill,O:UNH231020C00500000,500.0,2023-10-20,2023-08-29,12.8,12.9,11.2,12.9,101,35,12.8,,monthly_45d_35d_otm,weekly_2_strike0,52,101
UNH,2023-08-29,2023-09-26,backfill,O:UNH231020C00500000,500.0,2023-10-20,2023-08-30,13.8,14.5,11.73,11.73,55,17,13.8,,monthly_45d_35d_otm,weekly_2_strike0,52,101
UNH,2023-08-29,2023-09-26,backfill,O:UNH231020C00500000,500.0,2023-10-20,2023-08-31,11.0,11.0,6.52,6.6,181,65,11.0,,monthly_45d_35d_otm,weekly_2_strike0,52,101
UNH,2023-08-29,2023-09-26,backfill,O:UNH231020C00500000,500.0,2023-10-20,2023-09-01,7.0,7.5,5.38,6.05,119,36,7.0,,monthly_45d_35d_otm,weekly_2_strike0,52,101
UNH,2023-08-29,2023-09-26,backfill,O:UNH231020C00500000,500.0,2023-10-20,2023-09-05,7.35,8.05,6.7,6.7,81,28,7.35,,monthly_45d_35d_otm,weekly_2_strike0,52,101
UNH,2023-08-29,2023-09-26,backfill,O:UNH231020C00500000,500.0,2023-10-20,2023-09-06,7.0,7.0,5.42,5.42,105,31,7.0,,monthly_45d_35d_otm,weekly_2_strike0,52,101
UNH,2023-08-29,2023-09-26,backfill,O:UNH231020C00500000,500.0,2023-10-20,2023-09-07,6.17,8.55,6.17,8.0,80,30,6.17,,monthly_45d_35d_otm,weekly_2_strike0,52,101
UNH,2023-08-29,2023-09-26,backfill,O:UNH231020C00500000,500.0,2023-10-20,2023-09-08,6.2,7.3,6.1,6.35,44,19,6.2,,monthly_45d_35d_otm,weekly_2_strike0,52,101
UNH,2023-08-29,2023-09-26,backfill,O:UNH231020C00500000,500.0,2023-10-20,2023-09-11,7.0,7.25,5.55,5.55,66,28,7.0,,monthly_45d_35d_otm,weekly_2_strike0,52,101
UNH,2023-08-29,2023-09-26,backfill,O:UNH231020C00500000,500.0,2023-10-20,2023-09-12,4.73,7.19,4.0,6.28,286,55,4.73,,monthly_45d_35d_otm,weekly_2_strike0,52,101
UNH,2023-08-29,2023-09-26,backfill,O:UNH231020C00500000,500.0,2023-10-20,2023-09-13,6.2,7.1,5.5,5.54,89,30,6.2,,monthly_45d_35d_otm,weekly_2_strike0,52,101
UNH,2023-08-29,2023-09-26,backfill,O:UNH231020C00500000,500.0,2023-10-20,2023-09-14,6.1,6.85,5.05,6.2,291,38,6.1,,monthly_45d_35d_otm,weekly_2_strike0,52,101
UNH,2023-08-29,2023-09-26,backfill,O:UNH231020C00500000,500.0,2023-10-20,2023-09-15,7.0,8.38,6.6,7.4,131,40,7.0,,monthly_45d_35d_otm,weekly_2_strike0,52,101
UNH,2023-08-29,2023-09-26,backfill,O:UNH231020C00500000,500.0,2023-10-20,2023-09-18,8.0,8.0,6.2,6.7,184,46,8.0,,monthly_45d_35d_otm,weekly_2_strike0,52,101
UNH,2023-08-29,2023-09-26,backfill,O:UNH231020C00500000,500.0,2023-10-20,2023-09-19,5.18,5.63,4.15,5.2,198,49,5.18,,monthly_45d_35d_otm,weekly_2_strike0,52,101
UNH,2023-08-29,2023-09-26,backfill,O:UNH231020C00500000,500.0,2023-10-20,2023-09-20,4.7,10.5,4.7,9.45,470,47,4.7,,monthly_45d_35d_otm,weekly_2_strike0,52,101
UNH,2023-08-29,2023-09-26,backfill,O:UNH231020C00500000,500.0,2023-10-20,2023-09-21,11.0,16.65,11.0,14.95,459,79,11.0,,monthly_45d_35d_otm,weekly_2_strike0,52,101
UNH,2023-08-29,2023-09-26,backfill,O:UNH231020C00500000,500.0,2023-10-20,2023-09-22,13.7,19.3,13.1,17.24,66,41,13.7,,monthly_45d_35d_otm,weekly_2_strike0,52,101
UNH,2023-08-29,2023-09-26,backfill,O:UNH231020C00500000,500.0,2023-10-20,2023-09-25,17.75,19.82,17.47,19.82,127,25,17.75,,monthly_45d_35d_otm,weekly_2_strike0,52,101
UNH,2023-08-29,2023-09-26,backfill,O:UNH231020C00500000,500.0,2023-10-20,2023-09-26,16.68,17.15,15.9,16.9,213,22,16.68,,monthly_45d_35d_otm,weekly_2_strike0,52,101
UNH,2024-06-14,2024-07-15,backfill,O:UNH240719C00510000,510.0,2024-07-19,2024-06-14,9.25,9.95,8.16,9.42,168,27,9.25,,monthly_30d_35d_otm,weekly_1_strike0,35,168
UNH,2024-06-14,2024-07-15,backfill,O:UNH240719C00510000,510.0,2024-07-19,2024-06-17,8.3,8.35,7.4,7.75,199,28,8.3,,monthly_30d_35d_otm,weekly_1_strike0,35,168
UNH,2024-06-14,2024-07-15,backfill,O:UNH240719C00510000,510.0,2024-07-19,2024-06-18,7.35,7.5,4.87,5.1,258,65,7.35,,monthly_30d_35d_otm,weekly_1_strike0,35,168
UNH,2024-06-14,2024-07-15,backfill,O:UNH240719C00510000,510.0,2024-07-19,2024-06-20,5.35,5.95,4.6,5.76,161,36,5.35,,monthly_30d_35d_otm,weekly_1_strike0,35,168
UNH,2024-06-14,2024-07-15,backfill,O:UNH240719C00510000,510.0,2024-07-19,2024-06-21,5.6,6.41,4.7,5.05,151,29,5.6,,monthly_30d_35d_otm,weekly_1_strike0,35,168
UNH,2024-06-14,2024-07-15,backfill,O:UNH240719C00510000,510.0,2024-07-19,2024-06-24,5.7,6.3,5.15,6.0,99,37,5.7,,monthly_30d_35d_otm,weekly_1_strike0,35,168
UNH,2024-06-14,2024-07-15,backfill,O:UNH240719C00510000,510.0,2024-07-19,2024-06-25,5.92,5.92,3.95,5.2,86,16,5.92,,monthly_30d_35d_otm,weekly_1_strike0,35,168
UNH,2024-06-14,2024-07-15,backfill,O:UNH240719C00510000,510.0,2024-07-19,2024-06-26,4.5,5.24,4.17,4.85,39,17,4.5,,monthly_30d_35d_otm,weekly_1_strike0,35,168
UNH,2024-06-14,2024-07-15,backfill,O:UNH240719C00510000,510.0,2024-07-19,2024-06-27,4.99,5.7,4.35,5.5,680,25,4.99,,monthly_30d_35d_otm,weekly_1_strike0,35,168
UNH,2024-06-14,2024-07-15,backfill,O:UNH240719C00510000,510.0,2024-07-19,2024-06-28,8.5,13.7,7.4,13.7,200,41,8.5,,monthly_30d_35d_otm,weekly_1_strike0,35,168
UNH,2024-06-14,2024-07-15,backfill,O:UNH240719C00510000,510.0,2024-07-19,2024-07-01,13.21,14.0,7.47,7.85,137,46,13.21,,monthly_30d_35d_otm,weekly_1_strike0,35,168
UNH,2024-06-14,2024-07-15,backfill,O:UNH240719C00510000,510.0,2024-07-19,2024-07-02,7.91,9.1,7.6,9.1,248,19,7.91,,monthly_30d_35d_otm,weekly_1_strike0,35,168
UNH,2024-06-14,2024-07-15,backfill,O:UNH240719C00510000,510.0,2024-07-19,2024-07-03,8.5,8.5,6.1,7.13,87,26,8.5,,monthly_30d_35d_otm,weekly_1_strike0,35,168
UNH,2024-06-14,2024-07-15,backfill,O:UNH240719C00510000,510.0,2024-07-19,2024-07-05,5.91,6.25,5.45,6.15,70,21,5.91,,monthly_30d_35d_otm,weekly_1_strike0,35,168
UNH,2024-06-14,2024-07-15,backfill,O:UNH240719C00510000,510.0,2024-07-19,2024-07-08,6.65,7.64,5.55,6.05,359,37,6.65,,monthly_30d_35d_otm,weekly_1_strike0,35,168
UNH,2024-06-14,2024-07-15,backfill,O:UNH240719C00510000,510.0,2024-07-19,2024-07-09,5.96,7.55,5.44,6.8,137,31,5.96,,monthly_30d_35d_otm,weekly_1_strike0,35,168
UNH,2024-06-14,2024-07-15,backfill,O:UNH240719C00510000,510.0,2024-07-19,2024-07-10,6.3,10.2,6.15,9.89,116,48,6.3,,monthly_30d_35d_otm,weekly_1_strike0,35,168
UNH,2024-06-14,2024-07-15,backfill,O:UNH240719C00510000,510.0,2024-07-19,2024-07-11,9.05,13.58,9.05,11.9,239,59,9.05,,monthly_30d_35d_otm,weekly_1_strike0,35,168
UNH,2024-06-14,2024-07-15,backfill,O:UNH240719C00510000,510.0,2024-07-19,2024-07-12,14.2,16.25,11.5,13.57,390,104,14.2,,monthly_30d_35d_otm,weekly_1_strike0,35,168
UNH,2024-06-14,2024-07-15,backfill,O:UNH240719C00510000,510.0,2024-07-19,2024-07-15,21.6,25.35,13.85,14.95,461,90,21.6,,monthly_30d_35d_otm,weekly_1_strike0,35,168
UNH,2025-04-10,2025-04-17,backfill,O:UNH250516C00610000,610.0,2025-05-16,2025-04-10,13.32,21.44,13.32,20.83,345,22,13.32,,monthly_30d_30d_otm,weekly_3_strike0,36,345
UNH,2025-04-10,2025-04-17,backfill,O:UNH250516C00610000,610.0,2025-05-16,2025-04-11,18.0,24.0,17.65,21.0,81,22,18.0,,monthly_30d_30d_otm,weekly_3_strike0,36,345
UNH,2025-04-10,2025-04-17,backfill,O:UNH250516C00610000,610.0,2025-05-16,2025-04-14,16.25,16.25,11.0,11.0,101,14,16.25,,monthly_30d_30d_otm,weekly_3_strike0,36,345
UNH,2025-04-10,2025-04-17,backfill,O:UNH250516C00610000,610.0,2025-05-16,2025-04-15,10.42,11.1,10.17,10.45,20,7,10.42,,monthly_30d_30d_otm,weekly_3_strike0,36,345
UNH,2025-04-10,2025-04-17,backfill,O:UNH250516C00610000,610.0,2025-05-16,2025-04-16,11.05,14.4,10.25,10.25,187,31,11.05,,monthly_30d_30d_otm,weekly_3_strike0,36,345
UNH,2025-04-10,2025-04-17,backfill,O:UNH250516C00610000,610.0,2025-05-16,2025-04-17,0.7,0.7,0.1,0.26,86,25,0.7,,monthly_30d_30d_otm,weekly_3_strike0,36,345
UNH,2025-09-11,2025-10-08,backfill,O:UNH251017C00380000,380.0,2025-10-17,2025-09-11,6.75,10.3,5.95,7.35,4154,250,6.75,,monthly_30d_30d_otm,weekly_2_strike0,36,4154
UNH,2025-09-11,2025-10-08,backfill,O:UNH251017C00380000,380.0,2025-10-17,2025-09-12,7.39,10.45,6.5,6.5,2197,199,7.39,,monthly_30d_30d_otm,weekly_2_strike0,36,4154
UNH,2025-09-11,2025-10-08,backfill,O:UNH251017C00380000,380.0,2025-10-17,2025-09-15,5.64,6.85,5.0,5.6,1744,169,5.64,,monthly_30d_30d_otm,weekly_2_strike0,36,4154
UNH,2025-09-11,2025-10-08,backfill,O:UNH251017C00380000,380.0,2025-10-17,2025-09-16,3.72,5.4,3.39,3.39,1388,208,3.72,,monthly_30d_30d_otm,weekly_2_strike0,36,4154
UNH,2025-09-11,2025-10-08,backfill,O:UNH251017C00380000,380.0,2025-10-17,2025-09-17,3.36,3.85,2.77,3.1,856,161,3.36,,monthly_30d_30d_otm,weekly_2_strike0,36,4154
UNH,2025-09-11,2025-10-08,backfill,O:UNH251017C00380000,380.0,2025-10-17,2025-09-18,3.15,3.7,2.37,2.39,1082,214,3.15,,monthly_30d_30d_otm,weekly_2_strike0,36,4154
UNH,2025-09-11,2025-10-08,backfill,O:UNH251017C00380000,380.0,2025-10-17,2025-09-19,2.69,3.1,2.08,2.46,1332,163,2.69,,monthly_30d_30d_otm,weekly_2_strike0,36,4154
UNH,2025-09-11,2025-10-08,backfill,O:UNH251017C00380000,380.0,2025-10-17,2025-09-22,1.92,3.1,1.75,2.92,2334,184,1.92,,monthly_30d_30d_otm,weekly_2_strike0,36,4154
UNH,2025-09-11,2025-10-08,backfill,O:UNH251017C00380000,380.0,2025-10-17,2025-09-23,2.81,5.15,2.65,3.85,4265,279,2.81,,monthly_30d_30d_otm,weekly_2_strike0,36,4154
UNH,2025-09-11,2025-10-08,backfill,O:UNH251017C00380000,380.0,2025-10-17,2025-09-24,4.58,5.43,3.65,4.21,2856,226,4.58,,monthly_30d_30d_otm,weekly_2_strike0,36,4154
UNH,2025-09-11,2025-10-08,backfill,O:UNH251017C00380000,380.0,2025-10-17,2025-09-25,4.05,4.05,2.72,2.9,1902,188,4.05,,monthly_30d_30d_otm,weekly_2_strike0,36,4154
UNH,2025-09-11,2025-10-08,backfill,O:UNH251017C00380000,380.0,2025-10-17,2025-09-26,3.25,3.3,1.96,2.23,2258,191,3.25,,monthly_30d_30d_otm,weekly_2_strike0,36,4154
UNH,2025-09-11,2025-10-08,backfill,O:UNH251017C00380000,380.0,2025-10-17,2025-09-29,2.2,2.23,1.62,2.12,1353,161,2.2,,monthly_30d_30d_otm,weekly_2_strike0,36,4154
UNH,2025-09-11,2025-10-08,backfill,O:UNH251017C00380000,380.0,2025-10-17,2025-09-30,1.94,2.64,1.66,2.0,1043,165,1.94,,monthly_30d_30d_otm,weekly_2_strike0,36,4154
UNH,2025-09-11,2025-10-08,backfill,O:UNH251017C00380000,380.0,2025-10-17,2025-10-01,1.9,2.74,1.6,2.59,2319,215,1.9,,monthly_30d_30d_otm,weekly_2_strike0,36,4154
UNH,2025-09-11,2025-10-08,backfill,O:UNH251017C00380000,380.0,2025-10-17,2025-10-02,2.44,3.4,2.07,2.55,8600,284,2.44,,monthly_30d_30d_otm,weekly_2_strike0,36,4154
UNH,2025-09-11,2025-10-08,backfill,O:UNH251017C00380000,380.0,2025-10-17,2025-10-03,3.0,6.15,2.87,3.48,11148,334,3.0,,monthly_30d_30d_otm,weekly_2_strike0,36,4154
UNH,2025-09-11,2025-10-08,backfill,O:UNH251017C00380000,380.0,2025-10-17,2025-10-06,3.4,3.61,2.6,2.7,5168,250,3.4,,monthly_30d_30d_otm,weekly_2_strike0,36,4154
UNH,2025-09-11,2025-10-08,backfill,O:UNH251017C00380000,380.0,2025-10-17,2025-10-07,2.53,3.9,2.33,3.53,5783,294,2.53,,monthly_30d_30d_otm,weekly_2_strike0,36,4154
UNH,2025-09-11,2025-10-08,backfill,O:UNH251017C00380000,380.0,2025-10-17,2025-10-08,4.18,6.35,3.65,4.33,11297,324,4.18,,monthly_30d_30d_otm,weekly_2_strike0,36,4154
UPS,2020-04-24,2020-05-21,backfill,O:UPS200515C00105000,105.0,2020-05-15,2020-04-24,2.0,2.12,1.63,1.99,208,29,2.0,,monthly_30d_35d_otm,weekly_1_strike0,21,208
UPS,2020-04-24,2020-05-21,backfill,O:UPS200515C00105000,105.0,2020-05-15,2020-04-27,2.1,3.09,2.0,2.8,417,77,2.1,,monthly_30d_35d_otm,weekly_1_strike0,21,208
UPS,2020-04-24,2020-05-21,backfill,O:UPS200515C00105000,105.0,2020-05-15,2020-04-28,0.86,1.39,0.55,0.55,1234,81,0.86,,monthly_30d_35d_otm,weekly_1_strike0,21,208
UPS,2020-04-24,2020-05-21,backfill,O:UPS200515C00105000,105.0,2020-05-15,2020-04-29,0.55,0.55,0.3,0.44,363,33,0.55,,monthly_30d_35d_otm,weekly_1_strike0,21,208
UPS,2020-04-24,2020-05-21,backfill,O:UPS200515C00105000,105.0,2020-05-15,2020-04-30,0.38,0.38,0.22,0.31,415,24,0.38,,monthly_30d_35d_otm,weekly_1_strike0,21,208
UPS,2020-04-24,2020-05-21,backfill,O:UPS200515C00105000,105.0,2020-05-15,2020-05-01,0.19,0.2,0.15,0.15,81,12,0.19,,monthly_30d_35d_otm,weekly_1_strike0,21,208
UPS,2020-04-24,2020-05-21,backfill,O:UPS200515C00105000,105.0,2020-05-15,2020-05-04,0.15,0.15,0.08,0.08,80,7,0.15,,monthly_30d_35d_otm,weekly_1_strike0,21,208
UPS,2020-04-24,2020-05-21,backfill,O:UPS200515C00105000,105.0,2020-05-15,2020-05-05,0.07,0.39,0.05,0.39,66,14,0.07,,monthly_30d_35d_otm,weekly_1_strike0,21,208
UPS,2020-04-24,2020-05-21,backfill,O:UPS200515C00105000,105.0,2020-05-15,2020-05-06,0.07,0.1,0.07,0.1,6,4,0.07,,monthly_30d_35d_otm,weekly_1_strike0,21,208
UPS,2020-04-24,2020-05-21,backfill,O:UPS200515C00105000,105.0,2020-05-15,2020-05-07,0.04,0.08,0.04,0.05,21,6,0.04,,monthly_30d_35d_otm,weekly_1_strike0,21,208
UPS,2020-04-24,2020-05-21,backfill,O:UPS200515C00105000,105.0,2020-05-15,2020-05-08,0.05,0.06,0.03,0.06,76,6,0.05,,monthly_30d_35d_otm,weekly_1_strike0,21,208
UPS,2020-04-24,2020-05-21,backfill,O:UPS200515C00105000,105.0,2020-05-15,2020-05-11,0.03,0.05,0.03,0.05,34,9,0.03,,monthly_30d_35d_otm,weekly_1_strike0,21,208
UPS,2020-04-24,2020-05-21,backfill,O:UPS200515C00105000,105.0,2020-05-15,2020-05-12,0.01,0.01,0.01,0.01,1,1,0.01,,monthly_30d_35d_otm,weekly_1_strike0,21,208
UPS,2020-04-24,2020-05-21,backfill,O:UPS200515C00105000,105.0,2020-05-15,2020-05-13,0.01,0.02,0.01,0.02,14,5,0.01,,monthly_30d_35d_otm,weekly_1_strike0,21,208
UPS,2020-04-24,2020-05-21,backfill,O:UPS200515C00105000,105.0,2020-05-15,2020-05-14,0.02,0.02,0.02,0.02,10,1,0.02,,monthly_30d_35d_otm,weekly_1_strike0,21,208
UPS,2020-04-24,2020-05-21,backfill,O:UPS200515C00105000,105.0,2020-05-15,2020-05-15,0.01,2.16,0.01,0.01,26,6,0.01,,monthly_30d_35d_otm,weekly_1_strike0,21,208
UPS,2021-12-16,2022-01-13,backfill,O:UPS220121C00220000,220.0,2022-01-21,2021-12-16,2.11,3.12,2.11,2.4,688,101,2.11,,monthly_30d_20d_otm,weekly_3_strike0,36,688
UPS,2021-12-16,2022-01-13,backfill,O:UPS220121C00220000,220.0,2022-01-21,2021-12-17,3.1,3.5,1.6,1.72,634,81,3.1,,monthly_30d_20d_otm,weekly_3_strike0,36,688
UPS,2021-12-16,2022-01-13,backfill,O:UPS220121C00220000,220.0,2022-01-21,2021-12-20,1.32,1.5,0.93,0.99,434,71,1.32,,monthly_30d_20d_otm,weekly_3_strike0,36,688
UPS,2021-12-16,2022-01-13,backfill,O:UPS220121C00220000,220.0,2022-01-21,2021-12-21,1.03,1.46,0.8,1.3,160,31,1.03,,monthly_30d_20d_otm,weekly_3_strike0,36,688
UPS,2021-12-16,2022-01-13,backfill,O:UPS220121C00220000,220.0,2022-01-21,2021-12-22,1.26,1.38,1.17,1.36,794,86,1.26,,monthly_30d_20d_otm,weekly_3_strike0,36,688
UPS,2021-12-16,2022-01-13,backfill,O:UPS220121C00220000,220.0,2022-01-21,2021-12-23,1.4,2.43,1.4,2.17,1464,162,1.4,,monthly_30d_20d_otm,weekly_3_strike0,36,688
UPS,2021-12-16,2022-01-13,backfill,O:UPS220121C00220000,220.0,2022-01-21,2021-12-27,2.34,2.9,2.25,2.75,1391,169,2.34,,monthly_30d_20d_otm,weekly_3_strike0,36,688
UPS,2021-12-16,2022-01-13,backfill,O:UPS220121C00220000,220.0,2022-01-21,2021-12-28,2.57,3.0,2.09,2.32,506,108,2.57,,monthly_30d_20d_otm,weekly_3_strike0,36,688
UPS,2021-12-16,2022-01-13,backfill,O:UPS220121C00220000,220.0,2022-01-21,2021-12-29,2.29,2.8,2.16,2.22,2436,66,2.29,,monthly_30d_20d_otm,weekly_3_strike0,36,688
UPS,2021-12-16,2022-01-13,backfill,O:UPS220121C00220000,220.0,2022-01-21,2021-12-30,2.45,2.5,1.58,1.76,396,62,2.45,,monthly_30d_20d_otm,weekly_3_strike0,36,688
UPS,2021-12-16,2022-01-13,backfill,O:UPS220121C00220000,220.0,2022-01-21,2021-12-31,1.65,2.03,1.39,2.03,235,39,1.65,,monthly_30d_20d_otm,weekly_3_strike0,36,688
UPS,2021-12-16,2022-01-13,backfill,O:UPS220121C00220000,220.0,2022-01-21,2022-01-03,1.85,2.03,0.93,1.3,269,72,1.85,,monthly_30d_20d_otm,weekly_3_strike0,36,688
UPS,2021-12-16,2022-01-13,backfill,O:UPS220121C00220000,220.0,2022-01-21,2022-01-04,1.52,3.14,1.52,2.5,1078,146,1.52,,monthly_30d_20d_otm,weekly_3_strike0,36,688
UPS,2021-12-16,2022-01-13,backfill,O:UPS220121C00220000,220.0,2022-01-21,2022-01-05,2.6,2.76,1.55,1.6,1390,136,2.6,,monthly_30d_20d_otm,weekly_3_strike0,36,688
UPS,2021-12-16,2022-01-13,backfill,O:UPS220121C00220000,220.0,2022-01-21,2022-01-06,1.67,2.43,1.25,2.3,323,87,1.67,,monthly_30d_20d_otm,weekly_3_strike0,36,688
UPS,2021-12-16,2022-01-13,backfill,O:UPS220121C00220000,220.0,2022-01-21,2022-01-07,1.97,3.42,1.94,2.79,2573,195,1.97,,monthly_30d_20d_otm,weekly_3_strike0,36,688
UPS,2021-12-16,2022-01-13,backfill,O:UPS220121C00220000,220.0,2022-01-21,2022-01-10,2.29,2.3,0.69,0.81,1196,139,2.29,,monthly_30d_20d_otm,weekly_3_strike0,36,688
UPS,2021-12-16,2022-01-13,backfill,O:UPS220121C00220000,220.0,2022-01-21,2022-01-11,0.85,0.85,0.34,0.48,870,94,0.85,,monthly_30d_20d_otm,weekly_3_strike0,36,688
UPS,2021-12-16,2022-01-13,backfill,O:UPS220121C00220000,220.0,2022-01-21,2022-01-12,0.53,0.72,0.28,0.32,653,102,0.53,,monthly_30d_20d_otm,weekly_3_strike0,36,688
UPS,2021-12-16,2022-01-13,backfill,O:UPS220121C00220000,220.0,2022-01-21,2022-01-13,0.32,0.51,0.19,0.19,495,84,0.32,,monthly_30d_20d_otm,weekly_3_strike0,36,688
UPS,2022-08-11,2022-09-08,backfill,O:UPS220916C00210000,210.0,2022-09-16,2022-08-11,2.63,3.02,2.05,2.58,113,31,2.63,,monthly_30d_35d_otm,weekly_2_strike0,36,113
UPS,2022-08-11,2022-09-08,backfill,O:UPS220916C00210000,210.0,2022-09-16,2022-08-12,2.6,3.15,2.41,3.1,173,24,2.6,,monthly_30d_35d_otm,weekly_2_strike0,36,113
UPS,2022-08-11,2022-09-08,backfill,O:UPS220916C00210000,210.0,2022-09-16,2022-08-15,2.11,3.45,2.11,3.25,213,24,2.11,,monthly_30d_35d_otm,weekly_2_strike0,36,113
UPS,2022-08-11,2022-09-08,backfill,O:UPS220916C00210000,210.0,2022-09-16,2022-08-16,3.25,4.01,3.2,3.45,160,18,3.25,,monthly_30d_35d_otm,weekly_2_strike0,36,113
UPS,2022-08-11,2022-09-08,backfill,O:UPS220916C00210000,210.0,2022-09-16,2022-08-17,2.39,3.25,2.39,2.89,184,16,2.39,,monthly_30d_35d_otm,weekly_2_strike0,36,113
UPS,2022-08-11,2022-09-08,backfill,O:UPS220916C00210000,210.0,2022-09-16,2022-08-18,3.15,4.0,2.92,3.85,163,36,3.15,,monthly_30d_35d_otm,weekly_2_strike0,36,113
UPS,2022-08-11,2022-09-08,backfill,O:UPS220916C00210000,210.0,2022-09-16,2022-08-19,4.3,4.45,3.7,4.01,361,36,4.3,,monthly_30d_35d_otm,weekly_2_strike0,36,113
UPS,2022-08-11,2022-09-08,backfill,O:UPS220916C00210000,210.0,2022-09-16,2022-08-22,2.6,3.75,2.3,3.48,175,18,2.6,,monthly_30d_35d_otm,weekly_2_strike0,36,113
UPS,2022-08-11,2022-09-08,backfill,O:UPS220916C00210000,210.0,2022-09-16,2022-08-23,2.59,3.69,2.59,2.6,17,10,2.59,,monthly_30d_35d_otm,weekly_2_strike0,36,113
UPS,2022-08-11,2022-09-08,backfill,O:UPS220916C00210000,210.0,2022-09-16,2022-08-24,2.25,2.48,1.84,1.88,69,17,2.25,,monthly_30d_35d_otm,weekly_2_strike0,36,113
UPS,2022-08-11,2022-09-08,backfill,O:UPS220916C00210000,210.0,2022-09-16,2022-08-25,2.02,2.21,1.61,1.84,120,21,2.02,,monthly_30d_35d_otm,weekly_2_strike0,36,113
UPS,2022-08-11,2022-09-08,backfill,O:UPS220916C00210000,210.0,2022-09-16,2022-08-26,1.45,1.45,0.86,0.89,88,20,1.45,,monthly_30d_35d_otm,weekly_2_strike0,36,113
UPS,2022-08-11,2022-09-08,backfill,O:UPS220916C00210000,210.0,2022-09-16,2022-08-29,0.66,0.83,0.56,0.68,971,26,0.66,,monthly_30d_35d_otm,weekly_2_strike0,36,113
UPS,2022-08-11,2022-09-08,backfill,O:UPS220916C00210000,210.0,2022-09-16,2022-08-30,0.53,0.53,0.4,0.42,148,21,0.53,,monthly_30d_35d_otm,weekly_2_strike0,36,113
UPS,2022-08-11,2022-09-08,backfill,O:UPS220916C00210000,210.0,2022-09-16,2022-08-31,0.38,0.38,0.32,0.35,36,9,0.38,,monthly_30d_35d_otm,weekly_2_strike0,36,113
UPS,2022-08-11,2022-09-08,backfill,O:UPS220916C00210000,210.0,2022-09-16,2022-09-01,0.28,0.41,0.24,0.36,32,11,0.28,,monthly_30d_35d_otm,weekly_2_strike0,36,113
UPS,2022-08-11,2022-09-08,backfill,O:UPS220916C00210000,210.0,2022-09-16,2022-09-02,0.45,0.48,0.31,0.31,104,12,0.45,,monthly_30d_35d_otm,weekly_2_strike0,36,113
UPS,2022-08-11,2022-09-08,backfill,O:UPS220916C00210000,210.0,2022-09-16,2022-09-06,0.25,0.3,0.22,0.3,80,8,0.25,,monthly_30d_35d_otm,weekly_2_strike0,36,113
UPS,2022-08-11,2022-09-08,backfill,O:UPS220916C00210000,210.0,2022-09-16,2022-09-07,0.21,0.21,0.15,0.2,14,5,0.21,,monthly_30d_35d_otm,weekly_2_strike0,36,113
UPS,2022-08-11,2022-09-08,backfill,O:UPS220916C00210000,210.0,2022-09-16,2022-09-08,0.1,0.36,0.1,0.14,41,8,0.1,,monthly_30d_35d_otm,weekly_2_strike0,36,113
UPS,2023-04-11,2023-04-26,backfill,O:UPS230519C00195000,195.0,2023-05-19,2023-04-11,5.6,6.08,5.5,6.01,165,26,5.6,,monthly_30d_35d_otm,weekly_2_strike0,38,165
UPS,2023-04-11,2023-04-26,backfill,O:UPS230519C00195000,195.0,2023-05-19,2023-04-12,5.85,6.45,4.7,4.84,41,11,5.85,,monthly_30d_35d_otm,weekly_2_strike0,38,165
UPS,2023-04-11,2023-04-26,backfill,O:UPS230519C00195000,195.0,2023-05-19,2023-04-13,4.2,5.0,4.2,4.8,42,12,4.2,,monthly_30d_35d_otm,weekly_2_strike0,38,165
UPS,2023-04-11,2023-04-26,backfill,O:UPS230519C00195000,195.0,2023-05-19,2023-04-14,4.8,5.55,4.8,5.3,52,15,4.8,,monthly_30d_35d_otm,weekly_2_strike0,38,165
UPS,2023-04-11,2023-04-26,backfill,O:UPS230519C00195000,195.0,2023-05-19,2023-04-17,5.65,6.2,5.4,5.4,72,11,5.65,,monthly_30d_35d_otm,weekly_2_strike0,38,165
UPS,2023-04-11,2023-04-26,backfill,O:UPS230519C00195000,195.0,2023-05-19,2023-04-18,5.65,6.0,5.35,5.9,371,63,5.65,,monthly_30d_35d_otm,weekly_2_strike0,38,165
UPS,2023-04-11,2023-04-26,backfill,O:UPS230519C00195000,195.0,2023-05-19,2023-04-19,5.95,6.8,5.85,6.7,21,12,5.95,,monthly_30d_35d_otm,weekly_2_strike0,38,165
UPS,2023-04-11,2023-04-26,backfill,O:UPS230519C00195000,195.0,2023-05-19,2023-04-20,6.6,7.61,5.78,5.93,25,11,6.6,,monthly_30d_35d_otm,weekly_2_strike0,38,165
UPS,2023-04-11,2023-04-26,backfill,O:UPS230519C00195000,195.0,2023-05-19,2023-04-21,6.0,6.75,5.4,6.15,162,19,6.0,,monthly_30d_35d_otm,weekly_2_strike0,38,165
UPS,2023-04-11,2023-04-26,backfill,O:UPS230519C00195000,195.0,2023-05-19,2023-04-24,6.22,6.95,5.35,5.75,376,47,6.22,,monthly_30d_35d_otm,weekly_2_strike0,38,165
UPS,2023-04-11,2023-04-26,backfill,O:UPS230519C00195000,195.0,2023-05-19,2023-04-25,0.64,0.64,0.05,0.1,737,54,0.64,,monthly_30d_35d_otm,weekly_2_strike0,38,165
UPS,2023-04-11,2023-04-26,backfill,O:UPS230519C00195000,195.0,2023-05-19,2023-04-26,0.07,0.07,0.06,0.06,75,19,0.07,,monthly_30d_35d_otm,weekly_2_strike0,38,165
UPST,2023-02-10,2023-03-10,backfill,O:UPST230317C00020000,20.0,2023-03-17,2023-02-10,1.29,1.4,1.08,1.32,169,44,1.29,,monthly_30d_30d_otm,weekly_1_strike0,35,169
UPST,2023-02-10,2023-03-10,backfill,O:UPST230317C00020000,20.0,2023-03-17,2023-02-13,1.15,1.27,1.04,1.23,1465,55,1.15,,monthly_30d_30d_otm,weekly_1_strike0,35,169
UPST,2023-02-10,2023-03-10,backfill,O:UPST230317C00020000,20.0,2023-03-17,2023-02-14,1.11,1.79,0.96,1.66,2286,148,1.11,,monthly_30d_30d_otm,weekly_1_strike0,35,169
UPST,2023-02-10,2023-03-10,backfill,O:UPST230317C00020000,20.0,2023-03-17,2023-02-15,1.7,3.45,1.66,3.28,2566,145,1.7,,monthly_30d_30d_otm,weekly_1_strike0,35,169
UPST,2023-02-10,2023-03-10,backfill,O:UPST230317C00020000,20.0,2023-03-17,2023-02-16,2.55,2.66,1.65,1.67,354,78,2.55,,monthly_30d_30d_otm,weekly_1_strike0,35,169
UPST,2023-02-10,2023-03-10,backfill,O:UPST230317C00020000,20.0,2023-03-17,2023-02-17,1.81,1.81,1.06,1.27,780,115,1.81,,monthly_30d_30d_otm,weekly_1_strike0,35,169
UPST,2023-02-10,2023-03-10,backfill,O:UPST230317C00020000,20.0,2023-03-17,2023-02-21,1.0,1.22,0.88,1.22,436,57,1.0,,monthly_30d_30d_otm,weekly_1_strike0,35,169
UPST,2023-02-10,2023-03-10,backfill,O:UPST230317C00020000,20.0,2023-03-17,2023-02-22,1.25,2.08,0.99,1.14,1533,76,1.25,,monthly_30d_30d_otm,weekly_1_strike0,35,169
UPST,2023-02-10,2023-03-10,backfill,O:UPST230317C00020000,20.0,2023-03-17,2023-02-23,1.25,1.29,0.76,1.03,289,53,1.25,,monthly_30d_30d_otm,weekly_1_strike0,35,169
UPST,2023-02-10,2023-03-10,backfill,O:UPST230317C00020000,20.0,2023-03-17,2023-02-24,0.87,1.01,0.72,0.81,274,32,0.87,,monthly_30d_30d_otm,weekly_1_strike0,35,169
UPST,2023-02-10,2023-03-10,backfill,O:UPST230317C00020000,20.0,2023-03-17,2023-02-27,0.78,0.9,0.67,0.87,1058,109,0.78,,monthly_30d_30d_otm,weekly_1_strike0,35,169
UPST,2023-02-10,2023-03-10,backfill,O:UPST230317C00020000,20.0,2023-03-17,2023-02-28,0.85,1.25,0.85,0.9,3894,94,0.85,,monthly_30d_30d_otm,weekly_1_strike0,35,169
UPST,2023-02-10,2023-03-10,backfill,O:UPST230317C00020000,20.0,2023-03-17,2023-03-01,0.82,0.82,0.56,0.61,453,54,0.82,,monthly_30d_30d_otm,weekly_1_strike0,35,169
UPST,2023-02-10,2023-03-10,backfill,O:UPST230317C00020000,20.0,2023-03-17,2023-03-02,0.54,0.54,0.29,0.51,377,45,0.54,,monthly_30d_30d_otm,weekly_1_strike0,35,169
UPST,2023-02-10,2023-03-10,backfill,O:UPST230317C00020000,20.0,2023-03-17,2023-03-03,0.6,0.83,0.51,0.75,873,74,0.6,,monthly_30d_30d_otm,weekly_1_strike0,35,169
UPST,2023-02-10,2023-03-10,backfill,O:UPST230317C00020000,20.0,2023-03-17,2023-03-06,0.8,1.18,0.58,0.6,3184,154,0.8,,monthly_30d_30d_otm,weekly_1_strike0,35,169
UPST,2023-02-10,2023-03-10,backfill,O:UPST230317C00020000,20.0,2023-03-17,2023-03-07,0.42,0.65,0.27,0.27,822,87,0.42,,monthly_30d_30d_otm,weekly_1_strike0,35,169
UPST,2023-02-10,2023-03-10,backfill,O:UPST230317C00020000,20.0,2023-03-17,2023-03-08,0.3,0.3,0.19,0.25,239,41,0.3,,monthly_30d_30d_otm,weekly_1_strike0,35,169
UPST,2023-02-10,2023-03-10,backfill,O:UPST230317C00020000,20.0,2023-03-17,2023-03-09,0.22,0.23,0.1,0.1,665,69,0.22,,monthly_30d_30d_otm,weekly_1_strike0,35,169
UPST,2023-02-10,2023-03-10,backfill,O:UPST230317C00020000,20.0,2023-03-17,2023-03-10,0.06,0.07,0.04,0.05,158,36,0.06,,monthly_30d_30d_otm,weekly_1_strike0,35,169
UPST,2023-05-18,2023-06-15,backfill,O:UPST230616C00027500,27.5,2023-06-16,2023-05-18,0.89,1.59,0.82,1.5,629,92,0.89,,monthly_30d_30d_otm,weekly_2_strike0,29,629
UPST,2023-05-18,2023-06-15,backfill,O:UPST230616C00027500,27.5,2023-06-16,2023-05-19,1.54,1.54,0.8,0.83,186,24,1.54,,monthly_30d_30d_otm,weekly_2_strike0,29,629
UPST,2023-05-18,2023-06-15,backfill,O:UPST230616C00027500,27.5,2023-06-16,2023-05-22,1.2,4.21,1.2,2.95,1167,122,1.2,,monthly_30d_30d_otm,weekly_2_strike0,29,629
UPST,2023-05-18,2023-06-15,backfill,O:UPST230616C00027500,27.5,2023-06-16,2023-05-23,2.77,4.35,2.07,2.08,351,44,2.77,,monthly_30d_30d_otm,weekly_2_strike0,29,629
UPST,2023-05-18,2023-06-15,backfill,O:UPST230616C00027500,27.5,2023-06-16,2023-05-24,1.9,2.36,1.42,2.28,445,43,1.9,,monthly_30d_30d_otm,weekly_2_strike0,29,629
UPST,2023-05-18,2023-06-15,backfill,O:UPST230616C00027500,27.5,2023-06-16,2023-05-25,2.78,2.78,1.04,1.08,276,34,2.78,,monthly_30d_30d_otm,weekly_2_strike0,29,629
UPST,2023-05-18,2023-06-15,backfill,O:UPST230616C00027500,27.5,2023-06-16,2023-05-26,1.18,1.51,1.18,1.22,21,12,1.18,,monthly_30d_30d_otm,weekly_2_strike0,29,629
UPST,2023-05-18,2023-06-15,backfill,O:UPST230616C00027500,27.5,2023-06-16,2023-05-30,1.65,3.79,1.65,3.69,584,75,1.65,,monthly_30d_30d_otm,weekly_2_strike0,29,629
UPST,2023-05-18,2023-06-15,backfill,O:UPST230616C00027500,27.5,2023-06-16,2023-05-31,3.06,3.51,2.35,2.6,78,31,3.06,,monthly_30d_30d_otm,weekly_2_strike0,29,629
UPST,2023-05-18,2023-06-15,backfill,O:UPST230616C00027500,27.5,2023-06-16,2023-06-01,2.07,5.2,1.76,3.6,329,43,2.07,,monthly_30d_30d_otm,weekly_2_strike0,29,629
UPST,2023-05-18,2023-06-15,backfill,O:UPST230616C00027500,27.5,2023-06-16,2023-06-02,3.4,4.1,3.05,3.25,53,15,3.4,,monthly_30d_30d_otm,weekly_2_strike0,29,629
UPST,2023-05-18,2023-06-15,backfill,O:UPST230616C00027500,27.5,2023-06-16,2023-06-05,3.2,3.6,2.32,2.32,100,24,3.2,,monthly_30d_30d_otm,weekly_2_strike0,29,629
UPST,2023-05-18,2023-06-15,backfill,O:UPST230616C00027500,27.5,2023-06-16,2023-06-06,1.95,4.1,1.79,4.1,182,24,1.95,,monthly_30d_30d_otm,weekly_2_strike0,29,629
UPST,2023-05-18,2023-06-15,backfill,O:UPST230616C00027500,27.5,2023-06-16,2023-06-07,4.5,4.85,2.23,2.41,475,41,4.5,,monthly_30d_30d_otm,weekly_2_strike0,29,629
UPST,2023-05-18,2023-06-15,backfill,O:UPST230616C00027500,27.5,2023-06-16,2023-06-08,2.38,5.8,2.0,5.15,457,36,2.38,,monthly_30d_30d_otm,weekly_2_strike0,29,629
UPST,2023-05-18,2023-06-15,backfill,O:UPST230616C00027500,27.5,2023-06-16,2023-06-09,4.5,6.0,4.15,4.89,41,13,4.5,,monthly_30d_30d_otm,weekly_2_strike0,29,629
UPST,2023-05-18,2023-06-15,backfill,O:UPST230616C00027500,27.5,2023-06-16,2023-06-12,5.97,7.25,5.5,6.35,73,19,5.97,,monthly_30d_30d_otm,weekly_2_strike0,29,629
UPST,2023-05-18,2023-06-15,backfill,O:UPST230616C00027500,27.5,2023-06-16,2023-06-13,7.2,9.5,6.52,9.4,299,30,7.2,,monthly_30d_30d_otm,weekly_2_strike0,29,629
UPST,2023-05-18,2023-06-15,backfill,O:UPST230616C00027500,27.5,2023-06-16,2023-06-14,9.7,10.65,7.9,9.15,154,19,9.7,,monthly_30d_30d_otm,weekly_2_strike0,29,629
UPST,2023-05-18,2023-06-15,backfill,O:UPST230616C00027500,27.5,2023-06-16,2023-06-15,9.45,10.45,8.73,10.25,264,30,9.45,,monthly_30d_30d_otm,weekly_2_strike0,29,629
UPST,2024-08-09,2024-09-06,backfill,O:UPST240920C00045000,45.0,2024-09-20,2024-08-09,1.13,2.3,0.79,1.5,2010,117,1.13,,monthly_30d_30d_otm,weekly_1_strike0,42,2010
UPST,2024-08-09,2024-09-06,backfill,O:UPST240920C00045000,45.0,2024-09-20,2024-08-12,1.2,1.38,0.7,0.75,491,66,1.2,,monthly_30d_30d_otm,weekly_1_strike0,42,2010
UPST,2024-08-09,2024-09-06,backfill,O:UPST240920C00045000,45.0,2024-09-20,2024-08-13,0.91,1.83,0.91,1.7,897,102,0.91,,monthly_30d_30d_otm,weekly_1_strike0,42,2010
UPST,2024-08-09,2024-09-06,backfill,O:UPST240920C00045000,45.0,2024-09-20,2024-08-14,1.87,1.97,1.09,1.09,716,80,1.87,,monthly_30d_30d_otm,weekly_1_strike0,42,2010
UPST,2024-08-09,2024-09-06,backfill,O:UPST240920C00045000,45.0,2024-09-20,2024-08-15,1.21,1.6,0.97,1.06,461,64,1.21,,monthly_30d_30d_otm,weekly_1_strike0,42,2010
UPST,2024-08-09,2024-09-06,backfill,O:UPST240920C00045000,45.0,2024-09-20,2024-08-16,1.0,1.67,0.9,1.11,251,42,1.0,,monthly_30d_30d_otm,weekly_1_strike0,42,2010
UPST,2024-08-09,2024-09-06,backfill,O:UPST240920C00045000,45.0,2024-09-20,2024-08-19,1.09,2.27,1.09,2.2,3339,101,1.09,,monthly_30d_30d_otm,weekly_1_strike0,42,2010
UPST,2024-08-09,2024-09-06,backfill,O:UPST240920C00045000,45.0,2024-09-20,2024-08-20,2.14,2.17,1.34,1.44,771,56,2.14,,monthly_30d_30d_otm,weekly_1_strike0,42,2010
UPST,2024-08-09,2024-09-06,backfill,O:UPST240920C00045000,45.0,2024-09-20,2024-08-21,1.61,2.29,1.36,2.18,697,77,1.61,,monthly_30d_30d_otm,weekly_1_strike0,42,2010
UPST,2024-08-09,2024-09-06,backfill,O:UPST240920C00045000,45.0,2024-09-20,2024-08-22,2.11,2.25,1.71,1.72,1092,90,2.11,,monthly_30d_30d_otm,weekly_1_strike0,42,2010
UPST,2024-08-09,2024-09-06,backfill,O:UPST240920C00045000,45.0,2024-09-20,2024-08-23,1.88,2.6,1.75,2.47,1308,115,1.88,,monthly_30d_30d_otm,weekly_1_strike0,42,2010
UPST,2024-08-09,2024-09-06,backfill,O:UPST240920C00045000,45.0,2024-09-20,2024-08-26,2.5,3.69,2.1,3.11,1266,99,2.5,,monthly_30d_30d_otm,weekly_1_strike0,42,2010
UPST,2024-08-09,2024-09-06,backfill,O:UPST240920C00045000,45.0,2024-09-20,2024-08-27,2.49,3.44,2.27,3.21,990,71,2.49,,monthly_30d_30d_otm,weekly_1_strike0,42,2010
UPST,2024-08-09,2024-09-06,backfill,O:UPST240920C00045000,45.0,2024-09-20,2024-08-28,3.05,3.4,1.88,2.25,964,89,3.05,,monthly_30d_30d_otm,weekly_1_strike0,42,2010
UPST,2024-08-09,2024-09-06,backfill,O:UPST240920C00045000,45.0,2024-09-20,2024-08-29,2.98,3.9,2.37,2.4,916,100,2.98,,monthly_30d_30d_otm,weekly_1_strike0,42,2010
UPST,2024-08-09,2024-09-06,backfill,O:UPST240920C00045000,45.0,2024-09-20,2024-08-30,2.38,2.88,1.78,2.0,1442,95,2.38,,monthly_30d_30d_otm,weekly_1_strike0,42,2010
UPST,2024-08-09,2024-09-06,backfill,O:UPST240920C00045000,45.0,2024-09-20,2024-09-03,1.53,1.64,0.73,0.75,1085,76,1.53,,monthly_30d_30d_otm,weekly_1_strike0,42,2010
UPST,2024-08-09,2024-09-06,backfill,O:UPST240920C00045000,45.0,2024-09-20,2024-09-04,0.68,0.8,0.38,0.4,446,46,0.68,,monthly_30d_30d_otm,weekly_1_strike0,42,2010
UPST,2024-08-09,2024-09-06,backfill,O:UPST240920C00045000,45.0,2024-09-20,2024-09-05,0.4,0.59,0.27,0.34,414,32,0.4,,monthly_30d_30d_otm,weekly_1_strike0,42,2010
UPST,2024-08-09,2024-09-06,backfill,O:UPST240920C00045000,45.0,2024-09-20,2024-09-06,0.4,0.4,0.13,0.16,461,35,0.4,,monthly_30d_30d_otm,weekly_1_strike0,42,2010
UPST,2024-10-07,2024-11-01,backfill,O:UPST241115C00045000,45.0,2024-11-15,2024-10-07,4.1,4.75,3.75,3.96,206,53,4.1,,monthly_30d_35d_otm,weekly_2_strike0,39,206
UPST,2024-10-07,2024-11-01,backfill,O:UPST241115C00045000,45.0,2024-11-15,2024-10-08,4.1,5.05,3.93,4.88,301,67,4.1,,monthly_30d_35d_otm,weekly_2_strike0,39,206
UPST,2024-10-07,2024-11-01,backfill,O:UPST241115C00045000,45.0,2024-11-15,2024-10-09,4.9,5.2,4.45,4.85,301,54,4.9,,monthly_30d_35d_otm,weekly_2_strike0,39,206
UPST,2024-10-07,2024-11-01,backfill,O:UPST241115C00045000,45.0,2024-11-15,2024-10-10,4.5,5.2,4.3,4.9,556,44,4.5,,monthly_30d_35d_otm,weekly_2_strike0,39,206
UPST,2024-10-07,2024-11-01,backfill,O:UPST241115C00045000,45.0,2024-11-15,2024-10-11,4.68,7.35,4.68,7.1,329,103,4.68,,monthly_30d_35d_otm,weekly_2_strike0,39,206
UPST,2024-10-07,2024-11-01,backfill,O:UPST241115C00045000,45.0,2024-11-15,2024-10-14,8.3,14.1,8.3,12.45,505,63,8.3,,monthly_30d_35d_otm,weekly_2_strike0,39,206
UPST,2024-10-07,2024-11-01,backfill,O:UPST241115C00045000,45.0,2024-11-15,2024-10-15,13.47,14.22,11.45,11.45,62,22,13.47,,monthly_30d_35d_otm,weekly_2_strike0,39,206
UPST,2024-10-07,2024-11-01,backfill,O:UPST241115C00045000,45.0,2024-11-15,2024-10-16,9.85,12.79,9.85,12.63,276,13,9.85,,monthly_30d_35d_otm,weekly_2_strike0,39,206
UPST,2024-10-07,2024-11-01,backfill,O:UPST241115C00045000,45.0,2024-11-15,2024-10-17,11.87,11.91,9.5,9.5,16,9,11.87,,monthly_30d_35d_otm,weekly_2_strike0,39,206
UPST,2024-10-07,2024-11-01,backfill,O:UPST241115C00045000,45.0,2024-11-15,2024-10-18,11.85,11.85,10.38,11.0,29,6,11.85,,monthly_30d_35d_otm,weekly_2_strike0,39,206
UPST,2024-10-07,2024-11-01,backfill,O:UPST241115C00045000,45.0,2024-11-15,2024-10-21,11.03,11.05,10.2,10.77,7,6,11.03,,monthly_30d_35d_otm,weekly_2_strike0,39,206
UPST,2024-10-07,2024-11-01,backfill,O:UPST241115C00045000,45.0,2024-11-15,2024-10-22,11.1,11.44,10.03,10.03,13,6,11.1,,monthly_30d_35d_otm,weekly_2_strike0,39,206
UPST,2024-10-07,2024-11-01,backfill,O:UPST241115C00045000,45.0,2024-11-15,2024-10-23,9.85,10.45,8.27,8.27,45,14,9.85,,monthly_30d_35d_otm,weekly_2_strike0,39,206
UPST,2024-10-07,2024-11-01,backfill,O:UPST241115C00045000,45.0,2024-11-15,2024-10-24,10.72,11.35,9.25,9.5,54,10,10.72,,monthly_30d_35d_otm,weekly_2_strike0,39,206
UPST,2024-10-07,2024-11-01,backfill,O:UPST241115C00045000,45.0,2024-11-15,2024-10-25,9.6,9.6,9.0,9.0,6,4,9.6,,monthly_30d_35d_otm,weekly_2_strike0,39,206
UPST,2024-10-07,2024-11-01,backfill,O:UPST241115C00045000,45.0,2024-11-15,2024-10-28,9.5,9.5,9.5,9.5,1,1,9.5,,monthly_30d_35d_otm,weekly_2_strike0,39,206
UPST,2024-10-07,2024-11-01,backfill,O:UPST241115C00045000,45.0,2024-11-15,2024-10-29,9.46,9.46,7.9,8.36,18,5,9.46,,monthly_30d_35d_otm,weekly_2_strike0,39,206
UPST,2024-10-07,2024-11-01,backfill,O:UPST241115C00045000,45.0,2024-11-15,2024-10-30,8.35,10.7,8.35,9.45,5,3,8.35,,monthly_30d_35d_otm,weekly_2_strike0,39,206
UPST,2024-10-07,2024-11-01,backfill,O:UPST241115C00045000,45.0,2024-11-15,2024-10-31,8.6,8.6,7.8,7.97,10,5,8.6,,monthly_30d_35d_otm,weekly_2_strike0,39,206
UPST,2024-10-07,2024-11-01,backfill,O:UPST241115C00045000,45.0,2024-11-15,2024-11-01,8.05,8.05,7.05,7.05,22,6,8.05,,monthly_30d_35d_otm,weekly_2_strike0,39,206
UPST,2024-11-18,2024-12-16,backfill,O:UPST241220C00069000,69.0,2024-12-20,2024-11-18,7.74,10.4,7.0,7.0,53,11,7.74,,monthly_30d_atm,weekly_2_strike0,32,53
UPST,2024-11-18,2024-12-16,backfill,O:UPST241220C00069000,69.0,2024-12-20,2024-11-19,6.84,8.35,6.84,8.35,44,6,6.84,,monthly_30d_atm,weekly_2_strike0,32,53
UPST,2024-11-18,2024-12-16,backfill,O:UPST241220C00069000,69.0,2024-12-20,2024-11-20,8.7,9.2,8.7,9.2,4,2,8.7,,monthly_30d_atm,weekly_2_strike0,32,53
UPST,2024-11-18,2024-12-16,backfill,O:UPST241220C00069000,69.0,2024-12-20,2024-11-21,9.1,10.6,9.0,9.6,25,8,9.1,,monthly_30d_atm,weekly_2_strike0,32,53
UPST,2024-11-18,2024-12-16,backfill,O:UPST241220C00069000,69.0,2024-12-20,2024-11-22,10.15,10.15,9.9,9.9,4,2,10.15,,monthly_30d_atm,weekly_2_strike0,32,53
UPST,2024-11-18,2024-12-16,backfill,O:UPST241220C00069000,69.0,2024-12-20,2024-11-25,11.75,12.7,11.75,12.7,10,2,11.75,,monthly_30d_atm,weekly_2_strike0,32,53
UPST,2024-11-18,2024-12-16,backfill,O:UPST241220C00069000,69.0,2024-12-20,2024-11-26,14.1,14.1,14.1,14.1,1,1,14.1,,monthly_30d_atm,weekly_2_strike0,32,53
UPST,2024-11-18,2024-12-16,backfill,O:UPST241220C00069000,69.0,2024-12-20,2024-12-02,6.0,6.0,4.55,4.55,66,23,6.0,,monthly_30d_atm,weekly_2_strike0,32,53
UPST,2024-11-18,2024-12-16,backfill,O:UPST241220C00069000,69.0,2024-12-20,2024-12-03,5.2,8.33,5.0,7.75,34,19,5.2,,monthly_30d_atm,weekly_2_strike0,32,53
UPST,2024-11-18,2024-12-16,backfill,O:UPST241220C00069000,69.0,2024-12-20,2024-12-04,8.6,8.6,7.15,8.0,28,4,8.6,,monthly_30d_atm,weekly_2_strike0,32,53
UPST,2024-11-18,2024-12-16,backfill,O:UPST241220C00069000,69.0,2024-12-20,2024-12-05,7.95,7.95,7.65,7.65,6,2,7.95,,monthly_30d_atm,weekly_2_strike0,32,53
UPST,2024-11-18,2024-12-16,backfill,O:UPST241220C00069000,69.0,2024-12-20,2024-12-06,9.94,9.94,9.8,9.8,3,2,9.94,,monthly_30d_atm,weekly_2_strike0,32,53
UPST,2024-11-18,2024-12-16,backfill,O:UPST241220C00069000,69.0,2024-12-20,2024-12-09,9.99,9.99,8.65,8.65,12,2,9.99,,monthly_30d_atm,weekly_2_strike0,32,53
UPST,2024-11-18,2024-12-16,backfill,O:UPST241220C00069000,69.0,2024-12-20,2024-12-10,10.93,12.0,9.5,9.5,5,4,10.93,,monthly_30d_atm,weekly_2_strike0,32,53
UPST,2024-11-18,2024-12-16,backfill,O:UPST241220C00069000,69.0,2024-12-20,2024-12-11,9.25,9.42,9.05,9.42,8,4,9.25,,monthly_30d_atm,weekly_2_strike0,32,53
UPST,2024-11-18,2024-12-16,backfill,O:UPST241220C00069000,69.0,2024-12-20,2024-12-12,15.35,15.35,11.47,11.47,5,2,15.35,,monthly_30d_atm,weekly_2_strike0,32,53
UPST,2024-11-18,2024-12-16,backfill,O:UPST241220C00069000,69.0,2024-12-20,2024-12-13,15.95,15.95,14.19,15.0,10,3,15.95,,monthly_30d_atm,weekly_2_strike0,32,53
UPST,2024-11-18,2024-12-16,backfill,O:UPST241220C00069000,69.0,2024-12-20,2024-12-16,15.9,15.9,15.9,15.9,1,1,15.9,,monthly_30d_atm,weekly_2_strike0,32,53
V,2021-04-13,2021-05-10,backfill,O:V210521C00235000,235.0,2021-05-21,2021-04-13,1.9,2.01,1.78,1.86,34,13,1.9,,monthly_30d_25d_otm,weekly_2_strike0,38,34
V,2021-04-13,2021-05-10,backfill,O:V210521C00235000,235.0,2021-05-21,2021-04-14,1.85,2.15,1.76,2.0,124,18,1.85,,monthly_30d_25d_otm,weekly_2_strike0,38,34
V,2021-04-13,2021-05-10,backfill,O:V210521C00235000,235.0,2021-05-21,2021-04-15,2.3,3.4,2.3,2.85,2141,101,2.3,,monthly_30d_25d_otm,weekly_2_strike0,38,34
V,2021-04-13,2021-05-10,backfill,O:V210521C00235000,235.0,2021-05-21,2021-04-16,3.05,3.2,2.48,2.6,473,85,3.05,,monthly_30d_25d_otm,weekly_2_strike0,38,34
V,2021-04-13,2021-05-10,backfill,O:V210521C00235000,235.0,2021-05-21,2021-04-19,2.49,2.85,2.35,2.57,613,66,2.49,,monthly_30d_25d_otm,weekly_2_strike0,38,34
V,2021-04-13,2021-05-10,backfill,O:V210521C00235000,235.0,2021-05-21,2021-04-20,2.2,2.4,1.83,2.06,115,29,2.2,,monthly_30d_25d_otm,weekly_2_strike0,38,34
V,2021-04-13,2021-05-10,backfill,O:V210521C00235000,235.0,2021-05-21,2021-04-21,2.04,3.1,2.04,3.04,297,41,2.04,,monthly_30d_25d_otm,weekly_2_strike0,38,34
V,2021-04-13,2021-05-10,backfill,O:V210521C00235000,235.0,2021-05-21,2021-04-22,3.3,4.05,3.0,3.33,357,61,3.3,,monthly_30d_25d_otm,weekly_2_strike0,38,34
V,2021-04-13,2021-05-10,backfill,O:V210521C00235000,235.0,2021-05-21,2021-04-23,3.33,4.0,3.2,3.4,1049,45,3.33,,monthly_30d_25d_otm,weekly_2_strike0,38,34
V,2021-04-13,2021-05-10,backfill,O:V210521C00235000,235.0,2021-05-21,2021-04-26,3.8,4.55,3.15,3.25,357,61,3.8,,monthly_30d_25d_otm,weekly_2_strike0,38,34
V,2021-04-13,2021-05-10,backfill,O:V210521C00235000,235.0,2021-05-21,2021-04-27,3.23,3.32,2.7,3.25,376,77,3.23,,monthly_30d_25d_otm,weekly_2_strike0,38,34
V,2021-04-13,2021-05-10,backfill,O:V210521C00235000,235.0,2021-05-21,2021-04-28,3.3,5.25,2.85,3.95,3040,135,3.3,,monthly_30d_25d_otm,weekly_2_strike0,38,34
V,2021-04-13,2021-05-10,backfill,O:V210521C00235000,235.0,2021-05-21,2021-04-29,4.5,5.65,3.5,5.4,378,84,4.5,,monthly_30d_25d_otm,weekly_2_strike0,38,34
V,2021-04-13,2021-05-10,backfill,O:V210521C00235000,235.0,2021-05-21,2021-04-30,4.5,4.8,3.25,3.45,445,60,4.5,,monthly_30d_25d_otm,weekly_2_strike0,38,34
V,2021-04-13,2021-05-10,backfill,O:V210521C00235000,235.0,2021-05-21,2021-05-03,3.65,4.25,2.35,2.75,697,94,3.65,,monthly_30d_25d_otm,weekly_2_strike0,38,34
V,2021-04-13,2021-05-10,backfill,O:V210521C00235000,235.0,2021-05-21,2021-05-04,2.46,2.94,2.23,2.62,530,70,2.46,,monthly_30d_25d_otm,weekly_2_strike0,38,34
V,2021-04-13,2021-05-10,backfill,O:V210521C00235000,235.0,2021-05-21,2021-05-05,3.1,3.25,1.38,1.49,571,101,3.1,,monthly_30d_25d_otm,weekly_2_strike0,38,34
V,2021-04-13,2021-05-10,backfill,O:V210521C00235000,235.0,2021-05-21,2021-05-06,1.46,1.95,1.35,1.9,598,65,1.46,,monthly_30d_25d_otm,weekly_2_strike0,38,34
V,2021-04-13,2021-05-10,backfill,O:V210521C00235000,235.0,2021-05-21,2021-05-07,2.1,2.38,1.5,1.82,622,82,2.1,,monthly_30d_25d_otm,weekly_2_strike0,38,34
V,2021-04-13,2021-05-10,backfill,O:V210521C00235000,235.0,2021-05-21,2021-05-10,1.79,1.79,0.51,0.64,831,124,1.79,,monthly_30d_25d_otm,weekly_2_strike0,38,34
V,2022-11-29,2022-12-27,backfill,O:V230120C00225000,225.0,2023-01-20,2022-11-29,2.87,2.92,2.42,2.46,240,46,2.87,,monthly_45d_30d_otm,weekly_2_strike0,52,240
V,2022-11-29,2022-12-27,backfill,O:V230120C00225000,225.0,2023-01-20,2022-11-30,2.99,4.17,2.67,4.17,172,38,2.99,,monthly_45d_30d_otm,weekly_2_strike0,52,240
V,2022-11-29,2022-12-27,backfill,O:V230120C00225000,225.0,2023-01-20,2022-12-01,4.82,5.1,4.25,5.0,205,25,4.82,,monthly_45d_30d_otm,weekly_2_strike0,52,240
V,2022-11-29,2022-12-27,backfill,O:V230120C00225000,225.0,2023-01-20,2022-12-02,4.28,5.02,4.02,4.67,72,23,4.28,,monthly_45d_30d_otm,weekly_2_strike0,52,240
V,2022-11-29,2022-12-27,backfill,O:V230120C00225000,225.0,2023-01-20,2022-12-05,3.9,4.3,3.3,3.5,84,22,3.9,,monthly_45d_30d_otm,weekly_2_strike0,52,240
V,2022-11-29,2022-12-27,backfill,O:V230120C00225000,225.0,2023-01-20,2022-12-06,2.78,2.78,2.04,2.35,413,59,2.78,,monthly_45d_30d_otm,weekly_2_strike0,52,240
V,2022-11-29,2022-12-27,backfill,O:V230120C00225000,225.0,2023-01-20,2022-12-07,2.06,2.18,1.65,2.02,750,61,2.06,,monthly_45d_30d_otm,weekly_2_strike0,52,240
V,2022-11-29,2022-12-27,backfill,O:V230120C00225000,225.0,2023-01-20,2022-12-08,2.4,2.56,1.98,1.99,366,74,2.4,,monthly_45d_30d_otm,weekly_2_strike0,52,240
V,2022-11-29,2022-12-27,backfill,O:V230120C00225000,225.0,2023-01-20,2022-12-09,2.11,2.33,2.02,2.02,144,18,2.11,,monthly_45d_30d_otm,weekly_2_strike0,52,240
V,2022-11-29,2022-12-27,backfill,O:V230120C00225000,225.0,2023-01-20,2022-12-12,2.41,3.47,2.41,3.43,395,34,2.41,,monthly_45d_30d_otm,weekly_2_strike0,52,240
V,2022-11-29,2022-12-27,backfill,O:V230120C00225000,225.0,2023-01-20,2022-12-13,5.0,5.0,2.58,2.59,1170,68,5.0,,monthly_45d_30d_otm,weekly_2_strike0,52,240
V,2022-11-29,2022-12-27,backfill,O:V230120C00225000,225.0,2023-01-20,2022-12-14,2.7,3.3,2.19,2.36,595,45,2.7,,monthly_45d_30d_otm,weekly_2_strike0,52,240
V,2022-11-29,2022-12-27,backfill,O:V230120C00225000,225.0,2023-01-20,2022-12-15,1.6,1.81,1.28,1.37,411,66,1.6,,monthly_45d_30d_otm,weekly_2_strike0,52,240
V,2022-11-29,2022-12-27,backfill,O:V230120C00225000,225.0,2023-01-20,2022-12-16,1.34,1.4,0.96,1.02,692,33,1.34,,monthly_45d_30d_otm,weekly_2_strike0,52,240
V,2022-11-29,2022-12-27,backfill,O:V230120C00225000,225.0,2023-01-20,2022-12-19,0.79,0.91,0.58,0.61,1622,48,0.79,,monthly_45d_30d_otm,weekly_2_strike0,52,240
V,2022-11-29,2022-12-27,backfill,O:V230120C00225000,225.0,2023-01-20,2022-12-20,0.6,0.61,0.5,0.5,61,22,0.6,,monthly_45d_30d_otm,weekly_2_strike0,52,240
V,2022-11-29,2022-12-27,backfill,O:V230120C00225000,225.0,2023-01-20,2022-12-21,0.51,0.6,0.45,0.55,91,19,0.51,,monthly_45d_30d_otm,weekly_2_strike0,52,240
V,2022-11-29,2022-12-27,backfill,O:V230120C00225000,225.0,2023-01-20,2022-12-22,0.4,0.51,0.37,0.51,42,18,0.4,,monthly_45d_30d_otm,weekly_2_strike0,52,240
V,2022-11-29,2022-12-27,backfill,O:V230120C00225000,225.0,2023-01-20,2022-12-23,0.42,0.5,0.42,0.44,141,20,0.42,,monthly_45d_30d_otm,weekly_2_strike0,52,240
V,2022-11-29,2022-12-27,backfill,O:V230120C00225000,225.0,2023-01-20,2022-12-27,0.44,0.5,0.43,0.44,39,11,0.44,,monthly_45d_30d_otm,weekly_2_strike0,52,240
V,2024-01-18,2024-02-14,backfill,O:V240216C00270000,270.0,2024-02-16,2024-01-18,5.5,5.55,4.57,5.45,370,43,5.5,,monthly_30d_35d_otm,weekly_2_strike0,29,370
V,2024-01-18,2024-02-14,backfill,O:V240216C00270000,270.0,2024-02-16,2024-01-19,5.35,6.6,4.98,6.42,731,61,5.35,,monthly_30d_35d_otm,weekly_2_strike0,29,370
V,2024-01-18,2024-02-14,backfill,O:V240216C00270000,270.0,2024-02-16,2024-01-22,6.7,7.09,6.15,6.6,664,35,6.7,,monthly_30d_35d_otm,weekly_2_strike0,29,370
V,2024-01-18,2024-02-14,backfill,O:V240216C00270000,270.0,2024-02-16,2024-01-23,6.5,6.6,5.8,6.3,345,29,6.5,,monthly_30d_35d_otm,weekly_2_strike0,29,370
V,2024-01-18,2024-02-14,backfill,O:V240216C00270000,270.0,2024-02-16,2024-01-24,6.79,7.1,6.2,6.35,198,40,6.79,,monthly_30d_35d_otm,weekly_2_strike0,29,370
V,2024-01-18,2024-02-14,backfill,O:V240216C00270000,270.0,2024-02-16,2024-01-25,6.46,7.2,5.91,7.1,645,83,6.46,,monthly_30d_35d_otm,weekly_2_strike0,29,370
V,2024-01-18,2024-02-14,backfill,O:V240216C00270000,270.0,2024-02-16,2024-01-26,2.23,4.45,2.15,2.78,636,135,2.23,,monthly_30d_35d_otm,weekly_2_strike0,29,370
V,2024-01-18,2024-02-14,backfill,O:V240216C00270000,270.0,2024-02-16,2024-01-29,2.36,7.0,2.35,6.37,627,70,2.36,,monthly_30d_35d_otm,weekly_2_strike0,29,370
V,2024-01-18,2024-02-14,backfill,O:V240216C00270000,270.0,2024-02-16,2024-01-30,6.7,9.61,6.7,8.66,1089,51,6.7,,monthly_30d_35d_otm,weekly_2_strike0,29,370
V,2024-01-18,2024-02-14,backfill,O:V240216C00270000,270.0,2024-02-16,2024-01-31,9.3,10.12,6.15,6.15,43,17,9.3,,monthly_30d_35d_otm,weekly_2_strike0,29,370
V,2024-01-18,2024-02-14,backfill,O:V240216C00270000,270.0,2024-02-16,2024-02-01,7.15,8.14,6.7,8.1,29,13,7.15,,monthly_30d_35d_otm,weekly_2_strike0,29,370
V,2024-01-18,2024-02-14,backfill,O:V240216C00270000,270.0,2024-02-16,2024-02-02,8.5,9.0,7.3,8.45,125,24,8.5,,monthly_30d_35d_otm,weekly_2_strike0,29,370
V,2024-01-18,2024-02-14,backfill,O:V240216C00270000,270.0,2024-02-16,2024-02-05,8.01,8.01,6.35,6.65,76,25,8.01,,monthly_30d_35d_otm,weekly_2_strike0,29,370
V,2024-01-18,2024-02-14,backfill,O:V240216C00270000,270.0,2024-02-16,2024-02-06,5.8,7.2,5.57,7.13,81,11,5.8,,monthly_30d_35d_otm,weekly_2_strike0,29,370
V,2024-01-18,2024-02-14,backfill,O:V240216C00270000,270.0,2024-02-16,2024-02-07,8.85,9.68,8.09,9.4,84,30,8.85,,monthly_30d_35d_otm,weekly_2_strike0,29,370
V,2024-01-18,2024-02-14,backfill,O:V240216C00270000,270.0,2024-02-16,2024-02-08,10.0,10.0,6.53,6.75,31,15,10.0,,monthly_30d_35d_otm,weekly_2_strike0,29,370
V,2024-01-18,2024-02-14,backfill,O:V240216C00270000,270.0,2024-02-16,2024-02-09,6.28,7.61,6.28,7.4,948,13,6.28,,monthly_30d_35d_otm,weekly_2_strike0,29,370
V,2024-01-18,2024-02-14,backfill,O:V240216C00270000,270.0,2024-02-16,2024-02-12,7.0,7.0,5.1,5.65,87,18,7.0,,monthly_30d_35d_otm,weekly_2_strike0,29,370
V,2024-01-18,2024-02-14,backfill,O:V240216C00270000,270.0,2024-02-16,2024-02-13,5.39,8.05,4.65,5.85,38,14,5.39,,monthly_30d_35d_otm,weekly_2_strike0,29,370
V,2024-01-18,2024-02-14,backfill,O:V240216C00270000,270.0,2024-02-16,2024-02-14,5.75,6.83,5.6,6.83,311,8,5.75,,monthly_30d_35d_otm,weekly_2_strike0,29,370
V,2024-11-11,2024-12-09,backfill,O:V241220C00320000,320.0,2024-12-20,2024-11-11,3.0,3.65,2.9,3.07,1958,40,3.0,,monthly_30d_35d_otm,weekly_2_strike0,39,1958
V,2024-11-11,2024-12-09,backfill,O:V241220C00320000,320.0,2024-12-20,2024-11-12,2.89,3.0,2.39,2.92,125,26,2.89,,monthly_30d_35d_otm,weekly_2_strike0,39,1958
V,2024-11-11,2024-12-09,backfill,O:V241220C00320000,320.0,2024-12-20,2024-11-13,2.88,2.97,2.26,2.6,84,22,2.88,,monthly_30d_35d_otm,weekly_2_strike0,39,1958
V,2024-11-11,2024-12-09,backfill,O:V241220C00320000,320.0,2024-12-20,2024-11-14,2.7,2.93,2.18,2.18,521,42,2.7,,monthly_30d_35d_otm,weekly_2_strike0,39,1958
V,2024-11-11,2024-12-09,backfill,O:V241220C00320000,320.0,2024-12-20,2024-11-15,2.25,2.83,2.25,2.47,82,23,2.25,,monthly_30d_35d_otm,weekly_2_strike0,39,1958
V,2024-11-11,2024-12-09,backfill,O:V241220C00320000,320.0,2024-12-20,2024-11-18,2.52,2.89,2.31,2.86,557,32,2.52,,monthly_30d_35d_otm,weekly_2_strike0,39,1958
V,2024-11-11,2024-12-09,backfill,O:V241220C00320000,320.0,2024-12-20,2024-11-19,2.0,2.81,2.0,2.49,127,21,2.0,,monthly_30d_35d_otm,weekly_2_strike0,39,1958
V,2024-11-11,2024-12-09,backfill,O:V241220C00320000,320.0,2024-12-20,2024-11-20,2.13,2.13,1.45,1.69,257,28,2.13,,monthly_30d_35d_otm,weekly_2_strike0,39,1958
V,2024-11-11,2024-12-09,backfill,O:V241220C00320000,320.0,2024-12-20,2024-11-21,2.01,2.5,1.87,2.27,168,23,2.01,,monthly_30d_35d_otm,weekly_2_strike0,39,1958
V,2024-11-11,2024-12-09,backfill,O:V241220C00320000,320.0,2024-12-20,2024-11-22,2.26,2.26,1.68,1.8,101,11,2.26,,monthly_30d_35d_otm,weekly_2_strike0,39,1958
V,2024-11-11,2024-12-09,backfill,O:V241220C00320000,320.0,2024-12-20,2024-11-25,2.44,2.84,1.82,2.65,213,45,2.44,,monthly_30d_35d_otm,weekly_2_strike0,39,1958
V,2024-11-11,2024-12-09,backfill,O:V241220C00320000,320.0,2024-12-20,2024-11-26,2.38,2.73,2.1,2.1,131,46,2.38,,monthly_30d_35d_otm,weekly_2_strike0,39,1958
V,2024-11-11,2024-12-09,backfill,O:V241220C00320000,320.0,2024-12-20,2024-11-27,2.02,3.6,2.02,2.96,262,74,2.02,,monthly_30d_35d_otm,weekly_2_strike0,39,1958
V,2024-11-11,2024-12-09,backfill,O:V241220C00320000,320.0,2024-12-20,2024-11-29,2.88,3.24,2.41,3.2,139,29,2.88,,monthly_30d_35d_otm,weekly_2_strike0,39,1958
V,2024-11-11,2024-12-09,backfill,O:V241220C00320000,320.0,2024-12-20,2024-12-02,3.4,3.55,2.2,3.18,184,43,3.4,,monthly_30d_35d_otm,weekly_2_strike0,39,1958
V,2024-11-11,2024-12-09,backfill,O:V241220C00320000,320.0,2024-12-20,2024-12-03,3.2,3.2,1.85,1.85,142,25,3.2,,monthly_30d_35d_otm,weekly_2_strike0,39,1958
V,2024-11-11,2024-12-09,backfill,O:V241220C00320000,320.0,2024-12-20,2024-12-04,1.35,1.35,0.8,0.92,113,40,1.35,,monthly_30d_35d_otm,weekly_2_strike0,39,1958
V,2024-11-11,2024-12-09,backfill,O:V241220C00320000,320.0,2024-12-20,2024-12-05,0.89,1.07,0.72,0.74,62,21,0.89,,monthly_30d_35d_otm,weekly_2_strike0,39,1958
V,2024-11-11,2024-12-09,backfill,O:V241220C00320000,320.0,2024-12-20,2024-12-06,0.79,1.15,0.7,0.89,103,32,0.79,,monthly_30d_35d_otm,weekly_2_strike0,39,1958
V,2024-11-11,2024-12-09,backfill,O:V241220C00320000,320.0,2024-12-20,2024-12-09,1.21,1.21,0.49,0.49,118,20,1.21,,monthly_30d_35d_otm,weekly_2_strike0,39,1958
V,2025-03-31,2025-04-04,backfill,O:V250516C00355000,355.0,2025-05-16,2025-03-31,5.4,10.37,5.4,10.37,112,33,5.4,,monthly_45d_30d_otm,weekly_2_strike0,46,112
V,2025-03-31,2025-04-04,backfill,O:V250516C00355000,355.0,2025-05-16,2025-04-01,9.15,9.15,7.4,8.05,17,12,9.15,,monthly_45d_30d_otm,weekly_2_strike0,46,112
V,2025-03-31,2025-04-04,backfill,O:V250516C00355000,355.0,2025-05-16,2025-04-02,7.5,8.35,7.1,7.1,19,11,7.5,,monthly_45d_30d_otm,weekly_2_strike0,46,112
V,2025-03-31,2025-04-04,backfill,O:V250516C00355000,355.0,2025-05-16,2025-04-03,4.33,8.43,4.33,7.02,153,29,4.33,,monthly_45d_30d_otm,weekly_2_strike0,46,112
V,2025-03-31,2025-04-04,backfill,O:V250516C00355000,355.0,2025-05-16,2025-04-04,2.71,6.6,2.5,2.5,850,36,2.71,,monthly_45d_30d_otm,weekly_2_strike0,46,112
VALE,2020-07-08,2020-08-04,backfill,O:VALE200821C00012000,12.0,2020-08-21,2020-07-08,0.24,0.27,0.21,0.24,2443,92,0.24,,monthly_30d_25d_otm,weekly_2_strike0,44,2443
VALE,2020-07-08,2020-08-04,backfill,O:VALE200821C00012000,12.0,2020-08-21,2020-07-09,0.27,0.28,0.21,0.23,1666,71,0.27,,monthly_30d_25d_otm,weekly_2_strike0,44,2443
VALE,2020-07-08,2020-08-04,backfill,O:VALE200821C00012000,12.0,2020-08-21,2020-07-10,0.24,0.26,0.23,0.26,1164,45,0.24,,monthly_30d_25d_otm,weekly_2_strike0,44,2443
VALE,2020-07-08,2020-08-04,backfill,O:VALE200821C00012000,12.0,2020-08-21,2020-07-13,0.29,0.34,0.22,0.22,3141,95,0.29,,monthly_30d_25d_otm,weekly_2_strike0,44,2443
VALE,2020-07-08,2020-08-04,backfill,O:VALE200821C00012000,12.0,2020-08-21,2020-07-14,0.24,0.55,0.2,0.54,14821,236,0.24,,monthly_30d_25d_otm,weekly_2_strike0,44,2443
VALE,2020-07-08,2020-08-04,backfill,O:VALE200821C00012000,12.0,2020-08-21,2020-07-15,0.57,0.6,0.38,0.46,3666,120,0.57,,monthly_30d_25d_otm,weekly_2_strike0,44,2443
VALE,2020-07-08,2020-08-04,backfill,O:VALE200821C00012000,12.0,2020-08-21,2020-07-16,0.4,0.43,0.35,0.37,1039,53,0.4,,monthly_30d_25d_otm,weekly_2_strike0,44,2443
VALE,2020-07-08,2020-08-04,backfill,O:VALE200821C00012000,12.0,2020-08-21,2020-07-17,0.4,0.4,0.34,0.35,642,36,0.4,,monthly_30d_25d_otm,weekly_2_strike0,44,2443
VALE,2020-07-08,2020-08-04,backfill,O:VALE200821C00012000,12.0,2020-08-21,2020-07-20,0.34,0.39,0.33,0.36,1148,48,0.34,,monthly_30d_25d_otm,weekly_2_strike0,44,2443
VALE,2020-07-08,2020-08-04,backfill,O:VALE200821C00012000,12.0,2020-08-21,2020-07-21,0.37,0.4,0.32,0.38,686,48,0.37,,monthly_30d_25d_otm,weekly_2_strike0,44,2443
VALE,2020-07-08,2020-08-04,backfill,O:VALE200821C00012000,12.0,2020-08-21,2020-07-22,0.41,0.45,0.37,0.38,1125,43,0.41,,monthly_30d_25d_otm,weekly_2_strike0,44,2443
VALE,2020-07-08,2020-08-04,backfill,O:VALE200821C00012000,12.0,2020-08-21,2020-07-23,0.39,0.42,0.28,0.29,1244,69,0.39,,monthly_30d_25d_otm,weekly_2_strike0,44,2443
VALE,2020-07-08,2020-08-04,backfill,O:VALE200821C00012000,12.0,2020-08-21,2020-07-24,0.23,0.28,0.22,0.26,486,47,0.23,,monthly_30d_25d_otm,weekly_2_strike0,44,2443
VALE,2020-07-08,2020-08-04,backfill,O:VALE200821C00012000,12.0,2020-08-21,2020-07-27,0.29,0.54,0.29,0.54,7697,192,0.29,,monthly_30d_25d_otm,weekly_2_strike0,44,2443
VALE,2020-07-08,2020-08-04,backfill,O:VALE200821C00012000,12.0,2020-08-21,2020-07-28,0.44,0.46,0.37,0.4,2226,105,0.44,,monthly_30d_25d_otm,weekly_2_strike0,44,2443
VALE,2020-07-08,2020-08-04,backfill,O:VALE200821C00012000,12.0,2020-08-21,2020-07-29,0.5,0.64,0.48,0.61,7588,164,0.5,,monthly_30d_25d_otm,weekly_2_strike0,44,2443
VALE,2020-07-08,2020-08-04,backfill,O:VALE200821C00012000,12.0,2020-08-21,2020-07-30,0.3,0.55,0.1,0.47,6459,121,0.3,,monthly_30d_25d_otm,weekly_2_strike0,44,2443
VALE,2020-07-08,2020-08-04,backfill,O:VALE200821C00012000,12.0,2020-08-21,2020-07-31,0.45,0.45,0.3,0.35,3521,70,0.45,,monthly_30d_25d_otm,weekly_2_strike0,44,2443
VALE,2020-07-08,2020-08-04,backfill,O:VALE200821C00012000,12.0,2020-08-21,2020-08-03,0.38,0.39,0.18,0.2,1251,74,0.38,,monthly_30d_25d_otm,weekly_2_strike0,44,2443
VALE,2020-07-08,2020-08-04,backfill,O:VALE200821C00012000,12.0,2020-08-21,2020-08-04,0.21,0.24,0.11,0.24,1396,72,0.21,,monthly_30d_25d_otm,weekly_2_strike0,44,2443
VALE,2020-12-08,2021-01-06,backfill,O:VALE210115C00017000,17.0,2021-01-15,2020-12-08,0.67,0.72,0.55,0.62,2226,128,0.67,,monthly_30d_35d_otm,weekly_2_strike0,38,2226
VALE,2020-12-08,2021-01-06,backfill,O:VALE210115C00017000,17.0,2021-01-15,2020-12-09,0.62,0.65,0.5,0.57,86464,178,0.62,,monthly_30d_35d_otm,weekly_2_strike0,38,2226
VALE,2020-12-08,2021-01-06,backfill,O:VALE210115C00017000,17.0,2021-01-15,2020-12-10,0.69,0.96,0.63,0.96,4446,197,0.69,,monthly_30d_35d_otm,weekly_2_strike0,38,2226
VALE,2020-12-08,2021-01-06,backfill,O:VALE210115C00017000,17.0,2021-01-15,2020-12-11,0.85,0.9,0.76,0.86,3198,159,0.85,,monthly_30d_35d_otm,weekly_2_strike0,38,2226
VALE,2020-12-08,2021-01-06,backfill,O:VALE210115C00017000,17.0,2021-01-15,2020-12-14,0.83,0.83,0.57,0.61,3829,175,0.83,,monthly_30d_35d_otm,weekly_2_strike0,38,2226
VALE,2020-12-08,2021-01-06,backfill,O:VALE210115C00017000,17.0,2021-01-15,2020-12-15,0.71,0.73,0.62,0.68,1659,106,0.71,,monthly_30d_35d_otm,weekly_2_strike0,38,2226
VALE,2020-12-08,2021-01-06,backfill,O:VALE210115C00017000,17.0,2021-01-15,2020-12-16,0.69,0.83,0.61,0.83,2276,122,0.69,,monthly_30d_35d_otm,weekly_2_strike0,38,2226
VALE,2020-12-08,2021-01-06,backfill,O:VALE210115C00017000,17.0,2021-01-15,2020-12-17,0.9,1.14,0.9,1.01,2532,181,0.9,,monthly_30d_35d_otm,weekly_2_strike0,38,2226
VALE,2020-12-08,2021-01-06,backfill,O:VALE210115C00017000,17.0,2021-01-15,2020-12-18,1.03,1.14,0.95,1.1,28417,126,1.03,,monthly_30d_35d_otm,weekly_2_strike0,38,2226
VALE,2020-12-08,2021-01-06,backfill,O:VALE210115C00017000,17.0,2021-01-15,2020-12-21,0.77,0.95,0.65,0.85,2338,133,0.77,,monthly_30d_35d_otm,weekly_2_strike0,38,2226
VALE,2020-12-08,2021-01-06,backfill,O:VALE210115C00017000,17.0,2021-01-15,2020-12-22,0.74,0.85,0.61,0.69,2195,137,0.74,,monthly_30d_35d_otm,weekly_2_strike0,38,2226
VALE,2020-12-08,2021-01-06,backfill,O:VALE210115C00017000,17.0,2021-01-15,2020-12-23,0.68,0.76,0.64,0.68,1014,96,0.68,,monthly_30d_35d_otm,weekly_2_strike0,38,2226
VALE,2020-12-08,2021-01-06,backfill,O:VALE210115C00017000,17.0,2021-01-15,2020-12-24,0.69,0.71,0.59,0.65,416,51,0.69,,monthly_30d_35d_otm,weekly_2_strike0,38,2226
VALE,2020-12-08,2021-01-06,backfill,O:VALE210115C00017000,17.0,2021-01-15,2020-12-28,0.66,0.66,0.48,0.5,11500,111,0.66,,monthly_30d_35d_otm,weekly_2_strike0,38,2226
VALE,2020-12-08,2021-01-06,backfill,O:VALE210115C00017000,17.0,2021-01-15,2020-12-29,0.55,0.61,0.43,0.55,8875,78,0.55,,monthly_30d_35d_otm,weekly_2_strike0,38,2226
VALE,2020-12-08,2021-01-06,backfill,O:VALE210115C00017000,17.0,2021-01-15,2020-12-30,0.5,0.6,0.5,0.58,2545,65,0.5,,monthly_30d_35d_otm,weekly_2_strike0,38,2226
VALE,2020-12-08,2021-01-06,backfill,O:VALE210115C00017000,17.0,2021-01-15,2020-12-31,0.59,0.59,0.47,0.5,1236,75,0.59,,monthly_30d_35d_otm,weekly_2_strike0,38,2226
VALE,2020-12-08,2021-01-06,backfill,O:VALE210115C00017000,17.0,2021-01-15,2021-01-04,0.62,2.26,0.62,0.81,3001,123,0.62,,monthly_30d_35d_otm,weekly_2_strike0,38,2226
VALE,2020-12-08,2021-01-06,backfill,O:VALE210115C00017000,17.0,2021-01-15,2021-01-05,0.68,1.0,0.61,1.0,4850,85,0.68,,monthly_30d_35d_otm,weekly_2_strike0,38,2226
VALE,2020-12-08,2021-01-06,backfill,O:VALE210115C00017000,17.0,2021-01-15,2021-01-06,1.0,1.46,0.77,1.28,800,107,1.0,,monthly_30d_35d_otm,weekly_2_strike0,38,2226
VALE,2021-06-07,2021-07-02,backfill,O:VALE210716C00024000,24.0,2021-07-16,2021-06-07,0.46,0.5,0.44,0.46,74,12,0.46,,monthly_30d_25d_otm,weekly_2_strike0,39,74
VALE,2021-06-07,2021-07-02,backfill,O:VALE210716C00024000,24.0,2021-07-16,2021-06-08,0.46,0.46,0.3,0.31,33,9,0.46,,monthly_30d_25d_otm,weekly_2_strike0,39,74
VALE,2021-06-07,2021-07-02,backfill,O:VALE210716C00024000,24.0,2021-07-16,2021-06-09,0.34,0.42,0.34,0.41,98,16,0.34,,monthly_30d_25d_otm,weekly_2_strike0,39,74
VALE,2021-06-07,2021-07-02,backfill,O:VALE210716C00024000,24.0,2021-07-16,2021-06-10,0.39,0.39,0.32,0.38,292,17,0.39,,monthly_30d_25d_otm,weekly_2_strike0,39,74
VALE,2021-06-07,2021-07-02,backfill,O:VALE210716C00024000,24.0,2021-07-16,2021-06-11,0.4,0.4,0.32,0.37,65,20,0.4,,monthly_30d_25d_otm,weekly_2_strike0,39,74
VALE,2021-06-07,2021-07-02,backfill,O:VALE210716C00024000,24.0,2021-07-16,2021-06-14,0.42,0.45,0.35,0.39,540,21,0.42,,monthly_30d_25d_otm,weekly_2_strike0,39,74
VALE,2021-06-07,2021-07-02,backfill,O:VALE210716C00024000,24.0,2021-07-16,2021-06-15,0.33,0.33,0.24,0.29,30996,95,0.33,,monthly_30d_25d_otm,weekly_2_strike0,39,74
VALE,2021-06-07,2021-07-02,backfill,O:VALE210716C00024000,24.0,2021-07-16,2021-06-16,0.24,0.24,0.18,0.18,1222,51,0.24,,monthly_30d_25d_otm,weekly_2_strike0,39,74
VALE,2021-06-07,2021-07-02,backfill,O:VALE210716C00024000,24.0,2021-07-16,2021-06-17,0.2,0.2,0.12,0.13,1304,44,0.2,,monthly_30d_25d_otm,weekly_2_strike0,39,74
VALE,2021-06-07,2021-07-02,backfill,O:VALE210716C00024000,24.0,2021-07-16,2021-06-18,0.18,0.18,0.11,0.12,1753,44,0.18,,monthly_30d_25d_otm,weekly_2_strike0,39,74
VALE,2021-06-07,2021-07-02,backfill,O:VALE210716C00024000,24.0,2021-07-16,2021-06-21,0.12,0.15,0.12,0.13,17026,37,0.12,,monthly_30d_25d_otm,weekly_2_strike0,39,74
VALE,2021-06-07,2021-07-02,backfill,O:VALE210716C00024000,24.0,2021-07-16,2021-06-22,0.13,0.19,0.13,0.19,14031,33,0.13,,monthly_30d_25d_otm,weekly_2_strike0,39,74
VALE,2021-06-07,2021-07-02,backfill,O:VALE210716C00024000,24.0,2021-07-16,2021-06-23,0.22,0.31,0.2,0.23,4143,92,0.22,,monthly_30d_25d_otm,weekly_2_strike0,39,74
VALE,2021-06-07,2021-07-02,backfill,O:VALE210716C00024000,24.0,2021-07-16,2021-06-24,0.25,0.32,0.23,0.27,1239,65,0.25,,monthly_30d_25d_otm,weekly_2_strike0,39,74
VALE,2021-06-07,2021-07-02,backfill,O:VALE210716C00024000,24.0,2021-07-16,2021-06-25,0.32,0.4,0.27,0.27,1942,88,0.32,,monthly_30d_25d_otm,weekly_2_strike0,39,74
VALE,2021-06-07,2021-07-02,backfill,O:VALE210716C00024000,24.0,2021-07-16,2021-06-28,0.28,0.29,0.18,0.18,3573,51,0.28,,monthly_30d_25d_otm,weekly_2_strike0,39,74
VALE,2021-06-07,2021-07-02,backfill,O:VALE210716C00024000,24.0,2021-07-16,2021-06-29,0.21,0.27,0.21,0.24,1061,40,0.21,,monthly_30d_25d_otm,weekly_2_strike0,39,74
VALE,2021-06-07,2021-07-02,backfill,O:VALE210716C00024000,24.0,2021-07-16,2021-06-30,0.25,0.25,0.17,0.21,685,19,0.25,,monthly_30d_25d_otm,weekly_2_strike0,39,74
VALE,2021-06-07,2021-07-02,backfill,O:VALE210716C00024000,24.0,2021-07-16,2021-07-01,0.24,0.24,0.07,0.11,278,31,0.24,,monthly_30d_25d_otm,weekly_2_strike0,39,74
VALE,2021-06-07,2021-07-02,backfill,O:VALE210716C00024000,24.0,2021-07-16,2021-07-02,0.11,0.12,0.09,0.12,267,20,0.11,,monthly_30d_25d_otm,weekly_2_strike0,39,74
VALE,2022-01-13,2022-02-10,backfill,O:VALE220218C00016000,16.0,2022-02-18,2022-01-13,0.51,0.6,0.45,0.54,51600,303,0.51,,monthly_30d_35d_otm,weekly_2_strike0,36,51600
VALE,2022-01-13,2022-02-10,backfill,O:VALE220218C00016000,16.0,2022-02-18,2022-01-14,0.51,0.58,0.43,0.56,6824,255,0.51,,monthly_30d_35d_otm,weekly_2_strike0,36,51600
VALE,2022-01-13,2022-02-10,backfill,O:VALE220218C00016000,16.0,2022-02-18,2022-01-18,0.61,0.71,0.5,0.57,8014,240,0.61,,monthly_30d_35d_otm,weekly_2_strike0,36,51600
VALE,2022-01-13,2022-02-10,backfill,O:VALE220218C00016000,16.0,2022-02-18,2022-01-19,0.82,0.92,0.75,0.84,7788,244,0.82,,monthly_30d_35d_otm,weekly_2_strike0,36,51600
VALE,2022-01-13,2022-02-10,backfill,O:VALE220218C00016000,16.0,2022-02-18,2022-01-20,0.9,0.94,0.69,0.71,6397,194,0.9,,monthly_30d_35d_otm,weekly_2_strike0,36,51600
VALE,2022-01-13,2022-02-10,backfill,O:VALE220218C00016000,16.0,2022-02-18,2022-01-21,0.67,0.71,0.46,0.59,2496,133,0.67,,monthly_30d_35d_otm,weekly_2_strike0,36,51600
VALE,2022-01-13,2022-02-10,backfill,O:VALE220218C00016000,16.0,2022-02-18,2022-01-24,0.5,0.5,0.35,0.5,33716,132,0.5,,monthly_30d_35d_otm,weekly_2_strike0,36,51600
VALE,2022-01-13,2022-02-10,backfill,O:VALE220218C00016000,16.0,2022-02-18,2022-01-25,0.5,0.54,0.4,0.48,1080,79,0.5,,monthly_30d_35d_otm,weekly_2_strike0,36,51600
VALE,2022-01-13,2022-02-10,backfill,O:VALE220218C00016000,16.0,2022-02-18,2022-01-26,0.62,0.65,0.41,0.47,2226,110,0.62,,monthly_30d_35d_otm,weekly_2_strike0,36,51600
VALE,2022-01-13,2022-02-10,backfill,O:VALE220218C00016000,16.0,2022-02-18,2022-01-27,0.56,0.61,0.41,0.48,1068,61,0.56,,monthly_30d_35d_otm,weekly_2_strike0,36,51600
VALE,2022-01-13,2022-02-10,backfill,O:VALE220218C00016000,16.0,2022-02-18,2022-01-28,0.6,0.62,0.39,0.44,3815,77,0.6,,monthly_30d_35d_otm,weekly_2_strike0,36,51600
VALE,2022-01-13,2022-02-10,backfill,O:VALE220218C00016000,16.0,2022-02-18,2022-01-31,0.4,0.43,0.3,0.3,949,86,0.4,,monthly_30d_35d_otm,weekly_2_strike0,36,51600
VALE,2022-01-13,2022-02-10,backfill,O:VALE220218C00016000,16.0,2022-02-18,2022-02-01,0.37,0.72,0.37,0.68,2678,139,0.37,,monthly_30d_35d_otm,weekly_2_strike0,36,51600
VALE,2022-01-13,2022-02-10,backfill,O:VALE220218C00016000,16.0,2022-02-18,2022-02-02,0.68,0.79,0.58,0.77,1359,91,0.68,,monthly_30d_35d_otm,weekly_2_strike0,36,51600
VALE,2022-01-13,2022-02-10,backfill,O:VALE220218C00016000,16.0,2022-02-18,2022-02-03,0.68,0.82,0.62,0.62,1438,71,0.68,,monthly_30d_35d_otm,weekly_2_strike0,36,51600
VALE,2022-01-13,2022-02-10,backfill,O:VALE220218C00016000,16.0,2022-02-18,2022-02-04,0.63,0.86,0.58,0.82,1469,95,0.63,,monthly_30d_35d_otm,weekly_2_strike0,36,51600
VALE,2022-01-13,2022-02-10,backfill,O:VALE220218C00016000,16.0,2022-02-18,2022-02-07,2.8,2.8,0.89,1.21,3679,148,2.8,,monthly_30d_35d_otm,weekly_2_strike0,36,51600
VALE,2022-01-13,2022-02-10,backfill,O:VALE220218C00016000,16.0,2022-02-18,2022-02-08,1.27,1.49,1.23,1.49,1443,87,1.27,,monthly_30d_35d_otm,weekly_2_strike0,36,51600
VALE,2022-01-13,2022-02-10,backfill,O:VALE220218C00016000,16.0,2022-02-18,2022-02-09,1.19,1.57,1.19,1.53,2280,84,1.19,,monthly_30d_35d_otm,weekly_2_strike0,36,51600
VALE,2022-01-13,2022-02-10,backfill,O:VALE220218C00016000,16.0,2022-02-18,2022-02-10,1.75,2.12,1.6,1.9,817,80,1.75,,monthly_30d_35d_otm,weekly_2_strike0,36,51600
VEEV,2024-09-04,2024-10-01,backfill,O:VEEV241018C00230000,230.0,2024-10-18,2024-09-04,2.27,2.8,2.27,2.55,26,3,2.27,,monthly_30d_30d_otm,weekly_3_strike2,44,26
VEEV,2024-09-04,2024-10-01,backfill,O:VEEV241018C00230000,230.0,2024-10-18,2024-09-05,2.1,2.27,1.85,2.27,18,6,2.1,,monthly_30d_30d_otm,weekly_3_strike2,44,26
VEEV,2024-09-04,2024-10-01,backfill,O:VEEV241018C00230000,230.0,2024-10-18,2024-09-06,2.5,2.7,1.95,2.52,5,5,2.5,,monthly_30d_30d_otm,weekly_3_strike2,44,26
VEEV,2024-09-04,2024-10-01,backfill,O:VEEV241018C00230000,230.0,2024-10-18,2024-09-09,2.45,4.2,2.45,4.2,24,14,2.45,,monthly_30d_30d_otm,weekly_3_strike2,44,26
VEEV,2024-09-04,2024-10-01,backfill,O:VEEV241018C00230000,230.0,2024-10-18,2024-09-10,4.28,4.28,3.7,3.7,34,9,4.28,,monthly_30d_30d_otm,weekly_3_strike2,44,26
VEEV,2024-09-04,2024-10-01,backfill,O:VEEV241018C00230000,230.0,2024-10-18,2024-09-11,3.3,4.5,3.3,4.4,24,12,3.3,,monthly_30d_30d_otm,weekly_3_strike2,44,26
VEEV,2024-09-04,2024-10-01,backfill,O:VEEV241018C00230000,230.0,2024-10-18,2024-09-12,4.7,4.7,2.55,2.75,32,16,4.7,,monthly_30d_30d_otm,weekly_3_strike2,44,26
VEEV,2024-09-04,2024-10-01,backfill,O:VEEV241018C00230000,230.0,2024-10-18,2024-09-13,2.56,2.56,1.75,2.03,180,11,2.56,,monthly_30d_30d_otm,weekly_3_strike2,44,26
VEEV,2024-09-04,2024-10-01,backfill,O:VEEV241018C00230000,230.0,2024-10-18,2024-09-16,2.0,2.25,1.4,2.05,20,9,2.0,,monthly_30d_30d_otm,weekly_3_strike2,44,26
VEEV,2024-09-04,2024-10-01,backfill,O:VEEV241018C00230000,230.0,2024-10-18,2024-09-17,1.5,1.9,1.31,1.31,29,7,1.5,,monthly_30d_30d_otm,weekly_3_strike2,44,26
VEEV,2024-09-04,2024-10-01,backfill,O:VEEV241018C00230000,230.0,2024-10-18,2024-09-18,1.25,1.38,1.23,1.24,7,4,1.25,,monthly_30d_30d_otm,weekly_3_strike2,44,26
VEEV,2024-09-04,2024-10-01,backfill,O:VEEV241018C00230000,230.0,2024-10-18,2024-09-19,2.3,2.3,0.95,0.95,196,11,2.3,,monthly_30d_30d_otm,weekly_3_strike2,44,26
VEEV,2024-09-04,2024-10-01,backfill,O:VEEV241018C00230000,230.0,2024-10-18,2024-09-20,0.81,0.81,0.5,0.75,520,11,0.81,,monthly_30d_30d_otm,weekly_3_strike2,44,26
VEEV,2024-09-04,2024-10-01,backfill,O:VEEV241018C00230000,230.0,2024-10-18,2024-09-23,0.8,0.8,0.4,0.4,54,17,0.8,,monthly_30d_30d_otm,weekly_3_strike2,44,26
VEEV,2024-09-04,2024-10-01,backfill,O:VEEV241018C00230000,230.0,2024-10-18,2024-09-24,0.35,0.35,0.25,0.25,30,12,0.35,,monthly_30d_30d_otm,weekly_3_strike2,44,26
VEEV,2024-09-04,2024-10-01,backfill,O:VEEV241018C00230000,230.0,2024-10-18,2024-09-25,0.28,0.3,0.24,0.25,37,6,0.28,,monthly_30d_30d_otm,weekly_3_strike2,44,26
VEEV,2024-09-04,2024-10-01,backfill,O:VEEV241018C00230000,230.0,2024-10-18,2024-09-26,0.2,0.32,0.2,0.32,17,7,0.2,,monthly_30d_30d_otm,weekly_3_strike2,44,26
VEEV,2024-09-04,2024-10-01,backfill,O:VEEV241018C00230000,230.0,2024-10-18,2024-09-27,0.3,0.35,0.3,0.35,6,2,0.3,,monthly_30d_30d_otm,weekly_3_strike2,44,26
VEEV,2024-09-04,2024-10-01,backfill,O:VEEV241018C00230000,230.0,2024-10-18,2024-09-30,0.3,0.3,0.3,0.3,1,1,0.3,,monthly_30d_30d_otm,weekly_3_strike2,44,26
VEEV,2024-09-04,2024-10-01,backfill,O:VEEV241018C00230000,230.0,2024-10-18,2024-10-01,0.23,0.3,0.23,0.3,2,1,0.23,,monthly_30d_30d_otm,weekly_3_strike2,44,26
VEEV,2025-05-06,2025-06-03,backfill,O:VEEV250620C00250000,250.0,2025-06-20,2025-05-06,7.2,7.48,6.6,6.6,6,4,7.2,,monthly_30d_30d_otm,weekly_2_strike1,45,6
VEEV,2025-05-06,2025-06-03,backfill,O:VEEV250620C00250000,250.0,2025-06-20,2025-05-07,7.0,7.9,7.0,7.9,2,2,7.0,,monthly_30d_30d_otm,weekly_2_strike1,45,6
VEEV,2025-05-06,2025-06-03,backfill,O:VEEV250620C00250000,250.0,2025-06-20,2025-05-08,10.5,10.5,8.5,8.72,27,17,10.5,,monthly_30d_30d_otm,weekly_2_strike1,45,6
VEEV,2025-05-06,2025-06-03,backfill,O:VEEV250620C00250000,250.0,2025-06-20,2025-05-09,9.21,9.21,7.5,7.8,19,11,9.21,,monthly_30d_30d_otm,weekly_2_strike1,45,6
VEEV,2025-05-06,2025-06-03,backfill,O:VEEV250620C00250000,250.0,2025-06-20,2025-05-12,7.55,7.55,5.93,7.4,15,10,7.55,,monthly_30d_30d_otm,weekly_2_strike1,45,6
VEEV,2025-05-06,2025-06-03,backfill,O:VEEV250620C00250000,250.0,2025-06-20,2025-05-13,9.5,9.5,7.61,8.75,76,15,9.5,,monthly_30d_30d_otm,weekly_2_strike1,45,6
VEEV,2025-05-06,2025-06-03,backfill,O:VEEV250620C00250000,250.0,2025-06-20,2025-05-14,8.58,8.58,7.1,8.2,37,14,8.58,,monthly_30d_30d_otm,weekly_2_strike1,45,6
VEEV,2025-05-06,2025-06-03,backfill,O:VEEV250620C00250000,250.0,2025-06-20,2025-05-15,8.0,8.5,6.8,8.5,12,6,8.0,,monthly_30d_30d_otm,weekly_2_strike1,45,6
VEEV,2025-05-06,2025-06-03,backfill,O:VEEV250620C00250000,250.0,2025-06-20,2025-05-16,8.5,9.06,8.3,8.54,44,15,8.5,,monthly_30d_30d_otm,weekly_2_strike1,45,6
VEEV,2025-05-06,2025-06-03,backfill,O:VEEV250620C00250000,250.0,2025-06-20,2025-05-19,7.72,7.72,6.23,7.4,13,9,7.72,,monthly_30d_30d_otm,weekly_2_strike1,45,6
VEEV,2025-05-06,2025-06-03,backfill,O:VEEV250620C00250000,250.0,2025-06-20,2025-05-20,6.9,7.5,6.9,7.5,65,7,6.9,,monthly_30d_30d_otm,weekly_2_strike1,45,6
VEEV,2025-05-06,2025-06-03,backfill,O:VEEV250620C00250000,250.0,2025-06-20,2025-05-21,6.4,6.6,5.6,5.8,34,8,6.4,,monthly_30d_30d_otm,weekly_2_strike1,45,6
VEEV,2025-05-06,2025-06-03,backfill,O:VEEV250620C00250000,250.0,2025-06-20,2025-05-22,5.9,6.2,5.9,6.2,54,4,5.9,,monthly_30d_30d_otm,weekly_2_strike1,45,6
VEEV,2025-05-06,2025-06-03,backfill,O:VEEV250620C00250000,250.0,2025-06-20,2025-05-23,5.0,5.2,4.42,4.42,13,6,5.0,,monthly_30d_30d_otm,weekly_2_strike1,45,6
VEEV,2025-05-06,2025-06-03,backfill,O:VEEV250620C00250000,250.0,2025-06-20,2025-05-27,6.04,6.9,6.04,6.46,43,22,6.04,,monthly_30d_30d_otm,weekly_2_strike1,45,6
VEEV,2025-05-06,2025-06-03,backfill,O:VEEV250620C00250000,250.0,2025-06-20,2025-05-28,6.2,6.8,5.2,5.7,540,85,6.2,,monthly_30d_30d_otm,weekly_2_strike1,45,6
VEEV,2025-05-06,2025-06-03,backfill,O:VEEV250620C00250000,250.0,2025-06-20,2025-05-29,20.7,37.4,17.9,29.51,440,59,20.7,,monthly_30d_30d_otm,weekly_2_strike1,45,6
VEEV,2025-05-06,2025-06-03,backfill,O:VEEV250620C00250000,250.0,2025-06-20,2025-05-30,27.96,31.26,26.1,31.26,35,13,27.96,,monthly_30d_30d_otm,weekly_2_strike1,45,6
VEEV,2025-05-06,2025-06-03,backfill,O:VEEV250620C00250000,250.0,2025-06-20,2025-06-02,29.56,32.3,29.56,30.0,15,9,29.56,,monthly_30d_30d_otm,weekly_2_strike1,45,6
VEEV,2025-05-06,2025-06-03,backfill,O:VEEV250620C00250000,250.0,2025-06-20,2025-06-03,32.8,35.28,32.8,34.58,12,7,32.8,,monthly_30d_30d_otm,weekly_2_strike1,45,6
VEEV,2025-06-05,2025-07-03,backfill,O:VEEV250718C00320000,320.0,2025-07-18,2025-06-05,1.82,2.8,1.7,2.45,33,16,1.82,,monthly_30d_30d_otm,weekly_3_strike1,43,33
VEEV,2025-06-05,2025-07-03,backfill,O:VEEV250718C00320000,320.0,2025-07-18,2025-06-06,2.35,3.0,1.95,2.05,378,70,2.35,,monthly_30d_30d_otm,weekly_3_strike1,43,33
VEEV,2025-06-05,2025-07-03,backfill,O:VEEV250718C00320000,320.0,2025-07-18,2025-06-09,1.9,1.9,0.8,1.1,122,29,1.9,,monthly_30d_30d_otm,weekly_3_strike1,43,33
VEEV,2025-06-05,2025-07-03,backfill,O:VEEV250718C00320000,320.0,2025-07-18,2025-06-10,1.1,1.12,0.96,1.0,18,7,1.1,,monthly_30d_30d_otm,weekly_3_strike1,43,33
VEEV,2025-06-05,2025-07-03,backfill,O:VEEV250718C00320000,320.0,2025-07-18,2025-06-11,1.0,1.25,0.85,1.25,59,18,1.0,,monthly_30d_30d_otm,weekly_3_strike1,43,33
VEEV,2025-06-05,2025-07-03,backfill,O:VEEV250718C00320000,320.0,2025-07-18,2025-06-12,1.4,1.45,0.7,0.7,29,12,1.4,,monthly_30d_30d_otm,weekly_3_strike1,43,33
VEEV,2025-06-05,2025-07-03,backfill,O:VEEV250718C00320000,320.0,2025-07-18,2025-06-13,0.6,0.95,0.6,0.95,55,6,0.6,,monthly_30d_30d_otm,weekly_3_strike1,43,33
VEEV,2025-06-05,2025-07-03,backfill,O:VEEV250718C00320000,320.0,2025-07-18,2025-06-16,0.79,0.79,0.7,0.7,10,4,0.79,,monthly_30d_30d_otm,weekly_3_strike1,43,33
VEEV,2025-06-05,2025-07-03,backfill,O:VEEV250718C00320000,320.0,2025-07-18,2025-06-18,0.55,0.55,0.55,0.55,1,1,0.55,,monthly_30d_30d_otm,weekly_3_strike1,43,33
VEEV,2025-06-05,2025-07-03,backfill,O:VEEV250718C00320000,320.0,2025-07-18,2025-06-20,0.42,0.55,0.31,0.55,23,5,0.42,,monthly_30d_30d_otm,weekly_3_strike1,43,33
VEEV,2025-06-05,2025-07-03,backfill,O:VEEV250718C00320000,320.0,2025-07-18,2025-06-23,0.4,0.4,0.25,0.28,275,7,0.4,,monthly_30d_30d_otm,weekly_3_strike1,43,33
VEEV,2025-06-05,2025-07-03,backfill,O:VEEV250718C00320000,320.0,2025-07-18,2025-06-24,0.18,0.35,0.18,0.35,6,3,0.18,,monthly_30d_30d_otm,weekly_3_strike1,43,33
VEEV,2025-06-05,2025-07-03,backfill,O:VEEV250718C00320000,320.0,2025-07-18,2025-06-25,0.18,0.18,0.18,0.18,1,1,0.18,,monthly_30d_30d_otm,weekly_3_strike1,43,33
VEEV,2025-06-05,2025-07-03,backfill,O:VEEV250718C00320000,320.0,2025-07-18,2025-06-26,0.06,0.15,0.06,0.15,5,2,0.06,,monthly_30d_30d_otm,weekly_3_strike1,43,33
VEEV,2025-06-05,2025-07-03,backfill,O:VEEV250718C00320000,320.0,2025-07-18,2025-06-27,0.09,0.24,0.09,0.24,12,4,0.09,,monthly_30d_30d_otm,weekly_3_strike1,43,33
VEEV,2025-06-05,2025-07-03,backfill,O:VEEV250718C00320000,320.0,2025-07-18,2025-06-30,0.13,0.25,0.13,0.25,17,4,0.13,,monthly_30d_30d_otm,weekly_3_strike1,43,33
VEEV,2025-06-05,2025-07-03,backfill,O:VEEV250718C00320000,320.0,2025-07-18,2025-07-01,0.25,0.55,0.25,0.55,7,2,0.25,,monthly_30d_30d_otm,weekly_3_strike1,43,33
VEEV,2025-06-05,2025-07-03,backfill,O:VEEV250718C00320000,320.0,2025-07-18,2025-07-02,0.3,0.3,0.15,0.24,53,13,0.3,,monthly_30d_30d_otm,weekly_3_strike1,43,33
VEEV,2025-08-06,2025-09-03,backfill,O:VEEV250919C00290000,290.0,2025-09-19,2025-08-06,10.9,11.2,9.88,11.02,43,9,10.9,,monthly_30d_35d_otm,weekly_2_strike0,44,43
VEEV,2025-08-06,2025-09-03,backfill,O:VEEV250919C00290000,290.0,2025-09-19,2025-08-07,12.4,12.4,7.9,10.4,75,16,12.4,,monthly_30d_35d_otm,weekly_2_strike0,44,43
VEEV,2025-08-06,2025-09-03,backfill,O:VEEV250919C00290000,290.0,2025-09-19,2025-08-08,11.12,11.53,10.1,11.53,58,21,11.12,,monthly_30d_35d_otm,weekly_2_strike0,44,43
VEEV,2025-08-06,2025-09-03,backfill,O:VEEV250919C00290000,290.0,2025-09-19,2025-08-11,10.72,12.23,9.1,9.6,41,14,10.72,,monthly_30d_35d_otm,weekly_2_strike0,44,43
VEEV,2025-08-06,2025-09-03,backfill,O:VEEV250919C00290000,290.0,2025-09-19,2025-08-12,8.5,8.67,7.55,7.94,25,15,8.5,,monthly_30d_35d_otm,weekly_2_strike0,44,43
VEEV,2025-08-06,2025-09-03,backfill,O:VEEV250919C00290000,290.0,2025-09-19,2025-08-13,8.0,9.3,7.91,9.0,40,13,8.0,,monthly_30d_35d_otm,weekly_2_strike0,44,43
VEEV,2025-08-06,2025-09-03,backfill,O:VEEV250919C00290000,290.0,2025-09-19,2025-08-14,8.15,8.29,7.79,8.29,31,8,8.15,,monthly_30d_35d_otm,weekly_2_strike0,44,43
VEEV,2025-08-06,2025-09-03,backfill,O:VEEV250919C00290000,290.0,2025-09-19,2025-08-15,9.0,10.8,9.0,10.8,77,16,9.0,,monthly_30d_35d_otm,weekly_2_strike0,44,43
VEEV,2025-08-06,2025-09-03,backfill,O:VEEV250919C00290000,290.0,2025-09-19,2025-08-18,9.5,12.25,9.5,11.23,62,23,9.5,,monthly_30d_35d_otm,weekly_2_strike0,44,43
VEEV,2025-08-06,2025-09-03,backfill,O:VEEV250919C00290000,290.0,2025-09-19,2025-08-19,10.8,11.25,10.4,11.15,68,9,10.8,,monthly_30d_35d_otm,weekly_2_strike0,44,43
VEEV,2025-08-06,2025-09-03,backfill,O:VEEV250919C00290000,290.0,2025-09-19,2025-08-20,11.3,11.3,9.88,11.0,58,25,11.3,,monthly_30d_35d_otm,weekly_2_strike0,44,43
VEEV,2025-08-06,2025-09-03,backfill,O:VEEV250919C00290000,290.0,2025-09-19,2025-08-21,10.4,11.2,10.4,11.0,5,3,10.4,,monthly_30d_35d_otm,weekly_2_strike0,44,43
VEEV,2025-08-06,2025-09-03,backfill,O:VEEV250919C00290000,290.0,2025-09-19,2025-08-22,10.64,14.2,10.64,14.2,61,13,10.64,,monthly_30d_35d_otm,weekly_2_strike0,44,43
VEEV,2025-08-06,2025-09-03,backfill,O:VEEV250919C00290000,290.0,2025-09-19,2025-08-25,14.1,15.08,12.0,12.0,368,35,14.1,,monthly_30d_35d_otm,weekly_2_strike0,44,43
VEEV,2025-08-06,2025-09-03,backfill,O:VEEV250919C00290000,290.0,2025-09-19,2025-08-26,14.0,14.75,12.1,12.93,104,31,14.0,,monthly_30d_35d_otm,weekly_2_strike0,44,43
VEEV,2025-08-06,2025-09-03,backfill,O:VEEV250919C00290000,290.0,2025-09-19,2025-08-27,15.5,18.7,14.0,17.73,370,128,15.5,,monthly_30d_35d_otm,weekly_2_strike0,44,43
VEEV,2025-08-06,2025-09-03,backfill,O:VEEV250919C00290000,290.0,2025-09-19,2025-08-28,7.8,9.3,1.7,1.7,323,103,7.8,,monthly_30d_35d_otm,weekly_2_strike0,44,43
VEEV,2025-08-06,2025-09-03,backfill,O:VEEV250919C00290000,290.0,2025-09-19,2025-08-29,1.7,2.09,0.8,1.0,191,43,1.7,,monthly_30d_35d_otm,weekly_2_strike0,44,43
VEEV,2025-08-06,2025-09-03,backfill,O:VEEV250919C00290000,290.0,2025-09-19,2025-09-02,0.85,1.25,0.84,0.97,64,17,0.85,,monthly_30d_35d_otm,weekly_2_strike0,44,43
VEEV,2025-08-06,2025-09-03,backfill,O:VEEV250919C00290000,290.0,2025-09-19,2025-09-03,1.03,1.03,0.75,0.95,514,19,1.03,,monthly_30d_35d_otm,weekly_2_strike0,44,43
VLO,2024-03-15,2024-04-12,backfill,O:VLO240419C00170000,170.0,2024-04-19,2024-03-15,2.9,4.8,2.9,3.95,1586,102,2.9,,monthly_30d_30d_otm,weekly_1_strike1,35,1586
VLO,2024-03-15,2024-04-12,backfill,O:VLO240419C00170000,170.0,2024-04-19,2024-03-18,4.0,5.0,3.55,4.7,704,61,4.0,,monthly_30d_30d_otm,weekly_1_strike1,35,1586
VLO,2024-03-15,2024-04-12,backfill,O:VLO240419C00170000,170.0,2024-04-19,2024-03-19,4.07,5.3,4.07,4.9,396,45,4.07,,monthly_30d_30d_otm,weekly_1_strike1,35,1586
VLO,2024-03-15,2024-04-12,backfill,O:VLO240419C00170000,170.0,2024-04-19,2024-03-20,4.7,6.53,4.7,5.6,268,47,4.7,,monthly_30d_30d_otm,weekly_1_strike1,35,1586
VLO,2024-03-15,2024-04-12,backfill,O:VLO240419C00170000,170.0,2024-04-19,2024-03-21,5.7,6.7,5.2,6.2,704,40,5.7,,monthly_30d_30d_otm,weekly_1_strike1,35,1586
VLO,2024-03-15,2024-04-12,backfill,O:VLO240419C00170000,170.0,2024-04-19,2024-03-22,5.86,5.95,4.99,5.3,124,28,5.86,,monthly_30d_30d_otm,weekly_1_strike1,35,1586
VLO,2024-03-15,2024-04-12,backfill,O:VLO240419C00170000,170.0,2024-04-19,2024-03-25,6.45,6.66,4.7,4.7,114,18,6.45,,monthly_30d_30d_otm,weekly_1_strike1,35,1586
VLO,2024-03-15,2024-04-12,backfill,O:VLO240419C00170000,170.0,2024-04-19,2024-03-26,4.76,4.77,3.59,3.65,354,28,4.76,,monthly_30d_30d_otm,weekly_1_strike1,35,1586
VLO,2024-03-15,2024-04-12,backfill,O:VLO240419C00170000,170.0,2024-04-19,2024-03-27,4.45,4.45,3.11,3.45,121,21,4.45,,monthly_30d_30d_otm,weekly_1_strike1,35,1586
VLO,2024-03-15,2024-04-12,backfill,O:VLO240419C00170000,170.0,2024-04-19,2024-03-28,3.65,5.1,2.92,4.95,268,24,3.65,,monthly_30d_30d_otm,weekly_1_strike1,35,1586
VLO,2024-03-15,2024-04-12,backfill,O:VLO240419C00170000,170.0,2024-04-19,2024-04-01,3.7,6.15,3.5,6.15,172,34,3.7,,monthly_30d_30d_otm,weekly_1_strike1,35,1586
VLO,2024-03-15,2024-04-12,backfill,O:VLO240419C00170000,170.0,2024-04-19,2024-04-02,6.6,9.27,6.0,9.27,203,40,6.6,,monthly_30d_30d_otm,weekly_1_strike1,35,1586
VLO,2024-03-15,2024-04-12,backfill,O:VLO240419C00170000,170.0,2024-04-19,2024-04-03,10.18,13.7,10.18,11.71,88,27,10.18,,monthly_30d_30d_otm,weekly_1_strike1,35,1586
VLO,2024-03-15,2024-04-12,backfill,O:VLO240419C00170000,170.0,2024-04-19,2024-04-04,12.1,14.5,11.53,11.53,79,13,12.1,,monthly_30d_30d_otm,weekly_1_strike1,35,1586
VLO,2024-03-15,2024-04-12,backfill,O:VLO240419C00170000,170.0,2024-04-19,2024-04-05,13.98,15.47,13.98,14.46,35,9,13.98,,monthly_30d_30d_otm,weekly_1_strike1,35,1586
VLO,2024-03-15,2024-04-12,backfill,O:VLO240419C00170000,170.0,2024-04-19,2024-04-08,13.17,14.0,12.45,12.7,32,9,13.17,,monthly_30d_30d_otm,weekly_1_strike1,35,1586
VLO,2024-03-15,2024-04-12,backfill,O:VLO240419C00170000,170.0,2024-04-19,2024-04-09,9.26,9.26,8.0,8.32,19,8,9.26,,monthly_30d_30d_otm,weekly_1_strike1,35,1586
VLO,2024-03-15,2024-04-12,backfill,O:VLO240419C00170000,170.0,2024-04-19,2024-04-10,8.28,8.28,7.55,7.55,3,3,8.28,,monthly_30d_30d_otm,weekly_1_strike1,35,1586
VLO,2024-03-15,2024-04-12,backfill,O:VLO240419C00170000,170.0,2024-04-19,2024-04-11,7.7,7.7,6.5,6.89,32,6,7.7,,monthly_30d_30d_otm,weekly_1_strike1,35,1586
VLO,2024-03-15,2024-04-12,backfill,O:VLO240419C00170000,170.0,2024-04-19,2024-04-12,8.55,8.55,4.65,5.17,77,11,8.55,,monthly_30d_30d_otm,weekly_1_strike1,35,1586
VLO,2025-08-29,2025-09-26,backfill,O:VLO250919C00155000,155.0,2025-09-19,2025-08-29,3.22,3.38,2.24,2.59,34,7,3.22,,monthly_30d_35d_otm,weekly_1_strike1,21,34
VLO,2025-08-29,2025-09-26,backfill,O:VLO250919C00155000,155.0,2025-09-19,2025-09-02,2.76,3.7,2.67,3.63,90,26,2.76,,monthly_30d_35d_otm,weekly_1_strike1,21,34
VLO,2025-08-29,2025-09-26,backfill,O:VLO250919C00155000,155.0,2025-09-19,2025-09-03,4.1,6.49,3.7,4.25,1470,34,4.1,,monthly_30d_35d_otm,weekly_1_strike1,21,34
VLO,2025-08-29,2025-09-26,backfill,O:VLO250919C00155000,155.0,2025-09-19,2025-09-04,4.55,4.92,3.85,3.93,41,20,4.55,,monthly_30d_35d_otm,weekly_1_strike1,21,34
VLO,2025-08-29,2025-09-26,backfill,O:VLO250919C00155000,155.0,2025-09-19,2025-09-05,4.7,5.05,3.2,4.0,36,10,4.7,,monthly_30d_35d_otm,weekly_1_strike1,21,34
VLO,2025-08-29,2025-09-26,backfill,O:VLO250919C00155000,155.0,2025-09-19,2025-09-08,4.65,4.65,3.5,4.3,36,8,4.65,,monthly_30d_35d_otm,weekly_1_strike1,21,34
VLO,2025-08-29,2025-09-26,backfill,O:VLO250919C00155000,155.0,2025-09-19,2025-09-09,5.5,8.7,5.5,8.22,181,24,5.5,,monthly_30d_35d_otm,weekly_1_strike1,21,34
VLO,2025-08-29,2025-09-26,backfill,O:VLO250919C00155000,155.0,2025-09-19,2025-09-10,8.2,8.2,3.2,4.85,63,16,8.2,,monthly_30d_35d_otm,weekly_1_strike1,21,34
VLO,2025-08-29,2025-09-26,backfill,O:VLO250919C00155000,155.0,2025-09-19,2025-09-11,6.0,6.02,4.26,4.42,185,8,6.0,,monthly_30d_35d_otm,weekly_1_strike1,21,34
VLO,2025-08-29,2025-09-26,backfill,O:VLO250919C00155000,155.0,2025-09-19,2025-09-12,5.05,5.05,3.6,3.64,25,11,5.05,,monthly_30d_35d_otm,weekly_1_strike1,21,34
VLO,2025-08-29,2025-09-26,backfill,O:VLO250919C00155000,155.0,2025-09-19,2025-09-15,3.05,4.7,3.05,3.9,41,9,3.05,,monthly_30d_35d_otm,weekly_1_strike1,21,34
VLO,2025-08-29,2025-09-26,backfill,O:VLO250919C00155000,155.0,2025-09-19,2025-09-16,5.55,8.6,5.55,7.9,91,23,5.55,,monthly_30d_35d_otm,weekly_1_strike1,21,34
VLO,2025-08-29,2025-09-26,backfill,O:VLO250919C00155000,155.0,2025-09-19,2025-09-17,9.0,10.2,7.73,9.18,168,32,9.0,,monthly_30d_35d_otm,weekly_1_strike1,21,34
VLO,2025-08-29,2025-09-26,backfill,O:VLO250919C00155000,155.0,2025-09-19,2025-09-18,8.25,9.05,7.15,9.05,133,16,8.25,,monthly_30d_35d_otm,weekly_1_strike1,21,34
VLO,2025-08-29,2025-09-26,backfill,O:VLO250919C00155000,155.0,2025-09-19,2025-09-19,7.3,8.58,6.4,8.28,133,19,7.3,,monthly_30d_35d_otm,weekly_1_strike1,21,34
VLO,2026-03-05,2026-04-01,backfill,O:VLO260417C00240000,240.0,2026-04-17,2026-03-05,9.86,10.35,8.4,8.4,118,38,9.86,,monthly_30d_35d_otm,weekly_2_strike0,43,118
VLO,2026-03-05,2026-04-01,backfill,O:VLO260417C00240000,240.0,2026-04-17,2026-03-06,9.19,9.3,7.5,8.65,163,16,9.19,,monthly_30d_35d_otm,weekly_2_strike0,43,118
VLO,2026-03-05,2026-04-01,backfill,O:VLO260417C00240000,240.0,2026-04-17,2026-03-09,8.35,8.35,5.5,5.65,106,15,8.35,,monthly_30d_35d_otm,weekly_2_strike0,43,118
VLO,2026-03-05,2026-04-01,backfill,O:VLO260417C00240000,240.0,2026-04-17,2026-03-10,5.2,6.05,4.8,5.75,139,10,5.2,,monthly_30d_35d_otm,weekly_2_strike0,43,118
VLO,2026-03-05,2026-04-01,backfill,O:VLO260417C00240000,240.0,2026-04-17,2026-03-11,5.25,9.9,5.25,9.85,67,28,5.25,,monthly_30d_35d_otm,weekly_2_strike0,43,118
VLO,2026-03-05,2026-04-01,backfill,O:VLO260417C00240000,240.0,2026-04-17,2026-03-12,11.2,14.5,10.85,12.55,297,47,11.2,,monthly_30d_35d_otm,weekly_2_strike0,43,118
VLO,2026-03-05,2026-04-01,backfill,O:VLO260417C00240000,240.0,2026-04-17,2026-03-13,10.5,12.31,9.7,9.81,82,20,10.5,,monthly_30d_35d_otm,weekly_2_strike0,43,118
VLO,2026-03-05,2026-04-01,backfill,O:VLO260417C00240000,240.0,2026-04-17,2026-03-16,9.42,10.0,8.93,8.93,34,7,9.42,,monthly_30d_35d_otm,weekly_2_strike0,43,118
VLO,2026-03-05,2026-04-01,backfill,O:VLO260417C00240000,240.0,2026-04-17,2026-03-17,10.7,10.9,10.25,10.28,62,30,10.7,,monthly_30d_35d_otm,weekly_2_strike0,43,118
VLO,2026-03-05,2026-04-01,backfill,O:VLO260417C00240000,240.0,2026-04-17,2026-03-18,11.95,13.2,10.66,11.38,124,21,11.95,,monthly_30d_35d_otm,weekly_2_strike0,43,118
VLO,2026-03-05,2026-04-01,backfill,O:VLO260417C00240000,240.0,2026-04-17,2026-03-19,13.1,16.5,12.9,13.2,219,31,13.1,,monthly_30d_35d_otm,weekly_2_strike0,43,118
VLO,2026-03-05,2026-04-01,backfill,O:VLO260417C00240000,240.0,2026-04-17,2026-03-20,12.85,14.54,11.69,11.69,260,18,12.85,,monthly_30d_35d_otm,weekly_2_strike0,43,118
VLO,2026-03-05,2026-04-01,backfill,O:VLO260417C00240000,240.0,2026-04-17,2026-03-23,8.48,11.65,8.25,9.92,215,30,8.48,,monthly_30d_35d_otm,weekly_2_strike0,43,118
VLO,2026-03-05,2026-04-01,backfill,O:VLO260417C00240000,240.0,2026-04-17,2026-03-24,10.79,14.2,9.7,12.05,123,23,10.79,,monthly_30d_35d_otm,weekly_2_strike0,43,118
VLO,2026-03-05,2026-04-01,backfill,O:VLO260417C00240000,240.0,2026-04-17,2026-03-25,10.05,13.0,7.85,7.85,86,12,10.05,,monthly_30d_35d_otm,weekly_2_strike0,43,118
VLO,2026-03-05,2026-04-01,backfill,O:VLO260417C00240000,240.0,2026-04-17,2026-03-26,8.95,15.85,8.95,15.0,118,17,8.95,,monthly_30d_35d_otm,weekly_2_strike0,43,118
VLO,2026-03-05,2026-04-01,backfill,O:VLO260417C00240000,240.0,2026-04-17,2026-03-27,17.02,20.0,16.96,19.49,81,12,17.02,,monthly_30d_35d_otm,weekly_2_strike0,43,118
VLO,2026-03-05,2026-04-01,backfill,O:VLO260417C00240000,240.0,2026-04-17,2026-03-30,21.89,21.89,16.33,16.33,36,12,21.89,,monthly_30d_35d_otm,weekly_2_strike0,43,118
VLO,2026-03-05,2026-04-01,backfill,O:VLO260417C00240000,240.0,2026-04-17,2026-03-31,15.0,19.51,11.95,11.95,49,14,15.0,,monthly_30d_35d_otm,weekly_2_strike0,43,118
VLO,2026-03-05,2026-04-01,backfill,O:VLO260417C00240000,240.0,2026-04-17,2026-04-01,8.75,9.37,7.09,9.3,74,12,8.75,,monthly_30d_35d_otm,weekly_2_strike0,43,118
VRTX,2020-03-16,2020-04-13,backfill,O:VRTX200417C00220000,220.0,2020-04-17,2020-03-16,13.5,14.4,10.0,10.0,63,16,13.5,,monthly_30d_35d_otm,weekly_3_strike3,32,63
VRTX,2020-03-16,2020-04-13,backfill,O:VRTX200417C00220000,220.0,2020-04-17,2020-03-17,12.23,19.0,11.5,19.0,45,9,12.23,,monthly_30d_35d_otm,weekly_3_strike3,32,63
VRTX,2020-03-16,2020-04-13,backfill,O:VRTX200417C00220000,220.0,2020-04-17,2020-03-18,12.56,19.2,10.1,15.0,253,43,12.56,,monthly_30d_35d_otm,weekly_3_strike3,32,63
VRTX,2020-03-16,2020-04-13,backfill,O:VRTX200417C00220000,220.0,2020-04-17,2020-03-19,17.0,17.0,14.3,14.3,172,10,17.0,,monthly_30d_35d_otm,weekly_3_strike3,32,63
VRTX,2020-03-16,2020-04-13,backfill,O:VRTX200417C00220000,220.0,2020-04-17,2020-03-20,11.0,11.0,8.0,8.0,16,7,11.0,,monthly_30d_35d_otm,weekly_3_strike3,32,63
VRTX,2020-03-16,2020-04-13,backfill,O:VRTX200417C00220000,220.0,2020-04-17,2020-03-23,6.5,9.06,5.29,5.5,27,5,6.5,,monthly_30d_35d_otm,weekly_3_strike3,32,63
VRTX,2020-03-16,2020-04-13,backfill,O:VRTX200417C00220000,220.0,2020-04-17,2020-03-24,7.6,11.7,7.6,11.7,43,20,7.6,,monthly_30d_35d_otm,weekly_3_strike3,32,63
VRTX,2020-03-16,2020-04-13,backfill,O:VRTX200417C00220000,220.0,2020-04-17,2020-03-25,9.92,13.0,8.02,8.02,43,30,9.92,,monthly_30d_35d_otm,weekly_3_strike3,32,63
VRTX,2020-03-16,2020-04-13,backfill,O:VRTX200417C00220000,220.0,2020-04-17,2020-03-26,9.0,12.3,9.0,12.3,32,16,9.0,,monthly_30d_35d_otm,weekly_3_strike3,32,63
VRTX,2020-03-16,2020-04-13,backfill,O:VRTX200417C00220000,220.0,2020-04-17,2020-03-27,11.14,11.14,11.14,11.14,1,1,11.14,,monthly_30d_35d_otm,weekly_3_strike3,32,63
VRTX,2020-03-16,2020-04-13,backfill,O:VRTX200417C00220000,220.0,2020-04-17,2020-03-30,15.0,17.6,15.0,16.75,20,7,15.0,,monthly_30d_35d_otm,weekly_3_strike3,32,63
VRTX,2020-03-16,2020-04-13,backfill,O:VRTX200417C00220000,220.0,2020-04-17,2020-03-31,17.63,17.63,17.63,17.63,3,1,17.63,,monthly_30d_35d_otm,weekly_3_strike3,32,63
VRTX,2020-03-16,2020-04-13,backfill,O:VRTX200417C00220000,220.0,2020-04-17,2020-04-01,15.0,15.18,11.43,11.43,19,4,15.0,,monthly_30d_35d_otm,weekly_3_strike3,32,63
VRTX,2020-03-16,2020-04-13,backfill,O:VRTX200417C00220000,220.0,2020-04-17,2020-04-02,24.5,24.5,24.5,24.5,5,1,24.5,,monthly_30d_35d_otm,weekly_3_strike3,32,63
VRTX,2020-03-16,2020-04-13,backfill,O:VRTX200417C00220000,220.0,2020-04-17,2020-04-03,23.82,23.82,17.5,20.4,10,4,23.82,,monthly_30d_35d_otm,weekly_3_strike3,32,63
VRTX,2020-03-16,2020-04-13,backfill,O:VRTX200417C00220000,220.0,2020-04-17,2020-04-06,29.7,34.5,27.09,33.0,148,13,29.7,,monthly_30d_35d_otm,weekly_3_strike3,32,63
VRTX,2020-03-16,2020-04-13,backfill,O:VRTX200417C00220000,220.0,2020-04-17,2020-04-07,42.82,42.82,31.32,31.46,124,9,42.82,,monthly_30d_35d_otm,weekly_3_strike3,32,63
VRTX,2020-03-16,2020-04-13,backfill,O:VRTX200417C00220000,220.0,2020-04-17,2020-04-08,26.4,28.99,23.65,28.99,5,3,26.4,,monthly_30d_35d_otm,weekly_3_strike3,32,63
VRTX,2020-03-16,2020-04-13,backfill,O:VRTX200417C00220000,220.0,2020-04-17,2020-04-09,25.0,28.52,25.0,26.5,104,8,25.0,,monthly_30d_35d_otm,weekly_3_strike3,32,63
VRTX,2020-03-16,2020-04-13,backfill,O:VRTX200417C00220000,220.0,2020-04-17,2020-04-13,30.77,31.5,30.77,31.5,4,2,30.77,,monthly_30d_35d_otm,weekly_3_strike3,32,63
VRTX,2021-05-04,2021-06-01,backfill,O:VRTX210618C00230000,230.0,2021-06-18,2021-05-04,6.5,6.69,6.25,6.42,9,3,6.5,,monthly_30d_20d_otm,weekly_2_strike0,45,9
VRTX,2021-05-04,2021-06-01,backfill,O:VRTX210618C00230000,230.0,2021-06-18,2021-05-06,5.8,5.88,5.75,5.75,62,4,5.8,,monthly_30d_20d_otm,weekly_2_strike0,45,9
VRTX,2021-05-04,2021-06-01,backfill,O:VRTX210618C00230000,230.0,2021-06-18,2021-05-07,6.9,6.9,5.98,6.03,570,8,6.9,,monthly_30d_20d_otm,weekly_2_strike0,45,9
VRTX,2021-05-04,2021-06-01,backfill,O:VRTX210618C00230000,230.0,2021-06-18,2021-05-10,5.75,5.75,5.3,5.4,10,5,5.75,,monthly_30d_20d_otm,weekly_2_strike0,45,9
VRTX,2021-05-04,2021-06-01,backfill,O:VRTX210618C00230000,230.0,2021-06-18,2021-05-12,5.3,6.2,5.3,5.88,19,7,5.3,,monthly_30d_20d_otm,weekly_2_strike0,45,9
VRTX,2021-05-04,2021-06-01,backfill,O:VRTX210618C00230000,230.0,2021-06-18,2021-05-13,5.7,5.83,5.65,5.65,7,3,5.7,,monthly_30d_20d_otm,weekly_2_strike0,45,9
VRTX,2021-05-04,2021-06-01,backfill,O:VRTX210618C00230000,230.0,2021-06-18,2021-05-14,6.37,6.6,6.1,6.6,536,7,6.37,,monthly_30d_20d_otm,weekly_2_strike0,45,9
VRTX,2021-05-04,2021-06-01,backfill,O:VRTX210618C00230000,230.0,2021-06-18,2021-05-17,6.1,7.0,6.1,6.54,33,8,6.1,,monthly_30d_20d_otm,weekly_2_strike0,45,9
VRTX,2021-05-04,2021-06-01,backfill,O:VRTX210618C00230000,230.0,2021-06-18,2021-05-18,6.3,6.8,5.7,6.4,265,15,6.3,,monthly_30d_20d_otm,weekly_2_strike0,45,9
VRTX,2021-05-04,2021-06-01,backfill,O:VRTX210618C00230000,230.0,2021-06-18,2021-05-19,5.1,6.43,5.0,6.43,2014,8,5.1,,monthly_30d_20d_otm,weekly_2_strike0,45,9
VRTX,2021-05-04,2021-06-01,backfill,O:VRTX210618C00230000,230.0,2021-06-18,2021-05-20,6.5,7.5,6.5,7.36,131,15,6.5,,monthly_30d_20d_otm,weekly_2_strike0,45,9
VRTX,2021-05-04,2021-06-01,backfill,O:VRTX210618C00230000,230.0,2021-06-18,2021-05-21,6.6,6.7,5.69,6.42,65,13,6.6,,monthly_30d_20d_otm,weekly_2_strike0,45,9
VRTX,2021-05-04,2021-06-01,backfill,O:VRTX210618C00230000,230.0,2021-06-18,2021-05-24,6.45,6.45,4.8,4.86,182,28,6.45,,monthly_30d_20d_otm,weekly_2_strike0,45,9
VRTX,2021-05-04,2021-06-01,backfill,O:VRTX210618C00230000,230.0,2021-06-18,2021-05-25,4.4,5.0,3.5,4.1,1370,31,4.4,,monthly_30d_20d_otm,weekly_2_strike0,45,9
VRTX,2021-05-04,2021-06-01,backfill,O:VRTX210618C00230000,230.0,2021-06-18,2021-05-26,4.09,5.19,3.4,3.7,137,18,4.09,,monthly_30d_20d_otm,weekly_2_strike0,45,9
VRTX,2021-05-04,2021-06-01,backfill,O:VRTX210618C00230000,230.0,2021-06-18,2021-05-27,3.6,4.1,3.0,3.6,71,12,3.6,,monthly_30d_20d_otm,weekly_2_strike0,45,9
VRTX,2021-05-04,2021-06-01,backfill,O:VRTX210618C00230000,230.0,2021-06-18,2021-05-28,4.0,4.9,4.0,4.2,10,4,4.0,,monthly_30d_20d_otm,weekly_2_strike0,45,9
VRTX,2021-05-04,2021-06-01,backfill,O:VRTX210618C00230000,230.0,2021-06-18,2021-06-01,3.1,3.54,3.1,3.54,7,5,3.1,,monthly_30d_20d_otm,weekly_2_strike0,45,9
VRTX,2021-08-30,2021-09-24,backfill,O:VRTX211015C00210000,210.0,2021-10-15,2021-08-30,3.6,3.6,3.0,3.2,29,10,3.6,,monthly_45d_25d_otm,weekly_3_strike2,46,29
VRTX,2021-08-30,2021-09-24,backfill,O:VRTX211015C00210000,210.0,2021-10-15,2021-08-31,2.85,3.2,2.85,3.2,75,12,2.85,,monthly_45d_25d_otm,weekly_3_strike2,46,29
VRTX,2021-08-30,2021-09-24,backfill,O:VRTX211015C00210000,210.0,2021-10-15,2021-09-01,3.8,3.93,2.2,2.28,15,10,3.8,,monthly_45d_25d_otm,weekly_3_strike2,46,29
VRTX,2021-08-30,2021-09-24,backfill,O:VRTX211015C00210000,210.0,2021-10-15,2021-09-02,2.3,2.6,2.15,2.6,14,7,2.3,,monthly_45d_25d_otm,weekly_3_strike2,46,29
VRTX,2021-08-30,2021-09-24,backfill,O:VRTX211015C00210000,210.0,2021-10-15,2021-09-03,2.7,2.7,1.85,2.2,27,6,2.7,,monthly_45d_25d_otm,weekly_3_strike2,46,29
VRTX,2021-08-30,2021-09-24,backfill,O:VRTX211015C00210000,210.0,2021-10-15,2021-09-07,1.72,1.72,1.18,1.23,49,21,1.72,,monthly_45d_25d_otm,weekly_3_strike2,46,29
VRTX,2021-08-30,2021-09-24,backfill,O:VRTX211015C00210000,210.0,2021-10-15,2021-09-08,1.32,1.7,1.3,1.45,331,13,1.32,,monthly_45d_25d_otm,weekly_3_strike2,46,29
VRTX,2021-08-30,2021-09-24,backfill,O:VRTX211015C00210000,210.0,2021-10-15,2021-09-09,1.8,1.8,0.85,0.95,49,13,1.8,,monthly_45d_25d_otm,weekly_3_strike2,46,29
VRTX,2021-08-30,2021-09-24,backfill,O:VRTX211015C00210000,210.0,2021-10-15,2021-09-10,0.85,0.94,0.8,0.9,50,10,0.85,,monthly_45d_25d_otm,weekly_3_strike2,46,29
VRTX,2021-08-30,2021-09-24,backfill,O:VRTX211015C00210000,210.0,2021-10-15,2021-09-13,0.85,1.27,0.85,0.95,59,14,0.85,,monthly_45d_25d_otm,weekly_3_strike2,46,29
VRTX,2021-08-30,2021-09-24,backfill,O:VRTX211015C00210000,210.0,2021-10-15,2021-09-14,0.9,0.94,0.7,0.7,119,5,0.9,,monthly_45d_25d_otm,weekly_3_strike2,46,29
VRTX,2021-08-30,2021-09-24,backfill,O:VRTX211015C00210000,210.0,2021-10-15,2021-09-15,0.84,0.85,0.6,0.6,239,10,0.84,,monthly_45d_25d_otm,weekly_3_strike2,46,29
VRTX,2021-08-30,2021-09-24,backfill,O:VRTX211015C00210000,210.0,2021-10-15,2021-09-16,0.62,0.62,0.54,0.54,6,3,0.62,,monthly_45d_25d_otm,weekly_3_strike2,46,29
VRTX,2021-08-30,2021-09-24,backfill,O:VRTX211015C00210000,210.0,2021-10-15,2021-09-17,0.2,0.65,0.2,0.65,27,8,0.2,,monthly_45d_25d_otm,weekly_3_strike2,46,29
VRTX,2021-08-30,2021-09-24,backfill,O:VRTX211015C00210000,210.0,2021-10-15,2021-09-21,0.4,0.42,0.4,0.42,180,2,0.4,,monthly_45d_25d_otm,weekly_3_strike2,46,29
VRTX,2021-08-30,2021-09-24,backfill,O:VRTX211015C00210000,210.0,2021-10-15,2021-09-22,0.4,0.5,0.3,0.5,10,7,0.4,,monthly_45d_25d_otm,weekly_3_strike2,46,29
VRTX,2021-08-30,2021-09-24,backfill,O:VRTX211015C00210000,210.0,2021-10-15,2021-09-23,0.48,0.48,0.25,0.25,3,3,0.48,,monthly_45d_25d_otm,weekly_3_strike2,46,29
VRTX,2021-08-30,2021-09-24,backfill,O:VRTX211015C00210000,210.0,2021-10-15,2021-09-24,0.3,0.3,0.2,0.2,19,8,0.3,,monthly_45d_25d_otm,weekly_3_strike2,46,29
VRTX,2021-12-02,2021-12-30,backfill,O:VRTX220121C00230000,230.0,2022-01-21,2021-12-02,3.5,4.3,3.0,3.0,312,10,3.5,,monthly_30d_20d_otm,weekly_2_strike0,50,312
VRTX,2021-12-02,2021-12-30,backfill,O:VRTX220121C00230000,230.0,2022-01-21,2021-12-03,3.8,3.9,2.24,3.8,19,9,3.8,,monthly_30d_20d_otm,weekly_2_strike0,50,312
VRTX,2021-12-02,2021-12-30,backfill,O:VRTX220121C00230000,230.0,2022-01-21,2021-12-06,3.8,3.8,3.0,3.0,40,5,3.8,,monthly_30d_20d_otm,weekly_2_strike0,50,312
VRTX,2021-12-02,2021-12-30,backfill,O:VRTX220121C00230000,230.0,2022-01-21,2021-12-07,3.07,3.1,2.55,3.0,23,10,3.07,,monthly_30d_20d_otm,weekly_2_strike0,50,312
VRTX,2021-12-02,2021-12-30,backfill,O:VRTX220121C00230000,230.0,2022-01-21,2021-12-08,2.7,3.0,2.69,2.8,31,4,2.7,,monthly_30d_20d_otm,weekly_2_strike0,50,312
VRTX,2021-12-02,2021-12-30,backfill,O:VRTX220121C00230000,230.0,2022-01-21,2021-12-09,3.09,4.7,2.76,3.47,568,18,3.09,,monthly_30d_20d_otm,weekly_2_strike0,50,312
VRTX,2021-12-02,2021-12-30,backfill,O:VRTX220121C00230000,230.0,2022-01-21,2021-12-10,4.0,4.0,2.8,3.0,400,12,4.0,,monthly_30d_20d_otm,weekly_2_strike0,50,312
VRTX,2021-12-02,2021-12-30,backfill,O:VRTX220121C00230000,230.0,2022-01-21,2021-12-13,2.6,3.4,2.6,3.4,3,2,2.6,,monthly_30d_20d_otm,weekly_2_strike0,50,312
VRTX,2021-12-02,2021-12-30,backfill,O:VRTX220121C00230000,230.0,2022-01-21,2021-12-14,3.34,3.4,3.0,3.24,211,12,3.34,,monthly_30d_20d_otm,weekly_2_strike0,50,312
VRTX,2021-12-02,2021-12-30,backfill,O:VRTX220121C00230000,230.0,2022-01-21,2021-12-15,2.65,4.48,2.65,3.5,451,9,2.65,,monthly_30d_20d_otm,weekly_2_strike0,50,312
VRTX,2021-12-02,2021-12-30,backfill,O:VRTX220121C00230000,230.0,2022-01-21,2021-12-16,3.17,4.2,3.17,3.6,298,17,3.17,,monthly_30d_20d_otm,weekly_2_strike0,50,312
VRTX,2021-12-02,2021-12-30,backfill,O:VRTX220121C00230000,230.0,2022-01-21,2021-12-17,3.59,5.5,3.59,4.4,154,19,3.59,,monthly_30d_20d_otm,weekly_2_strike0,50,312
VRTX,2021-12-02,2021-12-30,backfill,O:VRTX220121C00230000,230.0,2022-01-21,2021-12-20,4.2,4.8,3.2,4.8,37,9,4.2,,monthly_30d_20d_otm,weekly_2_strike0,50,312
VRTX,2021-12-02,2021-12-30,backfill,O:VRTX220121C00230000,230.0,2022-01-21,2021-12-21,4.48,5.1,3.5,5.1,215,18,4.48,,monthly_30d_20d_otm,weekly_2_strike0,50,312
VRTX,2021-12-02,2021-12-30,backfill,O:VRTX220121C00230000,230.0,2022-01-21,2021-12-22,4.5,6.5,4.5,6.5,49,13,4.5,,monthly_30d_20d_otm,weekly_2_strike0,50,312
VRTX,2021-12-02,2021-12-30,backfill,O:VRTX220121C00230000,230.0,2022-01-21,2021-12-23,5.99,6.13,5.99,6.13,4,2,5.99,,monthly_30d_20d_otm,weekly_2_strike0,50,312
VRTX,2021-12-02,2021-12-30,backfill,O:VRTX220121C00230000,230.0,2022-01-21,2021-12-27,5.25,5.6,4.5,4.59,43,9,5.25,,monthly_30d_20d_otm,weekly_2_strike0,50,312
VRTX,2021-12-02,2021-12-30,backfill,O:VRTX220121C00230000,230.0,2022-01-21,2021-12-28,4.9,4.9,4.4,4.6,11,3,4.9,,monthly_30d_20d_otm,weekly_2_strike0,50,312
VRTX,2021-12-02,2021-12-30,backfill,O:VRTX220121C00230000,230.0,2022-01-21,2021-12-29,5.19,5.19,4.81,4.81,111,3,5.19,,monthly_30d_20d_otm,weekly_2_strike0,50,312
VRTX,2021-12-02,2021-12-30,backfill,O:VRTX220121C00230000,230.0,2022-01-21,2021-12-30,5.0,5.1,4.7,5.0,9,5,5.0,,monthly_30d_20d_otm,weekly_2_strike0,50,312
VRTX,2023-10-17,2023-11-13,backfill,O:VRTX231117C00380000,380.0,2023-11-17,2023-10-17,8.35,9.2,8.35,8.5,15,10,8.35,,monthly_30d_35d_otm,weekly_2_strike1,31,15
VRTX,2023-10-17,2023-11-13,backfill,O:VRTX231117C00380000,380.0,2023-11-17,2023-10-18,8.1,8.1,6.55,6.55,62,10,8.1,,monthly_30d_35d_otm,weekly_2_strike1,31,15
VRTX,2023-10-17,2023-11-13,backfill,O:VRTX231117C00380000,380.0,2023-11-17,2023-10-19,5.02,6.04,5.02,5.5,18,6,5.02,,monthly_30d_35d_otm,weekly_2_strike1,31,15
VRTX,2023-10-17,2023-11-13,backfill,O:VRTX231117C00380000,380.0,2023-11-17,2023-10-20,5.6,5.63,5.5,5.5,25,4,5.6,,monthly_30d_35d_otm,weekly_2_strike1,31,15
VRTX,2023-10-17,2023-11-13,backfill,O:VRTX231117C00380000,380.0,2023-11-17,2023-10-23,4.4,6.1,4.4,6.1,74,8,4.4,,monthly_30d_35d_otm,weekly_2_strike1,31,15
VRTX,2023-10-17,2023-11-13,backfill,O:VRTX231117C00380000,380.0,2023-11-17,2023-10-24,6.1,6.9,5.4,6.2,6,4,6.1,,monthly_30d_35d_otm,weekly_2_strike1,31,15
VRTX,2023-10-17,2023-11-13,backfill,O:VRTX231117C00380000,380.0,2023-11-17,2023-10-25,4.0,5.04,4.0,5.0,10,6,4.0,,monthly_30d_35d_otm,weekly_2_strike1,31,15
VRTX,2023-10-17,2023-11-13,backfill,O:VRTX231117C00380000,380.0,2023-11-17,2023-10-26,4.05,4.05,4.05,4.05,1,1,4.05,,monthly_30d_35d_otm,weekly_2_strike1,31,15
VRTX,2023-10-17,2023-11-13,backfill,O:VRTX231117C00380000,380.0,2023-11-17,2023-10-27,3.4,3.4,2.51,2.51,12,6,3.4,,monthly_30d_35d_otm,weekly_2_strike1,31,15
VRTX,2023-10-17,2023-11-13,backfill,O:VRTX231117C00380000,380.0,2023-11-17,2023-10-30,2.5,2.7,2.45,2.65,123,5,2.5,,monthly_30d_35d_otm,weekly_2_strike1,31,15
VRTX,2023-10-17,2023-11-13,backfill,O:VRTX231117C00380000,380.0,2023-11-17,2023-10-31,1.9,2.6,1.9,2.6,12,6,1.9,,monthly_30d_35d_otm,weekly_2_strike1,31,15
VRTX,2023-10-17,2023-11-13,backfill,O:VRTX231117C00380000,380.0,2023-11-17,2023-11-01,2.89,4.5,2.89,4.5,2,2,2.89,,monthly_30d_35d_otm,weekly_2_strike1,31,15
VRTX,2023-10-17,2023-11-13,backfill,O:VRTX231117C00380000,380.0,2023-11-17,2023-11-02,5.2,6.7,5.2,6.4,11,6,5.2,,monthly_30d_35d_otm,weekly_2_strike1,31,15
VRTX,2023-10-17,2023-11-13,backfill,O:VRTX231117C00380000,380.0,2023-11-17,2023-11-03,6.99,8.29,6.1,6.1,22,9,6.99,,monthly_30d_35d_otm,weekly_2_strike1,31,15
VRTX,2023-10-17,2023-11-13,backfill,O:VRTX231117C00380000,380.0,2023-11-17,2023-11-06,7.82,12.3,7.82,11.9,62,22,7.82,,monthly_30d_35d_otm,weekly_2_strike1,31,15
VRTX,2023-10-17,2023-11-13,backfill,O:VRTX231117C00380000,380.0,2023-11-17,2023-11-07,2.65,8.26,2.65,4.9,156,26,2.65,,monthly_30d_35d_otm,weekly_2_strike1,31,15
VRTX,2023-10-17,2023-11-13,backfill,O:VRTX231117C00380000,380.0,2023-11-17,2023-11-08,3.55,4.29,1.8,2.35,21,12,3.55,,monthly_30d_35d_otm,weekly_2_strike1,31,15
VRTX,2023-10-17,2023-11-13,backfill,O:VRTX231117C00380000,380.0,2023-11-17,2023-11-09,1.6,1.6,0.7,1.0,88,18,1.6,,monthly_30d_35d_otm,weekly_2_strike1,31,15
VRTX,2023-10-17,2023-11-13,backfill,O:VRTX231117C00380000,380.0,2023-11-17,2023-11-10,1.2,2.2,1.2,1.7,89,16,1.2,,monthly_30d_35d_otm,weekly_2_strike1,31,15
VRTX,2023-10-17,2023-11-13,backfill,O:VRTX231117C00380000,380.0,2023-11-17,2023-11-13,1.75,3.0,0.95,3.0,104,25,1.75,,monthly_30d_35d_otm,weekly_2_strike1,31,15
VRTX,2024-01-16,2024-02-12,backfill,O:VRTX240216C00440000,440.0,2024-02-16,2024-01-16,14.3,16.8,14.3,16.8,624,25,14.3,,monthly_30d_30d_otm,weekly_2_strike0,31,624
VRTX,2024-01-16,2024-02-12,backfill,O:VRTX240216C00440000,440.0,2024-02-16,2024-01-17,16.6,17.36,14.2,14.38,72,11,16.6,,monthly_30d_30d_otm,weekly_2_strike0,31,624
VRTX,2024-01-16,2024-02-12,backfill,O:VRTX240216C00440000,440.0,2024-02-16,2024-01-18,11.0,13.84,11.0,13.0,150,13,11.0,,monthly_30d_30d_otm,weekly_2_strike0,31,624
VRTX,2024-01-16,2024-02-12,backfill,O:VRTX240216C00440000,440.0,2024-02-16,2024-01-19,13.6,13.6,12.1,13.0,49,10,13.6,,monthly_30d_30d_otm,weekly_2_strike0,31,624
VRTX,2024-01-16,2024-02-12,backfill,O:VRTX240216C00440000,440.0,2024-02-16,2024-01-22,16.9,17.35,15.61,15.7,61,10,16.9,,monthly_30d_30d_otm,weekly_2_strike0,31,624
VRTX,2024-01-16,2024-02-12,backfill,O:VRTX240216C00440000,440.0,2024-02-16,2024-01-23,17.3,17.3,13.92,15.0,57,9,17.3,,monthly_30d_30d_otm,weekly_2_strike0,31,624
VRTX,2024-01-16,2024-02-12,backfill,O:VRTX240216C00440000,440.0,2024-02-16,2024-01-24,11.32,11.32,7.4,8.2,238,31,11.32,,monthly_30d_30d_otm,weekly_2_strike0,31,624
VRTX,2024-01-16,2024-02-12,backfill,O:VRTX240216C00440000,440.0,2024-02-16,2024-01-25,9.43,9.65,9.3,9.65,10,7,9.43,,monthly_30d_30d_otm,weekly_2_strike0,31,624
VRTX,2024-01-16,2024-02-12,backfill,O:VRTX240216C00440000,440.0,2024-02-16,2024-01-26,9.41,9.5,9.4,9.5,3,3,9.41,,monthly_30d_30d_otm,weekly_2_strike0,31,624
VRTX,2024-01-16,2024-02-12,backfill,O:VRTX240216C00440000,440.0,2024-02-16,2024-01-29,8.8,9.8,8.8,9.8,9,3,8.8,,monthly_30d_30d_otm,weekly_2_strike0,31,624
VRTX,2024-01-16,2024-02-12,backfill,O:VRTX240216C00440000,440.0,2024-02-16,2024-01-30,11.0,16.13,11.0,15.24,56,14,11.0,,monthly_30d_30d_otm,weekly_2_strike0,31,624
VRTX,2024-01-16,2024-02-12,backfill,O:VRTX240216C00440000,440.0,2024-02-16,2024-01-31,13.89,13.89,7.9,9.5,98,17,13.89,,monthly_30d_30d_otm,weekly_2_strike0,31,624
VRTX,2024-01-16,2024-02-12,backfill,O:VRTX240216C00440000,440.0,2024-02-16,2024-02-01,7.48,8.6,7.48,8.4,23,6,7.48,,monthly_30d_30d_otm,weekly_2_strike0,31,624
VRTX,2024-01-16,2024-02-12,backfill,O:VRTX240216C00440000,440.0,2024-02-16,2024-02-02,6.9,8.2,5.7,6.0,118,18,6.9,,monthly_30d_30d_otm,weekly_2_strike0,31,624
VRTX,2024-01-16,2024-02-12,backfill,O:VRTX240216C00440000,440.0,2024-02-16,2024-02-05,6.1,9.7,5.78,8.3,652,46,6.1,,monthly_30d_30d_otm,weekly_2_strike0,31,624
VRTX,2024-01-16,2024-02-12,backfill,O:VRTX240216C00440000,440.0,2024-02-16,2024-02-06,4.0,4.0,0.49,0.5,91,31,4.0,,monthly_30d_30d_otm,weekly_2_strike0,31,624
VRTX,2024-01-16,2024-02-12,backfill,O:VRTX240216C00440000,440.0,2024-02-16,2024-02-07,0.65,1.9,0.65,0.75,10,5,0.65,,monthly_30d_30d_otm,weekly_2_strike0,31,624
VRTX,2024-01-16,2024-02-12,backfill,O:VRTX240216C00440000,440.0,2024-02-16,2024-02-08,0.57,0.95,0.5,0.75,22,8,0.57,,monthly_30d_30d_otm,weekly_2_strike0,31,624
VRTX,2024-01-16,2024-02-12,backfill,O:VRTX240216C00440000,440.0,2024-02-16,2024-02-09,0.55,0.55,0.5,0.5,13,4,0.55,,monthly_30d_30d_otm,weekly_2_strike0,31,624
VRTX,2024-01-16,2024-02-12,backfill,O:VRTX240216C00440000,440.0,2024-02-16,2024-02-12,0.3,0.38,0.22,0.38,8,3,0.3,,monthly_30d_30d_otm,weekly_2_strike0,31,624
VRTX,2024-05-31,2024-06-28,backfill,O:VRTX240621C00455000,455.0,2024-06-21,2024-05-31,7.4,9.7,6.5,9.7,7,4,7.4,,monthly_30d_30d_otm,weekly_1_strike0,21,7
VRTX,2024-05-31,2024-06-28,backfill,O:VRTX240621C00455000,455.0,2024-06-21,2024-06-03,16.5,16.5,16.5,16.5,1,1,16.5,,monthly_30d_30d_otm,weekly_1_strike0,21,7
VRTX,2024-05-31,2024-06-28,backfill,O:VRTX240621C00455000,455.0,2024-06-21,2024-06-04,25.0,25.0,25.0,25.0,4,1,25.0,,monthly_30d_30d_otm,weekly_1_strike0,21,7
VRTX,2024-05-31,2024-06-28,backfill,O:VRTX240621C00455000,455.0,2024-06-21,2024-06-05,31.2,31.2,30.08,30.08,2,2,31.2,,monthly_30d_30d_otm,weekly_1_strike0,21,7
VRTX,2024-05-31,2024-06-28,backfill,O:VRTX240621C00455000,455.0,2024-06-21,2024-06-20,9.8,9.8,9.8,9.8,1,1,9.8,,monthly_30d_30d_otm,weekly_1_strike0,21,7
VXX,2020-03-03,2020-03-30,backfill,O:VXX200417C00028000,28.0,2020-04-17,2020-03-03,1.11,2.15,0.82,1.98,2033,55,1.11,,monthly_30d_25d_otm,weekly_2_strike0,45,2033
VXX,2020-03-03,2020-03-30,backfill,O:VXX200417C00028000,28.0,2020-04-17,2020-03-04,1.35,1.73,1.23,1.32,1199,33,1.35,,monthly_30d_25d_otm,weekly_2_strike0,45,2033
VXX,2020-03-03,2020-03-30,backfill,O:VXX200417C00028000,28.0,2020-04-17,2020-03-05,2.03,3.35,1.86,3.0,13536,121,2.03,,monthly_30d_25d_otm,weekly_2_strike0,45,2033
VXX,2020-03-03,2020-03-30,backfill,O:VXX200417C00028000,28.0,2020-04-17,2020-03-06,5.65,7.26,5.0,5.0,824,86,5.65,,monthly_30d_25d_otm,weekly_2_strike0,45,2033
VXX,2020-03-03,2020-03-30,backfill,O:VXX200417C00028000,28.0,2020-04-17,2020-03-09,11.9,11.9,9.79,10.98,459,37,11.9,,monthly_30d_25d_otm,weekly_2_strike0,45,2033
VXX,2020-03-03,2020-03-30,backfill,O:VXX200417C00028000,28.0,2020-04-17,2020-03-10,7.85,9.85,7.68,8.43,332,28,7.85,,monthly_30d_25d_otm,weekly_2_strike0,45,2033
VXX,2020-03-03,2020-03-30,backfill,O:VXX200417C00028000,28.0,2020-04-17,2020-03-11,10.47,12.2,10.4,11.83,938,22,10.47,,monthly_30d_25d_otm,weekly_2_strike0,45,2033
VXX,2020-03-03,2020-03-30,backfill,O:VXX200417C00028000,28.0,2020-04-17,2020-03-12,17.36,19.75,16.37,19.51,174,16,17.36,,monthly_30d_25d_otm,weekly_2_strike0,45,2033
VXX,2020-03-03,2020-03-30,backfill,O:VXX200417C00028000,28.0,2020-04-17,2020-03-13,16.0,20.0,16.0,17.13,67,16,16.0,,monthly_30d_25d_otm,weekly_2_strike0,45,2033
VXX,2020-03-03,2020-03-30,backfill,O:VXX200417C00028000,28.0,2020-04-17,2020-03-16,26.05,34.15,25.69,34.15,42,13,26.05,,monthly_30d_25d_otm,weekly_2_strike0,45,2033
VXX,2020-03-03,2020-03-30,backfill,O:VXX200417C00028000,28.0,2020-04-17,2020-03-17,30.16,32.8,29.76,29.76,17,6,30.16,,monthly_30d_25d_otm,weekly_2_strike0,45,2033
VXX,2020-03-03,2020-03-30,backfill,O:VXX200417C00028000,28.0,2020-04-17,2020-03-18,37.35,49.1,35.71,42.61,513,22,37.35,,monthly_30d_25d_otm,weekly_2_strike0,45,2033
VXX,2020-03-03,2020-03-30,backfill,O:VXX200417C00028000,28.0,2020-04-17,2020-03-19,47.65,47.65,29.81,30.45,14,6,47.65,,monthly_30d_25d_otm,weekly_2_strike0,45,2033
VXX,2020-03-03,2020-03-30,backfill,O:VXX200417C00028000,28.0,2020-04-17,2020-03-20,31.57,32.1,31.57,32.1,42,3,31.57,,monthly_30d_25d_otm,weekly_2_strike0,45,2033
VXX,2020-03-03,2020-03-30,backfill,O:VXX200417C00028000,28.0,2020-04-17,2020-03-23,26.62,28.0,22.9,22.9,158,14,26.62,,monthly_30d_25d_otm,weekly_2_strike0,45,2033
VXX,2020-03-03,2020-03-30,backfill,O:VXX200417C00028000,28.0,2020-04-17,2020-03-24,13.75,19.28,13.75,19.28,2,2,13.75,,monthly_30d_25d_otm,weekly_2_strike0,45,2033
VXX,2020-03-03,2020-03-30,backfill,O:VXX200417C00028000,28.0,2020-04-17,2020-03-25,24.15,24.15,20.6,21.5,43,8,24.15,,monthly_30d_25d_otm,weekly_2_strike0,45,2033
VXX,2020-03-03,2020-03-30,backfill,O:VXX200417C00028000,28.0,2020-04-17,2020-03-26,19.9,19.9,19.1,19.45,64,12,19.9,,monthly_30d_25d_otm,weekly_2_strike0,45,2033
VXX,2020-03-03,2020-03-30,backfill,O:VXX200417C00028000,28.0,2020-04-17,2020-03-27,21.69,22.28,21.42,21.42,3,3,21.69,,monthly_30d_25d_otm,weekly_2_strike0,45,2033
VXX,2020-03-03,2020-03-30,backfill,O:VXX200417C00028000,28.0,2020-04-17,2020-03-30,23.15,23.15,22.25,22.25,3,3,23.15,,monthly_30d_25d_otm,weekly_2_strike0,45,2033
VXX,2022-01-03,2022-01-31,backfill,O:VXX220218C00021000,21.0,2022-02-18,2022-01-03,1.86,2.0,1.69,1.69,631,25,1.86,,monthly_30d_30d_otm,weekly_2_strike0,46,631
VXX,2022-01-03,2022-01-31,backfill,O:VXX220218C00021000,21.0,2022-02-18,2022-01-04,1.64,1.84,1.63,1.65,816,23,1.64,,monthly_30d_30d_otm,weekly_2_strike0,46,631
VXX,2022-01-03,2022-01-31,backfill,O:VXX220218C00021000,21.0,2022-02-18,2022-01-05,1.7,2.25,1.53,2.25,262,26,1.7,,monthly_30d_30d_otm,weekly_2_strike0,46,631
VXX,2022-01-03,2022-01-31,backfill,O:VXX220218C00021000,21.0,2022-02-18,2022-01-06,2.04,2.51,2.04,2.32,420,42,2.04,,monthly_30d_30d_otm,weekly_2_strike0,46,631
VXX,2022-01-03,2022-01-31,backfill,O:VXX220218C00021000,21.0,2022-02-18,2022-01-07,2.22,2.42,1.87,1.87,286,33,2.22,,monthly_30d_30d_otm,weekly_2_strike0,46,631
VXX,2022-01-03,2022-01-31,backfill,O:VXX220218C00021000,21.0,2022-02-18,2022-01-10,2.22,2.82,1.62,1.62,369,73,2.22,,monthly_30d_30d_otm,weekly_2_strike0,46,631
VXX,2022-01-03,2022-01-31,backfill,O:VXX220218C00021000,21.0,2022-02-18,2022-01-11,1.69,1.92,1.4,1.4,514,28,1.69,,monthly_30d_30d_otm,weekly_2_strike0,46,631
VXX,2022-01-03,2022-01-31,backfill,O:VXX220218C00021000,21.0,2022-02-18,2022-01-12,1.27,1.51,1.18,1.41,258,26,1.27,,monthly_30d_30d_otm,weekly_2_strike0,46,631
VXX,2022-01-03,2022-01-31,backfill,O:VXX220218C00021000,21.0,2022-02-18,2022-01-13,1.27,1.8,1.22,1.79,390,46,1.27,,monthly_30d_30d_otm,weekly_2_strike0,46,631
VXX,2022-01-03,2022-01-31,backfill,O:VXX220218C00021000,21.0,2022-02-18,2022-01-14,2.07,2.11,1.45,1.53,1037,48,2.07,,monthly_30d_30d_otm,weekly_2_strike0,46,631
VXX,2022-01-03,2022-01-31,backfill,O:VXX220218C00021000,21.0,2022-02-18,2022-01-18,1.86,2.33,1.86,2.23,580,79,1.86,,monthly_30d_30d_otm,weekly_2_strike0,46,631
VXX,2022-01-03,2022-01-31,backfill,O:VXX220218C00021000,21.0,2022-02-18,2022-01-19,2.05,2.45,1.9,2.45,1798,57,2.05,,monthly_30d_30d_otm,weekly_2_strike0,46,631
VXX,2022-01-03,2022-01-31,backfill,O:VXX220218C00021000,21.0,2022-02-18,2022-01-20,2.12,2.96,1.7,2.85,686,50,2.12,,monthly_30d_30d_otm,weekly_2_strike0,46,631
VXX,2022-01-03,2022-01-31,backfill,O:VXX220218C00021000,21.0,2022-02-18,2022-01-21,3.22,4.22,2.85,4.17,1299,92,3.22,,monthly_30d_30d_otm,weekly_2_strike0,46,631
VXX,2022-01-03,2022-01-31,backfill,O:VXX220218C00021000,21.0,2022-02-18,2022-01-24,5.54,7.98,4.45,4.47,1056,80,5.54,,monthly_30d_30d_otm,weekly_2_strike0,46,631
VXX,2022-01-03,2022-01-31,backfill,O:VXX220218C00021000,21.0,2022-02-18,2022-01-25,5.55,6.15,4.1,4.35,744,44,5.55,,monthly_30d_30d_otm,weekly_2_strike0,46,631
VXX,2022-01-03,2022-01-31,backfill,O:VXX220218C00021000,21.0,2022-02-18,2022-01-26,4.06,4.8,3.1,4.8,844,47,4.06,,monthly_30d_30d_otm,weekly_2_strike0,46,631
VXX,2022-01-03,2022-01-31,backfill,O:VXX220218C00021000,21.0,2022-02-18,2022-01-27,4.0,5.3,3.5,4.82,222,34,4.0,,monthly_30d_30d_otm,weekly_2_strike0,46,631
VXX,2022-01-03,2022-01-31,backfill,O:VXX220218C00021000,21.0,2022-02-18,2022-01-28,4.4,5.15,3.55,3.56,140,25,4.4,,monthly_30d_30d_otm,weekly_2_strike0,46,631
VXX,2022-01-03,2022-01-31,backfill,O:VXX220218C00021000,21.0,2022-02-18,2022-01-31,3.6,3.65,2.15,2.15,521,48,3.6,,monthly_30d_30d_otm,weekly_2_strike0,46,631
VXX,2026-03-13,2026-04-02,backfill,O:VXX260417C00040000,40.0,2026-04-17,2026-03-13,2.35,2.92,2.1,2.85,270,59,2.35,,monthly_30d_25d_otm,weekly_1_strike0,35,270
VXX,2026-03-13,2026-04-02,backfill,O:VXX260417C00040000,40.0,2026-04-17,2026-03-16,2.26,2.26,1.6,1.72,1160,52,2.26,,monthly_30d_25d_otm,weekly_1_strike0,35,270
VXX,2026-03-13,2026-04-02,backfill,O:VXX260417C00040000,40.0,2026-04-17,2026-03-17,1.43,1.49,1.26,1.4,642,34,1.43,,monthly_30d_25d_otm,weekly_1_strike0,35,270
VXX,2026-03-13,2026-04-02,backfill,O:VXX260417C00040000,40.0,2026-04-17,2026-03-18,1.65,2.3,1.58,2.3,394,50,1.65,,monthly_30d_25d_otm,weekly_1_strike0,35,270
VXX,2026-03-13,2026-04-02,backfill,O:VXX260417C00040000,40.0,2026-04-17,2026-03-19,2.8,3.15,1.74,1.89,985,56,2.8,,monthly_30d_25d_otm,weekly_1_strike0,35,270
VXX,2026-03-13,2026-04-02,backfill,O:VXX260417C00040000,40.0,2026-04-17,2026-03-20,1.99,3.01,1.91,2.75,968,117,1.99,,monthly_30d_25d_otm,weekly_1_strike0,35,270
VXX,2026-03-13,2026-04-02,backfill,O:VXX260417C00040000,40.0,2026-04-17,2026-03-23,2.0,2.07,1.4,1.78,1715,61,2.0,,monthly_30d_25d_otm,weekly_1_strike0,35,270
VXX,2026-03-13,2026-04-02,backfill,O:VXX260417C00040000,40.0,2026-04-17,2026-03-24,2.16,2.2,1.82,2.07,249,27,2.16,,monthly_30d_25d_otm,weekly_1_strike0,35,270
VXX,2026-03-13,2026-04-02,backfill,O:VXX260417C00040000,40.0,2026-04-17,2026-03-25,1.78,2.01,1.69,1.85,609,37,1.78,,monthly_30d_25d_otm,weekly_1_strike0,35,270
VXX,2026-03-13,2026-04-02,backfill,O:VXX260417C00040000,40.0,2026-04-17,2026-03-26,2.0,2.62,1.78,2.59,383,55,2.0,,monthly_30d_25d_otm,weekly_1_strike0,35,270
VXX,2026-03-13,2026-04-02,backfill,O:VXX260417C00040000,40.0,2026-04-17,2026-03-27,2.77,4.2,2.75,4.14,639,97,2.77,,monthly_30d_25d_otm,weekly_1_strike0,35,270
VXX,2026-03-13,2026-04-02,backfill,O:VXX260417C00040000,40.0,2026-04-17,2026-03-30,3.24,3.82,2.84,3.34,576,56,3.24,,monthly_30d_25d_otm,weekly_1_strike0,35,270
VXX,2026-03-13,2026-04-02,backfill,O:VXX260417C00040000,40.0,2026-04-17,2026-03-31,2.76,2.77,1.56,1.64,465,67,2.76,,monthly_30d_25d_otm,weekly_1_strike0,35,270
VXX,2026-03-13,2026-04-02,backfill,O:VXX260417C00040000,40.0,2026-04-17,2026-04-01,1.42,1.6,1.08,1.25,2071,72,1.42,,monthly_30d_25d_otm,weekly_1_strike0,35,270
VXX,2026-03-13,2026-04-02,backfill,O:VXX260417C00040000,40.0,2026-04-17,2026-04-02,1.87,1.95,1.14,1.18,350,58,1.87,,monthly_30d_25d_otm,weekly_1_strike0,35,270
VZ,2021-04-12,2021-05-07,backfill,O:VZ210521C00060000,60.0,2021-05-21,2021-04-12,0.35,0.4,0.31,0.31,529,80,0.35,,monthly_30d_20d_otm,weekly_2_strike0,39,529
VZ,2021-04-12,2021-05-07,backfill,O:VZ210521C00060000,60.0,2021-05-21,2021-04-13,0.3,0.38,0.29,0.35,972,95,0.3,,monthly_30d_20d_otm,weekly_2_strike0,39,529
VZ,2021-04-12,2021-05-07,backfill,O:VZ210521C00060000,60.0,2021-05-21,2021-04-14,0.33,0.47,0.29,0.38,1348,100,0.33,,monthly_30d_20d_otm,weekly_2_strike0,39,529
VZ,2021-04-12,2021-05-07,backfill,O:VZ210521C00060000,60.0,2021-05-21,2021-04-15,0.36,0.41,0.35,0.36,802,88,0.36,,monthly_30d_20d_otm,weekly_2_strike0,39,529
VZ,2021-04-12,2021-05-07,backfill,O:VZ210521C00060000,60.0,2021-05-21,2021-04-16,0.35,0.49,0.35,0.44,4816,158,0.35,,monthly_30d_20d_otm,weekly_2_strike0,39,529
VZ,2021-04-12,2021-05-07,backfill,O:VZ210521C00060000,60.0,2021-05-21,2021-04-19,0.45,0.53,0.4,0.5,1613,148,0.45,,monthly_30d_20d_otm,weekly_2_strike0,39,529
VZ,2021-04-12,2021-05-07,backfill,O:VZ210521C00060000,60.0,2021-05-21,2021-04-20,0.45,0.54,0.41,0.49,1068,102,0.45,,monthly_30d_20d_otm,weekly_2_strike0,39,529
VZ,2021-04-12,2021-05-07,backfill,O:VZ210521C00060000,60.0,2021-05-21,2021-04-21,0.32,0.6,0.3,0.3,1817,101,0.32,,monthly_30d_20d_otm,weekly_2_strike0,39,529
VZ,2021-04-12,2021-05-07,backfill,O:VZ210521C00060000,60.0,2021-05-21,2021-04-22,0.27,0.29,0.15,0.18,2927,140,0.27,,monthly_30d_20d_otm,weekly_2_strike0,39,529
VZ,2021-04-12,2021-05-07,backfill,O:VZ210521C00060000,60.0,2021-05-21,2021-04-23,0.17,0.17,0.12,0.14,4219,115,0.17,,monthly_30d_20d_otm,weekly_2_strike0,39,529
VZ,2021-04-12,2021-05-07,backfill,O:VZ210521C00060000,60.0,2021-05-21,2021-04-26,0.13,0.13,0.09,0.09,1050,102,0.13,,monthly_30d_20d_otm,weekly_2_strike0,39,529
VZ,2021-04-12,2021-05-07,backfill,O:VZ210521C00060000,60.0,2021-05-21,2021-04-27,0.07,0.1,0.05,0.06,1223,89,0.07,,monthly_30d_20d_otm,weekly_2_strike0,39,529
VZ,2021-04-12,2021-05-07,backfill,O:VZ210521C00060000,60.0,2021-05-21,2021-04-28,0.06,0.07,0.05,0.05,999,88,0.06,,monthly_30d_20d_otm,weekly_2_strike0,39,529
VZ,2021-04-12,2021-05-07,backfill,O:VZ210521C00060000,60.0,2021-05-21,2021-04-29,0.06,0.12,0.06,0.09,2417,105,0.06,,monthly_30d_20d_otm,weekly_2_strike0,39,529
VZ,2021-04-12,2021-05-07,backfill,O:VZ210521C00060000,60.0,2021-05-21,2021-04-30,0.1,0.15,0.07,0.15,15463,275,0.1,,monthly_30d_20d_otm,weekly_2_strike0,39,529
VZ,2021-04-12,2021-05-07,backfill,O:VZ210521C00060000,60.0,2021-05-21,2021-05-03,0.18,0.21,0.13,0.13,6574,216,0.18,,monthly_30d_20d_otm,weekly_2_strike0,39,529
VZ,2021-04-12,2021-05-07,backfill,O:VZ210521C00060000,60.0,2021-05-21,2021-05-04,0.13,0.3,0.13,0.27,5107,237,0.13,,monthly_30d_20d_otm,weekly_2_strike0,39,529
VZ,2021-04-12,2021-05-07,backfill,O:VZ210521C00060000,60.0,2021-05-21,2021-05-05,0.26,0.35,0.24,0.25,1277,132,0.26,,monthly_30d_20d_otm,weekly_2_strike0,39,529
VZ,2021-04-12,2021-05-07,backfill,O:VZ210521C00060000,60.0,2021-05-21,2021-05-06,0.29,0.42,0.24,0.39,2031,201,0.29,,monthly_30d_20d_otm,weekly_2_strike0,39,529
VZ,2021-04-12,2021-05-07,backfill,O:VZ210521C00060000,60.0,2021-05-21,2021-05-07,0.29,0.3,0.18,0.19,914,111,0.29,,monthly_30d_20d_otm,weekly_2_strike0,39,529
VZ,2022-06-07,2022-07-06,backfill,O:VZ220715C00050000,50.0,2022-07-15,2022-06-07,1.72,2.14,1.7,2.14,219,26,1.72,,monthly_30d_slight_itm,weekly_2_strike0,38,219
VZ,2022-06-07,2022-07-06,backfill,O:VZ220715C00050000,50.0,2022-07-15,2022-06-08,2.25,2.36,2.0,2.13,597,21,2.25,,monthly_30d_slight_itm,weekly_2_strike0,38,219
VZ,2022-06-07,2022-07-06,backfill,O:VZ220715C00050000,50.0,2022-07-15,2022-06-09,2.06,2.2,1.68,1.68,1816,30,2.06,,monthly_30d_slight_itm,weekly_2_strike0,38,219
VZ,2022-06-07,2022-07-06,backfill,O:VZ220715C00050000,50.0,2022-07-15,2022-06-10,1.45,1.97,1.41,1.64,291,44,1.45,,monthly_30d_slight_itm,weekly_2_strike0,38,219
VZ,2022-06-07,2022-07-06,backfill,O:VZ220715C00050000,50.0,2022-07-15,2022-06-13,1.47,1.6,0.95,1.05,3217,132,1.47,,monthly_30d_slight_itm,weekly_2_strike0,38,219
VZ,2022-06-07,2022-07-06,backfill,O:VZ220715C00050000,50.0,2022-07-15,2022-06-14,0.9,1.1,0.7,0.79,1269,83,0.9,,monthly_30d_slight_itm,weekly_2_strike0,38,219
VZ,2022-06-07,2022-07-06,backfill,O:VZ220715C00050000,50.0,2022-07-15,2022-06-15,0.86,1.0,0.55,0.64,2384,79,0.86,,monthly_30d_slight_itm,weekly_2_strike0,38,219
VZ,2022-06-07,2022-07-06,backfill,O:VZ220715C00050000,50.0,2022-07-15,2022-06-16,0.5,0.67,0.37,0.62,1826,84,0.5,,monthly_30d_slight_itm,weekly_2_strike0,38,219
VZ,2022-06-07,2022-07-06,backfill,O:VZ220715C00050000,50.0,2022-07-15,2022-06-17,0.55,0.81,0.44,0.59,5804,120,0.55,,monthly_30d_slight_itm,weekly_2_strike0,38,219
VZ,2022-06-07,2022-07-06,backfill,O:VZ220715C00050000,50.0,2022-07-15,2022-06-21,0.6,1.42,0.56,1.29,5965,139,0.6,,monthly_30d_slight_itm,weekly_2_strike0,38,219
VZ,2022-06-07,2022-07-06,backfill,O:VZ220715C00050000,50.0,2022-07-15,2022-06-22,1.2,1.6,1.06,1.4,312,54,1.2,,monthly_30d_slight_itm,weekly_2_strike0,38,219
VZ,2022-06-07,2022-07-06,backfill,O:VZ220715C00050000,50.0,2022-07-15,2022-06-23,1.5,2.3,1.5,2.3,4635,51,1.5,,monthly_30d_slight_itm,weekly_2_strike0,38,219
VZ,2022-06-07,2022-07-06,backfill,O:VZ220715C00050000,50.0,2022-07-15,2022-06-24,2.1,2.1,1.19,1.45,451,43,2.1,,monthly_30d_slight_itm,weekly_2_strike0,38,219
VZ,2022-06-07,2022-07-06,backfill,O:VZ220715C00050000,50.0,2022-07-15,2022-06-27,1.5,1.75,1.17,1.3,403,32,1.5,,monthly_30d_slight_itm,weekly_2_strike0,38,219
VZ,2022-06-07,2022-07-06,backfill,O:VZ220715C00050000,50.0,2022-07-15,2022-06-28,1.46,1.53,0.98,0.98,91,19,1.46,,monthly_30d_slight_itm,weekly_2_strike0,38,219
VZ,2022-06-07,2022-07-06,backfill,O:VZ220715C00050000,50.0,2022-07-15,2022-06-29,0.97,1.25,0.89,1.25,108,15,0.97,,monthly_30d_slight_itm,weekly_2_strike0,38,219
VZ,2022-06-07,2022-07-06,backfill,O:VZ220715C00050000,50.0,2022-07-15,2022-06-30,1.09,1.31,0.98,0.98,120,18,1.09,,monthly_30d_slight_itm,weekly_2_strike0,38,219
VZ,2022-06-07,2022-07-06,backfill,O:VZ220715C00050000,50.0,2022-07-15,2022-07-01,1.05,1.83,0.97,1.67,203,31,1.05,,monthly_30d_slight_itm,weekly_2_strike0,38,219
VZ,2022-06-07,2022-07-06,backfill,O:VZ220715C00050000,50.0,2022-07-15,2022-07-05,1.3,1.33,0.78,1.33,326,49,1.3,,monthly_30d_slight_itm,weekly_2_strike0,38,219
VZ,2022-06-07,2022-07-06,backfill,O:VZ220715C00050000,50.0,2022-07-15,2022-07-06,1.5,1.82,1.18,1.49,29380,61,1.5,,monthly_30d_slight_itm,weekly_2_strike0,38,219
VZ,2026-02-10,2026-03-10,backfill,O:VZ260320C00050000,50.0,2026-03-20,2026-02-10,0.3,0.45,0.27,0.41,531,65,0.3,,monthly_30d_35d_otm,weekly_2_strike0,38,531
VZ,2026-02-10,2026-03-10,backfill,O:VZ260320C00050000,50.0,2026-03-20,2026-02-11,0.36,0.98,0.36,0.87,3264,119,0.36,,monthly_30d_35d_otm,weekly_2_strike0,38,531
VZ,2026-02-10,2026-03-10,backfill,O:VZ260320C00050000,50.0,2026-03-20,2026-02-12,0.92,1.59,0.86,1.25,16007,119,0.92,,monthly_30d_35d_otm,weekly_2_strike0,38,531
VZ,2026-02-10,2026-03-10,backfill,O:VZ260320C00050000,50.0,2026-03-20,2026-02-13,1.13,1.18,0.8,0.93,1842,66,1.13,,monthly_30d_35d_otm,weekly_2_strike0,38,531
VZ,2026-02-10,2026-03-10,backfill,O:VZ260320C00050000,50.0,2026-03-20,2026-02-17,0.95,1.03,0.82,0.84,836,60,0.95,,monthly_30d_35d_otm,weekly_2_strike0,38,531
VZ,2026-02-10,2026-03-10,backfill,O:VZ260320C00050000,50.0,2026-03-20,2026-02-18,0.75,0.78,0.39,0.44,595,75,0.75,,monthly_30d_35d_otm,weekly_2_strike0,38,531
VZ,2026-02-10,2026-03-10,backfill,O:VZ260320C00050000,50.0,2026-03-20,2026-02-19,0.49,0.85,0.49,0.59,11928,97,0.49,,monthly_30d_35d_otm,weekly_2_strike0,38,531
VZ,2026-02-10,2026-03-10,backfill,O:VZ260320C00050000,50.0,2026-03-20,2026-02-20,0.71,0.85,0.58,0.77,1398,84,0.71,,monthly_30d_35d_otm,weekly_2_strike0,38,531
VZ,2026-02-10,2026-03-10,backfill,O:VZ260320C00050000,50.0,2026-03-20,2026-02-23,0.77,1.45,0.77,1.03,6346,105,0.77,,monthly_30d_35d_otm,weekly_2_strike0,38,531
VZ,2026-02-10,2026-03-10,backfill,O:VZ260320C00050000,50.0,2026-03-20,2026-02-24,1.09,1.18,0.82,1.06,1164,73,1.09,,monthly_30d_35d_otm,weekly_2_strike0,38,531
VZ,2026-02-10,2026-03-10,backfill,O:VZ260320C00050000,50.0,2026-03-20,2026-02-25,0.96,1.02,0.72,0.76,334,63,0.96,,monthly_30d_35d_otm,weekly_2_strike0,38,531
VZ,2026-02-10,2026-03-10,backfill,O:VZ260320C00050000,50.0,2026-03-20,2026-02-26,0.76,0.9,0.58,0.6,1400,31,0.76,,monthly_30d_35d_otm,weekly_2_strike0,38,531
VZ,2026-02-10,2026-03-10,backfill,O:VZ260320C00050000,50.0,2026-03-20,2026-02-27,0.78,1.15,0.61,1.15,876,91,0.78,,monthly_30d_35d_otm,weekly_2_strike0,38,531
VZ,2026-02-10,2026-03-10,backfill,O:VZ260320C00050000,50.0,2026-03-20,2026-03-02,1.15,1.22,0.93,1.11,1961,110,1.15,,monthly_30d_35d_otm,weekly_2_strike0,38,531
VZ,2026-02-10,2026-03-10,backfill,O:VZ260320C00050000,50.0,2026-03-20,2026-03-03,1.31,1.75,1.05,1.64,4280,96,1.31,,monthly_30d_35d_otm,weekly_2_strike0,38,531
VZ,2026-02-10,2026-03-10,backfill,O:VZ260320C00050000,50.0,2026-03-20,2026-03-04,1.21,1.9,1.14,1.9,711,60,1.21,,monthly_30d_35d_otm,weekly_2_strike0,38,531
VZ,2026-02-10,2026-03-10,backfill,O:VZ260320C00050000,50.0,2026-03-20,2026-03-05,1.44,1.89,1.31,1.85,700,39,1.44,,monthly_30d_35d_otm,weekly_2_strike0,38,531
VZ,2026-02-10,2026-03-10,backfill,O:VZ260320C00050000,50.0,2026-03-20,2026-03-06,1.68,1.75,1.3,1.75,216,36,1.68,,monthly_30d_35d_otm,weekly_2_strike0,38,531
VZ,2026-02-10,2026-03-10,backfill,O:VZ260320C00050000,50.0,2026-03-20,2026-03-09,1.53,1.66,1.17,1.17,143,29,1.53,,monthly_30d_35d_otm,weekly_2_strike0,38,531
VZ,2026-02-10,2026-03-10,backfill,O:VZ260320C00050000,50.0,2026-03-20,2026-03-10,1.02,1.31,0.9,1.27,156,33,1.02,,monthly_30d_35d_otm,weekly_2_strike0,38,531
W,2020-04-22,2020-05-19,backfill,O:W200515C00125000,125.0,2020-05-15,2020-04-22,2.0,2.0,1.65,1.65,8,2,2.0,,monthly_30d_30d_otm,weekly_2_strike0,23,8
W,2020-04-22,2020-05-19,backfill,O:W200515C00125000,125.0,2020-05-15,2020-04-23,2.3,4.3,2.3,4.3,207,15,2.3,,monthly_30d_30d_otm,weekly_2_strike0,23,8
W,2020-04-22,2020-05-19,backfill,O:W200515C00125000,125.0,2020-05-15,2020-04-24,8.0,15.73,7.8,15.73,188,41,8.0,,monthly_30d_30d_otm,weekly_2_strike0,23,8
W,2020-04-22,2020-05-19,backfill,O:W200515C00125000,125.0,2020-05-15,2020-04-27,18.4,24.4,17.7,20.3,35,18,18.4,,monthly_30d_30d_otm,weekly_2_strike0,23,8
W,2020-04-22,2020-05-19,backfill,O:W200515C00125000,125.0,2020-05-15,2020-04-28,19.0,19.1,14.9,15.2,43,21,19.0,,monthly_30d_30d_otm,weekly_2_strike0,23,8
W,2020-04-22,2020-05-19,backfill,O:W200515C00125000,125.0,2020-05-15,2020-04-29,16.61,18.6,16.55,17.4,15,11,16.61,,monthly_30d_30d_otm,weekly_2_strike0,23,8
W,2020-04-22,2020-05-19,backfill,O:W200515C00125000,125.0,2020-05-15,2020-04-30,16.6,16.6,16.6,16.6,10,1,16.6,,monthly_30d_30d_otm,weekly_2_strike0,23,8
W,2020-04-22,2020-05-19,backfill,O:W200515C00125000,125.0,2020-05-15,2020-05-01,14.0,15.2,12.5,12.55,98,21,14.0,,monthly_30d_30d_otm,weekly_2_strike0,23,8
W,2020-04-22,2020-05-19,backfill,O:W200515C00125000,125.0,2020-05-15,2020-05-04,13.0,17.6,12.7,17.6,67,15,13.0,,monthly_30d_30d_otm,weekly_2_strike0,23,8
W,2020-04-22,2020-05-19,backfill,O:W200515C00125000,125.0,2020-05-15,2020-05-05,47.6,54.72,39.78,40.1,108,20,47.6,,monthly_30d_30d_otm,weekly_2_strike0,23,8
W,2020-04-22,2020-05-19,backfill,O:W200515C00125000,125.0,2020-05-15,2020-05-06,42.35,55.0,42.35,55.0,6,4,42.35,,monthly_30d_30d_otm,weekly_2_strike0,23,8
W,2020-04-22,2020-05-19,backfill,O:W200515C00125000,125.0,2020-05-15,2020-05-07,53.99,53.99,53.99,53.99,1,1,53.99,,monthly_30d_30d_otm,weekly_2_strike0,23,8
W,2020-04-22,2020-05-19,backfill,O:W200515C00125000,125.0,2020-05-15,2020-05-08,63.82,63.82,63.09,63.09,26,3,63.82,,monthly_30d_30d_otm,weekly_2_strike0,23,8
W,2020-04-22,2020-05-19,backfill,O:W200515C00125000,125.0,2020-05-15,2020-05-11,64.69,67.25,64.69,67.25,3,2,64.69,,monthly_30d_30d_otm,weekly_2_strike0,23,8
W,2020-04-22,2020-05-19,backfill,O:W200515C00125000,125.0,2020-05-15,2020-05-12,71.3,71.3,70.1,70.1,4,2,71.3,,monthly_30d_30d_otm,weekly_2_strike0,23,8
W,2020-04-22,2020-05-19,backfill,O:W200515C00125000,125.0,2020-05-15,2020-05-13,60.0,60.0,53.6,54.5,6,4,60.0,,monthly_30d_30d_otm,weekly_2_strike0,23,8
W,2020-04-22,2020-05-19,backfill,O:W200515C00125000,125.0,2020-05-15,2020-05-14,52.2,52.2,52.2,52.2,3,1,52.2,,monthly_30d_30d_otm,weekly_2_strike0,23,8
W,2020-04-22,2020-05-19,backfill,O:W200515C00125000,125.0,2020-05-15,2020-05-15,48.89,48.89,48.89,48.89,1,1,48.89,,monthly_30d_30d_otm,weekly_2_strike0,23,8
W,2020-08-17,2020-09-04,backfill,O:W200918C00330000,330.0,2020-09-18,2020-08-17,19.69,19.69,16.5,16.5,69,10,19.69,,monthly_30d_40d_otm,weekly_2_strike0,32,69
W,2020-08-17,2020-09-04,backfill,O:W200918C00330000,330.0,2020-09-18,2020-08-18,20.9,26.72,20.9,22.1,109,36,20.9,,monthly_30d_40d_otm,weekly_2_strike0,32,69
W,2020-08-17,2020-09-04,backfill,O:W200918C00330000,330.0,2020-09-18,2020-08-19,22.6,29.4,22.6,25.1,151,37,22.6,,monthly_30d_40d_otm,weekly_2_strike0,32,69
W,2020-08-17,2020-09-04,backfill,O:W200918C00330000,330.0,2020-09-18,2020-08-20,25.55,25.55,21.4,22.2,2003,27,25.55,,monthly_30d_40d_otm,weekly_2_strike0,32,69
W,2020-08-17,2020-09-04,backfill,O:W200918C00330000,330.0,2020-09-18,2020-08-21,21.9,28.9,21.9,28.9,375,31,21.9,,monthly_30d_40d_otm,weekly_2_strike0,32,69
W,2020-08-17,2020-09-04,backfill,O:W200918C00330000,330.0,2020-09-18,2020-08-24,32.34,33.0,22.5,25.35,53,22,32.34,,monthly_30d_40d_otm,weekly_2_strike0,32,69
W,2020-08-17,2020-09-04,backfill,O:W200918C00330000,330.0,2020-09-18,2020-08-25,22.5,24.3,20.97,24.3,23,9,22.5,,monthly_30d_40d_otm,weekly_2_strike0,32,69
W,2020-08-17,2020-09-04,backfill,O:W200918C00330000,330.0,2020-09-18,2020-08-26,25.78,30.0,25.78,29.1,49,21,25.78,,monthly_30d_40d_otm,weekly_2_strike0,32,69
W,2020-08-17,2020-09-04,backfill,O:W200918C00330000,330.0,2020-09-18,2020-08-27,25.8,25.8,19.1,21.91,90,33,25.8,,monthly_30d_40d_otm,weekly_2_strike0,32,69
W,2020-08-17,2020-09-04,backfill,O:W200918C00330000,330.0,2020-09-18,2020-08-28,21.1,21.78,12.5,12.5,236,67,21.1,,monthly_30d_40d_otm,weekly_2_strike0,32,69
W,2020-08-17,2020-09-04,backfill,O:W200918C00330000,330.0,2020-09-18,2020-08-31,12.4,12.4,6.14,8.5,93,34,12.4,,monthly_30d_40d_otm,weekly_2_strike0,32,69
W,2020-08-17,2020-09-04,backfill,O:W200918C00330000,330.0,2020-09-18,2020-09-01,9.8,13.2,9.44,10.5,33,22,9.8,,monthly_30d_40d_otm,weekly_2_strike0,32,69
W,2020-08-17,2020-09-04,backfill,O:W200918C00330000,330.0,2020-09-18,2020-09-02,12.9,12.9,6.2,9.18,88,31,12.9,,monthly_30d_40d_otm,weekly_2_strike0,32,69
W,2020-08-17,2020-09-04,backfill,O:W200918C00330000,330.0,2020-09-18,2020-09-03,5.0,5.6,3.8,4.0,75,26,5.0,,monthly_30d_40d_otm,weekly_2_strike0,32,69
W,2020-08-17,2020-09-04,backfill,O:W200918C00330000,330.0,2020-09-18,2020-09-04,2.5,3.1,0.45,1.8,685,32,2.5,,monthly_30d_40d_otm,weekly_2_strike0,32,69
W,2025-05-20,2025-06-17,backfill,O:W250620C00039000,39.0,2025-06-20,2025-05-20,2.95,2.95,2.53,2.53,27,6,2.95,,monthly_30d_atm,weekly_2_strike0,31,27
W,2025-05-20,2025-06-17,backfill,O:W250620C00039000,39.0,2025-06-20,2025-05-21,2.1,2.1,1.7,1.7,6,2,2.1,,monthly_30d_atm,weekly_2_strike0,31,27
W,2025-05-20,2025-06-17,backfill,O:W250620C00039000,39.0,2025-06-20,2025-05-22,1.71,1.71,1.71,1.71,2,1,1.71,,monthly_30d_atm,weekly_2_strike0,31,27
W,2025-05-20,2025-06-17,backfill,O:W250620C00039000,39.0,2025-06-20,2025-05-23,1.47,1.65,1.4,1.61,30,9,1.47,,monthly_30d_atm,weekly_2_strike0,31,27
W,2025-05-20,2025-06-17,backfill,O:W250620C00039000,39.0,2025-06-20,2025-05-27,2.39,3.45,2.39,3.45,32,7,2.39,,monthly_30d_atm,weekly_2_strike0,31,27
W,2025-05-20,2025-06-17,backfill,O:W250620C00039000,39.0,2025-06-20,2025-05-28,3.75,4.75,3.75,4.75,23,2,3.75,,monthly_30d_atm,weekly_2_strike0,31,27
W,2025-05-20,2025-06-17,backfill,O:W250620C00039000,39.0,2025-06-20,2025-05-29,5.1,5.19,5.1,5.19,15,2,5.1,,monthly_30d_atm,weekly_2_strike0,31,27
W,2025-05-20,2025-06-17,backfill,O:W250620C00039000,39.0,2025-06-20,2025-05-30,4.82,4.82,4.82,4.82,5,1,4.82,,monthly_30d_atm,weekly_2_strike0,31,27
W,2025-05-20,2025-06-17,backfill,O:W250620C00039000,39.0,2025-06-20,2025-06-02,3.12,3.12,2.97,2.97,2,2,3.12,,monthly_30d_atm,weekly_2_strike0,31,27
W,2025-05-20,2025-06-17,backfill,O:W250620C00039000,39.0,2025-06-20,2025-06-03,4.25,4.25,4.25,4.25,1,1,4.25,,monthly_30d_atm,weekly_2_strike0,31,27
W,2025-05-20,2025-06-17,backfill,O:W250620C00039000,39.0,2025-06-20,2025-06-04,5.35,5.4,5.35,5.35,6,2,5.35,,monthly_30d_atm,weekly_2_strike0,31,27
W,2025-05-20,2025-06-17,backfill,O:W250620C00039000,39.0,2025-06-20,2025-06-05,6.5,6.5,6.5,6.5,1,1,6.5,,monthly_30d_atm,weekly_2_strike0,31,27
W,2025-05-20,2025-06-17,backfill,O:W250620C00039000,39.0,2025-06-20,2025-06-06,6.5,6.5,6.32,6.32,2,2,6.5,,monthly_30d_atm,weekly_2_strike0,31,27
W,2025-05-20,2025-06-17,backfill,O:W250620C00039000,39.0,2025-06-20,2025-06-09,9.23,9.23,9.15,9.15,2,2,9.23,,monthly_30d_atm,weekly_2_strike0,31,27
W,2025-05-20,2025-06-17,backfill,O:W250620C00039000,39.0,2025-06-20,2025-06-10,8.91,9.16,8.91,9.15,3,3,8.91,,monthly_30d_atm,weekly_2_strike0,31,27
W,2025-05-20,2025-06-17,backfill,O:W250620C00039000,39.0,2025-06-20,2025-06-11,9.27,9.58,9.27,9.57,6,3,9.27,,monthly_30d_atm,weekly_2_strike0,31,27
W,2025-05-20,2025-06-17,backfill,O:W250620C00039000,39.0,2025-06-20,2025-06-13,7.72,7.72,6.75,7.2,291,6,7.72,,monthly_30d_atm,weekly_2_strike0,31,27
W,2025-05-20,2025-06-17,backfill,O:W250620C00039000,39.0,2025-06-20,2025-06-16,9.4,9.47,9.4,9.47,2,2,9.4,,monthly_30d_atm,weekly_2_strike0,31,27
WBD,2025-07-18,2025-08-08,backfill,O:WBD250815C00013000,13.0,2025-08-15,2025-07-18,0.67,0.67,0.5,0.58,552,38,0.67,,monthly_30d_atm,weekly_1_strike0,28,552
WBD,2025-07-18,2025-08-08,backfill,O:WBD250815C00013000,13.0,2025-08-15,2025-07-21,0.58,0.61,0.53,0.54,376,57,0.58,,monthly_30d_atm,weekly_1_strike0,28,552
WBD,2025-07-18,2025-08-08,backfill,O:WBD250815C00013000,13.0,2025-08-15,2025-07-22,0.55,0.63,0.54,0.56,545,41,0.55,,monthly_30d_atm,weekly_1_strike0,28,552
WBD,2025-07-18,2025-08-08,backfill,O:WBD250815C00013000,13.0,2025-08-15,2025-07-23,0.56,0.85,0.56,0.84,461,62,0.56,,monthly_30d_atm,weekly_1_strike0,28,552
WBD,2025-07-18,2025-08-08,backfill,O:WBD250815C00013000,13.0,2025-08-15,2025-07-24,0.78,1.05,0.78,0.97,223,43,0.78,,monthly_30d_atm,weekly_1_strike0,28,552
WBD,2025-07-18,2025-08-08,backfill,O:WBD250815C00013000,13.0,2025-08-15,2025-07-25,0.92,0.92,0.75,0.92,35,12,0.92,,monthly_30d_atm,weekly_1_strike0,28,552
WBD,2025-07-18,2025-08-08,backfill,O:WBD250815C00013000,13.0,2025-08-15,2025-07-28,0.96,1.14,0.93,1.06,248,25,0.96,,monthly_30d_atm,weekly_1_strike0,28,552
WBD,2025-07-18,2025-08-08,backfill,O:WBD250815C00013000,13.0,2025-08-15,2025-07-29,1.09,1.1,0.71,0.75,1964,39,1.09,,monthly_30d_atm,weekly_1_strike0,28,552
WBD,2025-07-18,2025-08-08,backfill,O:WBD250815C00013000,13.0,2025-08-15,2025-07-30,0.75,0.88,0.75,0.8,65,10,0.75,,monthly_30d_atm,weekly_1_strike0,28,552
WBD,2025-07-18,2025-08-08,backfill,O:WBD250815C00013000,13.0,2025-08-15,2025-07-31,0.68,0.72,0.67,0.7,89,8,0.68,,monthly_30d_atm,weekly_1_strike0,28,552
WBD,2025-07-18,2025-08-08,backfill,O:WBD250815C00013000,13.0,2025-08-15,2025-08-01,0.6,0.61,0.45,0.57,116,19,0.6,,monthly_30d_atm,weekly_1_strike0,28,552
WBD,2025-07-18,2025-08-08,backfill,O:WBD250815C00013000,13.0,2025-08-15,2025-08-04,0.56,0.62,0.44,0.49,559,11,0.56,,monthly_30d_atm,weekly_1_strike0,28,552
WBD,2025-07-18,2025-08-08,backfill,O:WBD250815C00013000,13.0,2025-08-15,2025-08-05,0.45,0.47,0.35,0.44,219,21,0.45,,monthly_30d_atm,weekly_1_strike0,28,552
WBD,2025-07-18,2025-08-08,backfill,O:WBD250815C00013000,13.0,2025-08-15,2025-08-06,0.51,0.55,0.45,0.5,391,68,0.51,,monthly_30d_atm,weekly_1_strike0,28,552
WBD,2025-07-18,2025-08-08,backfill,O:WBD250815C00013000,13.0,2025-08-15,2025-08-07,0.51,0.51,0.03,0.05,834,53,0.51,,monthly_30d_atm,weekly_1_strike0,28,552
WBD,2025-07-18,2025-08-08,backfill,O:WBD250815C00013000,13.0,2025-08-15,2025-08-08,0.06,0.52,0.01,0.01,498,28,0.06,,monthly_30d_atm,weekly_1_strike0,28,552
WBD,2025-09-16,2025-10-13,backfill,O:WBD251017C00022000,22.0,2025-10-17,2025-09-16,0.61,0.61,0.18,0.39,26220,166,0.61,,monthly_30d_30d_otm,weekly_2_strike0,31,26220
WBD,2025-09-16,2025-10-13,backfill,O:WBD251017C00022000,22.0,2025-10-17,2025-09-17,0.39,0.43,0.25,0.32,13594,79,0.39,,monthly_30d_30d_otm,weekly_2_strike0,31,26220
WBD,2025-09-16,2025-10-13,backfill,O:WBD251017C00022000,22.0,2025-10-17,2025-09-18,0.35,0.67,0.32,0.63,8561,100,0.35,,monthly_30d_30d_otm,weekly_2_strike0,31,26220
WBD,2025-09-16,2025-10-13,backfill,O:WBD251017C00022000,22.0,2025-10-17,2025-09-19,0.61,0.78,0.32,0.58,7209,97,0.61,,monthly_30d_30d_otm,weekly_2_strike0,31,26220
WBD,2025-09-16,2025-10-13,backfill,O:WBD251017C00022000,22.0,2025-10-17,2025-09-22,0.58,0.63,0.39,0.53,32852,116,0.58,,monthly_30d_30d_otm,weekly_2_strike0,31,26220
WBD,2025-09-16,2025-10-13,backfill,O:WBD251017C00022000,22.0,2025-10-17,2025-09-23,0.58,0.65,0.35,0.35,5022,87,0.58,,monthly_30d_30d_otm,weekly_2_strike0,31,26220
WBD,2025-09-16,2025-10-13,backfill,O:WBD251017C00022000,22.0,2025-10-17,2025-09-24,0.32,0.48,0.24,0.47,8003,86,0.32,,monthly_30d_30d_otm,weekly_2_strike0,31,26220
WBD,2025-09-16,2025-10-13,backfill,O:WBD251017C00022000,22.0,2025-10-17,2025-09-25,0.45,0.66,0.36,0.45,6379,85,0.45,,monthly_30d_30d_otm,weekly_2_strike0,31,26220
WBD,2025-09-16,2025-10-13,backfill,O:WBD251017C00022000,22.0,2025-10-17,2025-09-26,0.36,0.43,0.36,0.4,548,39,0.36,,monthly_30d_30d_otm,weekly_2_strike0,31,26220
WBD,2025-09-16,2025-10-13,backfill,O:WBD251017C00022000,22.0,2025-10-17,2025-09-29,0.54,0.54,0.15,0.19,562,35,0.54,,monthly_30d_30d_otm,weekly_2_strike0,31,26220
WBD,2025-09-16,2025-10-13,backfill,O:WBD251017C00022000,22.0,2025-10-17,2025-09-30,0.21,0.28,0.2,0.28,718,24,0.21,,monthly_30d_30d_otm,weekly_2_strike0,31,26220
WBD,2025-09-16,2025-10-13,backfill,O:WBD251017C00022000,22.0,2025-10-17,2025-10-01,0.25,0.28,0.2,0.24,50,9,0.25,,monthly_30d_30d_otm,weekly_2_strike0,31,26220
WBD,2025-09-16,2025-10-13,backfill,O:WBD251017C00022000,22.0,2025-10-17,2025-10-02,0.19,0.23,0.16,0.21,483,23,0.19,,monthly_30d_30d_otm,weekly_2_strike0,31,26220
WBD,2025-09-16,2025-10-13,backfill,O:WBD251017C00022000,22.0,2025-10-17,2025-10-03,0.2,0.25,0.14,0.25,2540,32,0.2,,monthly_30d_30d_otm,weekly_2_strike0,31,26220
WBD,2025-09-16,2025-10-13,backfill,O:WBD251017C00022000,22.0,2025-10-17,2025-10-06,0.23,0.23,0.16,0.16,264,13,0.23,,monthly_30d_30d_otm,weekly_2_strike0,31,26220
WBD,2025-09-16,2025-10-13,backfill,O:WBD251017C00022000,22.0,2025-10-17,2025-10-07,0.14,0.17,0.1,0.11,3009,20,0.14,,monthly_30d_30d_otm,weekly_2_strike0,31,26220
WBD,2025-09-16,2025-10-13,backfill,O:WBD251017C00022000,22.0,2025-10-17,2025-10-08,0.11,0.2,0.05,0.09,1018,40,0.11,,monthly_30d_30d_otm,weekly_2_strike0,31,26220
WBD,2025-09-16,2025-10-13,backfill,O:WBD251017C00022000,22.0,2025-10-17,2025-10-09,0.09,0.1,0.03,0.06,36,11,0.09,,monthly_30d_30d_otm,weekly_2_strike0,31,26220
WBD,2025-09-16,2025-10-13,backfill,O:WBD251017C00022000,22.0,2025-10-17,2025-10-10,0.1,0.1,0.03,0.07,3874,39,0.1,,monthly_30d_30d_otm,weekly_2_strike0,31,26220
WBD,2025-09-16,2025-10-13,backfill,O:WBD251017C00022000,22.0,2025-10-17,2025-10-13,0.06,0.15,0.01,0.05,276,19,0.06,,monthly_30d_30d_otm,weekly_2_strike0,31,26220
WDAY,2020-02-28,2020-03-09,backfill,O:WDAY200320C00180000,180.0,2020-03-20,2020-02-28,6.3,6.3,3.65,5.3,117,12,6.3,,monthly_30d_25d_otm,weekly_1_strike0,21,117
WDAY,2020-02-28,2020-03-09,backfill,O:WDAY200320C00180000,180.0,2020-03-20,2020-03-02,4.2,4.2,3.0,3.23,38,12,4.2,,monthly_30d_25d_otm,weekly_1_strike0,21,117
WDAY,2020-02-28,2020-03-09,backfill,O:WDAY200320C00180000,180.0,2020-03-20,2020-03-03,2.6,2.9,1.6,2.0,73,27,2.6,,monthly_30d_25d_otm,weekly_1_strike0,21,117
WDAY,2020-02-28,2020-03-09,backfill,O:WDAY200320C00180000,180.0,2020-03-20,2020-03-04,1.9,2.1,1.75,2.05,24,14,1.9,,monthly_30d_25d_otm,weekly_1_strike0,21,117
WDAY,2020-02-28,2020-03-09,backfill,O:WDAY200320C00180000,180.0,2020-03-20,2020-03-05,1.4,1.7,1.3,1.7,14,5,1.4,,monthly_30d_25d_otm,weekly_1_strike0,21,117
WDAY,2020-02-28,2020-03-09,backfill,O:WDAY200320C00180000,180.0,2020-03-20,2020-03-06,1.25,1.25,0.61,0.69,16,9,1.25,,monthly_30d_25d_otm,weekly_1_strike0,21,117
WDAY,2020-02-28,2020-03-09,backfill,O:WDAY200320C00180000,180.0,2020-03-20,2020-03-09,0.75,0.75,0.15,0.3,17,8,0.75,,monthly_30d_25d_otm,weekly_1_strike0,21,117
WDAY,2020-06-05,2020-07-02,backfill,O:WDAY200717C00180000,180.0,2020-07-17,2020-06-05,7.07,10.02,6.42,8.4,281,49,7.07,,monthly_30d_40d_otm,weekly_1_strike6,42,281
WDAY,2020-06-05,2020-07-02,backfill,O:WDAY200717C00180000,180.0,2020-07-17,2020-06-08,8.5,10.85,8.2,10.02,556,102,8.5,,monthly_30d_40d_otm,weekly_1_strike6,42,281
WDAY,2020-06-05,2020-07-02,backfill,O:WDAY200717C00180000,180.0,2020-07-17,2020-06-09,9.5,10.3,8.5,9.1,202,40,9.5,,monthly_30d_40d_otm,weekly_1_strike6,42,281
WDAY,2020-06-05,2020-07-02,backfill,O:WDAY200717C00180000,180.0,2020-07-17,2020-06-10,9.67,12.0,8.8,11.3,203,77,9.67,,monthly_30d_40d_otm,weekly_1_strike6,42,281
WDAY,2020-06-05,2020-07-02,backfill,O:WDAY200717C00180000,180.0,2020-07-17,2020-06-11,8.5,9.5,7.0,7.5,219,48,8.5,,monthly_30d_40d_otm,weekly_1_strike6,42,281
WDAY,2020-06-05,2020-07-02,backfill,O:WDAY200717C00180000,180.0,2020-07-17,2020-06-12,7.9,9.2,6.0,7.0,168,46,7.9,,monthly_30d_40d_otm,weekly_1_strike6,42,281
WDAY,2020-06-05,2020-07-02,backfill,O:WDAY200717C00180000,180.0,2020-07-17,2020-06-15,6.1,8.3,6.0,8.3,61,23,6.1,,monthly_30d_40d_otm,weekly_1_strike6,42,281
WDAY,2020-06-05,2020-07-02,backfill,O:WDAY200717C00180000,180.0,2020-07-17,2020-06-16,10.0,11.2,8.1,9.16,132,41,10.0,,monthly_30d_40d_otm,weekly_1_strike6,42,281
WDAY,2020-06-05,2020-07-02,backfill,O:WDAY200717C00180000,180.0,2020-07-17,2020-06-17,9.22,11.6,9.22,10.0,75,31,9.22,,monthly_30d_40d_otm,weekly_1_strike6,42,281
WDAY,2020-06-05,2020-07-02,backfill,O:WDAY200717C00180000,180.0,2020-07-17,2020-06-18,9.9,13.5,9.9,13.5,138,36,9.9,,monthly_30d_40d_otm,weekly_1_strike6,42,281
WDAY,2020-06-05,2020-07-02,backfill,O:WDAY200717C00180000,180.0,2020-07-17,2020-06-19,14.0,14.7,9.78,9.92,129,23,14.0,,monthly_30d_40d_otm,weekly_1_strike6,42,281
WDAY,2020-06-05,2020-07-02,backfill,O:WDAY200717C00180000,180.0,2020-07-17,2020-06-22,10.6,11.17,10.11,10.7,74,33,10.6,,monthly_30d_40d_otm,weekly_1_strike6,42,281
WDAY,2020-06-05,2020-07-02,backfill,O:WDAY200717C00180000,180.0,2020-07-17,2020-06-23,10.4,12.23,10.4,11.1,48,11,10.4,,monthly_30d_40d_otm,weekly_1_strike6,42,281
WDAY,2020-06-05,2020-07-02,backfill,O:WDAY200717C00180000,180.0,2020-07-17,2020-06-24,9.49,9.49,6.8,7.35,22,13,9.49,,monthly_30d_40d_otm,weekly_1_strike6,42,281
WDAY,2020-06-05,2020-07-02,backfill,O:WDAY200717C00180000,180.0,2020-07-17,2020-06-25,7.1,10.7,5.52,10.7,186,58,7.1,,monthly_30d_40d_otm,weekly_1_strike6,42,281
WDAY,2020-06-05,2020-07-02,backfill,O:WDAY200717C00180000,180.0,2020-07-17,2020-06-26,10.9,12.1,8.76,12.1,36,17,10.9,,monthly_30d_40d_otm,weekly_1_strike6,42,281
WDAY,2020-06-05,2020-07-02,backfill,O:WDAY200717C00180000,180.0,2020-07-17,2020-06-29,10.9,10.9,8.1,9.7,25,7,10.9,,monthly_30d_40d_otm,weekly_1_strike6,42,281
WDAY,2020-06-05,2020-07-02,backfill,O:WDAY200717C00180000,180.0,2020-07-17,2020-06-30,10.74,11.33,10.2,10.5,42,11,10.74,,monthly_30d_40d_otm,weekly_1_strike6,42,281
WDAY,2020-06-05,2020-07-02,backfill,O:WDAY200717C00180000,180.0,2020-07-17,2020-07-01,10.96,14.0,10.17,13.75,48,20,10.96,,monthly_30d_40d_otm,weekly_1_strike6,42,281
WDAY,2020-06-05,2020-07-02,backfill,O:WDAY200717C00180000,180.0,2020-07-17,2020-07-02,13.07,14.61,10.4,10.4,58,15,13.07,,monthly_30d_40d_otm,weekly_1_strike6,42,281
WDAY,2020-10-02,2020-10-29,backfill,O:WDAY201120C00230000,230.0,2020-11-20,2020-10-02,12.0,13.05,9.7,10.32,54,32,12.0,,monthly_30d_35d_otm,weekly_1_strike0,49,54
WDAY,2020-10-02,2020-10-29,backfill,O:WDAY201120C00230000,230.0,2020-11-20,2020-10-05,10.8,11.42,10.15,10.67,28,11,10.8,,monthly_30d_35d_otm,weekly_1_strike0,49,54
WDAY,2020-10-02,2020-10-29,backfill,O:WDAY201120C00230000,230.0,2020-11-20,2020-10-06,10.21,12.0,7.65,8.3,66,17,10.21,,monthly_30d_35d_otm,weekly_1_strike0,49,54
WDAY,2020-10-02,2020-10-29,backfill,O:WDAY201120C00230000,230.0,2020-11-20,2020-10-07,12.05,15.18,10.67,14.0,948,134,12.05,,monthly_30d_35d_otm,weekly_1_strike0,49,54
WDAY,2020-10-02,2020-10-29,backfill,O:WDAY201120C00230000,230.0,2020-11-20,2020-10-08,14.85,15.03,10.68,10.95,473,50,14.85,,monthly_30d_35d_otm,weekly_1_strike0,49,54
WDAY,2020-10-02,2020-10-29,backfill,O:WDAY201120C00230000,230.0,2020-11-20,2020-10-09,11.25,11.5,10.7,10.95,45,16,11.25,,monthly_30d_35d_otm,weekly_1_strike0,49,54
WDAY,2020-10-02,2020-10-29,backfill,O:WDAY201120C00230000,230.0,2020-11-20,2020-10-12,12.7,12.7,10.58,11.9,284,31,12.7,,monthly_30d_35d_otm,weekly_1_strike0,49,54
WDAY,2020-10-02,2020-10-29,backfill,O:WDAY201120C00230000,230.0,2020-11-20,2020-10-13,13.55,16.87,13.3,15.3,215,47,13.55,,monthly_30d_35d_otm,weekly_1_strike0,49,54
WDAY,2020-10-02,2020-10-29,backfill,O:WDAY201120C00230000,230.0,2020-11-20,2020-10-14,15.19,15.3,12.36,13.9,55,24,15.19,,monthly_30d_35d_otm,weekly_1_strike0,49,54
WDAY,2020-10-02,2020-10-29,backfill,O:WDAY201120C00230000,230.0,2020-11-20,2020-10-15,10.85,11.5,9.8,11.35,200,42,10.85,,monthly_30d_35d_otm,weekly_1_strike0,49,54
WDAY,2020-10-02,2020-10-29,backfill,O:WDAY201120C00230000,230.0,2020-11-20,2020-10-16,12.55,12.95,11.69,12.33,95,25,12.55,,monthly_30d_35d_otm,weekly_1_strike0,49,54
WDAY,2020-10-02,2020-10-29,backfill,O:WDAY201120C00230000,230.0,2020-11-20,2020-10-19,13.29,13.29,11.47,11.47,16,5,13.29,,monthly_30d_35d_otm,weekly_1_strike0,49,54
WDAY,2020-10-02,2020-10-29,backfill,O:WDAY201120C00230000,230.0,2020-11-20,2020-10-20,12.95,12.95,9.89,10.3,174,36,12.95,,monthly_30d_35d_otm,weekly_1_strike0,49,54
WDAY,2020-10-02,2020-10-29,backfill,O:WDAY201120C00230000,230.0,2020-11-20,2020-10-21,9.9,10.15,9.08,10.15,29,8,9.9,,monthly_30d_35d_otm,weekly_1_strike0,49,54
WDAY,2020-10-02,2020-10-29,backfill,O:WDAY201120C00230000,230.0,2020-11-20,2020-10-22,8.3,9.1,6.7,8.35,77,13,8.3,,monthly_30d_35d_otm,weekly_1_strike0,49,54
WDAY,2020-10-02,2020-10-29,backfill,O:WDAY201120C00230000,230.0,2020-11-20,2020-10-23,8.65,9.2,8.65,9.0,112,5,8.65,,monthly_30d_35d_otm,weekly_1_strike0,49,54
WDAY,2020-10-02,2020-10-29,backfill,O:WDAY201120C00230000,230.0,2020-11-20,2020-10-26,6.9,6.9,4.39,4.39,314,25,6.9,,monthly_30d_35d_otm,weekly_1_strike0,49,54
WDAY,2020-10-02,2020-10-29,backfill,O:WDAY201120C00230000,230.0,2020-11-20,2020-10-27,5.08,5.48,4.5,4.84,373,13,5.08,,monthly_30d_35d_otm,weekly_1_strike0,49,54
WDAY,2020-10-02,2020-10-29,backfill,O:WDAY201120C00230000,230.0,2020-11-20,2020-10-28,4.6,4.65,4.18,4.53,116,8,4.6,,monthly_30d_35d_otm,weekly_1_strike0,49,54
WDAY,2020-10-02,2020-10-29,backfill,O:WDAY201120C00230000,230.0,2020-11-20,2020-10-29,5.37,6.73,5.33,6.73,13,7,5.37,,monthly_30d_35d_otm,weekly_1_strike0,49,54
WDAY,2021-02-16,2021-02-26,backfill,O:WDAY210319C00300000,300.0,2021-03-19,2021-02-16,8.5,8.61,5.85,6.15,57,10,8.5,,monthly_30d_30d_otm,weekly_2_strike0,31,57
WDAY,2021-02-16,2021-02-26,backfill,O:WDAY210319C00300000,300.0,2021-03-19,2021-02-17,4.25,5.32,4.25,5.0,42,8,4.25,,monthly_30d_30d_otm,weekly_2_strike0,31,57
WDAY,2021-02-16,2021-02-26,backfill,O:WDAY210319C00300000,300.0,2021-03-19,2021-02-18,4.65,4.8,4.65,4.8,8,3,4.65,,monthly_30d_30d_otm,weekly_2_strike0,31,57
WDAY,2021-02-16,2021-02-26,backfill,O:WDAY210319C00300000,300.0,2021-03-19,2021-02-19,5.97,6.15,5.6,5.6,33,14,5.97,,monthly_30d_30d_otm,weekly_2_strike0,31,57
WDAY,2021-02-16,2021-02-26,backfill,O:WDAY210319C00300000,300.0,2021-03-19,2021-02-22,4.45,4.5,4.18,4.18,47,6,4.45,,monthly_30d_30d_otm,weekly_2_strike0,31,57
WDAY,2021-02-16,2021-02-26,backfill,O:WDAY210319C00300000,300.0,2021-03-19,2021-02-23,2.65,2.86,2.4,2.7,26,8,2.65,,monthly_30d_30d_otm,weekly_2_strike0,31,57
WDAY,2021-02-16,2021-02-26,backfill,O:WDAY210319C00300000,300.0,2021-03-19,2021-02-24,2.26,2.5,2.2,2.2,11,4,2.26,,monthly_30d_30d_otm,weekly_2_strike0,31,57
WDAY,2021-02-16,2021-02-26,backfill,O:WDAY210319C00300000,300.0,2021-03-19,2021-02-25,2.15,2.16,1.5,1.5,18,9,2.15,,monthly_30d_30d_otm,weekly_2_strike0,31,57
WDAY,2021-02-16,2021-02-26,backfill,O:WDAY210319C00300000,300.0,2021-03-19,2021-02-26,0.74,0.77,0.29,0.29,67,17,0.74,,monthly_30d_30d_otm,weekly_2_strike0,31,57
WDAY,2022-09-29,2022-10-26,backfill,O:WDAY221021C00155000,155.0,2022-10-21,2022-09-29,6.3,8.05,6.0,8.05,40,9,6.3,,monthly_30d_atm,weekly_2_strike0,22,40
WDAY,2022-09-29,2022-10-26,backfill,O:WDAY221021C00155000,155.0,2022-10-21,2022-09-30,7.9,8.75,5.85,6.0,475,22,7.9,,monthly_30d_atm,weekly_2_strike0,22,40
WDAY,2022-09-29,2022-10-26,backfill,O:WDAY221021C00155000,155.0,2022-10-21,2022-10-03,6.55,6.55,4.75,6.15,56,23,6.55,,monthly_30d_atm,weekly_2_strike0,22,40
WDAY,2022-09-29,2022-10-26,backfill,O:WDAY221021C00155000,155.0,2022-10-21,2022-10-04,8.74,8.78,8.72,8.74,10,1,8.74,,monthly_30d_atm,weekly_2_strike0,22,40
WDAY,2022-09-29,2022-10-26,backfill,O:WDAY221021C00155000,155.0,2022-10-21,2022-10-05,6.5,8.52,6.5,8.52,2,2,6.5,,monthly_30d_atm,weekly_2_strike0,22,40
WDAY,2022-09-29,2022-10-26,backfill,O:WDAY221021C00155000,155.0,2022-10-21,2022-10-06,10.25,10.25,10.25,10.25,3,1,10.25,,monthly_30d_atm,weekly_2_strike0,22,40
WDAY,2022-09-29,2022-10-26,backfill,O:WDAY221021C00155000,155.0,2022-10-21,2022-10-07,6.1,6.1,4.15,4.2,15,5,6.1,,monthly_30d_atm,weekly_2_strike0,22,40
WDAY,2022-09-29,2022-10-26,backfill,O:WDAY221021C00155000,155.0,2022-10-21,2022-10-10,2.69,2.81,2.1,2.32,46,10,2.69,,monthly_30d_atm,weekly_2_strike0,22,40
WDAY,2022-09-29,2022-10-26,backfill,O:WDAY221021C00155000,155.0,2022-10-21,2022-10-11,1.07,1.07,0.94,0.99,7,4,1.07,,monthly_30d_atm,weekly_2_strike0,22,40
WDAY,2022-09-29,2022-10-26,backfill,O:WDAY221021C00155000,155.0,2022-10-21,2022-10-12,0.92,1.14,0.72,1.14,53,17,0.92,,monthly_30d_atm,weekly_2_strike0,22,40
WDAY,2022-09-29,2022-10-26,backfill,O:WDAY221021C00155000,155.0,2022-10-21,2022-10-13,0.46,0.5,0.46,0.5,42,2,0.46,,monthly_30d_atm,weekly_2_strike0,22,40
WDAY,2022-09-29,2022-10-26,backfill,O:WDAY221021C00155000,155.0,2022-10-21,2022-10-14,0.8,1.16,0.49,0.49,8,5,0.8,,monthly_30d_atm,weekly_2_strike0,22,40
WDAY,2022-09-29,2022-10-26,backfill,O:WDAY221021C00155000,155.0,2022-10-21,2022-10-17,0.42,1.13,0.42,1.07,117,15,0.42,,monthly_30d_atm,weekly_2_strike0,22,40
WDAY,2022-09-29,2022-10-26,backfill,O:WDAY221021C00155000,155.0,2022-10-21,2022-10-18,3.25,4.0,1.81,1.89,49,15,3.25,,monthly_30d_atm,weekly_2_strike0,22,40
WDAY,2022-09-29,2022-10-26,backfill,O:WDAY221021C00155000,155.0,2022-10-21,2022-10-19,1.11,1.11,0.24,0.24,50,16,1.11,,monthly_30d_atm,weekly_2_strike0,22,40
WDAY,2022-09-29,2022-10-26,backfill,O:WDAY221021C00155000,155.0,2022-10-21,2022-10-20,0.3,0.3,0.07,0.08,17,6,0.3,,monthly_30d_atm,weekly_2_strike0,22,40
WDAY,2022-09-29,2022-10-26,backfill,O:WDAY221021C00155000,155.0,2022-10-21,2022-10-21,0.04,0.09,0.01,0.02,64,9,0.04,,monthly_30d_atm,weekly_2_strike0,22,40
WDAY,2023-01-31,2023-02-28,backfill,O:WDAY230317C00190000,190.0,2023-03-17,2023-01-31,5.88,7.0,5.88,7.0,23,6,5.88,,monthly_30d_30d_otm,weekly_2_strike5,45,23
WDAY,2023-01-31,2023-02-28,backfill,O:WDAY230317C00190000,190.0,2023-03-17,2023-02-01,6.9,9.02,6.6,9.02,836,7,6.9,,monthly_30d_30d_otm,weekly_2_strike5,45,23
WDAY,2023-01-31,2023-02-28,backfill,O:WDAY230317C00190000,190.0,2023-03-17,2023-02-02,11.0,12.62,10.9,11.3,87,32,11.0,,monthly_30d_30d_otm,weekly_2_strike5,45,23
WDAY,2023-01-31,2023-02-28,backfill,O:WDAY230317C00190000,190.0,2023-03-17,2023-02-03,9.8,10.45,8.05,8.45,115,20,9.8,,monthly_30d_30d_otm,weekly_2_strike5,45,23
WDAY,2023-01-31,2023-02-28,backfill,O:WDAY230317C00190000,190.0,2023-03-17,2023-02-06,8.05,8.15,7.55,7.55,87,13,8.05,,monthly_30d_30d_otm,weekly_2_strike5,45,23
WDAY,2023-01-31,2023-02-28,backfill,O:WDAY230317C00190000,190.0,2023-03-17,2023-02-07,8.01,11.8,7.8,11.6,334,35,8.01,,monthly_30d_30d_otm,weekly_2_strike5,45,23
WDAY,2023-01-31,2023-02-28,backfill,O:WDAY230317C00190000,190.0,2023-03-17,2023-02-08,11.7,11.9,9.85,10.2,151,18,11.7,,monthly_30d_30d_otm,weekly_2_strike5,45,23
WDAY,2023-01-31,2023-02-28,backfill,O:WDAY230317C00190000,190.0,2023-03-17,2023-02-09,11.72,12.95,10.9,10.9,194,19,11.72,,monthly_30d_30d_otm,weekly_2_strike5,45,23
WDAY,2023-01-31,2023-02-28,backfill,O:WDAY230317C00190000,190.0,2023-03-17,2023-02-10,9.75,10.05,8.45,9.15,97,17,9.75,,monthly_30d_30d_otm,weekly_2_strike5,45,23
WDAY,2023-01-31,2023-02-28,backfill,O:WDAY230317C00190000,190.0,2023-03-17,2023-02-13,8.65,9.75,8.65,9.5,58,15,8.65,,monthly_30d_30d_otm,weekly_2_strike5,45,23
WDAY,2023-01-31,2023-02-28,backfill,O:WDAY230317C00190000,190.0,2023-03-17,2023-02-14,9.3,11.35,9.3,10.0,258,6,9.3,,monthly_30d_30d_otm,weekly_2_strike5,45,23
WDAY,2023-01-31,2023-02-28,backfill,O:WDAY230317C00190000,190.0,2023-03-17,2023-02-15,10.1,10.3,9.3,10.3,15,9,10.1,,monthly_30d_30d_otm,weekly_2_strike5,45,23
WDAY,2023-01-31,2023-02-28,backfill,O:WDAY230317C00190000,190.0,2023-03-17,2023-02-16,9.3,9.85,9.3,9.85,11,2,9.3,,monthly_30d_30d_otm,weekly_2_strike5,45,23
WDAY,2023-01-31,2023-02-28,backfill,O:WDAY230317C00190000,190.0,2023-03-17,2023-02-17,6.96,8.15,6.94,7.6,68,15,6.96,,monthly_30d_30d_otm,weekly_2_strike5,45,23
WDAY,2023-01-31,2023-02-28,backfill,O:WDAY230317C00190000,190.0,2023-03-17,2023-02-21,6.55,6.72,5.8,5.8,124,6,6.55,,monthly_30d_30d_otm,weekly_2_strike5,45,23
WDAY,2023-01-31,2023-02-28,backfill,O:WDAY230317C00190000,190.0,2023-03-17,2023-02-22,7.3,8.15,6.8,6.8,23,6,7.3,,monthly_30d_30d_otm,weekly_2_strike5,45,23
WDAY,2023-01-31,2023-02-28,backfill,O:WDAY230317C00190000,190.0,2023-03-17,2023-02-23,7.5,7.5,6.17,6.17,35,4,7.5,,monthly_30d_30d_otm,weekly_2_strike5,45,23
WDAY,2023-01-31,2023-02-28,backfill,O:WDAY230317C00190000,190.0,2023-03-17,2023-02-24,6.76,6.76,5.2,5.2,35,8,6.76,,monthly_30d_30d_otm,weekly_2_strike5,45,23
WDAY,2023-01-31,2023-02-28,backfill,O:WDAY230317C00190000,190.0,2023-03-17,2023-02-27,6.5,6.53,5.5,6.53,433,55,6.5,,monthly_30d_30d_otm,weekly_2_strike5,45,23
WDAY,2023-01-31,2023-02-28,backfill,O:WDAY230317C00190000,190.0,2023-03-17,2023-02-28,3.6,5.85,3.17,3.17,248,43,3.6,,monthly_30d_30d_otm,weekly_2_strike5,45,23
WDAY,2023-12-13,2024-01-11,backfill,O:WDAY240119C00280000,280.0,2024-01-19,2023-12-13,7.05,7.9,6.35,7.7,157,17,7.05,,monthly_30d_atm,weekly_2_strike0,37,157
WDAY,2023-12-13,2024-01-11,backfill,O:WDAY240119C00280000,280.0,2024-01-19,2023-12-14,5.25,5.4,4.55,4.57,47,13,5.25,,monthly_30d_atm,weekly_2_strike0,37,157
WDAY,2023-12-13,2024-01-11,backfill,O:WDAY240119C00280000,280.0,2024-01-19,2023-12-15,5.05,6.05,4.15,5.1,243,43,5.05,,monthly_30d_atm,weekly_2_strike0,37,157
WDAY,2023-12-13,2024-01-11,backfill,O:WDAY240119C00280000,280.0,2024-01-19,2023-12-18,5.42,5.9,5.0,5.0,52,17,5.42,,monthly_30d_atm,weekly_2_strike0,37,157
WDAY,2023-12-13,2024-01-11,backfill,O:WDAY240119C00280000,280.0,2024-01-19,2023-12-19,4.9,5.58,4.65,4.9,70,12,4.9,,monthly_30d_atm,weekly_2_strike0,37,157
WDAY,2023-12-13,2024-01-11,backfill,O:WDAY240119C00280000,280.0,2024-01-19,2023-12-20,4.45,5.1,4.01,4.01,50,14,4.45,,monthly_30d_atm,weekly_2_strike0,37,157
WDAY,2023-12-13,2024-01-11,backfill,O:WDAY240119C00280000,280.0,2024-01-19,2023-12-21,4.05,4.7,4.02,4.7,7,5,4.05,,monthly_30d_atm,weekly_2_strike0,37,157
WDAY,2023-12-13,2024-01-11,backfill,O:WDAY240119C00280000,280.0,2024-01-19,2023-12-22,5.2,5.2,4.1,4.1,30,12,5.2,,monthly_30d_atm,weekly_2_strike0,37,157
WDAY,2023-12-13,2024-01-11,backfill,O:WDAY240119C00280000,280.0,2024-01-19,2023-12-26,4.65,4.7,4.2,4.4,27,11,4.65,,monthly_30d_atm,weekly_2_strike0,37,157
WDAY,2023-12-13,2024-01-11,backfill,O:WDAY240119C00280000,280.0,2024-01-19,2023-12-27,3.95,4.35,3.85,4.0,19,12,3.95,,monthly_30d_atm,weekly_2_strike0,37,157
WDAY,2023-12-13,2024-01-11,backfill,O:WDAY240119C00280000,280.0,2024-01-19,2023-12-28,3.96,5.0,3.96,4.76,26,10,3.96,,monthly_30d_atm,weekly_2_strike0,37,157
WDAY,2023-12-13,2024-01-11,backfill,O:WDAY240119C00280000,280.0,2024-01-19,2023-12-29,4.95,5.15,4.0,4.41,38,15,4.95,,monthly_30d_atm,weekly_2_strike0,37,157
WDAY,2023-12-13,2024-01-11,backfill,O:WDAY240119C00280000,280.0,2024-01-19,2024-01-02,3.1,3.1,1.38,1.61,118,15,3.1,,monthly_30d_atm,weekly_2_strike0,37,157
WDAY,2023-12-13,2024-01-11,backfill,O:WDAY240119C00280000,280.0,2024-01-19,2024-01-03,1.65,1.95,1.65,1.91,55,10,1.65,,monthly_30d_atm,weekly_2_strike0,37,157
WDAY,2023-12-13,2024-01-11,backfill,O:WDAY240119C00280000,280.0,2024-01-19,2024-01-04,1.06,1.32,0.73,1.28,77,9,1.06,,monthly_30d_atm,weekly_2_strike0,37,157
WDAY,2023-12-13,2024-01-11,backfill,O:WDAY240119C00280000,280.0,2024-01-19,2024-01-05,0.97,0.97,0.78,0.78,13,5,0.97,,monthly_30d_atm,weekly_2_strike0,37,157
WDAY,2023-12-13,2024-01-11,backfill,O:WDAY240119C00280000,280.0,2024-01-19,2024-01-08,1.25,2.01,1.25,1.85,25,8,1.25,,monthly_30d_atm,weekly_2_strike0,37,157
WDAY,2023-12-13,2024-01-11,backfill,O:WDAY240119C00280000,280.0,2024-01-19,2024-01-09,1.89,3.3,1.75,2.49,48,25,1.89,,monthly_30d_atm,weekly_2_strike0,37,157
WDAY,2023-12-13,2024-01-11,backfill,O:WDAY240119C00280000,280.0,2024-01-19,2024-01-10,2.59,3.4,2.09,2.7,107,30,2.59,,monthly_30d_atm,weekly_2_strike0,37,157
WDAY,2023-12-13,2024-01-11,backfill,O:WDAY240119C00280000,280.0,2024-01-19,2024-01-11,3.4,3.4,2.06,3.17,98,21,3.4,,monthly_30d_atm,weekly_2_strike0,37,157
WDAY,2025-05-13,2025-05-23,backfill,O:WDAY250620C00290000,290.0,2025-06-20,2025-05-13,4.6,6.0,4.6,5.8,105,17,4.6,,monthly_30d_20d_otm,weekly_2_strike0,38,105
WDAY,2025-05-13,2025-05-23,backfill,O:WDAY250620C00290000,290.0,2025-06-20,2025-05-14,6.0,6.2,5.9,6.0,61,4,6.0,,monthly_30d_20d_otm,weekly_2_strike0,38,105
WDAY,2025-05-13,2025-05-23,backfill,O:WDAY250620C00290000,290.0,2025-06-20,2025-05-15,7.4,8.15,7.4,7.72,5,4,7.4,,monthly_30d_20d_otm,weekly_2_strike0,38,105
WDAY,2025-05-13,2025-05-23,backfill,O:WDAY250620C00290000,290.0,2025-06-20,2025-05-16,6.67,6.9,6.5,6.7,12,8,6.67,,monthly_30d_20d_otm,weekly_2_strike0,38,105
WDAY,2025-05-13,2025-05-23,backfill,O:WDAY250620C00290000,290.0,2025-06-20,2025-05-19,5.84,5.84,5.84,5.84,1,1,5.84,,monthly_30d_20d_otm,weekly_2_strike0,38,105
WDAY,2025-05-13,2025-05-23,backfill,O:WDAY250620C00290000,290.0,2025-06-20,2025-05-20,6.3,7.12,6.1,6.91,71,5,6.3,,monthly_30d_20d_otm,weekly_2_strike0,38,105
WDAY,2025-05-13,2025-05-23,backfill,O:WDAY250620C00290000,290.0,2025-06-20,2025-05-21,6.4,6.61,5.6,5.6,7,5,6.4,,monthly_30d_20d_otm,weekly_2_strike0,38,105
WDAY,2025-05-13,2025-05-23,backfill,O:WDAY250620C00290000,290.0,2025-06-20,2025-05-22,5.43,6.75,5.43,6.59,180,18,5.43,,monthly_30d_20d_otm,weekly_2_strike0,38,105
WDAY,2025-05-13,2025-05-23,backfill,O:WDAY250620C00290000,290.0,2025-06-20,2025-05-23,0.75,0.75,0.2,0.35,198,11,0.75,,monthly_30d_20d_otm,weekly_2_strike0,38,105
WFC,2022-02-03,2022-03-01,backfill,O:WFC220318C00060000,60.0,2022-03-18,2022-02-03,0.75,0.91,0.61,0.73,2609,84,0.75,,monthly_30d_25d_otm,weekly_2_strike0,43,2609
WFC,2022-02-03,2022-03-01,backfill,O:WFC220318C00060000,60.0,2022-03-18,2022-02-04,0.69,1.17,0.69,0.97,2101,110,0.69,,monthly_30d_25d_otm,weekly_2_strike0,43,2609
WFC,2022-02-03,2022-03-01,backfill,O:WFC220318C00060000,60.0,2022-03-18,2022-02-07,0.85,1.38,0.82,1.2,1151,103,0.85,,monthly_30d_25d_otm,weekly_2_strike0,43,2609
WFC,2022-02-03,2022-03-01,backfill,O:WFC220318C00060000,60.0,2022-03-18,2022-02-08,1.37,1.82,1.35,1.74,6717,181,1.37,,monthly_30d_25d_otm,weekly_2_strike0,43,2609
WFC,2022-02-03,2022-03-01,backfill,O:WFC220318C00060000,60.0,2022-03-18,2022-02-09,1.61,1.89,1.57,1.72,5569,135,1.61,,monthly_30d_25d_otm,weekly_2_strike0,43,2609
WFC,2022-02-03,2022-03-01,backfill,O:WFC220318C00060000,60.0,2022-03-18,2022-02-10,1.99,2.37,1.74,1.86,7692,172,1.99,,monthly_30d_25d_otm,weekly_2_strike0,43,2609
WFC,2022-02-03,2022-03-01,backfill,O:WFC220318C00060000,60.0,2022-03-18,2022-02-11,1.4,2.4,1.4,1.66,2577,156,1.4,,monthly_30d_25d_otm,weekly_2_strike0,43,2609
WFC,2022-02-03,2022-03-01,backfill,O:WFC220318C00060000,60.0,2022-03-18,2022-02-14,1.7,1.72,1.14,1.42,3661,93,1.7,,monthly_30d_25d_otm,weekly_2_strike0,43,2609
WFC,2022-02-03,2022-03-01,backfill,O:WFC220318C00060000,60.0,2022-03-18,2022-02-15,1.71,1.85,1.28,1.39,1269,80,1.71,,monthly_30d_25d_otm,weekly_2_strike0,43,2609
WFC,2022-02-03,2022-03-01,backfill,O:WFC220318C00060000,60.0,2022-03-18,2022-02-16,1.19,1.56,1.13,1.2,519,87,1.19,,monthly_30d_25d_otm,weekly_2_strike0,43,2609
WFC,2022-02-03,2022-03-01,backfill,O:WFC220318C00060000,60.0,2022-03-18,2022-02-17,0.97,0.97,0.59,0.66,4874,118,0.97,,monthly_30d_25d_otm,weekly_2_strike0,43,2609
WFC,2022-02-03,2022-03-01,backfill,O:WFC220318C00060000,60.0,2022-03-18,2022-02-18,0.66,0.77,0.48,0.53,5410,97,0.66,,monthly_30d_25d_otm,weekly_2_strike0,43,2609
WFC,2022-02-03,2022-03-01,backfill,O:WFC220318C00060000,60.0,2022-03-18,2022-02-22,0.4,0.56,0.35,0.38,4132,109,0.4,,monthly_30d_25d_otm,weekly_2_strike0,43,2609
WFC,2022-02-03,2022-03-01,backfill,O:WFC220318C00060000,60.0,2022-03-18,2022-02-23,0.33,0.41,0.22,0.24,1771,53,0.33,,monthly_30d_25d_otm,weekly_2_strike0,43,2609
WFC,2022-02-03,2022-03-01,backfill,O:WFC220318C00060000,60.0,2022-03-18,2022-02-24,0.1,0.19,0.1,0.14,2894,76,0.1,,monthly_30d_25d_otm,weekly_2_strike0,43,2609
WFC,2022-02-03,2022-03-01,backfill,O:WFC220318C00060000,60.0,2022-03-18,2022-02-25,0.16,0.21,0.14,0.17,310,47,0.16,,monthly_30d_25d_otm,weekly_2_strike0,43,2609
WFC,2022-02-03,2022-03-01,backfill,O:WFC220318C00060000,60.0,2022-03-18,2022-02-28,0.14,0.14,0.09,0.11,358,27,0.14,,monthly_30d_25d_otm,weekly_2_strike0,43,2609
WFC,2022-02-03,2022-03-01,backfill,O:WFC220318C00060000,60.0,2022-03-18,2022-03-01,0.07,0.08,0.05,0.05,5271,35,0.07,,monthly_30d_25d_otm,weekly_2_strike0,43,2609
WFC,2022-09-07,2022-10-04,backfill,O:WFC221021C00045000,45.0,2022-10-21,2022-09-07,1.11,1.59,1.11,1.57,824,64,1.11,,monthly_30d_25d_otm,weekly_2_strike0,44,824
WFC,2022-09-07,2022-10-04,backfill,O:WFC221021C00045000,45.0,2022-10-21,2022-09-08,1.6,2.29,1.6,2.22,771,58,1.6,,monthly_30d_25d_otm,weekly_2_strike0,44,824
WFC,2022-09-07,2022-10-04,backfill,O:WFC221021C00045000,45.0,2022-10-21,2022-09-09,2.5,2.52,2.24,2.28,236,33,2.5,,monthly_30d_25d_otm,weekly_2_strike0,44,824
WFC,2022-09-07,2022-10-04,backfill,O:WFC221021C00045000,45.0,2022-10-21,2022-09-12,2.28,2.67,2.25,2.25,4060,25,2.28,,monthly_30d_25d_otm,weekly_2_strike0,44,824
WFC,2022-09-07,2022-10-04,backfill,O:WFC221021C00045000,45.0,2022-10-21,2022-09-13,1.74,1.74,1.22,1.29,3447,211,1.74,,monthly_30d_25d_otm,weekly_2_strike0,44,824
WFC,2022-09-07,2022-10-04,backfill,O:WFC221021C00045000,45.0,2022-10-21,2022-09-14,1.3,1.38,0.94,1.28,1523,47,1.3,,monthly_30d_25d_otm,weekly_2_strike0,44,824
WFC,2022-09-07,2022-10-04,backfill,O:WFC221021C00045000,45.0,2022-10-21,2022-09-15,1.34,1.88,1.34,1.65,2106,53,1.34,,monthly_30d_25d_otm,weekly_2_strike0,44,824
WFC,2022-09-07,2022-10-04,backfill,O:WFC221021C00045000,45.0,2022-10-21,2022-09-16,1.48,1.59,1.36,1.55,2258,83,1.48,,monthly_30d_25d_otm,weekly_2_strike0,44,824
WFC,2022-09-07,2022-10-04,backfill,O:WFC221021C00045000,45.0,2022-10-21,2022-09-19,1.43,1.83,1.26,1.61,485,60,1.43,,monthly_30d_25d_otm,weekly_2_strike0,44,824
WFC,2022-09-07,2022-10-04,backfill,O:WFC221021C00045000,45.0,2022-10-21,2022-09-20,1.46,1.56,1.17,1.26,1487,60,1.46,,monthly_30d_25d_otm,weekly_2_strike0,44,824
WFC,2022-09-07,2022-10-04,backfill,O:WFC221021C00045000,45.0,2022-10-21,2022-09-21,1.15,1.29,0.82,0.82,1055,56,1.15,,monthly_30d_25d_otm,weekly_2_strike0,44,824
WFC,2022-09-07,2022-10-04,backfill,O:WFC221021C00045000,45.0,2022-10-21,2022-09-22,0.72,0.73,0.57,0.57,909,62,0.72,,monthly_30d_25d_otm,weekly_2_strike0,44,824
WFC,2022-09-07,2022-10-04,backfill,O:WFC221021C00045000,45.0,2022-10-21,2022-09-23,0.59,0.59,0.27,0.36,879,61,0.59,,monthly_30d_25d_otm,weekly_2_strike0,44,824
WFC,2022-09-07,2022-10-04,backfill,O:WFC221021C00045000,45.0,2022-10-21,2022-09-26,0.36,0.36,0.23,0.31,239,35,0.36,,monthly_30d_25d_otm,weekly_2_strike0,44,824
WFC,2022-09-07,2022-10-04,backfill,O:WFC221021C00045000,45.0,2022-10-21,2022-09-27,0.3,0.34,0.24,0.29,140,21,0.3,,monthly_30d_25d_otm,weekly_2_strike0,44,824
WFC,2022-09-07,2022-10-04,backfill,O:WFC221021C00045000,45.0,2022-10-21,2022-09-28,0.32,0.41,0.32,0.4,854,32,0.32,,monthly_30d_25d_otm,weekly_2_strike0,44,824
WFC,2022-09-07,2022-10-04,backfill,O:WFC221021C00045000,45.0,2022-10-21,2022-09-29,0.26,0.32,0.25,0.3,107,18,0.26,,monthly_30d_25d_otm,weekly_2_strike0,44,824
WFC,2022-09-07,2022-10-04,backfill,O:WFC221021C00045000,45.0,2022-10-21,2022-09-30,0.3,0.37,0.26,0.26,438,43,0.3,,monthly_30d_25d_otm,weekly_2_strike0,44,824
WFC,2022-09-07,2022-10-04,backfill,O:WFC221021C00045000,45.0,2022-10-21,2022-10-03,0.25,0.43,0.25,0.39,446,38,0.25,,monthly_30d_25d_otm,weekly_2_strike0,44,824
WFC,2022-09-07,2022-10-04,backfill,O:WFC221021C00045000,45.0,2022-10-21,2022-10-04,0.5,0.92,0.5,0.92,575,55,0.5,,monthly_30d_25d_otm,weekly_2_strike0,44,824
WFC,2024-02-01,2024-02-29,backfill,O:WFC240315C00050000,50.0,2024-03-15,2024-02-01,1.69,1.69,0.91,1.1,1722,89,1.69,,monthly_30d_atm,weekly_2_strike0,43,1722
WFC,2024-02-01,2024-02-29,backfill,O:WFC240315C00050000,50.0,2024-03-15,2024-02-02,1.1,1.45,0.86,1.3,1799,82,1.1,,monthly_30d_atm,weekly_2_strike0,43,1722
WFC,2024-02-01,2024-02-29,backfill,O:WFC240315C00050000,50.0,2024-03-15,2024-02-05,0.96,1.1,0.88,1.04,1780,55,0.96,,monthly_30d_atm,weekly_2_strike0,43,1722
WFC,2024-02-01,2024-02-29,backfill,O:WFC240315C00050000,50.0,2024-03-15,2024-02-06,0.95,1.17,0.76,0.81,1250,33,0.95,,monthly_30d_atm,weekly_2_strike0,43,1722
WFC,2024-02-01,2024-02-29,backfill,O:WFC240315C00050000,50.0,2024-03-15,2024-02-07,0.85,0.94,0.58,0.91,2376,50,0.85,,monthly_30d_atm,weekly_2_strike0,43,1722
WFC,2024-02-01,2024-02-29,backfill,O:WFC240315C00050000,50.0,2024-03-15,2024-02-08,0.78,0.88,0.73,0.85,2280,54,0.78,,monthly_30d_atm,weekly_2_strike0,43,1722
WFC,2024-02-01,2024-02-29,backfill,O:WFC240315C00050000,50.0,2024-03-15,2024-02-09,0.74,0.74,0.51,0.66,542,34,0.74,,monthly_30d_atm,weekly_2_strike0,43,1722
WFC,2024-02-01,2024-02-29,backfill,O:WFC240315C00050000,50.0,2024-03-15,2024-02-12,0.65,1.15,0.62,1.0,1589,88,0.65,,monthly_30d_atm,weekly_2_strike0,43,1722
WFC,2024-02-01,2024-02-29,backfill,O:WFC240315C00050000,50.0,2024-03-15,2024-02-13,1.07,1.07,0.6,0.71,2425,45,1.07,,monthly_30d_atm,weekly_2_strike0,43,1722
WFC,2024-02-01,2024-02-29,backfill,O:WFC240315C00050000,50.0,2024-03-15,2024-02-14,0.92,0.92,0.63,0.74,873,41,0.92,,monthly_30d_atm,weekly_2_strike0,43,1722
WFC,2024-02-01,2024-02-29,backfill,O:WFC240315C00050000,50.0,2024-03-15,2024-02-15,1.05,3.2,0.91,2.91,32828,126,1.05,,monthly_30d_atm,weekly_2_strike0,43,1722
WFC,2024-02-01,2024-02-29,backfill,O:WFC240315C00050000,50.0,2024-03-15,2024-02-16,2.82,3.05,2.36,2.69,846,64,2.82,,monthly_30d_atm,weekly_2_strike0,43,1722
WFC,2024-02-01,2024-02-29,backfill,O:WFC240315C00050000,50.0,2024-03-15,2024-02-20,2.48,2.94,2.48,2.56,165,25,2.48,,monthly_30d_atm,weekly_2_strike0,43,1722
WFC,2024-02-01,2024-02-29,backfill,O:WFC240315C00050000,50.0,2024-03-15,2024-02-21,2.22,3.25,2.22,3.22,409,40,2.22,,monthly_30d_atm,weekly_2_strike0,43,1722
WFC,2024-02-01,2024-02-29,backfill,O:WFC240315C00050000,50.0,2024-03-15,2024-02-22,3.4,4.26,3.3,3.96,201,34,3.4,,monthly_30d_atm,weekly_2_strike0,43,1722
WFC,2024-02-01,2024-02-29,backfill,O:WFC240315C00050000,50.0,2024-03-15,2024-02-23,4.0,4.3,4.0,4.18,224,22,4.0,,monthly_30d_atm,weekly_2_strike0,43,1722
WFC,2024-02-01,2024-02-29,backfill,O:WFC240315C00050000,50.0,2024-03-15,2024-02-26,4.35,4.6,4.15,4.45,355,19,4.35,,monthly_30d_atm,weekly_2_strike0,43,1722
WFC,2024-02-01,2024-02-29,backfill,O:WFC240315C00050000,50.0,2024-03-15,2024-02-27,4.85,5.1,4.7,4.98,341,28,4.85,,monthly_30d_atm,weekly_2_strike0,43,1722
WFC,2024-02-01,2024-02-29,backfill,O:WFC240315C00050000,50.0,2024-03-15,2024-02-28,4.97,5.55,4.85,4.85,119,18,4.97,,monthly_30d_atm,weekly_2_strike0,43,1722
WFC,2024-02-01,2024-02-29,backfill,O:WFC240315C00050000,50.0,2024-03-15,2024-02-29,5.38,5.8,5.3,5.8,114,19,5.38,,monthly_30d_atm,weekly_2_strike0,43,1722
WFC,2024-10-28,2024-11-22,backfill,O:WFC241220C00070000,70.0,2024-12-20,2024-10-28,0.94,1.17,0.87,1.13,768,90,0.94,,monthly_45d_25d_otm,weekly_2_strike0,53,768
WFC,2024-10-28,2024-11-22,backfill,O:WFC241220C00070000,70.0,2024-12-20,2024-10-29,1.06,1.25,0.95,0.95,495,54,1.06,,monthly_45d_25d_otm,weekly_2_strike0,53,768
WFC,2024-10-28,2024-11-22,backfill,O:WFC241220C00070000,70.0,2024-12-20,2024-10-30,1.12,1.25,0.99,1.07,6939,47,1.12,,monthly_45d_25d_otm,weekly_2_strike0,53,768
WFC,2024-10-28,2024-11-22,backfill,O:WFC241220C00070000,70.0,2024-12-20,2024-10-31,1.08,1.12,0.89,1.03,375,41,1.08,,monthly_45d_25d_otm,weekly_2_strike0,53,768
WFC,2024-10-28,2024-11-22,backfill,O:WFC241220C00070000,70.0,2024-12-20,2024-11-01,1.1,1.15,0.88,0.9,6212,45,1.1,,monthly_45d_25d_otm,weekly_2_strike0,53,768
WFC,2024-10-28,2024-11-22,backfill,O:WFC241220C00070000,70.0,2024-12-20,2024-11-04,0.7,0.7,0.54,0.67,32158,48,0.7,,monthly_45d_25d_otm,weekly_2_strike0,53,768
WFC,2024-10-28,2024-11-22,backfill,O:WFC241220C00070000,70.0,2024-12-20,2024-11-05,0.62,0.75,0.62,0.71,845,48,0.62,,monthly_45d_25d_otm,weekly_2_strike0,53,768
WFC,2024-10-28,2024-11-22,backfill,O:WFC241220C00070000,70.0,2024-12-20,2024-11-06,4.25,5.25,2.66,4.08,1638,103,4.25,,monthly_45d_25d_otm,weekly_2_strike0,53,768
WFC,2024-10-28,2024-11-22,backfill,O:WFC241220C00070000,70.0,2024-12-20,2024-11-07,3.15,3.15,2.27,2.33,4724,63,3.15,,monthly_45d_25d_otm,weekly_2_strike0,53,768
WFC,2024-10-28,2024-11-22,backfill,O:WFC241220C00070000,70.0,2024-12-20,2024-11-08,2.42,2.48,2.2,2.44,407,53,2.42,,monthly_45d_25d_otm,weekly_2_strike0,53,768
WFC,2024-10-28,2024-11-22,backfill,O:WFC241220C00070000,70.0,2024-12-20,2024-11-11,3.45,4.75,3.39,4.26,702,42,3.45,,monthly_45d_25d_otm,weekly_2_strike0,53,768
WFC,2024-10-28,2024-11-22,backfill,O:WFC241220C00070000,70.0,2024-12-20,2024-11-12,6.75,6.75,4.01,4.21,114,15,6.75,,monthly_45d_25d_otm,weekly_2_strike0,53,768
WFC,2024-10-28,2024-11-22,backfill,O:WFC241220C00070000,70.0,2024-12-20,2024-11-13,4.45,5.12,4.3,4.3,57,21,4.45,,monthly_45d_25d_otm,weekly_2_strike0,53,768
WFC,2024-10-28,2024-11-22,backfill,O:WFC241220C00070000,70.0,2024-12-20,2024-11-14,4.7,4.7,4.2,4.41,21,9,4.7,,monthly_45d_25d_otm,weekly_2_strike0,53,768
WFC,2024-10-28,2024-11-22,backfill,O:WFC241220C00070000,70.0,2024-12-20,2024-11-15,4.7,5.3,4.45,5.3,38,16,4.7,,monthly_45d_25d_otm,weekly_2_strike0,53,768
WFC,2024-10-28,2024-11-22,backfill,O:WFC241220C00070000,70.0,2024-12-20,2024-11-18,5.1,5.45,4.96,5.05,52,12,5.1,,monthly_45d_25d_otm,weekly_2_strike0,53,768
WFC,2024-10-28,2024-11-22,backfill,O:WFC241220C00070000,70.0,2024-12-20,2024-11-19,4.7,4.97,4.65,4.65,10,3,4.7,,monthly_45d_25d_otm,weekly_2_strike0,53,768
WFC,2024-10-28,2024-11-22,backfill,O:WFC241220C00070000,70.0,2024-12-20,2024-11-20,4.03,4.75,4.03,4.65,74,10,4.03,,monthly_45d_25d_otm,weekly_2_strike0,53,768
WFC,2024-10-28,2024-11-22,backfill,O:WFC241220C00070000,70.0,2024-12-20,2024-11-21,5.31,6.72,5.31,6.06,178,27,5.31,,monthly_45d_25d_otm,weekly_2_strike0,53,768
WFC,2024-10-28,2024-11-22,backfill,O:WFC241220C00070000,70.0,2024-12-20,2024-11-22,5.91,6.65,5.68,6.65,78,10,5.91,,monthly_45d_25d_otm,weekly_2_strike0,53,768
WMT,2020-03-30,2020-04-27,backfill,O:WMT200515C00130000,130.0,2020-05-15,2020-03-30,0.84,1.05,0.68,1.05,413,71,0.84,,monthly_45d_30d_otm,weekly_3_strike0,46,413
WMT,2020-03-30,2020-04-27,backfill,O:WMT200515C00130000,130.0,2020-05-15,2020-03-31,0.85,0.97,0.66,0.67,328,67,0.85,,monthly_45d_30d_otm,weekly_3_strike0,46,413
WMT,2020-03-30,2020-04-27,backfill,O:WMT200515C00130000,130.0,2020-05-15,2020-04-01,0.74,0.95,0.61,0.82,100,32,0.74,,monthly_45d_30d_otm,weekly_3_strike0,46,413
WMT,2020-03-30,2020-04-27,backfill,O:WMT200515C00130000,130.0,2020-05-15,2020-04-02,0.69,1.44,0.69,1.35,811,78,0.69,,monthly_45d_30d_otm,weekly_3_strike0,46,413
WMT,2020-03-30,2020-04-27,backfill,O:WMT200515C00130000,130.0,2020-05-15,2020-04-03,1.19,2.28,0.98,1.51,1077,91,1.19,,monthly_45d_30d_otm,weekly_3_strike0,46,413
WMT,2020-03-30,2020-04-27,backfill,O:WMT200515C00130000,130.0,2020-05-15,2020-04-06,1.41,2.71,1.3,2.52,1993,169,1.41,,monthly_45d_30d_otm,weekly_3_strike0,46,413
WMT,2020-03-30,2020-04-27,backfill,O:WMT200515C00130000,130.0,2020-05-15,2020-04-07,2.06,2.8,1.5,1.58,840,139,2.06,,monthly_45d_30d_otm,weekly_3_strike0,46,413
WMT,2020-03-30,2020-04-27,backfill,O:WMT200515C00130000,130.0,2020-05-15,2020-04-08,1.8,1.8,1.07,1.38,962,89,1.8,,monthly_45d_30d_otm,weekly_3_strike0,46,413
WMT,2020-03-30,2020-04-27,backfill,O:WMT200515C00130000,130.0,2020-05-15,2020-04-09,0.83,1.35,0.83,1.23,723,94,0.83,,monthly_45d_30d_otm,weekly_3_strike0,46,413
WMT,2020-03-30,2020-04-27,backfill,O:WMT200515C00130000,130.0,2020-05-15,2020-04-13,1.12,2.21,1.0,2.15,885,125,1.12,,monthly_45d_30d_otm,weekly_3_strike0,46,413
WMT,2020-03-30,2020-04-27,backfill,O:WMT200515C00130000,130.0,2020-05-15,2020-04-14,2.64,3.95,2.18,3.65,1309,197,2.64,,monthly_45d_30d_otm,weekly_3_strike0,46,413
WMT,2020-03-30,2020-04-27,backfill,O:WMT200515C00130000,130.0,2020-05-15,2020-04-15,3.65,4.3,3.16,3.75,1660,150,3.65,,monthly_45d_30d_otm,weekly_3_strike0,46,413
WMT,2020-03-30,2020-04-27,backfill,O:WMT200515C00130000,130.0,2020-05-15,2020-04-16,3.9,6.1,3.5,5.75,1181,160,3.9,,monthly_45d_30d_otm,weekly_3_strike0,46,413
WMT,2020-03-30,2020-04-27,backfill,O:WMT200515C00130000,130.0,2020-05-15,2020-04-17,5.6,5.6,4.0,5.1,551,97,5.6,,monthly_45d_30d_otm,weekly_3_strike0,46,413
WMT,2020-03-30,2020-04-27,backfill,O:WMT200515C00130000,130.0,2020-05-15,2020-04-20,5.2,6.0,4.0,4.05,456,69,5.2,,monthly_45d_30d_otm,weekly_3_strike0,46,413
WMT,2020-03-30,2020-04-27,backfill,O:WMT200515C00130000,130.0,2020-05-15,2020-04-21,4.0,4.95,3.5,4.08,1952,124,4.0,,monthly_45d_30d_otm,weekly_3_strike0,46,413
WMT,2020-03-30,2020-04-27,backfill,O:WMT200515C00130000,130.0,2020-05-15,2020-04-22,4.15,5.5,3.92,4.95,488,91,4.15,,monthly_45d_30d_otm,weekly_3_strike0,46,413
WMT,2020-03-30,2020-04-27,backfill,O:WMT200515C00130000,130.0,2020-05-15,2020-04-23,3.76,4.44,2.95,3.3,1296,134,3.76,,monthly_45d_30d_otm,weekly_3_strike0,46,413
WMT,2020-03-30,2020-04-27,backfill,O:WMT200515C00130000,130.0,2020-05-15,2020-04-24,3.4,4.2,2.77,2.9,515,82,3.4,,monthly_45d_30d_otm,weekly_3_strike0,46,413
WMT,2020-03-30,2020-04-27,backfill,O:WMT200515C00130000,130.0,2020-05-15,2020-04-27,2.76,3.15,1.98,2.09,561,111,2.76,,monthly_45d_30d_otm,weekly_3_strike0,46,413
WMT,2020-10-13,2020-11-09,backfill,O:WMT201120C00150000,150.0,2020-11-20,2020-10-13,3.2,3.95,3.1,3.79,6274,234,3.2,,monthly_30d_25d_otm,weekly_2_strike0,38,6274
WMT,2020-10-13,2020-11-09,backfill,O:WMT201120C00150000,150.0,2020-11-20,2020-10-14,4.0,4.0,2.77,2.91,1985,220,4.0,,monthly_30d_25d_otm,weekly_2_strike0,38,6274
WMT,2020-10-13,2020-11-09,backfill,O:WMT201120C00150000,150.0,2020-11-20,2020-10-15,2.64,3.2,2.64,3.0,802,138,2.64,,monthly_30d_25d_otm,weekly_2_strike0,38,6274
WMT,2020-10-13,2020-11-09,backfill,O:WMT201120C00150000,150.0,2020-11-20,2020-10-16,3.3,3.5,2.8,2.87,2058,217,3.3,,monthly_30d_25d_otm,weekly_2_strike0,38,6274
WMT,2020-10-13,2020-11-09,backfill,O:WMT201120C00150000,150.0,2020-11-20,2020-10-19,2.88,3.0,2.26,2.3,1989,171,2.88,,monthly_30d_25d_otm,weekly_2_strike0,38,6274
WMT,2020-10-13,2020-11-09,backfill,O:WMT201120C00150000,150.0,2020-11-20,2020-10-20,2.65,3.07,2.42,2.64,1444,157,2.65,,monthly_30d_25d_otm,weekly_2_strike0,38,6274
WMT,2020-10-13,2020-11-09,backfill,O:WMT201120C00150000,150.0,2020-11-20,2020-10-21,2.65,3.2,2.57,2.75,1178,173,2.65,,monthly_30d_25d_otm,weekly_2_strike0,38,6274
WMT,2020-10-13,2020-11-09,backfill,O:WMT201120C00150000,150.0,2020-11-20,2020-10-22,2.67,2.7,2.19,2.39,858,151,2.67,,monthly_30d_25d_otm,weekly_2_strike0,38,6274
WMT,2020-10-13,2020-11-09,backfill,O:WMT201120C00150000,150.0,2020-11-20,2020-10-23,2.59,2.59,2.16,2.29,750,120,2.59,,monthly_30d_25d_otm,weekly_2_strike0,38,6274
WMT,2020-10-13,2020-11-09,backfill,O:WMT201120C00150000,150.0,2020-11-20,2020-10-26,1.9,2.09,1.5,1.85,905,184,1.9,,monthly_30d_25d_otm,weekly_2_strike0,38,6274
WMT,2020-10-13,2020-11-09,backfill,O:WMT201120C00150000,150.0,2020-11-20,2020-10-27,1.79,2.16,1.74,1.93,519,104,1.79,,monthly_30d_25d_otm,weekly_2_strike0,38,6274
WMT,2020-10-13,2020-11-09,backfill,O:WMT201120C00150000,150.0,2020-11-20,2020-10-28,1.61,2.0,1.55,1.55,1019,134,1.61,,monthly_30d_25d_otm,weekly_2_strike0,38,6274
WMT,2020-10-13,2020-11-09,backfill,O:WMT201120C00150000,150.0,2020-11-20,2020-10-29,1.4,1.75,1.3,1.53,553,110,1.4,,monthly_30d_25d_otm,weekly_2_strike0,38,6274
WMT,2020-10-13,2020-11-09,backfill,O:WMT201120C00150000,150.0,2020-11-20,2020-10-30,1.47,1.5,1.01,1.26,1506,171,1.47,,monthly_30d_25d_otm,weekly_2_strike0,38,6274
WMT,2020-10-13,2020-11-09,backfill,O:WMT201120C00150000,150.0,2020-11-20,2020-11-02,1.34,1.47,0.99,1.25,750,103,1.34,,monthly_30d_25d_otm,weekly_2_strike0,38,6274
WMT,2020-10-13,2020-11-09,backfill,O:WMT201120C00150000,150.0,2020-11-20,2020-11-03,1.46,2.1,1.3,1.76,1789,163,1.46,,monthly_30d_25d_otm,weekly_2_strike0,38,6274
WMT,2020-10-13,2020-11-09,backfill,O:WMT201120C00150000,150.0,2020-11-20,2020-11-04,1.47,1.75,1.14,1.14,1505,139,1.47,,monthly_30d_25d_otm,weekly_2_strike0,38,6274
WMT,2020-10-13,2020-11-09,backfill,O:WMT201120C00150000,150.0,2020-11-20,2020-11-05,1.47,1.6,1.13,1.45,1120,191,1.47,,monthly_30d_25d_otm,weekly_2_strike0,38,6274
WMT,2020-10-13,2020-11-09,backfill,O:WMT201120C00150000,150.0,2020-11-20,2020-11-06,1.43,2.15,1.43,1.91,3148,261,1.43,,monthly_30d_25d_otm,weekly_2_strike0,38,6274
WMT,2020-10-13,2020-11-09,backfill,O:WMT201120C00150000,150.0,2020-11-20,2020-11-09,2.5,2.95,1.19,1.2,3483,319,2.5,,monthly_30d_25d_otm,weekly_2_strike0,38,6274
WMT,2020-12-01,2020-12-29,backfill,O:WMT210115C00160000,160.0,2021-01-15,2020-12-01,2.15,2.15,1.62,1.87,1295,168,2.15,,monthly_45d_25d_otm,weekly_2_strike4,45,1295
WMT,2020-12-01,2020-12-29,backfill,O:WMT210115C00160000,160.0,2021-01-15,2020-12-02,1.69,1.75,1.36,1.52,7865,190,1.69,,monthly_45d_25d_otm,weekly_2_strike4,45,1295
WMT,2020-12-01,2020-12-29,backfill,O:WMT210115C00160000,160.0,2021-01-15,2020-12-03,1.5,1.5,1.16,1.23,1594,191,1.5,,monthly_45d_25d_otm,weekly_2_strike4,45,1295
WMT,2020-12-01,2020-12-29,backfill,O:WMT210115C00160000,160.0,2021-01-15,2020-12-04,1.25,1.25,0.91,1.04,2158,176,1.25,,monthly_45d_25d_otm,weekly_2_strike4,45,1295
WMT,2020-12-01,2020-12-29,backfill,O:WMT210115C00160000,160.0,2021-01-15,2020-12-07,1.09,1.09,0.79,0.95,992,139,1.09,,monthly_45d_25d_otm,weekly_2_strike4,45,1295
WMT,2020-12-01,2020-12-29,backfill,O:WMT210115C00160000,160.0,2021-01-15,2020-12-08,0.87,1.14,0.81,1.11,2332,182,0.87,,monthly_45d_25d_otm,weekly_2_strike4,45,1295
WMT,2020-12-01,2020-12-29,backfill,O:WMT210115C00160000,160.0,2021-01-15,2020-12-09,1.09,1.09,0.85,0.89,760,145,1.09,,monthly_45d_25d_otm,weekly_2_strike4,45,1295
WMT,2020-12-01,2020-12-29,backfill,O:WMT210115C00160000,160.0,2021-01-15,2020-12-10,0.89,0.92,0.68,0.78,1059,166,0.89,,monthly_45d_25d_otm,weekly_2_strike4,45,1295
WMT,2020-12-01,2020-12-29,backfill,O:WMT210115C00160000,160.0,2021-01-15,2020-12-11,0.8,0.82,0.61,0.75,943,117,0.8,,monthly_45d_25d_otm,weekly_2_strike4,45,1295
WMT,2020-12-01,2020-12-29,backfill,O:WMT210115C00160000,160.0,2021-01-15,2020-12-14,1.1,1.1,0.44,0.5,5040,200,1.1,,monthly_45d_25d_otm,weekly_2_strike4,45,1295
WMT,2020-12-01,2020-12-29,backfill,O:WMT210115C00160000,160.0,2021-01-15,2020-12-15,0.47,0.62,0.36,0.47,2358,165,0.47,,monthly_45d_25d_otm,weekly_2_strike4,45,1295
WMT,2020-12-01,2020-12-29,backfill,O:WMT210115C00160000,160.0,2021-01-15,2020-12-16,0.52,0.57,0.42,0.48,1136,153,0.52,,monthly_45d_25d_otm,weekly_2_strike4,45,1295
WMT,2020-12-01,2020-12-29,backfill,O:WMT210115C00160000,160.0,2021-01-15,2020-12-17,0.53,0.62,0.44,0.61,1706,170,0.53,,monthly_45d_25d_otm,weekly_2_strike4,45,1295
WMT,2020-12-01,2020-12-29,backfill,O:WMT210115C00160000,160.0,2021-01-15,2020-12-18,0.64,0.75,0.55,0.62,1789,190,0.64,,monthly_45d_25d_otm,weekly_2_strike4,45,1295
WMT,2020-12-01,2020-12-29,backfill,O:WMT210115C00160000,160.0,2021-01-15,2020-12-21,0.64,0.69,0.43,0.45,2326,195,0.64,,monthly_45d_25d_otm,weekly_2_strike4,45,1295
WMT,2020-12-01,2020-12-29,backfill,O:WMT210115C00160000,160.0,2021-01-15,2020-12-22,0.47,0.48,0.23,0.29,2475,201,0.47,,monthly_45d_25d_otm,weekly_2_strike4,45,1295
WMT,2020-12-01,2020-12-29,backfill,O:WMT210115C00160000,160.0,2021-01-15,2020-12-23,0.22,0.3,0.18,0.25,1038,126,0.22,,monthly_45d_25d_otm,weekly_2_strike4,45,1295
WMT,2020-12-01,2020-12-29,backfill,O:WMT210115C00160000,160.0,2021-01-15,2020-12-24,0.2,0.25,0.17,0.19,500,59,0.2,,monthly_45d_25d_otm,weekly_2_strike4,45,1295
WMT,2020-12-01,2020-12-29,backfill,O:WMT210115C00160000,160.0,2021-01-15,2020-12-28,0.18,0.2,0.15,0.19,1045,99,0.18,,monthly_45d_25d_otm,weekly_2_strike4,45,1295
WMT,2020-12-01,2020-12-29,backfill,O:WMT210115C00160000,160.0,2021-01-15,2020-12-29,0.18,0.2,0.11,0.14,826,71,0.18,,monthly_45d_25d_otm,weekly_2_strike4,45,1295
WMT,2022-03-15,2022-04-11,backfill,O:WMT220520C00155000,155.0,2022-05-20,2022-03-15,2.1,2.2,1.88,2.08,193,24,2.1,,monthly_60d_25d_otm,weekly_2_strike0,66,193
WMT,2022-03-15,2022-04-11,backfill,O:WMT220520C00155000,155.0,2022-05-20,2022-03-16,2.06,2.1,1.46,1.58,93,26,2.06,,monthly_60d_25d_otm,weekly_2_strike0,66,193
WMT,2022-03-15,2022-04-11,backfill,O:WMT220520C00155000,155.0,2022-05-20,2022-03-17,1.65,1.65,1.4,1.49,182,57,1.65,,monthly_60d_25d_otm,weekly_2_strike0,66,193
WMT,2022-03-15,2022-04-11,backfill,O:WMT220520C00155000,155.0,2022-05-20,2022-03-18,1.47,1.47,1.24,1.38,689,54,1.47,,monthly_60d_25d_otm,weekly_2_strike0,66,193
WMT,2022-03-15,2022-04-11,backfill,O:WMT220520C00155000,155.0,2022-05-20,2022-03-21,1.4,1.77,0.97,1.02,9679,74,1.4,,monthly_60d_25d_otm,weekly_2_strike0,66,193
WMT,2022-03-15,2022-04-11,backfill,O:WMT220520C00155000,155.0,2022-05-20,2022-03-22,0.86,1.05,0.83,0.84,306,53,0.86,,monthly_60d_25d_otm,weekly_2_strike0,66,193
WMT,2022-03-15,2022-04-11,backfill,O:WMT220520C00155000,155.0,2022-05-20,2022-03-23,0.8,0.82,0.59,0.65,1327,42,0.8,,monthly_60d_25d_otm,weekly_2_strike0,66,193
WMT,2022-03-15,2022-04-11,backfill,O:WMT220520C00155000,155.0,2022-05-20,2022-03-24,0.7,0.75,0.6,0.7,445,38,0.7,,monthly_60d_25d_otm,weekly_2_strike0,66,193
WMT,2022-03-15,2022-04-11,backfill,O:WMT220520C00155000,155.0,2022-05-20,2022-03-25,0.71,0.75,0.64,0.72,145,21,0.71,,monthly_60d_25d_otm,weekly_2_strike0,66,193
WMT,2022-03-15,2022-04-11,backfill,O:WMT220520C00155000,155.0,2022-05-20,2022-03-28,0.74,1.1,0.73,1.06,248,57,0.74,,monthly_60d_25d_otm,weekly_2_strike0,66,193
WMT,2022-03-15,2022-04-11,backfill,O:WMT220520C00155000,155.0,2022-05-20,2022-03-29,1.13,1.44,1.05,1.22,350,69,1.13,,monthly_60d_25d_otm,weekly_2_strike0,66,193
WMT,2022-03-15,2022-04-11,backfill,O:WMT220520C00155000,155.0,2022-05-20,2022-03-30,1.2,2.03,1.2,2.0,929,98,1.2,,monthly_60d_25d_otm,weekly_2_strike0,66,193
WMT,2022-03-15,2022-04-11,backfill,O:WMT220520C00155000,155.0,2022-05-20,2022-03-31,1.96,2.22,1.83,1.84,352,76,1.96,,monthly_60d_25d_otm,weekly_2_strike0,66,193
WMT,2022-03-15,2022-04-11,backfill,O:WMT220520C00155000,155.0,2022-05-20,2022-04-01,1.93,2.5,1.75,2.43,1048,149,1.93,,monthly_60d_25d_otm,weekly_2_strike0,66,193
WMT,2022-03-15,2022-04-11,backfill,O:WMT220520C00155000,155.0,2022-05-20,2022-04-04,2.46,3.3,2.1,2.27,842,184,2.46,,monthly_60d_25d_otm,weekly_2_strike0,66,193
WMT,2022-03-15,2022-04-11,backfill,O:WMT220520C00155000,155.0,2022-05-20,2022-04-05,2.31,3.25,2.26,2.63,971,139,2.31,,monthly_60d_25d_otm,weekly_2_strike0,66,193
WMT,2022-03-15,2022-04-11,backfill,O:WMT220520C00155000,155.0,2022-05-20,2022-04-06,2.45,4.7,2.45,4.53,1993,198,2.45,,monthly_60d_25d_otm,weekly_2_strike0,66,193
WMT,2022-03-15,2022-04-11,backfill,O:WMT220520C00155000,155.0,2022-05-20,2022-04-07,4.6,6.15,4.25,5.51,844,127,4.6,,monthly_60d_25d_otm,weekly_2_strike0,66,193
WMT,2022-03-15,2022-04-11,backfill,O:WMT220520C00155000,155.0,2022-05-20,2022-04-08,5.97,6.56,5.4,5.8,636,141,5.97,,monthly_60d_25d_otm,weekly_2_strike0,66,193
WMT,2022-03-15,2022-04-11,backfill,O:WMT220520C00155000,155.0,2022-05-20,2022-04-11,6.0,6.25,3.83,4.0,648,137,6.0,,monthly_60d_25d_otm,weekly_2_strike0,66,193
WMT,2022-10-17,2022-11-11,backfill,O:WMT221118C00135000,135.0,2022-11-18,2022-10-17,3.4,4.15,3.35,3.37,397,49,3.4,,monthly_30d_35d_otm,weekly_2_strike0,32,397
WMT,2022-10-17,2022-11-11,backfill,O:WMT221118C00135000,135.0,2022-11-18,2022-10-18,4.5,5.2,4.4,4.53,1853,49,4.5,,monthly_30d_35d_otm,weekly_2_strike0,32,397
WMT,2022-10-17,2022-11-11,backfill,O:WMT221118C00135000,135.0,2022-11-18,2022-10-19,4.68,4.85,4.05,4.25,202,40,4.68,,monthly_30d_35d_otm,weekly_2_strike0,32,397
WMT,2022-10-17,2022-11-11,backfill,O:WMT221118C00135000,135.0,2022-11-18,2022-10-20,4.5,5.07,4.3,4.47,916,74,4.5,,monthly_30d_35d_otm,weekly_2_strike0,32,397
WMT,2022-10-17,2022-11-11,backfill,O:WMT221118C00135000,135.0,2022-11-18,2022-10-21,4.76,6.25,4.76,5.8,502,65,4.76,,monthly_30d_35d_otm,weekly_2_strike0,32,397
WMT,2022-10-17,2022-11-11,backfill,O:WMT221118C00135000,135.0,2022-11-18,2022-10-24,6.2,8.32,6.2,7.74,2413,58,6.2,,monthly_30d_35d_otm,weekly_2_strike0,32,397
WMT,2022-10-17,2022-11-11,backfill,O:WMT221118C00135000,135.0,2022-11-18,2022-10-25,7.41,8.05,7.2,7.8,65,22,7.41,,monthly_30d_35d_otm,weekly_2_strike0,32,397
WMT,2022-10-17,2022-11-11,backfill,O:WMT221118C00135000,135.0,2022-11-18,2022-10-26,8.8,9.25,7.85,8.4,106,23,8.8,,monthly_30d_35d_otm,weekly_2_strike0,32,397
WMT,2022-10-17,2022-11-11,backfill,O:WMT221118C00135000,135.0,2022-11-18,2022-10-27,8.03,8.95,8.03,8.73,93,20,8.03,,monthly_30d_35d_otm,weekly_2_strike0,32,397
WMT,2022-10-17,2022-11-11,backfill,O:WMT221118C00135000,135.0,2022-11-18,2022-10-28,8.44,9.59,8.4,9.4,33,17,8.44,,monthly_30d_35d_otm,weekly_2_strike0,32,397
WMT,2022-10-17,2022-11-11,backfill,O:WMT221118C00135000,135.0,2022-11-18,2022-10-31,9.3,9.45,9.09,9.2,33,9,9.3,,monthly_30d_35d_otm,weekly_2_strike0,32,397
WMT,2022-10-17,2022-11-11,backfill,O:WMT221118C00135000,135.0,2022-11-18,2022-11-01,10.0,10.0,8.45,8.55,29,16,10.0,,monthly_30d_35d_otm,weekly_2_strike0,32,397
WMT,2022-10-17,2022-11-11,backfill,O:WMT221118C00135000,135.0,2022-11-18,2022-11-02,7.75,9.15,7.69,7.69,49,13,7.75,,monthly_30d_35d_otm,weekly_2_strike0,32,397
WMT,2022-10-17,2022-11-11,backfill,O:WMT221118C00135000,135.0,2022-11-18,2022-11-03,7.8,7.8,7.3,7.8,40,13,7.8,,monthly_30d_35d_otm,weekly_2_strike0,32,397
WMT,2022-10-17,2022-11-11,backfill,O:WMT221118C00135000,135.0,2022-11-18,2022-11-04,7.9,8.2,6.3,7.45,33,15,7.9,,monthly_30d_35d_otm,weekly_2_strike0,32,397
WMT,2022-10-17,2022-11-11,backfill,O:WMT221118C00135000,135.0,2022-11-18,2022-11-07,8.1,8.95,8.03,8.62,135,16,8.1,,monthly_30d_35d_otm,weekly_2_strike0,32,397
WMT,2022-10-17,2022-11-11,backfill,O:WMT221118C00135000,135.0,2022-11-18,2022-11-08,9.11,9.83,8.55,8.95,52,20,9.11,,monthly_30d_35d_otm,weekly_2_strike0,32,397
WMT,2022-10-17,2022-11-11,backfill,O:WMT221118C00135000,135.0,2022-11-18,2022-11-09,7.6,7.63,6.25,6.55,35,15,7.6,,monthly_30d_35d_otm,weekly_2_strike0,32,397
WMT,2022-10-17,2022-11-11,backfill,O:WMT221118C00135000,135.0,2022-11-18,2022-11-10,8.24,8.29,7.62,8.0,52,14,8.24,,monthly_30d_35d_otm,weekly_2_strike0,32,397
WMT,2022-10-17,2022-11-11,backfill,O:WMT221118C00135000,135.0,2022-11-18,2022-11-11,8.5,8.95,6.59,8.6,66,28,8.5,,monthly_30d_35d_otm,weekly_2_strike0,32,397
WMT,2023-09-27,2023-10-06,backfill,O:WMT231020C00165000,165.0,2023-10-20,2023-09-27,1.4,1.49,0.9,1.18,548,94,1.4,,monthly_30d_25d_otm,weekly_2_strike1,23,548
WMT,2023-09-27,2023-10-06,backfill,O:WMT231020C00165000,165.0,2023-10-20,2023-09-28,1.54,1.58,1.16,1.42,788,51,1.54,,monthly_30d_25d_otm,weekly_2_strike1,23,548
WMT,2023-09-27,2023-10-06,backfill,O:WMT231020C00165000,165.0,2023-10-20,2023-09-29,1.42,1.45,0.52,0.63,2138,112,1.42,,monthly_30d_25d_otm,weekly_2_strike1,23,548
WMT,2023-09-27,2023-10-06,backfill,O:WMT231020C00165000,165.0,2023-10-20,2023-10-02,0.57,0.61,0.36,0.55,814,94,0.57,,monthly_30d_25d_otm,weekly_2_strike1,23,548
WMT,2023-09-27,2023-10-06,backfill,O:WMT231020C00165000,165.0,2023-10-20,2023-10-03,0.53,0.71,0.44,0.45,413,53,0.53,,monthly_30d_25d_otm,weekly_2_strike1,23,548
WMT,2023-09-27,2023-10-06,backfill,O:WMT231020C00165000,165.0,2023-10-20,2023-10-04,0.53,0.74,0.38,0.68,374,77,0.53,,monthly_30d_25d_otm,weekly_2_strike1,23,548
WMT,2023-09-27,2023-10-06,backfill,O:WMT231020C00165000,165.0,2023-10-20,2023-10-05,0.6,0.6,0.35,0.35,438,48,0.6,,monthly_30d_25d_otm,weekly_2_strike1,23,548
WMT,2023-09-27,2023-10-06,backfill,O:WMT231020C00165000,165.0,2023-10-20,2023-10-06,0.33,0.41,0.04,0.15,1786,152,0.33,,monthly_30d_25d_otm,weekly_2_strike1,23,548
WMT,2023-11-06,2023-11-16,backfill,O:WMT231215C00170000,170.0,2023-12-15,2023-11-06,1.95,2.2,1.79,1.91,484,50,1.95,,monthly_30d_20d_otm,weekly_2_strike5,39,484
WMT,2023-11-06,2023-11-16,backfill,O:WMT231215C00170000,170.0,2023-12-15,2023-11-07,2.24,2.64,2.15,2.3,280,66,2.24,,monthly_30d_20d_otm,weekly_2_strike5,39,484
WMT,2023-11-06,2023-11-16,backfill,O:WMT231215C00170000,170.0,2023-12-15,2023-11-08,2.41,2.45,1.7,1.9,588,77,2.41,,monthly_30d_20d_otm,weekly_2_strike5,39,484
WMT,2023-11-06,2023-11-16,backfill,O:WMT231215C00170000,170.0,2023-12-15,2023-11-09,1.9,1.9,1.48,1.65,1054,56,1.9,,monthly_30d_20d_otm,weekly_2_strike5,39,484
WMT,2023-11-06,2023-11-16,backfill,O:WMT231215C00170000,170.0,2023-12-15,2023-11-10,1.79,2.33,1.63,2.26,618,111,1.79,,monthly_30d_20d_otm,weekly_2_strike5,39,484
WMT,2023-11-06,2023-11-16,backfill,O:WMT231215C00170000,170.0,2023-12-15,2023-11-13,2.36,2.83,2.14,2.8,1424,109,2.36,,monthly_30d_20d_otm,weekly_2_strike5,39,484
WMT,2023-11-06,2023-11-16,backfill,O:WMT231215C00170000,170.0,2023-12-15,2023-11-14,2.92,3.34,2.47,2.67,873,126,2.92,,monthly_30d_20d_otm,weekly_2_strike5,39,484
WMT,2023-11-06,2023-11-16,backfill,O:WMT231215C00170000,170.0,2023-12-15,2023-11-15,3.25,4.05,2.79,3.95,2337,216,3.25,,monthly_30d_20d_otm,weekly_2_strike5,39,484
WMT,2023-11-06,2023-11-16,backfill,O:WMT231215C00170000,170.0,2023-12-15,2023-11-16,0.32,0.37,0.15,0.22,3893,181,0.32,,monthly_30d_20d_otm,weekly_2_strike5,39,484
WMT,2024-06-03,2024-07-01,backfill,O:WMT240719C00070000,70.0,2024-07-19,2024-06-03,0.17,0.18,0.14,0.17,1703,40,0.17,,monthly_30d_25d_otm,weekly_2_strike0,46,1703
WMT,2024-06-03,2024-07-01,backfill,O:WMT240719C00070000,70.0,2024-07-19,2024-06-04,0.22,0.3,0.2,0.3,4220,82,0.22,,monthly_30d_25d_otm,weekly_2_strike0,46,1703
WMT,2024-06-03,2024-07-01,backfill,O:WMT240719C00070000,70.0,2024-07-19,2024-06-05,0.29,0.37,0.27,0.37,2051,102,0.29,,monthly_30d_25d_otm,weekly_2_strike0,46,1703
WMT,2024-06-03,2024-07-01,backfill,O:WMT240719C00070000,70.0,2024-07-19,2024-06-06,0.36,0.45,0.3,0.38,2230,113,0.36,,monthly_30d_25d_otm,weekly_2_strike0,46,1703
WMT,2024-06-03,2024-07-01,backfill,O:WMT240719C00070000,70.0,2024-07-19,2024-06-07,0.44,0.49,0.16,0.19,2271,130,0.44,,monthly_30d_25d_otm,weekly_2_strike0,46,1703
WMT,2024-06-03,2024-07-01,backfill,O:WMT240719C00070000,70.0,2024-07-19,2024-06-10,0.37,0.4,0.21,0.29,1214,90,0.37,,monthly_30d_25d_otm,weekly_2_strike0,46,1703
WMT,2024-06-03,2024-07-01,backfill,O:WMT240719C00070000,70.0,2024-07-19,2024-06-11,0.26,0.31,0.22,0.25,780,60,0.26,,monthly_30d_25d_otm,weekly_2_strike0,46,1703
WMT,2024-06-03,2024-07-01,backfill,O:WMT240719C00070000,70.0,2024-07-19,2024-06-12,0.26,0.27,0.16,0.2,996,98,0.26,,monthly_30d_25d_otm,weekly_2_strike0,46,1703
WMT,2024-06-03,2024-07-01,backfill,O:WMT240719C00070000,70.0,2024-07-19,2024-06-13,0.21,0.22,0.15,0.22,783,56,0.21,,monthly_30d_25d_otm,weekly_2_strike0,46,1703
WMT,2024-06-03,2024-07-01,backfill,O:WMT240719C00070000,70.0,2024-07-19,2024-06-14,0.2,0.29,0.18,0.25,2809,120,0.2,,monthly_30d_25d_otm,weekly_2_strike0,46,1703
WMT,2024-06-03,2024-07-01,backfill,O:WMT240719C00070000,70.0,2024-07-19,2024-06-17,0.23,0.32,0.17,0.32,1492,97,0.23,,monthly_30d_25d_otm,weekly_2_strike0,46,1703
WMT,2024-06-03,2024-07-01,backfill,O:WMT240719C00070000,70.0,2024-07-19,2024-06-18,0.36,0.4,0.29,0.31,2109,125,0.36,,monthly_30d_25d_otm,weekly_2_strike0,46,1703
WMT,2024-06-03,2024-07-01,backfill,O:WMT240719C00070000,70.0,2024-07-19,2024-06-20,0.29,0.45,0.29,0.41,2608,103,0.29,,monthly_30d_25d_otm,weekly_2_strike0,46,1703
WMT,2024-06-03,2024-07-01,backfill,O:WMT240719C00070000,70.0,2024-07-19,2024-06-21,0.45,0.53,0.36,0.37,7507,193,0.45,,monthly_30d_25d_otm,weekly_2_strike0,46,1703
WMT,2024-06-03,2024-07-01,backfill,O:WMT240719C00070000,70.0,2024-07-19,2024-06-24,0.39,0.63,0.35,0.61,2738,156,0.39,,monthly_30d_25d_otm,weekly_2_strike0,46,1703
WMT,2024-06-03,2024-07-01,backfill,O:WMT240719C00070000,70.0,2024-07-19,2024-06-25,0.26,0.28,0.14,0.21,2603,126,0.26,,monthly_30d_25d_otm,weekly_2_strike0,46,1703
WMT,2024-06-03,2024-07-01,backfill,O:WMT240719C00070000,70.0,2024-07-19,2024-06-26,0.21,0.46,0.19,0.37,2008,146,0.21,,monthly_30d_25d_otm,weekly_2_strike0,46,1703
WMT,2024-06-03,2024-07-01,backfill,O:WMT240719C00070000,70.0,2024-07-19,2024-06-27,0.41,0.42,0.23,0.26,1358,85,0.41,,monthly_30d_25d_otm,weekly_2_strike0,46,1703
WMT,2024-06-03,2024-07-01,backfill,O:WMT240719C00070000,70.0,2024-07-19,2024-06-28,0.27,0.29,0.16,0.18,1108,78,0.27,,monthly_30d_25d_otm,weekly_2_strike0,46,1703
WMT,2024-06-03,2024-07-01,backfill,O:WMT240719C00070000,70.0,2024-07-19,2024-07-01,0.21,0.28,0.12,0.15,1135,64,0.21,,monthly_30d_25d_otm,weekly_2_strike0,46,1703
WMT,2024-12-11,2024-12-23,backfill,O:WMT250117C00095000,95.0,2025-01-17,2024-12-11,2.36,2.91,2.33,2.55,3507,253,2.36,,monthly_30d_atm,weekly_2_strike0,37,3507
WMT,2024-12-11,2024-12-23,backfill,O:WMT250117C00095000,95.0,2025-01-17,2024-12-12,2.69,2.92,1.99,1.99,6415,241,2.69,,monthly_30d_atm,weekly_2_strike0,37,3507
WMT,2024-12-11,2024-12-23,backfill,O:WMT250117C00095000,95.0,2025-01-17,2024-12-13,1.75,2.27,1.56,2.03,1587,170,1.75,,monthly_30d_atm,weekly_2_strike0,37,3507
WMT,2024-12-11,2024-12-23,backfill,O:WMT250117C00095000,95.0,2025-01-17,2024-12-16,2.13,2.8,1.91,2.29,3009,216,2.13,,monthly_30d_atm,weekly_2_strike0,37,3507
WMT,2024-12-11,2024-12-23,backfill,O:WMT250117C00095000,95.0,2025-01-17,2024-12-17,2.51,2.57,2.04,2.57,1793,174,2.51,,monthly_30d_atm,weekly_2_strike0,37,3507
WMT,2024-12-11,2024-12-23,backfill,O:WMT250117C00095000,95.0,2025-01-17,2024-12-18,2.5,2.83,1.64,1.76,3621,219,2.5,,monthly_30d_atm,weekly_2_strike0,37,3507
WMT,2024-12-11,2024-12-23,backfill,O:WMT250117C00095000,95.0,2025-01-17,2024-12-19,1.85,2.1,1.59,1.8,2237,156,1.85,,monthly_30d_atm,weekly_2_strike0,37,3507
WMT,2024-12-11,2024-12-23,backfill,O:WMT250117C00095000,95.0,2025-01-17,2024-12-20,1.49,1.64,0.82,0.95,3329,205,1.49,,monthly_30d_atm,weekly_2_strike0,37,3507
WMT,2024-12-11,2024-12-23,backfill,O:WMT250117C00095000,95.0,2025-01-17,2024-12-23,0.8,0.8,0.31,0.38,5301,256,0.8,,monthly_30d_atm,weekly_2_strike0,37,3507
WMT,2025-02-04,2025-03-04,backfill,O:WMT250321C00100000,100.0,2025-03-21,2025-02-04,3.8,4.45,3.8,4.38,2752,223,3.8,,monthly_30d_atm,weekly_2_strike0,45,2752
WMT,2025-02-04,2025-03-04,backfill,O:WMT250321C00100000,100.0,2025-03-21,2025-02-05,4.27,5.55,4.27,5.5,1047,164,4.27,,monthly_30d_atm,weekly_2_strike0,45,2752
WMT,2025-02-04,2025-03-04,backfill,O:WMT250321C00100000,100.0,2025-03-21,2025-02-06,5.44,5.81,5.1,5.67,515,85,5.44,,monthly_30d_atm,weekly_2_strike0,45,2752
WMT,2025-02-04,2025-03-04,backfill,O:WMT250321C00100000,100.0,2025-03-21,2025-02-07,5.54,5.6,4.6,4.6,983,81,5.54,,monthly_30d_atm,weekly_2_strike0,45,2752
WMT,2025-02-04,2025-03-04,backfill,O:WMT250321C00100000,100.0,2025-03-21,2025-02-10,5.15,5.55,4.56,5.55,375,67,5.15,,monthly_30d_atm,weekly_2_strike0,45,2752
WMT,2025-02-04,2025-03-04,backfill,O:WMT250321C00100000,100.0,2025-03-21,2025-02-11,5.45,5.55,4.85,5.0,162,54,5.45,,monthly_30d_atm,weekly_2_strike0,45,2752
WMT,2025-02-04,2025-03-04,backfill,O:WMT250321C00100000,100.0,2025-03-21,2025-02-12,5.55,6.25,5.4,5.8,1113,90,5.55,,monthly_30d_atm,weekly_2_strike0,45,2752
WMT,2025-02-04,2025-03-04,backfill,O:WMT250321C00100000,100.0,2025-03-21,2025-02-13,5.9,7.2,5.9,7.04,536,82,5.9,,monthly_30d_atm,weekly_2_strike0,45,2752
WMT,2025-02-04,2025-03-04,backfill,O:WMT250321C00100000,100.0,2025-03-21,2025-02-14,7.05,7.05,6.0,6.24,443,87,7.05,,monthly_30d_atm,weekly_2_strike0,45,2752
WMT,2025-02-04,2025-03-04,backfill,O:WMT250321C00100000,100.0,2025-03-21,2025-02-18,6.15,6.18,5.15,5.9,923,132,6.15,,monthly_30d_atm,weekly_2_strike0,45,2752
WMT,2025-02-04,2025-03-04,backfill,O:WMT250321C00100000,100.0,2025-03-21,2025-02-19,5.95,6.25,5.5,6.08,888,118,5.95,,monthly_30d_atm,weekly_2_strike0,45,2752
WMT,2025-02-04,2025-03-04,backfill,O:WMT250321C00100000,100.0,2025-03-21,2025-02-20,2.13,2.9,1.19,1.26,6670,313,2.13,,monthly_30d_atm,weekly_2_strike0,45,2752
WMT,2025-02-04,2025-03-04,backfill,O:WMT250321C00100000,100.0,2025-03-21,2025-02-21,1.27,1.27,0.47,0.55,6200,289,1.27,,monthly_30d_atm,weekly_2_strike0,45,2752
WMT,2025-02-04,2025-03-04,backfill,O:WMT250321C00100000,100.0,2025-03-21,2025-02-24,0.47,0.56,0.25,0.36,8518,218,0.47,,monthly_30d_atm,weekly_2_strike0,45,2752
WMT,2025-02-04,2025-03-04,backfill,O:WMT250321C00100000,100.0,2025-03-21,2025-02-25,0.4,1.49,0.4,1.45,5287,288,0.4,,monthly_30d_atm,weekly_2_strike0,45,2752
WMT,2025-02-04,2025-03-04,backfill,O:WMT250321C00100000,100.0,2025-03-21,2025-02-26,1.32,1.84,0.81,0.83,2777,214,1.32,,monthly_30d_atm,weekly_2_strike0,45,2752
WMT,2025-02-04,2025-03-04,backfill,O:WMT250321C00100000,100.0,2025-03-21,2025-02-27,0.75,1.4,0.75,1.1,3886,271,0.75,,monthly_30d_atm,weekly_2_strike0,45,2752
WMT,2025-02-04,2025-03-04,backfill,O:WMT250321C00100000,100.0,2025-03-21,2025-02-28,1.34,1.59,1.04,1.48,2874,214,1.34,,monthly_30d_atm,weekly_2_strike0,45,2752
WMT,2025-02-04,2025-03-04,backfill,O:WMT250321C00100000,100.0,2025-03-21,2025-03-03,1.2,1.88,0.94,1.09,1989,206,1.2,,monthly_30d_atm,weekly_2_strike0,45,2752
WMT,2025-02-04,2025-03-04,backfill,O:WMT250321C00100000,100.0,2025-03-21,2025-03-04,0.7,0.97,0.41,0.46,2132,150,0.7,,monthly_30d_atm,weekly_2_strike0,45,2752
WMT,2025-12-11,2026-01-09,backfill,O:WMT260116C00110000,110.0,2026-01-16,2025-12-11,5.14,7.1,5.04,6.7,1814,171,5.14,,monthly_30d_slight_itm,weekly_2_strike0,36,1814
WMT,2025-12-11,2026-01-09,backfill,O:WMT260116C00110000,110.0,2026-01-16,2025-12-12,6.7,8.1,6.7,7.91,562,63,6.7,,monthly_30d_slight_itm,weekly_2_strike0,36,1814
WMT,2025-12-11,2026-01-09,backfill,O:WMT260116C00110000,110.0,2026-01-16,2025-12-15,8.3,8.5,7.0,7.92,393,63,8.3,,monthly_30d_slight_itm,weekly_2_strike0,36,1814
WMT,2025-12-11,2026-01-09,backfill,O:WMT260116C00110000,110.0,2026-01-16,2025-12-16,7.43,7.9,6.5,6.9,221,69,7.43,,monthly_30d_slight_itm,weekly_2_strike0,36,1814
WMT,2025-12-11,2026-01-09,backfill,O:WMT260116C00110000,110.0,2026-01-16,2025-12-17,6.65,7.55,6.26,6.75,330,50,6.65,,monthly_30d_slight_itm,weekly_2_strike0,36,1814
WMT,2025-12-11,2026-01-09,backfill,O:WMT260116C00110000,110.0,2026-01-16,2025-12-18,6.29,7.55,6.05,6.4,129,50,6.29,,monthly_30d_slight_itm,weekly_2_strike0,36,1814
WMT,2025-12-11,2026-01-09,backfill,O:WMT260116C00110000,110.0,2026-01-16,2025-12-19,6.57,6.57,5.1,5.62,669,103,6.57,,monthly_30d_slight_itm,weekly_2_strike0,36,1814
WMT,2025-12-11,2026-01-09,backfill,O:WMT260116C00110000,110.0,2026-01-16,2025-12-22,5.54,5.54,3.9,4.05,555,101,5.54,,monthly_30d_slight_itm,weekly_2_strike0,36,1814
WMT,2025-12-11,2026-01-09,backfill,O:WMT260116C00110000,110.0,2026-01-16,2025-12-23,3.75,3.87,2.84,2.91,953,81,3.75,,monthly_30d_slight_itm,weekly_2_strike0,36,1814
WMT,2025-12-11,2026-01-09,backfill,O:WMT260116C00110000,110.0,2026-01-16,2025-12-24,3.0,3.25,2.75,3.25,278,43,3.0,,monthly_30d_slight_itm,weekly_2_strike0,36,1814
WMT,2025-12-11,2026-01-09,backfill,O:WMT260116C00110000,110.0,2026-01-16,2025-12-26,3.3,3.45,3.15,3.25,373,31,3.3,,monthly_30d_slight_itm,weekly_2_strike0,36,1814
WMT,2025-12-11,2026-01-09,backfill,O:WMT260116C00110000,110.0,2026-01-16,2025-12-29,3.25,3.88,3.2,3.73,366,64,3.25,,monthly_30d_slight_itm,weekly_2_strike0,36,1814
WMT,2025-12-11,2026-01-09,backfill,O:WMT260116C00110000,110.0,2026-01-16,2025-12-30,3.15,3.8,3.15,3.18,150,27,3.15,,monthly_30d_slight_itm,weekly_2_strike0,36,1814
WMT,2025-12-11,2026-01-09,backfill,O:WMT260116C00110000,110.0,2026-01-16,2025-12-31,3.04,3.25,2.75,2.82,244,24,3.04,,monthly_30d_slight_itm,weekly_2_strike0,36,1814
WMT,2025-12-11,2026-01-09,backfill,O:WMT260116C00110000,110.0,2026-01-16,2026-01-02,2.75,3.65,2.47,3.65,560,65,2.75,,monthly_30d_slight_itm,weekly_2_strike0,36,1814
WMT,2025-12-11,2026-01-09,backfill,O:WMT260116C00110000,110.0,2026-01-16,2026-01-05,4.05,4.4,3.17,3.66,1576,83,4.05,,monthly_30d_slight_itm,weekly_2_strike0,36,1814
WMT,2025-12-11,2026-01-09,backfill,O:WMT260116C00110000,110.0,2026-01-16,2026-01-06,3.57,5.32,3.15,5.05,599,73,3.57,,monthly_30d_slight_itm,weekly_2_strike0,36,1814
WMT,2025-12-11,2026-01-09,backfill,O:WMT260116C00110000,110.0,2026-01-16,2026-01-07,5.1,5.1,3.35,3.8,246,49,5.1,,monthly_30d_slight_itm,weekly_2_strike0,36,1814
WMT,2025-12-11,2026-01-09,backfill,O:WMT260116C00110000,110.0,2026-01-16,2026-01-08,2.3,4.3,1.89,4.0,1339,88,2.3,,monthly_30d_slight_itm,weekly_2_strike0,36,1814
WMT,2025-12-11,2026-01-09,backfill,O:WMT260116C00110000,110.0,2026-01-16,2026-01-09,3.65,5.73,3.65,5.0,1168,83,3.65,,monthly_30d_slight_itm,weekly_2_strike0,36,1814
WMT,2026-01-15,2026-02-12,backfill,O:WMT260220C00125000,125.0,2026-02-20,2026-01-15,2.48,2.72,1.87,2.0,2022,124,2.48,,monthly_30d_25d_otm,weekly_2_strike0,36,2022
WMT,2026-01-15,2026-02-12,backfill,O:WMT260220C00125000,125.0,2026-02-20,2026-01-16,1.85,2.65,1.4,2.38,1954,143,1.85,,monthly_30d_25d_otm,weekly_2_strike0,36,2022
WMT,2026-01-15,2026-02-12,backfill,O:WMT260220C00125000,125.0,2026-02-20,2026-01-20,2.35,3.1,1.69,1.9,1721,116,2.35,,monthly_30d_25d_otm,weekly_2_strike0,36,2022
WMT,2026-01-15,2026-02-12,backfill,O:WMT260220C00125000,125.0,2026-02-20,2026-01-21,1.81,2.29,1.43,1.95,2476,228,1.81,,monthly_30d_25d_otm,weekly_2_strike0,36,2022
WMT,2026-01-15,2026-02-12,backfill,O:WMT260220C00125000,125.0,2026-02-20,2026-01-22,1.9,1.95,1.25,1.26,415,57,1.9,,monthly_30d_25d_otm,weekly_2_strike0,36,2022
WMT,2026-01-15,2026-02-12,backfill,O:WMT260220C00125000,125.0,2026-02-20,2026-01-23,1.33,1.33,1.1,1.15,313,71,1.33,,monthly_30d_25d_otm,weekly_2_strike0,36,2022
WMT,2026-01-15,2026-02-12,backfill,O:WMT260220C00125000,125.0,2026-02-20,2026-01-26,1.16,1.39,1.0,1.02,429,80,1.16,,monthly_30d_25d_otm,weekly_2_strike0,36,2022
WMT,2026-01-15,2026-02-12,backfill,O:WMT260220C00125000,125.0,2026-02-20,2026-01-27,1.0,1.0,0.62,0.86,522,89,1.0,,monthly_30d_25d_otm,weekly_2_strike0,36,2022
WMT,2026-01-15,2026-02-12,backfill,O:WMT260220C00125000,125.0,2026-02-20,2026-01-28,0.7,0.91,0.65,0.73,292,34,0.7,,monthly_30d_25d_otm,weekly_2_strike0,36,2022
WMT,2026-01-15,2026-02-12,backfill,O:WMT260220C00125000,125.0,2026-02-20,2026-01-29,0.85,1.0,0.73,0.94,330,53,0.85,,monthly_30d_25d_otm,weekly_2_strike0,36,2022
WMT,2026-01-15,2026-02-12,backfill,O:WMT260220C00125000,125.0,2026-02-20,2026-01-30,0.51,1.37,0.51,1.37,1918,107,0.51,,monthly_30d_25d_otm,weekly_2_strike0,36,2022
WMT,2026-01-15,2026-02-12,backfill,O:WMT260220C00125000,125.0,2026-02-20,2026-02-02,1.5,3.35,1.3,3.23,2382,267,1.5,,monthly_30d_25d_otm,weekly_2_strike0,36,2022
WMT,2026-01-15,2026-02-12,backfill,O:WMT260220C00125000,125.0,2026-02-20,2026-02-03,3.16,5.85,3.16,5.6,2920,212,3.16,,monthly_30d_25d_otm,weekly_2_strike0,36,2022
WMT,2026-01-15,2026-02-12,backfill,O:WMT260220C00125000,125.0,2026-02-20,2026-02-04,5.8,6.7,5.15,5.7,482,103,5.8,,monthly_30d_25d_otm,weekly_2_strike0,36,2022
WMT,2026-01-15,2026-02-12,backfill,O:WMT260220C00125000,125.0,2026-02-20,2026-02-05,5.75,6.94,4.94,5.07,423,79,5.75,,monthly_30d_25d_otm,weekly_2_strike0,36,2022
WMT,2026-01-15,2026-02-12,backfill,O:WMT260220C00125000,125.0,2026-02-20,2026-02-06,5.18,8.1,5.18,8.1,1957,85,5.18,,monthly_30d_25d_otm,weekly_2_strike0,36,2022
WMT,2026-01-15,2026-02-12,backfill,O:WMT260220C00125000,125.0,2026-02-20,2026-02-09,7.79,7.85,5.65,6.28,395,50,7.79,,monthly_30d_25d_otm,weekly_2_strike0,36,2022
WMT,2026-01-15,2026-02-12,backfill,O:WMT260220C00125000,125.0,2026-02-20,2026-02-10,6.25,6.25,4.35,4.51,256,60,6.25,,monthly_30d_25d_otm,weekly_2_strike0,36,2022
WMT,2026-01-15,2026-02-12,backfill,O:WMT260220C00125000,125.0,2026-02-20,2026-02-11,4.73,6.7,4.65,6.19,1212,49,4.73,,monthly_30d_25d_otm,weekly_2_strike0,36,2022
WMT,2026-01-15,2026-02-12,backfill,O:WMT260220C00125000,125.0,2026-02-20,2026-02-12,6.55,10.7,6.3,10.39,1556,75,6.55,,monthly_30d_25d_otm,weekly_2_strike0,36,2022
WMT,2026-03-16,2026-04-02,backfill,O:WMT260515C00130000,130.0,2026-05-15,2026-03-16,4.0,4.15,3.5,3.84,256,63,4.0,,monthly_60d_40d_otm,weekly_2_strike0,60,256
WMT,2026-03-16,2026-04-02,backfill,O:WMT260515C00130000,130.0,2026-05-15,2026-03-17,4.32,4.32,3.11,3.2,461,68,4.32,,monthly_60d_40d_otm,weekly_2_strike0,60,256
WMT,2026-03-16,2026-04-02,backfill,O:WMT260515C00130000,130.0,2026-05-15,2026-03-18,2.94,3.05,2.25,2.25,792,70,2.94,,monthly_60d_40d_otm,weekly_2_strike0,60,256
WMT,2026-03-16,2026-04-02,backfill,O:WMT260515C00130000,130.0,2026-05-15,2026-03-19,2.2,2.37,1.54,1.99,751,73,2.2,,monthly_60d_40d_otm,weekly_2_strike0,60,256
WMT,2026-03-16,2026-04-02,backfill,O:WMT260515C00130000,130.0,2026-05-15,2026-03-20,2.02,2.02,1.45,1.6,524,46,2.02,,monthly_60d_40d_otm,weekly_2_strike0,60,256
WMT,2026-03-16,2026-04-02,backfill,O:WMT260515C00130000,130.0,2026-05-15,2026-03-23,1.8,1.94,1.47,1.62,386,71,1.8,,monthly_60d_40d_otm,weekly_2_strike0,60,256
WMT,2026-03-16,2026-04-02,backfill,O:WMT260515C00130000,130.0,2026-05-15,2026-03-24,1.71,2.65,1.71,2.04,827,69,1.71,,monthly_60d_40d_otm,weekly_2_strike0,60,256
WMT,2026-03-16,2026-04-02,backfill,O:WMT260515C00130000,130.0,2026-05-15,2026-03-25,2.34,2.34,1.94,2.21,576,70,2.34,,monthly_60d_40d_otm,weekly_2_strike0,60,256
WMT,2026-03-16,2026-04-02,backfill,O:WMT260515C00130000,130.0,2026-05-15,2026-03-26,2.4,2.4,1.98,2.09,457,66,2.4,,monthly_60d_40d_otm,weekly_2_strike0,60,256
WMT,2026-03-16,2026-04-02,backfill,O:WMT260515C00130000,130.0,2026-05-15,2026-03-27,2.11,2.77,2.05,2.45,476,78,2.11,,monthly_60d_40d_otm,weekly_2_strike0,60,256
WMT,2026-03-16,2026-04-02,backfill,O:WMT260515C00130000,130.0,2026-05-15,2026-03-30,2.57,3.0,2.49,2.59,504,87,2.57,,monthly_60d_40d_otm,weekly_2_strike0,60,256
WMT,2026-03-16,2026-04-02,backfill,O:WMT260515C00130000,130.0,2026-05-15,2026-03-31,2.69,2.9,2.05,2.34,391,92,2.69,,monthly_60d_40d_otm,weekly_2_strike0,60,256
WMT,2026-03-16,2026-04-02,backfill,O:WMT260515C00130000,130.0,2026-05-15,2026-04-01,2.12,2.54,2.0,2.41,748,89,2.12,,monthly_60d_40d_otm,weekly_2_strike0,60,256
WMT,2026-03-16,2026-04-02,backfill,O:WMT260515C00130000,130.0,2026-05-15,2026-04-02,2.54,2.85,2.29,2.69,1382,137,2.54,,monthly_60d_40d_otm,weekly_2_strike0,60,256
X,2022-03-04,2022-03-31,backfill,O:X220520C00036000,36.0,2022-05-20,2022-03-04,2.02,2.02,1.83,1.83,32,2,2.02,,monthly_60d_25d_otm,weekly_1_strike0,77,32
X,2022-03-04,2022-03-31,backfill,O:X220520C00036000,36.0,2022-05-20,2022-03-07,2.25,3.1,2.25,3.0,19,6,2.25,,monthly_60d_25d_otm,weekly_1_strike0,77,32
X,2022-03-04,2022-03-31,backfill,O:X220520C00036000,36.0,2022-05-20,2022-03-08,1.71,2.04,1.71,2.04,11,7,1.71,,monthly_60d_25d_otm,weekly_1_strike0,77,32
X,2022-03-04,2022-03-31,backfill,O:X220520C00036000,36.0,2022-05-20,2022-03-09,1.49,2.1,1.49,2.1,21,8,1.49,,monthly_60d_25d_otm,weekly_1_strike0,77,32
X,2022-03-04,2022-03-31,backfill,O:X220520C00036000,36.0,2022-05-20,2022-03-10,2.24,2.95,2.14,2.9,84,11,2.24,,monthly_60d_25d_otm,weekly_1_strike0,77,32
X,2022-03-04,2022-03-31,backfill,O:X220520C00036000,36.0,2022-05-20,2022-03-11,2.78,3.37,2.78,3.37,27,11,2.78,,monthly_60d_25d_otm,weekly_1_strike0,77,32
X,2022-03-04,2022-03-31,backfill,O:X220520C00036000,36.0,2022-05-20,2022-03-14,2.74,2.74,2.38,2.56,23,6,2.74,,monthly_60d_25d_otm,weekly_1_strike0,77,32
X,2022-03-04,2022-03-31,backfill,O:X220520C00036000,36.0,2022-05-20,2022-03-15,2.14,2.3,2.1,2.3,64,4,2.14,,monthly_60d_25d_otm,weekly_1_strike0,77,32
X,2022-03-04,2022-03-31,backfill,O:X220520C00036000,36.0,2022-05-20,2022-03-16,2.9,2.9,2.25,2.25,17,4,2.9,,monthly_60d_25d_otm,weekly_1_strike0,77,32
X,2022-03-04,2022-03-31,backfill,O:X220520C00036000,36.0,2022-05-20,2022-03-17,2.7,3.29,2.63,3.2,31,12,2.7,,monthly_60d_25d_otm,weekly_1_strike0,77,32
X,2022-03-04,2022-03-31,backfill,O:X220520C00036000,36.0,2022-05-20,2022-03-18,2.62,2.62,1.85,1.91,125,17,2.62,,monthly_60d_25d_otm,weekly_1_strike0,77,32
X,2022-03-04,2022-03-31,backfill,O:X220520C00036000,36.0,2022-05-20,2022-03-21,2.55,3.45,2.55,3.45,94,20,2.55,,monthly_60d_25d_otm,weekly_1_strike0,77,32
X,2022-03-04,2022-03-31,backfill,O:X220520C00036000,36.0,2022-05-20,2022-03-22,3.45,3.6,2.84,3.05,136,26,3.45,,monthly_60d_25d_otm,weekly_1_strike0,77,32
X,2022-03-04,2022-03-31,backfill,O:X220520C00036000,36.0,2022-05-20,2022-03-23,3.2,3.73,3.2,3.57,100,35,3.2,,monthly_60d_25d_otm,weekly_1_strike0,77,32
X,2022-03-04,2022-03-31,backfill,O:X220520C00036000,36.0,2022-05-20,2022-03-24,3.45,5.25,3.45,5.25,140,33,3.45,,monthly_60d_25d_otm,weekly_1_strike0,77,32
X,2022-03-04,2022-03-31,backfill,O:X220520C00036000,36.0,2022-05-20,2022-03-25,4.85,5.25,4.85,5.0,16,11,4.85,,monthly_60d_25d_otm,weekly_1_strike0,77,32
X,2022-03-04,2022-03-31,backfill,O:X220520C00036000,36.0,2022-05-20,2022-03-28,4.12,4.44,3.85,4.4,56,8,4.12,,monthly_60d_25d_otm,weekly_1_strike0,77,32
X,2022-03-04,2022-03-31,backfill,O:X220520C00036000,36.0,2022-05-20,2022-03-29,3.24,3.65,2.85,3.62,137,23,3.24,,monthly_60d_25d_otm,weekly_1_strike0,77,32
X,2022-03-04,2022-03-31,backfill,O:X220520C00036000,36.0,2022-05-20,2022-03-30,3.8,3.91,3.42,3.8,99,19,3.8,,monthly_60d_25d_otm,weekly_1_strike0,77,32
X,2022-03-04,2022-03-31,backfill,O:X220520C00036000,36.0,2022-05-20,2022-03-31,3.9,4.4,3.9,4.18,42,10,3.9,,monthly_60d_25d_otm,weekly_1_strike0,77,32
XBI,2021-02-02,2021-03-02,backfill,O:XBI210416C00170000,170.0,2021-04-16,2021-02-02,6.08,7.3,5.9,7.3,22,5,6.08,,monthly_60d_35d_otm,weekly_2_strike1,73,22
XBI,2021-02-02,2021-03-02,backfill,O:XBI210416C00170000,170.0,2021-04-16,2021-02-03,7.72,7.72,7.58,7.6,3,2,7.72,,monthly_60d_35d_otm,weekly_2_strike1,73,22
XBI,2021-02-02,2021-03-02,backfill,O:XBI210416C00170000,170.0,2021-04-16,2021-02-04,7.5,7.5,7.42,7.42,6,3,7.5,,monthly_60d_35d_otm,weekly_2_strike1,73,22
XBI,2021-02-02,2021-03-02,backfill,O:XBI210416C00170000,170.0,2021-04-16,2021-02-05,8.25,9.5,8.25,9.5,101,2,8.25,,monthly_60d_35d_otm,weekly_2_strike1,73,22
XBI,2021-02-02,2021-03-02,backfill,O:XBI210416C00170000,170.0,2021-04-16,2021-02-08,10.05,13.18,10.05,13.18,43,10,10.05,,monthly_60d_35d_otm,weekly_2_strike1,73,22
XBI,2021-02-02,2021-03-02,backfill,O:XBI210416C00170000,170.0,2021-04-16,2021-02-09,13.67,13.67,12.7,12.7,11,7,13.67,,monthly_60d_35d_otm,weekly_2_strike1,73,22
XBI,2021-02-02,2021-03-02,backfill,O:XBI210416C00170000,170.0,2021-04-16,2021-02-10,9.9,10.8,9.3,10.8,7,5,9.9,,monthly_60d_35d_otm,weekly_2_strike1,73,22
XBI,2021-02-02,2021-03-02,backfill,O:XBI210416C00170000,170.0,2021-04-16,2021-02-11,10.1,10.1,7.95,8.1,9,5,10.1,,monthly_60d_35d_otm,weekly_2_strike1,73,22
XBI,2021-02-02,2021-03-02,backfill,O:XBI210416C00170000,170.0,2021-04-16,2021-02-12,8.1,8.1,7.1,7.1,3,3,8.1,,monthly_60d_35d_otm,weekly_2_strike1,73,22
XBI,2021-02-02,2021-03-02,backfill,O:XBI210416C00170000,170.0,2021-04-16,2021-02-16,7.5,7.5,5.47,5.5,27,8,7.5,,monthly_60d_35d_otm,weekly_2_strike1,73,22
XBI,2021-02-02,2021-03-02,backfill,O:XBI210416C00170000,170.0,2021-04-16,2021-02-17,5.25,5.25,4.45,4.85,68,9,5.25,,monthly_60d_35d_otm,weekly_2_strike1,73,22
XBI,2021-02-02,2021-03-02,backfill,O:XBI210416C00170000,170.0,2021-04-16,2021-02-18,5.05,5.05,3.6,3.7,14,10,5.05,,monthly_60d_35d_otm,weekly_2_strike1,73,22
XBI,2021-02-02,2021-03-02,backfill,O:XBI210416C00170000,170.0,2021-04-16,2021-02-19,4.85,5.48,4.63,4.63,11,5,4.85,,monthly_60d_35d_otm,weekly_2_strike1,73,22
XBI,2021-02-02,2021-03-02,backfill,O:XBI210416C00170000,170.0,2021-04-16,2021-02-22,4.6,4.6,3.2,3.2,12,6,4.6,,monthly_60d_35d_otm,weekly_2_strike1,73,22
XBI,2021-02-02,2021-03-02,backfill,O:XBI210416C00170000,170.0,2021-04-16,2021-02-23,2.2,2.57,1.81,2.57,46,18,2.2,,monthly_60d_35d_otm,weekly_2_strike1,73,22
XBI,2021-02-02,2021-03-02,backfill,O:XBI210416C00170000,170.0,2021-04-16,2021-02-24,2.25,3.19,2.25,2.81,51,30,2.25,,monthly_60d_35d_otm,weekly_2_strike1,73,22
XBI,2021-02-02,2021-03-02,backfill,O:XBI210416C00170000,170.0,2021-04-16,2021-02-25,2.85,2.99,1.81,1.81,41,24,2.85,,monthly_60d_35d_otm,weekly_2_strike1,73,22
XBI,2021-02-02,2021-03-02,backfill,O:XBI210416C00170000,170.0,2021-04-16,2021-02-26,1.88,2.39,1.2,1.47,56,28,1.88,,monthly_60d_35d_otm,weekly_2_strike1,73,22
XBI,2021-02-02,2021-03-02,backfill,O:XBI210416C00170000,170.0,2021-04-16,2021-03-01,1.7,2.03,1.7,1.94,21,16,1.7,,monthly_60d_35d_otm,weekly_2_strike1,73,22
XBI,2021-02-02,2021-03-02,backfill,O:XBI210416C00170000,170.0,2021-04-16,2021-03-02,1.5,1.5,1.14,1.19,25,13,1.5,,monthly_60d_35d_otm,weekly_2_strike1,73,22
XLC,2024-11-19,2024-12-17,backfill,O:XLC241220C00095000,95.0,2024-12-20,2024-11-19,2.35,3.0,2.35,3.0,26,12,2.35,,monthly_30d_atm,weekly_2_strike0,31,26
XLC,2024-11-19,2024-12-17,backfill,O:XLC241220C00095000,95.0,2024-12-20,2024-11-20,3.4,3.4,3.4,3.4,2,1,3.4,,monthly_30d_atm,weekly_2_strike0,31,26
XLC,2024-11-19,2024-12-17,backfill,O:XLC241220C00095000,95.0,2024-12-20,2024-11-21,2.6,2.6,2.5,2.5,5,2,2.6,,monthly_30d_atm,weekly_2_strike0,31,26
XLC,2024-11-19,2024-12-17,backfill,O:XLC241220C00095000,95.0,2024-12-20,2024-11-25,3.5,3.5,3.5,3.5,1,1,3.5,,monthly_30d_atm,weekly_2_strike0,31,26
XLC,2024-11-19,2024-12-17,backfill,O:XLC241220C00095000,95.0,2024-12-20,2024-11-26,3.9,3.9,3.5,3.5,4,2,3.9,,monthly_30d_atm,weekly_2_strike0,31,26
XLC,2024-11-19,2024-12-17,backfill,O:XLC241220C00095000,95.0,2024-12-20,2024-11-29,4.0,4.1,3.95,4.09,10,5,4.0,,monthly_30d_atm,weekly_2_strike0,31,26
XLC,2024-11-19,2024-12-17,backfill,O:XLC241220C00095000,95.0,2024-12-20,2024-12-02,4.4,4.6,4.4,4.6,2,2,4.4,,monthly_30d_atm,weekly_2_strike0,31,26
XLC,2024-11-19,2024-12-17,backfill,O:XLC241220C00095000,95.0,2024-12-20,2024-12-03,5.02,5.05,4.95,5.05,12,6,5.02,,monthly_30d_atm,weekly_2_strike0,31,26
XLC,2024-11-19,2024-12-17,backfill,O:XLC241220C00095000,95.0,2024-12-20,2024-12-06,6.3,6.3,6.04,6.3,4,3,6.3,,monthly_30d_atm,weekly_2_strike0,31,26
XLC,2024-11-19,2024-12-17,backfill,O:XLC241220C00095000,95.0,2024-12-20,2024-12-09,6.18,6.18,4.1,4.1,7,3,6.18,,monthly_30d_atm,weekly_2_strike0,31,26
XLC,2024-11-19,2024-12-17,backfill,O:XLC241220C00095000,95.0,2024-12-20,2024-12-11,6.2,7.2,6.2,7.2,5,4,6.2,,monthly_30d_atm,weekly_2_strike0,31,26
XLC,2024-11-19,2024-12-17,backfill,O:XLC241220C00095000,95.0,2024-12-20,2024-12-12,7.82,7.82,7.82,7.82,1,1,7.82,,monthly_30d_atm,weekly_2_strike0,31,26
XLC,2024-11-19,2024-12-17,backfill,O:XLC241220C00095000,95.0,2024-12-20,2024-12-13,6.0,6.01,6.0,6.01,3,2,6.0,,monthly_30d_atm,weekly_2_strike0,31,26
XLC,2024-11-19,2024-12-17,backfill,O:XLC241220C00095000,95.0,2024-12-20,2024-12-16,6.93,7.0,6.92,7.0,3,3,6.93,,monthly_30d_atm,weekly_2_strike0,31,26
XLI,2026-02-10,2026-03-10,backfill,O:XLI260320C00180000,180.0,2026-03-20,2026-02-10,1.56,1.86,1.52,1.63,215,24,1.56,,monthly_30d_25d_otm,weekly_2_strike0,38,215
XLI,2026-02-10,2026-03-10,backfill,O:XLI260320C00180000,180.0,2026-03-20,2026-02-11,2.0,2.55,1.99,2.12,4337,50,2.0,,monthly_30d_25d_otm,weekly_2_strike0,38,215
XLI,2026-02-10,2026-03-10,backfill,O:XLI260320C00180000,180.0,2026-03-20,2026-02-12,2.78,3.3,1.02,1.02,602,122,2.78,,monthly_30d_25d_otm,weekly_2_strike0,38,215
XLI,2026-02-10,2026-03-10,backfill,O:XLI260320C00180000,180.0,2026-03-20,2026-02-13,1.77,2.13,1.68,1.73,658,35,1.77,,monthly_30d_25d_otm,weekly_2_strike0,38,215
XLI,2026-02-10,2026-03-10,backfill,O:XLI260320C00180000,180.0,2026-03-20,2026-02-17,1.64,2.16,1.59,1.8,689,48,1.64,,monthly_30d_25d_otm,weekly_2_strike0,38,215
XLI,2026-02-10,2026-03-10,backfill,O:XLI260320C00180000,180.0,2026-03-20,2026-02-18,1.99,2.0,1.5,1.78,191,53,1.99,,monthly_30d_25d_otm,weekly_2_strike0,38,215
XLI,2026-02-10,2026-03-10,backfill,O:XLI260320C00180000,180.0,2026-03-20,2026-02-19,1.85,3.17,1.76,3.17,327,65,1.85,,monthly_30d_25d_otm,weekly_2_strike0,38,215
XLI,2026-02-10,2026-03-10,backfill,O:XLI260320C00180000,180.0,2026-03-20,2026-02-20,2.0,2.7,1.96,2.45,781,74,2.0,,monthly_30d_25d_otm,weekly_2_strike0,38,215
XLI,2026-02-10,2026-03-10,backfill,O:XLI260320C00180000,180.0,2026-03-20,2026-02-23,2.08,2.18,1.54,1.7,72,34,2.08,,monthly_30d_25d_otm,weekly_2_strike0,38,215
XLI,2026-02-10,2026-03-10,backfill,O:XLI260320C00180000,180.0,2026-03-20,2026-02-24,1.73,2.27,1.72,2.27,96,28,1.73,,monthly_30d_25d_otm,weekly_2_strike0,38,215
XLI,2026-02-10,2026-03-10,backfill,O:XLI260320C00180000,180.0,2026-03-20,2026-02-25,2.46,2.46,1.23,1.62,194,33,2.46,,monthly_30d_25d_otm,weekly_2_strike0,38,215
XLI,2026-02-10,2026-03-10,backfill,O:XLI260320C00180000,180.0,2026-03-20,2026-02-26,1.77,2.03,1.24,1.88,2366,32,1.77,,monthly_30d_25d_otm,weekly_2_strike0,38,215
XLI,2026-02-10,2026-03-10,backfill,O:XLI260320C00180000,180.0,2026-03-20,2026-02-27,1.6,2.19,1.5,2.19,229,20,1.6,,monthly_30d_25d_otm,weekly_2_strike0,38,215
XLI,2026-02-10,2026-03-10,backfill,O:XLI260320C00180000,180.0,2026-03-20,2026-03-02,1.7,2.9,1.7,2.79,1240,68,1.7,,monthly_30d_25d_otm,weekly_2_strike0,38,215
XLI,2026-02-10,2026-03-10,backfill,O:XLI260320C00180000,180.0,2026-03-20,2026-03-03,1.4,1.98,1.26,1.7,117,28,1.4,,monthly_30d_25d_otm,weekly_2_strike0,38,215
XLI,2026-02-10,2026-03-10,backfill,O:XLI260320C00180000,180.0,2026-03-20,2026-03-04,1.72,1.72,1.38,1.45,152,21,1.72,,monthly_30d_25d_otm,weekly_2_strike0,38,215
XLI,2026-02-10,2026-03-10,backfill,O:XLI260320C00180000,180.0,2026-03-20,2026-03-05,0.9,0.9,0.36,0.52,144,28,0.9,,monthly_30d_25d_otm,weekly_2_strike0,38,215
XLI,2026-02-10,2026-03-10,backfill,O:XLI260320C00180000,180.0,2026-03-20,2026-03-06,0.33,0.33,0.22,0.31,84,26,0.33,,monthly_30d_25d_otm,weekly_2_strike0,38,215
XLI,2026-02-10,2026-03-10,backfill,O:XLI260320C00180000,180.0,2026-03-20,2026-03-09,0.11,0.21,0.01,0.01,132,26,0.11,,monthly_30d_25d_otm,weekly_2_strike0,38,215
XLI,2026-02-10,2026-03-10,backfill,O:XLI260320C00180000,180.0,2026-03-20,2026-03-10,0.12,0.18,0.11,0.11,114,8,0.12,,monthly_30d_25d_otm,weekly_2_strike0,38,215
XLY,2023-06-13,2023-07-12,backfill,O:XLY230721C00170000,170.0,2023-07-21,2023-06-13,2.07,2.24,1.64,2.17,666,38,2.07,,monthly_30d_30d_otm,weekly_2_strike0,38,666
XLY,2023-06-13,2023-07-12,backfill,O:XLY230721C00170000,170.0,2023-07-21,2023-06-14,2.05,2.45,1.58,1.79,490,11,2.05,,monthly_30d_30d_otm,weekly_2_strike0,38,666
XLY,2023-06-13,2023-07-12,backfill,O:XLY230721C00170000,170.0,2023-07-21,2023-06-15,1.84,2.37,1.84,2.37,300,6,1.84,,monthly_30d_30d_otm,weekly_2_strike0,38,666
XLY,2023-06-13,2023-07-12,backfill,O:XLY230721C00170000,170.0,2023-07-21,2023-06-16,2.95,3.03,2.51,2.63,332,20,2.95,,monthly_30d_30d_otm,weekly_2_strike0,38,666
XLY,2023-06-13,2023-07-12,backfill,O:XLY230721C00170000,170.0,2023-07-21,2023-06-20,2.63,2.63,1.97,2.54,177,21,2.63,,monthly_30d_30d_otm,weekly_2_strike0,38,666
XLY,2023-06-13,2023-07-12,backfill,O:XLY230721C00170000,170.0,2023-07-21,2023-06-21,2.62,2.67,1.68,1.93,343,19,2.62,,monthly_30d_30d_otm,weekly_2_strike0,38,666
XLY,2023-06-13,2023-07-12,backfill,O:XLY230721C00170000,170.0,2023-07-21,2023-06-22,1.46,2.31,1.46,2.31,181,19,1.46,,monthly_30d_30d_otm,weekly_2_strike0,38,666
XLY,2023-06-13,2023-07-12,backfill,O:XLY230721C00170000,170.0,2023-07-21,2023-06-23,1.67,1.77,1.5,1.5,20,10,1.67,,monthly_30d_30d_otm,weekly_2_strike0,38,666
XLY,2023-06-13,2023-07-12,backfill,O:XLY230721C00170000,170.0,2023-07-21,2023-06-26,1.73,1.83,1.0,1.13,43,8,1.73,,monthly_30d_30d_otm,weekly_2_strike0,38,666
XLY,2023-06-13,2023-07-12,backfill,O:XLY230721C00170000,170.0,2023-07-21,2023-06-27,1.34,2.01,1.29,2.0,504,33,1.34,,monthly_30d_30d_otm,weekly_2_strike0,38,666
XLY,2023-06-13,2023-07-12,backfill,O:XLY230721C00170000,170.0,2023-07-21,2023-06-28,1.89,2.56,1.88,2.13,139,22,1.89,,monthly_30d_30d_otm,weekly_2_strike0,38,666
XLY,2023-06-13,2023-07-12,backfill,O:XLY230721C00170000,170.0,2023-07-21,2023-06-29,2.16,2.36,1.91,2.1,165,62,2.16,,monthly_30d_30d_otm,weekly_2_strike0,38,666
XLY,2023-06-13,2023-07-12,backfill,O:XLY230721C00170000,170.0,2023-07-21,2023-06-30,2.41,3.31,2.41,3.2,887,23,2.41,,monthly_30d_30d_otm,weekly_2_strike0,38,666
XLY,2023-06-13,2023-07-12,backfill,O:XLY230721C00170000,170.0,2023-07-21,2023-07-03,4.55,4.9,4.0,4.23,15,8,4.55,,monthly_30d_30d_otm,weekly_2_strike0,38,666
XLY,2023-06-13,2023-07-12,backfill,O:XLY230721C00170000,170.0,2023-07-21,2023-07-05,3.95,4.05,3.62,4.05,160,7,3.95,,monthly_30d_30d_otm,weekly_2_strike0,38,666
XLY,2023-06-13,2023-07-12,backfill,O:XLY230721C00170000,170.0,2023-07-21,2023-07-06,2.8,2.8,2.35,2.63,237,13,2.8,,monthly_30d_30d_otm,weekly_2_strike0,38,666
XLY,2023-06-13,2023-07-12,backfill,O:XLY230721C00170000,170.0,2023-07-21,2023-07-07,2.68,3.15,2.35,2.35,32,9,2.68,,monthly_30d_30d_otm,weekly_2_strike0,38,666
XLY,2023-06-13,2023-07-12,backfill,O:XLY230721C00170000,170.0,2023-07-21,2023-07-10,2.3,2.34,2.18,2.34,13,5,2.3,,monthly_30d_30d_otm,weekly_2_strike0,38,666
XLY,2023-06-13,2023-07-12,backfill,O:XLY230721C00170000,170.0,2023-07-21,2023-07-11,2.78,3.2,2.72,3.2,126,21,2.78,,monthly_30d_30d_otm,weekly_2_strike0,38,666
XLY,2023-06-13,2023-07-12,backfill,O:XLY230721C00170000,170.0,2023-07-21,2023-07-12,4.7,4.8,3.9,3.9,151,32,4.7,,monthly_30d_30d_otm,weekly_2_strike0,38,666
XLY,2024-10-16,2024-11-12,backfill,O:XLY241115C00198000,198.0,2024-11-15,2024-10-16,5.72,5.72,5.42,5.65,7,5,5.72,,monthly_30d_atm,weekly_2_strike0,30,7
XLY,2024-10-16,2024-11-12,backfill,O:XLY241115C00198000,198.0,2024-11-15,2024-10-17,5.45,5.66,5.35,5.58,20,12,5.45,,monthly_30d_atm,weekly_2_strike0,30,7
XLY,2024-10-16,2024-11-12,backfill,O:XLY241115C00198000,198.0,2024-11-15,2024-10-18,5.4,5.88,5.4,5.88,2,2,5.4,,monthly_30d_atm,weekly_2_strike0,30,7
XLY,2024-10-16,2024-11-12,backfill,O:XLY241115C00198000,198.0,2024-11-15,2024-10-21,4.9,4.9,4.4,4.6,7,4,4.9,,monthly_30d_atm,weekly_2_strike0,30,7
XLY,2024-10-16,2024-11-12,backfill,O:XLY241115C00198000,198.0,2024-11-15,2024-10-22,4.26,4.38,4.1,4.1,14,4,4.26,,monthly_30d_atm,weekly_2_strike0,30,7
XLY,2024-10-16,2024-11-12,backfill,O:XLY241115C00198000,198.0,2024-11-15,2024-10-23,3.26,3.27,2.48,2.79,13,5,3.26,,monthly_30d_atm,weekly_2_strike0,30,7
XLY,2024-10-16,2024-11-12,backfill,O:XLY241115C00198000,198.0,2024-11-15,2024-10-24,4.95,5.6,4.95,5.6,17,4,4.95,,monthly_30d_atm,weekly_2_strike0,30,7
XLY,2024-10-16,2024-11-12,backfill,O:XLY241115C00198000,198.0,2024-11-15,2024-10-25,7.17,7.17,6.85,6.85,7,3,7.17,,monthly_30d_atm,weekly_2_strike0,30,7
XLY,2024-10-16,2024-11-12,backfill,O:XLY241115C00198000,198.0,2024-11-15,2024-10-29,5.58,5.58,5.58,5.58,10,1,5.58,,monthly_30d_atm,weekly_2_strike0,30,7
XLY,2024-10-16,2024-11-12,backfill,O:XLY241115C00198000,198.0,2024-11-15,2024-11-01,6.2,6.2,6.0,6.0,4,4,6.2,,monthly_30d_atm,weekly_2_strike0,30,7
XLY,2024-10-16,2024-11-12,backfill,O:XLY241115C00198000,198.0,2024-11-15,2024-11-06,11.11,11.11,11.11,11.11,1,1,11.11,,monthly_30d_atm,weekly_2_strike0,30,7
XLY,2024-10-16,2024-11-12,backfill,O:XLY241115C00198000,198.0,2024-11-15,2024-11-07,14.85,14.85,14.85,14.85,1,1,14.85,,monthly_30d_atm,weekly_2_strike0,30,7
XLY,2024-10-16,2024-11-12,backfill,O:XLY241115C00198000,198.0,2024-11-15,2024-11-08,18.32,18.32,18.32,18.32,1,1,18.32,,monthly_30d_atm,weekly_2_strike0,30,7
XOM,2020-06-12,2020-07-10,backfill,O:XOM200717C00055000,55.0,2020-07-17,2020-06-12,0.87,0.9,0.58,0.73,1441,109,0.87,,monthly_30d_25d_otm,weekly_1_strike0,35,1441
XOM,2020-06-12,2020-07-10,backfill,O:XOM200717C00055000,55.0,2020-07-17,2020-06-15,0.46,0.69,0.46,0.57,1318,95,0.46,,monthly_30d_25d_otm,weekly_1_strike0,35,1441
XOM,2020-06-12,2020-07-10,backfill,O:XOM200717C00055000,55.0,2020-07-17,2020-06-16,1.0,1.16,0.54,0.66,994,107,1.0,,monthly_30d_25d_otm,weekly_1_strike0,35,1441
XOM,2020-06-12,2020-07-10,backfill,O:XOM200717C00055000,55.0,2020-07-17,2020-06-17,0.65,0.65,0.47,0.47,497,75,0.65,,monthly_30d_25d_otm,weekly_1_strike0,35,1441
XOM,2020-06-12,2020-07-10,backfill,O:XOM200717C00055000,55.0,2020-07-17,2020-06-18,0.44,0.52,0.36,0.43,697,97,0.44,,monthly_30d_25d_otm,weekly_1_strike0,35,1441
XOM,2020-06-12,2020-07-10,backfill,O:XOM200717C00055000,55.0,2020-07-17,2020-06-19,0.5,0.5,0.27,0.27,1349,103,0.5,,monthly_30d_25d_otm,weekly_1_strike0,35,1441
XOM,2020-06-12,2020-07-10,backfill,O:XOM200717C00055000,55.0,2020-07-17,2020-06-22,0.3,0.3,0.18,0.22,2119,111,0.3,,monthly_30d_25d_otm,weekly_1_strike0,35,1441
XOM,2020-06-12,2020-07-10,backfill,O:XOM200717C00055000,55.0,2020-07-17,2020-06-23,0.27,0.27,0.19,0.2,645,77,0.27,,monthly_30d_25d_otm,weekly_1_strike0,35,1441
XOM,2020-06-12,2020-07-10,backfill,O:XOM200717C00055000,55.0,2020-07-17,2020-06-24,0.16,0.2,0.12,0.12,979,62,0.16,,monthly_30d_25d_otm,weekly_1_strike0,35,1441
XOM,2020-06-12,2020-07-10,backfill,O:XOM200717C00055000,55.0,2020-07-17,2020-06-25,0.14,0.16,0.12,0.14,312,39,0.14,,monthly_30d_25d_otm,weekly_1_strike0,35,1441
XOM,2020-06-12,2020-07-10,backfill,O:XOM200717C00055000,55.0,2020-07-17,2020-06-26,0.11,0.15,0.08,0.1,647,42,0.11,,monthly_30d_25d_otm,weekly_1_strike0,35,1441
XOM,2020-06-12,2020-07-10,backfill,O:XOM200717C00055000,55.0,2020-07-17,2020-06-29,0.12,0.12,0.06,0.08,583,48,0.12,,monthly_30d_25d_otm,weekly_1_strike0,35,1441
XOM,2020-06-12,2020-07-10,backfill,O:XOM200717C00055000,55.0,2020-07-17,2020-06-30,0.06,0.08,0.05,0.08,398,29,0.06,,monthly_30d_25d_otm,weekly_1_strike0,35,1441
XOM,2020-06-12,2020-07-10,backfill,O:XOM200717C00055000,55.0,2020-07-17,2020-07-01,0.06,0.07,0.04,0.04,552,30,0.06,,monthly_30d_25d_otm,weekly_1_strike0,35,1441
XOM,2020-06-12,2020-07-10,backfill,O:XOM200717C00055000,55.0,2020-07-17,2020-07-02,0.04,0.06,0.03,0.04,168,18,0.04,,monthly_30d_25d_otm,weekly_1_strike0,35,1441
XOM,2020-06-12,2020-07-10,backfill,O:XOM200717C00055000,55.0,2020-07-17,2020-07-06,0.02,0.04,0.01,0.03,316,28,0.02,,monthly_30d_25d_otm,weekly_1_strike0,35,1441
XOM,2020-06-12,2020-07-10,backfill,O:XOM200717C00055000,55.0,2020-07-17,2020-07-07,0.03,0.03,0.01,0.03,280,17,0.03,,monthly_30d_25d_otm,weekly_1_strike0,35,1441
XOM,2020-06-12,2020-07-10,backfill,O:XOM200717C00055000,55.0,2020-07-17,2020-07-08,0.02,0.03,0.01,0.02,596,26,0.02,,monthly_30d_25d_otm,weekly_1_strike0,35,1441
XOM,2020-06-12,2020-07-10,backfill,O:XOM200717C00055000,55.0,2020-07-17,2020-07-09,0.02,0.03,0.01,0.01,58,12,0.02,,monthly_30d_25d_otm,weekly_1_strike0,35,1441
XOM,2020-06-12,2020-07-10,backfill,O:XOM200717C00055000,55.0,2020-07-17,2020-07-10,0.01,0.02,0.01,0.02,65,5,0.01,,monthly_30d_25d_otm,weekly_1_strike0,35,1441
XOM,2020-12-09,2021-01-07,backfill,O:XOM210115C00045000,45.0,2021-01-15,2020-12-09,1.28,1.66,1.14,1.32,6930,222,1.28,,monthly_30d_40d_otm,weekly_2_strike0,37,6930
XOM,2020-12-09,2021-01-07,backfill,O:XOM210115C00045000,45.0,2021-01-15,2020-12-10,1.43,1.95,1.25,1.75,11399,212,1.43,,monthly_30d_40d_otm,weekly_2_strike0,37,6930
XOM,2020-12-09,2021-01-07,backfill,O:XOM210115C00045000,45.0,2021-01-15,2020-12-11,1.53,1.67,1.37,1.63,8873,127,1.53,,monthly_30d_40d_otm,weekly_2_strike0,37,6930
XOM,2020-12-09,2021-01-07,backfill,O:XOM210115C00045000,45.0,2021-01-15,2020-12-14,1.79,1.79,0.9,0.93,3870,216,1.79,,monthly_30d_40d_otm,weekly_2_strike0,37,6930
XOM,2020-12-09,2021-01-07,backfill,O:XOM210115C00045000,45.0,2021-01-15,2020-12-15,1.04,1.24,0.84,1.13,2553,199,1.04,,monthly_30d_40d_otm,weekly_2_strike0,37,6930
XOM,2020-12-09,2021-01-07,backfill,O:XOM210115C00045000,45.0,2021-01-15,2020-12-16,1.14,1.64,1.14,1.47,10991,212,1.14,,monthly_30d_40d_otm,weekly_2_strike0,37,6930
XOM,2020-12-09,2021-01-07,backfill,O:XOM210115C00045000,45.0,2021-01-15,2020-12-17,1.46,1.53,1.23,1.26,27811,203,1.46,,monthly_30d_40d_otm,weekly_2_strike0,37,6930
XOM,2020-12-09,2021-01-07,backfill,O:XOM210115C00045000,45.0,2021-01-15,2020-12-18,1.26,1.32,0.85,0.98,4353,235,1.26,,monthly_30d_40d_otm,weekly_2_strike0,37,6930
XOM,2020-12-09,2021-01-07,backfill,O:XOM210115C00045000,45.0,2021-01-15,2020-12-21,0.71,0.74,0.5,0.6,3715,173,0.71,,monthly_30d_40d_otm,weekly_2_strike0,37,6930
XOM,2020-12-09,2021-01-07,backfill,O:XOM210115C00045000,45.0,2021-01-15,2020-12-22,0.5,0.62,0.45,0.46,3436,137,0.5,,monthly_30d_40d_otm,weekly_2_strike0,37,6930
XOM,2020-12-09,2021-01-07,backfill,O:XOM210115C00045000,45.0,2021-01-15,2020-12-23,0.5,0.71,0.48,0.51,2741,159,0.5,,monthly_30d_40d_otm,weekly_2_strike0,37,6930
XOM,2020-12-09,2021-01-07,backfill,O:XOM210115C00045000,45.0,2021-01-15,2020-12-24,0.49,0.51,0.39,0.42,4732,84,0.49,,monthly_30d_40d_otm,weekly_2_strike0,37,6930
XOM,2020-12-09,2021-01-07,backfill,O:XOM210115C00045000,45.0,2021-01-15,2020-12-28,0.42,0.53,0.29,0.31,7009,140,0.42,,monthly_30d_40d_otm,weekly_2_strike0,37,6930
XOM,2020-12-09,2021-01-07,backfill,O:XOM210115C00045000,45.0,2021-01-15,2020-12-29,0.33,0.35,0.22,0.24,2135,108,0.33,,monthly_30d_40d_otm,weekly_2_strike0,37,6930
XOM,2020-12-09,2021-01-07,backfill,O:XOM210115C00045000,45.0,2021-01-15,2020-12-30,0.24,0.4,0.24,0.28,6282,126,0.24,,monthly_30d_40d_otm,weekly_2_strike0,37,6930
XOM,2020-12-09,2021-01-07,backfill,O:XOM210115C00045000,45.0,2021-01-15,2020-12-31,0.23,0.26,0.18,0.2,1718,112,0.23,,monthly_30d_40d_otm,weekly_2_strike0,37,6930
XOM,2020-12-09,2021-01-07,backfill,O:XOM210115C00045000,45.0,2021-01-15,2021-01-04,0.2,0.24,0.16,0.21,1273,112,0.2,,monthly_30d_40d_otm,weekly_2_strike0,37,6930
XOM,2020-12-09,2021-01-07,backfill,O:XOM210115C00045000,45.0,2021-01-15,2021-01-05,0.26,1.21,0.24,0.57,10740,335,0.26,,monthly_30d_40d_otm,weekly_2_strike0,37,6930
XOM,2020-12-09,2021-01-07,backfill,O:XOM210115C00045000,45.0,2021-01-15,2021-01-06,0.85,1.16,0.57,0.87,11145,278,0.85,,monthly_30d_40d_otm,weekly_2_strike0,37,6930
XOM,2020-12-09,2021-01-07,backfill,O:XOM210115C00045000,45.0,2021-01-15,2021-01-07,1.02,1.31,0.75,0.88,4565,216,1.02,,monthly_30d_40d_otm,weekly_2_strike0,37,6930
XOM,2022-05-10,2022-06-07,backfill,O:XOM220617C00090000,90.0,2022-06-17,2022-05-10,2.55,2.75,1.65,2.0,920,93,2.55,,monthly_30d_35d_otm,weekly_2_strike0,38,920
XOM,2022-05-10,2022-06-07,backfill,O:XOM220617C00090000,90.0,2022-06-17,2022-05-11,2.5,3.35,2.44,2.54,2272,149,2.5,,monthly_30d_35d_otm,weekly_2_strike0,38,920
XOM,2022-05-10,2022-06-07,backfill,O:XOM220617C00090000,90.0,2022-06-17,2022-05-12,2.46,2.75,1.84,2.71,2179,94,2.46,,monthly_30d_35d_otm,weekly_2_strike0,38,920
XOM,2022-05-10,2022-06-07,backfill,O:XOM220617C00090000,90.0,2022-06-17,2022-05-13,3.1,3.55,2.62,3.5,4022,156,3.1,,monthly_30d_35d_otm,weekly_2_strike0,38,920
XOM,2022-05-10,2022-06-07,backfill,O:XOM220617C00090000,90.0,2022-06-17,2022-05-16,3.5,5.0,3.5,4.32,3180,137,3.5,,monthly_30d_35d_otm,weekly_2_strike0,38,920
XOM,2022-05-10,2022-06-07,backfill,O:XOM220617C00090000,90.0,2022-06-17,2022-05-17,4.65,5.1,4.4,4.85,767,86,4.65,,monthly_30d_35d_otm,weekly_2_strike0,38,920
XOM,2022-05-10,2022-06-07,backfill,O:XOM220617C00090000,90.0,2022-06-17,2022-05-18,5.2,5.25,3.79,4.09,765,101,5.2,,monthly_30d_35d_otm,weekly_2_strike0,38,920
XOM,2022-05-10,2022-06-07,backfill,O:XOM220617C00090000,90.0,2022-06-17,2022-05-19,3.6,5.0,3.5,4.55,705,74,3.6,,monthly_30d_35d_otm,weekly_2_strike0,38,920
XOM,2022-05-10,2022-06-07,backfill,O:XOM220617C00090000,90.0,2022-06-17,2022-05-20,5.0,5.7,3.99,4.65,1256,106,5.0,,monthly_30d_35d_otm,weekly_2_strike0,38,920
XOM,2022-05-10,2022-06-07,backfill,O:XOM220617C00090000,90.0,2022-06-17,2022-05-23,5.07,6.5,5.05,5.75,1162,127,5.07,,monthly_30d_35d_otm,weekly_2_strike0,38,920
XOM,2022-05-10,2022-06-07,backfill,O:XOM220617C00090000,90.0,2022-06-17,2022-05-24,5.3,6.35,5.0,6.03,709,55,5.3,,monthly_30d_35d_otm,weekly_2_strike0,38,920
XOM,2022-05-10,2022-06-07,backfill,O:XOM220617C00090000,90.0,2022-06-17,2022-05-25,6.56,7.7,6.35,7.5,729,73,6.56,,monthly_30d_35d_otm,weekly_2_strike0,38,920
XOM,2022-05-10,2022-06-07,backfill,O:XOM220617C00090000,90.0,2022-06-17,2022-05-26,8.2,8.35,7.4,7.67,484,53,8.2,,monthly_30d_35d_otm,weekly_2_strike0,38,920
XOM,2022-05-10,2022-06-07,backfill,O:XOM220617C00090000,90.0,2022-06-17,2022-05-27,8.05,8.6,6.35,8.37,802,72,8.05,,monthly_30d_35d_otm,weekly_2_strike0,38,920
XOM,2022-05-10,2022-06-07,backfill,O:XOM220617C00090000,90.0,2022-06-17,2022-05-31,9.0,10.25,6.85,6.85,420,71,9.0,,monthly_30d_35d_otm,weekly_2_strike0,38,920
XOM,2022-05-10,2022-06-07,backfill,O:XOM220617C00090000,90.0,2022-06-17,2022-06-01,8.05,9.1,7.45,8.74,1134,34,8.05,,monthly_30d_35d_otm,weekly_2_strike0,38,920
XOM,2022-05-10,2022-06-07,backfill,O:XOM220617C00090000,90.0,2022-06-17,2022-06-02,8.5,8.5,7.43,8.06,132,30,8.5,,monthly_30d_35d_otm,weekly_2_strike0,38,920
XOM,2022-05-10,2022-06-07,backfill,O:XOM220617C00090000,90.0,2022-06-17,2022-06-03,8.95,9.97,8.85,9.5,184,36,8.95,,monthly_30d_35d_otm,weekly_2_strike0,38,920
XOM,2022-05-10,2022-06-07,backfill,O:XOM220617C00090000,90.0,2022-06-17,2022-06-06,9.45,10.0,9.1,9.32,125,27,9.45,,monthly_30d_35d_otm,weekly_2_strike0,38,920
XOM,2022-05-10,2022-06-07,backfill,O:XOM220617C00090000,90.0,2022-06-17,2022-06-07,10.1,13.5,10.1,13.5,237,52,10.1,,monthly_30d_35d_otm,weekly_2_strike0,38,920
XOM,2023-09-12,2023-10-06,backfill,O:XOM231020C00120000,120.0,2023-10-20,2023-09-12,1.5,2.31,1.5,2.2,5738,182,1.5,,monthly_30d_30d_otm,weekly_2_strike0,38,5738
XOM,2023-09-12,2023-10-06,backfill,O:XOM231020C00120000,120.0,2023-10-20,2023-09-13,2.31,2.35,1.55,1.78,5868,135,2.31,,monthly_30d_30d_otm,weekly_2_strike0,38,5738
XOM,2023-09-12,2023-10-06,backfill,O:XOM231020C00120000,120.0,2023-10-20,2023-09-14,2.1,2.59,2.1,2.42,3319,176,2.1,,monthly_30d_30d_otm,weekly_2_strike0,38,5738
XOM,2023-09-12,2023-10-06,backfill,O:XOM231020C00120000,120.0,2023-10-20,2023-09-15,1.89,2.41,1.62,1.69,3314,139,1.89,,monthly_30d_30d_otm,weekly_2_strike0,38,5738
XOM,2023-09-12,2023-10-06,backfill,O:XOM231020C00120000,120.0,2023-10-20,2023-09-18,1.99,2.23,1.68,2.01,1669,113,1.99,,monthly_30d_30d_otm,weekly_2_strike0,38,5738
XOM,2023-09-12,2023-10-06,backfill,O:XOM231020C00120000,120.0,2023-10-20,2023-09-19,2.19,2.48,1.58,1.82,1973,120,2.19,,monthly_30d_30d_otm,weekly_2_strike0,38,5738
XOM,2023-09-12,2023-10-06,backfill,O:XOM231020C00120000,120.0,2023-10-20,2023-09-20,1.66,2.01,1.43,1.43,10474,98,1.66,,monthly_30d_30d_otm,weekly_2_strike0,38,5738
XOM,2023-09-12,2023-10-06,backfill,O:XOM231020C00120000,120.0,2023-10-20,2023-09-21,1.69,1.77,1.01,1.06,844,96,1.69,,monthly_30d_30d_otm,weekly_2_strike0,38,5738
XOM,2023-09-12,2023-10-06,backfill,O:XOM231020C00120000,120.0,2023-10-20,2023-09-22,1.28,1.53,1.02,1.05,982,79,1.28,,monthly_30d_30d_otm,weekly_2_strike0,38,5738
XOM,2023-09-12,2023-10-06,backfill,O:XOM231020C00120000,120.0,2023-10-20,2023-09-25,1.14,1.4,1.0,1.28,645,60,1.14,,monthly_30d_30d_otm,weekly_2_strike0,38,5738
XOM,2023-09-12,2023-10-06,backfill,O:XOM231020C00120000,120.0,2023-10-20,2023-09-26,1.1,1.51,1.1,1.43,512,56,1.1,,monthly_30d_30d_otm,weekly_2_strike0,38,5738
XOM,2023-09-12,2023-10-06,backfill,O:XOM231020C00120000,120.0,2023-10-20,2023-09-27,1.9,3.3,1.78,3.3,2959,205,1.9,,monthly_30d_30d_otm,weekly_2_strike0,38,5738
XOM,2023-09-12,2023-10-06,backfill,O:XOM231020C00120000,120.0,2023-10-20,2023-09-28,3.1,3.45,2.02,2.58,3481,148,3.1,,monthly_30d_30d_otm,weekly_2_strike0,38,5738
XOM,2023-09-12,2023-10-06,backfill,O:XOM231020C00120000,120.0,2023-10-20,2023-09-29,2.22,2.23,1.37,1.63,1448,148,2.22,,monthly_30d_30d_otm,weekly_2_strike0,38,5738
XOM,2023-09-12,2023-10-06,backfill,O:XOM231020C00120000,120.0,2023-10-20,2023-10-02,1.5,1.5,0.73,0.98,2073,141,1.5,,monthly_30d_30d_otm,weekly_2_strike0,38,5738
XOM,2023-09-12,2023-10-06,backfill,O:XOM231020C00120000,120.0,2023-10-20,2023-10-03,0.88,1.24,0.84,1.08,1808,90,0.88,,monthly_30d_30d_otm,weekly_2_strike0,38,5738
XOM,2023-09-12,2023-10-06,backfill,O:XOM231020C00120000,120.0,2023-10-20,2023-10-04,0.58,0.86,0.25,0.3,2083,151,0.58,,monthly_30d_30d_otm,weekly_2_strike0,38,5738
XOM,2023-09-12,2023-10-06,backfill,O:XOM231020C00120000,120.0,2023-10-20,2023-10-05,0.24,0.24,0.1,0.11,3306,117,0.24,,monthly_30d_30d_otm,weekly_2_strike0,38,5738
XOM,2023-09-12,2023-10-06,backfill,O:XOM231020C00120000,120.0,2023-10-20,2023-10-06,0.12,0.12,0.05,0.07,1813,99,0.12,,monthly_30d_30d_otm,weekly_2_strike0,38,5738
XOM,2025-03-28,2025-04-04,backfill,O:XOM250516C00115000,115.0,2025-05-16,2025-03-28,5.85,6.0,5.35,5.65,398,21,5.85,,monthly_45d_slight_itm,weekly_1_strike0,49,398
XOM,2025-03-28,2025-04-04,backfill,O:XOM250516C00115000,115.0,2025-05-16,2025-03-31,6.35,7.12,6.25,6.43,255,44,6.35,,monthly_45d_slight_itm,weekly_1_strike0,49,398
XOM,2025-03-28,2025-04-04,backfill,O:XOM250516C00115000,115.0,2025-05-16,2025-04-01,6.44,6.45,5.75,6.45,199,16,6.44,,monthly_45d_slight_itm,weekly_1_strike0,49,398
XOM,2025-03-28,2025-04-04,backfill,O:XOM250516C00115000,115.0,2025-05-16,2025-04-02,6.08,6.08,5.75,6.06,99,11,6.08,,monthly_45d_slight_itm,weekly_1_strike0,49,398
XOM,2025-03-28,2025-04-04,backfill,O:XOM250516C00115000,115.0,2025-05-16,2025-04-03,3.77,4.1,3.15,3.15,996,64,3.77,,monthly_45d_slight_itm,weekly_1_strike0,49,398
XOM,2025-03-28,2025-04-04,backfill,O:XOM250516C00115000,115.0,2025-05-16,2025-04-04,2.05,2.46,1.5,1.58,1117,90,2.05,,monthly_45d_slight_itm,weekly_1_strike0,49,398
XOP,2022-06-01,2022-06-17,backfill,O:XOP220715C00179000,179.0,2022-07-15,2022-06-01,2.4,3.0,2.4,3.0,6,3,2.4,,monthly_30d_25d_otm,weekly_2_strike0,44,6
XOP,2022-06-01,2022-06-17,backfill,O:XOP220715C00179000,179.0,2022-07-15,2022-06-02,2.75,2.75,2.75,2.75,1,1,2.75,,monthly_30d_25d_otm,weekly_2_strike0,44,6
XOP,2022-06-01,2022-06-17,backfill,O:XOP220715C00179000,179.0,2022-07-15,2022-06-03,3.07,3.07,3.07,3.07,1,1,3.07,,monthly_30d_25d_otm,weekly_2_strike0,44,6
XOP,2022-06-01,2022-06-17,backfill,O:XOP220715C00179000,179.0,2022-07-15,2022-06-06,3.18,3.3,3.18,3.3,11,2,3.18,,monthly_30d_25d_otm,weekly_2_strike0,44,6
XOP,2022-06-01,2022-06-17,backfill,O:XOP220715C00179000,179.0,2022-07-15,2022-06-07,4.2,5.17,4.19,5.17,9,2,4.2,,monthly_30d_25d_otm,weekly_2_strike0,44,6
XOP,2022-06-01,2022-06-17,backfill,O:XOP220715C00179000,179.0,2022-07-15,2022-06-08,5.2,5.2,4.45,4.45,12,6,5.2,,monthly_30d_25d_otm,weekly_2_strike0,44,6
XOP,2022-06-01,2022-06-17,backfill,O:XOP220715C00179000,179.0,2022-07-15,2022-06-10,3.4,3.4,2.83,2.83,36,5,3.4,,monthly_30d_25d_otm,weekly_2_strike0,44,6
XOP,2022-06-01,2022-06-17,backfill,O:XOP220715C00179000,179.0,2022-07-15,2022-06-13,1.3,1.99,1.3,1.99,2,2,1.3,,monthly_30d_25d_otm,weekly_2_strike0,44,6
XOP,2022-06-01,2022-06-17,backfill,O:XOP220715C00179000,179.0,2022-07-15,2022-06-14,2.25,2.25,1.4,1.4,3,3,2.25,,monthly_30d_25d_otm,weekly_2_strike0,44,6
XOP,2022-06-01,2022-06-17,backfill,O:XOP220715C00179000,179.0,2022-07-15,2022-06-15,0.96,0.97,0.96,0.97,8,1,0.96,,monthly_30d_25d_otm,weekly_2_strike0,44,6
XOP,2022-06-01,2022-06-17,backfill,O:XOP220715C00179000,179.0,2022-07-15,2022-06-16,0.55,0.55,0.52,0.52,3,2,0.55,,monthly_30d_25d_otm,weekly_2_strike0,44,6
XOP,2022-06-01,2022-06-17,backfill,O:XOP220715C00179000,179.0,2022-07-15,2022-06-17,0.2,0.2,0.2,0.2,1,1,0.2,,monthly_30d_25d_otm,weekly_2_strike0,44,6
XPEV,2021-07-13,2021-08-09,backfill,O:XPEV210820C00040000,40.0,2021-08-20,2021-07-13,3.58,3.58,2.78,2.92,1914,63,3.58,,monthly_30d_atm,weekly_2_strike0,38,1914
XPEV,2021-07-13,2021-08-09,backfill,O:XPEV210820C00040000,40.0,2021-08-20,2021-07-14,2.8,3.11,2.1,2.31,707,67,2.8,,monthly_30d_atm,weekly_2_strike0,38,1914
XPEV,2021-07-13,2021-08-09,backfill,O:XPEV210820C00040000,40.0,2021-08-20,2021-07-15,2.22,3.0,1.99,2.6,346,62,2.22,,monthly_30d_atm,weekly_2_strike0,38,1914
XPEV,2021-07-13,2021-08-09,backfill,O:XPEV210820C00040000,40.0,2021-08-20,2021-07-16,2.9,3.0,2.48,2.66,221,60,2.9,,monthly_30d_atm,weekly_2_strike0,38,1914
XPEV,2021-07-13,2021-08-09,backfill,O:XPEV210820C00040000,40.0,2021-08-20,2021-07-19,2.56,3.2,2.01,3.15,1455,72,2.56,,monthly_30d_atm,weekly_2_strike0,38,1914
XPEV,2021-07-13,2021-08-09,backfill,O:XPEV210820C00040000,40.0,2021-08-20,2021-07-20,3.15,3.6,2.95,3.5,447,75,3.15,,monthly_30d_atm,weekly_2_strike0,38,1914
XPEV,2021-07-13,2021-08-09,backfill,O:XPEV210820C00040000,40.0,2021-08-20,2021-07-21,3.85,5.98,3.85,5.53,352,72,3.85,,monthly_30d_atm,weekly_2_strike0,38,1914
XPEV,2021-07-13,2021-08-09,backfill,O:XPEV210820C00040000,40.0,2021-08-20,2021-07-22,4.78,5.17,4.65,5.0,51,17,4.78,,monthly_30d_atm,weekly_2_strike0,38,1914
XPEV,2021-07-13,2021-08-09,backfill,O:XPEV210820C00040000,40.0,2021-08-20,2021-07-23,3.5,4.15,2.94,3.58,277,69,3.5,,monthly_30d_atm,weekly_2_strike0,38,1914
XPEV,2021-07-13,2021-08-09,backfill,O:XPEV210820C00040000,40.0,2021-08-20,2021-07-26,2.81,4.8,2.81,3.6,169,33,2.81,,monthly_30d_atm,weekly_2_strike0,38,1914
XPEV,2021-07-13,2021-08-09,backfill,O:XPEV210820C00040000,40.0,2021-08-20,2021-07-27,3.0,3.0,1.29,1.45,1921,126,3.0,,monthly_30d_atm,weekly_2_strike0,38,1914
XPEV,2021-07-13,2021-08-09,backfill,O:XPEV210820C00040000,40.0,2021-08-20,2021-07-28,2.04,2.4,1.75,1.91,736,85,2.04,,monthly_30d_atm,weekly_2_strike0,38,1914
XPEV,2021-07-13,2021-08-09,backfill,O:XPEV210820C00040000,40.0,2021-08-20,2021-07-29,2.34,2.7,1.85,1.97,1151,57,2.34,,monthly_30d_atm,weekly_2_strike0,38,1914
XPEV,2021-07-13,2021-08-09,backfill,O:XPEV210820C00040000,40.0,2021-08-20,2021-07-30,1.98,4.4,1.98,3.35,656,89,1.98,,monthly_30d_atm,weekly_2_strike0,38,1914
XPEV,2021-07-13,2021-08-09,backfill,O:XPEV210820C00040000,40.0,2021-08-20,2021-08-02,4.4,5.6,4.33,5.0,379,52,4.4,,monthly_30d_atm,weekly_2_strike0,38,1914
XPEV,2021-07-13,2021-08-09,backfill,O:XPEV210820C00040000,40.0,2021-08-20,2021-08-03,4.15,4.47,3.85,4.45,242,25,4.15,,monthly_30d_atm,weekly_2_strike0,38,1914
XPEV,2021-07-13,2021-08-09,backfill,O:XPEV210820C00040000,40.0,2021-08-20,2021-08-04,5.75,6.2,4.95,5.05,159,24,5.75,,monthly_30d_atm,weekly_2_strike0,38,1914
XPEV,2021-07-13,2021-08-09,backfill,O:XPEV210820C00040000,40.0,2021-08-20,2021-08-05,4.4,4.84,4.0,4.25,229,12,4.4,,monthly_30d_atm,weekly_2_strike0,38,1914
XPEV,2021-07-13,2021-08-09,backfill,O:XPEV210820C00040000,40.0,2021-08-20,2021-08-06,4.05,4.05,2.7,3.15,495,41,4.05,,monthly_30d_atm,weekly_2_strike0,38,1914
XPEV,2021-07-13,2021-08-09,backfill,O:XPEV210820C00040000,40.0,2021-08-20,2021-08-09,3.4,3.8,3.4,3.4,67,20,3.4,,monthly_30d_atm,weekly_2_strike0,38,1914
XPEV,2021-12-06,2022-01-03,backfill,O:XPEV220121C00050000,50.0,2022-01-21,2021-12-06,2.75,3.7,2.2,3.65,980,102,2.75,,monthly_30d_35d_otm,weekly_2_strike0,46,980
XPEV,2021-12-06,2022-01-03,backfill,O:XPEV220121C00050000,50.0,2022-01-21,2021-12-07,4.05,4.45,3.4,3.8,1491,107,4.05,,monthly_30d_35d_otm,weekly_2_strike0,46,980
XPEV,2021-12-06,2022-01-03,backfill,O:XPEV220121C00050000,50.0,2022-01-21,2021-12-08,4.0,4.11,3.19,3.89,1045,73,4.0,,monthly_30d_35d_otm,weekly_2_strike0,46,980
XPEV,2021-12-06,2022-01-03,backfill,O:XPEV220121C00050000,50.0,2022-01-21,2021-12-09,3.5,3.95,2.8,2.91,1098,88,3.5,,monthly_30d_35d_otm,weekly_2_strike0,46,980
XPEV,2021-12-06,2022-01-03,backfill,O:XPEV220121C00050000,50.0,2022-01-21,2021-12-10,2.75,3.25,2.62,2.98,2577,46,2.75,,monthly_30d_35d_otm,weekly_2_strike0,46,980
XPEV,2021-12-06,2022-01-03,backfill,O:XPEV220121C00050000,50.0,2022-01-21,2021-12-13,2.65,3.15,2.28,2.29,1083,79,2.65,,monthly_30d_35d_otm,weekly_2_strike0,46,980
XPEV,2021-12-06,2022-01-03,backfill,O:XPEV220121C00050000,50.0,2022-01-21,2021-12-14,1.96,2.06,1.7,1.88,438,62,1.96,,monthly_30d_35d_otm,weekly_2_strike0,46,980
XPEV,2021-12-06,2022-01-03,backfill,O:XPEV220121C00050000,50.0,2022-01-21,2021-12-15,1.66,1.66,1.05,1.48,1027,89,1.66,,monthly_30d_35d_otm,weekly_2_strike0,46,980
XPEV,2021-12-06,2022-01-03,backfill,O:XPEV220121C00050000,50.0,2022-01-21,2021-12-16,1.57,1.7,1.18,1.28,145,40,1.57,,monthly_30d_35d_otm,weekly_2_strike0,46,980
XPEV,2021-12-06,2022-01-03,backfill,O:XPEV220121C00050000,50.0,2022-01-21,2021-12-17,1.0,1.22,0.85,1.08,534,52,1.0,,monthly_30d_35d_otm,weekly_2_strike0,46,980
XPEV,2021-12-06,2022-01-03,backfill,O:XPEV220121C00050000,50.0,2022-01-21,2021-12-20,0.79,0.88,0.58,0.63,437,60,0.79,,monthly_30d_35d_otm,weekly_2_strike0,46,980
XPEV,2021-12-06,2022-01-03,backfill,O:XPEV220121C00050000,50.0,2022-01-21,2021-12-21,0.75,1.28,0.75,1.28,870,106,0.75,,monthly_30d_35d_otm,weekly_2_strike0,46,980
XPEV,2021-12-06,2022-01-03,backfill,O:XPEV220121C00050000,50.0,2022-01-21,2021-12-22,1.0,1.71,1.0,1.69,402,59,1.0,,monthly_30d_35d_otm,weekly_2_strike0,46,980
XPEV,2021-12-06,2022-01-03,backfill,O:XPEV220121C00050000,50.0,2022-01-21,2021-12-23,1.45,1.76,1.3,1.58,329,59,1.45,,monthly_30d_35d_otm,weekly_2_strike0,46,980
XPEV,2021-12-06,2022-01-03,backfill,O:XPEV220121C00050000,50.0,2022-01-21,2021-12-27,1.6,1.84,1.31,1.52,249,45,1.6,,monthly_30d_35d_otm,weekly_2_strike0,46,980
XPEV,2021-12-06,2022-01-03,backfill,O:XPEV220121C00050000,50.0,2022-01-21,2021-12-28,1.43,1.58,1.12,1.2,243,43,1.43,,monthly_30d_35d_otm,weekly_2_strike0,46,980
XPEV,2021-12-06,2022-01-03,backfill,O:XPEV220121C00050000,50.0,2022-01-21,2021-12-29,1.2,1.2,0.7,1.0,323,42,1.2,,monthly_30d_35d_otm,weekly_2_strike0,46,980
XPEV,2021-12-06,2022-01-03,backfill,O:XPEV220121C00050000,50.0,2022-01-21,2021-12-30,0.89,2.9,0.89,2.61,1972,163,0.89,,monthly_30d_35d_otm,weekly_2_strike0,46,980
XPEV,2021-12-06,2022-01-03,backfill,O:XPEV220121C00050000,50.0,2022-01-21,2021-12-31,2.35,3.7,2.35,3.25,1436,117,2.35,,monthly_30d_35d_otm,weekly_2_strike0,46,980
XPEV,2021-12-06,2022-01-03,backfill,O:XPEV220121C00050000,50.0,2022-01-21,2022-01-03,3.25,3.75,2.17,3.0,1186,137,3.25,,monthly_30d_35d_otm,weekly_2_strike0,46,980
XPEV,2022-06-17,2022-07-18,backfill,O:XPEV220715C00030000,30.0,2022-07-15,2022-06-17,1.2,1.85,1.16,1.75,1048,87,1.2,,monthly_30d_35d_otm,weekly_1_strike0,28,1048
XPEV,2022-06-17,2022-07-18,backfill,O:XPEV220715C00030000,30.0,2022-07-15,2022-06-21,2.35,2.88,2.15,2.49,1077,66,2.35,,monthly_30d_35d_otm,weekly_1_strike0,28,1048
XPEV,2022-06-17,2022-07-18,backfill,O:XPEV220715C00030000,30.0,2022-07-15,2022-06-22,2.56,3.45,2.41,2.83,472,65,2.56,,monthly_30d_35d_otm,weekly_1_strike0,28,1048
XPEV,2022-06-17,2022-07-18,backfill,O:XPEV220715C00030000,30.0,2022-07-15,2022-06-23,4.0,4.45,3.43,4.25,171,52,4.0,,monthly_30d_35d_otm,weekly_1_strike0,28,1048
XPEV,2022-06-17,2022-07-18,backfill,O:XPEV220715C00030000,30.0,2022-07-15,2022-06-24,5.5,6.15,4.97,6.1,313,42,5.5,,monthly_30d_35d_otm,weekly_1_strike0,28,1048
XPEV,2022-06-17,2022-07-18,backfill,O:XPEV220715C00030000,30.0,2022-07-15,2022-06-27,5.15,5.75,4.85,5.22,33,11,5.15,,monthly_30d_35d_otm,weekly_1_strike0,28,1048
XPEV,2022-06-17,2022-07-18,backfill,O:XPEV220715C00030000,30.0,2022-07-15,2022-06-28,5.35,5.35,3.65,3.89,67,17,5.35,,monthly_30d_35d_otm,weekly_1_strike0,28,1048
XPEV,2022-06-17,2022-07-18,backfill,O:XPEV220715C00030000,30.0,2022-07-15,2022-06-29,3.1,3.75,2.88,3.04,42,16,3.1,,monthly_30d_35d_otm,weekly_1_strike0,28,1048
XPEV,2022-06-17,2022-07-18,backfill,O:XPEV220715C00030000,30.0,2022-07-15,2022-06-30,2.73,3.5,2.34,3.05,842,42,2.73,,monthly_30d_35d_otm,weekly_1_strike0,28,1048
XPEV,2022-06-17,2022-07-18,backfill,O:XPEV220715C00030000,30.0,2022-07-15,2022-07-01,3.7,3.7,1.65,1.93,163,32,3.7,,monthly_30d_35d_otm,weekly_1_strike0,28,1048
XPEV,2022-06-17,2022-07-18,backfill,O:XPEV220715C00030000,30.0,2022-07-15,2022-07-05,1.75,3.0,1.58,3.0,72,22,1.75,,monthly_30d_35d_otm,weekly_1_strike0,28,1048
XPEV,2022-06-17,2022-07-18,backfill,O:XPEV220715C00030000,30.0,2022-07-15,2022-07-06,2.57,2.6,1.65,1.99,1499,25,2.57,,monthly_30d_35d_otm,weekly_1_strike0,28,1048
XPEV,2022-06-17,2022-07-18,backfill,O:XPEV220715C00030000,30.0,2022-07-15,2022-07-07,2.65,3.85,2.65,3.18,128,22,2.65,,monthly_30d_35d_otm,weekly_1_strike0,28,1048
XPEV,2022-06-17,2022-07-18,backfill,O:XPEV220715C00030000,30.0,2022-07-15,2022-07-08,2.15,2.81,2.15,2.57,72,12,2.15,,monthly_30d_35d_otm,weekly_1_strike0,28,1048
XPEV,2022-06-17,2022-07-18,backfill,O:XPEV220715C00030000,30.0,2022-07-15,2022-07-11,1.6,1.6,0.75,0.75,978,76,1.6,,monthly_30d_35d_otm,weekly_1_strike0,28,1048
XPEV,2022-06-17,2022-07-18,backfill,O:XPEV220715C00030000,30.0,2022-07-15,2022-07-12,0.59,0.86,0.5,0.63,227,42,0.59,,monthly_30d_35d_otm,weekly_1_strike0,28,1048
XPEV,2022-06-17,2022-07-18,backfill,O:XPEV220715C00030000,30.0,2022-07-15,2022-07-13,0.45,0.88,0.25,0.63,1660,71,0.45,,monthly_30d_35d_otm,weekly_1_strike0,28,1048
XPEV,2022-06-17,2022-07-18,backfill,O:XPEV220715C00030000,30.0,2022-07-15,2022-07-14,0.56,0.85,0.32,0.5,505,76,0.56,,monthly_30d_35d_otm,weekly_1_strike0,28,1048
XPEV,2022-06-17,2022-07-18,backfill,O:XPEV220715C00030000,30.0,2022-07-15,2022-07-15,0.38,0.38,0.01,0.01,690,65,0.38,,monthly_30d_35d_otm,weekly_1_strike0,28,1048
XPEV,2023-04-10,2023-05-05,backfill,O:XPEV230519C00011000,11.0,2023-05-19,2023-04-10,0.6,0.6,0.52,0.57,612,30,0.6,,monthly_30d_30d_otm,weekly_2_strike0,39,612
XPEV,2023-04-10,2023-05-05,backfill,O:XPEV230519C00011000,11.0,2023-05-19,2023-04-11,0.65,0.78,0.64,0.68,319,31,0.65,,monthly_30d_30d_otm,weekly_2_strike0,39,612
XPEV,2023-04-10,2023-05-05,backfill,O:XPEV230519C00011000,11.0,2023-05-19,2023-04-12,0.59,0.59,0.44,0.44,806,44,0.59,,monthly_30d_30d_otm,weekly_2_strike0,39,612
XPEV,2023-04-10,2023-05-05,backfill,O:XPEV230519C00011000,11.0,2023-05-19,2023-04-13,0.51,0.51,0.41,0.43,134,12,0.51,,monthly_30d_30d_otm,weekly_2_strike0,39,612
XPEV,2023-04-10,2023-05-05,backfill,O:XPEV230519C00011000,11.0,2023-05-19,2023-04-14,0.44,0.51,0.43,0.43,7,4,0.44,,monthly_30d_30d_otm,weekly_2_strike0,39,612
XPEV,2023-04-10,2023-05-05,backfill,O:XPEV230519C00011000,11.0,2023-05-19,2023-04-17,0.98,1.1,0.85,1.05,500,24,0.98,,monthly_30d_30d_otm,weekly_2_strike0,39,612
XPEV,2023-04-10,2023-05-05,backfill,O:XPEV230519C00011000,11.0,2023-05-19,2023-04-18,0.92,1.13,0.88,0.95,46,11,0.92,,monthly_30d_30d_otm,weekly_2_strike0,39,612
XPEV,2023-04-10,2023-05-05,backfill,O:XPEV230519C00011000,11.0,2023-05-19,2023-04-19,0.58,0.58,0.32,0.32,1223,49,0.58,,monthly_30d_30d_otm,weekly_2_strike0,39,612
XPEV,2023-04-10,2023-05-05,backfill,O:XPEV230519C00011000,11.0,2023-05-19,2023-04-20,0.25,0.25,0.17,0.18,622,23,0.25,,monthly_30d_30d_otm,weekly_2_strike0,39,612
XPEV,2023-04-10,2023-05-05,backfill,O:XPEV230519C00011000,11.0,2023-05-19,2023-04-21,0.16,0.16,0.13,0.16,157,8,0.16,,monthly_30d_30d_otm,weekly_2_strike0,39,612
XPEV,2023-04-10,2023-05-05,backfill,O:XPEV230519C00011000,11.0,2023-05-19,2023-04-24,0.17,0.17,0.14,0.15,49,13,0.17,,monthly_30d_30d_otm,weekly_2_strike0,39,612
XPEV,2023-04-10,2023-05-05,backfill,O:XPEV230519C00011000,11.0,2023-05-19,2023-04-25,0.13,0.13,0.08,0.1,597,16,0.13,,monthly_30d_30d_otm,weekly_2_strike0,39,612
XPEV,2023-04-10,2023-05-05,backfill,O:XPEV230519C00011000,11.0,2023-05-19,2023-04-26,0.17,0.17,0.12,0.13,34,8,0.17,,monthly_30d_30d_otm,weekly_2_strike0,39,612
XPEV,2023-04-10,2023-05-05,backfill,O:XPEV230519C00011000,11.0,2023-05-19,2023-04-27,0.16,0.19,0.15,0.18,40,13,0.16,,monthly_30d_30d_otm,weekly_2_strike0,39,612
XPEV,2023-04-10,2023-05-05,backfill,O:XPEV230519C00011000,11.0,2023-05-19,2023-04-28,0.15,0.15,0.15,0.15,11,2,0.15,,monthly_30d_30d_otm,weekly_2_strike0,39,612
XPEV,2023-04-10,2023-05-05,backfill,O:XPEV230519C00011000,11.0,2023-05-19,2023-05-01,0.12,0.21,0.1,0.21,276,21,0.12,,monthly_30d_30d_otm,weekly_2_strike0,39,612
XPEV,2023-04-10,2023-05-05,backfill,O:XPEV230519C00011000,11.0,2023-05-19,2023-05-02,0.29,0.29,0.16,0.16,91,7,0.29,,monthly_30d_30d_otm,weekly_2_strike0,39,612
XPEV,2023-04-10,2023-05-05,backfill,O:XPEV230519C00011000,11.0,2023-05-19,2023-05-03,0.16,0.2,0.16,0.18,40,5,0.16,,monthly_30d_30d_otm,weekly_2_strike0,39,612
XPEV,2023-04-10,2023-05-05,backfill,O:XPEV230519C00011000,11.0,2023-05-19,2023-05-04,0.18,0.3,0.17,0.26,532,28,0.18,,monthly_30d_30d_otm,weekly_2_strike0,39,612
XPEV,2023-04-10,2023-05-05,backfill,O:XPEV230519C00011000,11.0,2023-05-19,2023-05-05,0.28,0.38,0.28,0.3,186,33,0.28,,monthly_30d_30d_otm,weekly_2_strike0,39,612
XPEV,2025-01-31,2025-02-28,backfill,O:XPEV250321C00018000,18.0,2025-03-21,2025-01-31,1.02,1.02,0.75,0.76,64,9,1.02,,monthly_30d_25d_otm,weekly_1_strike0,49,64
XPEV,2025-01-31,2025-02-28,backfill,O:XPEV250321C00018000,18.0,2025-03-21,2025-02-03,0.88,1.12,0.88,0.93,437,13,0.88,,monthly_30d_25d_otm,weekly_1_strike0,49,64
XPEV,2025-01-31,2025-02-28,backfill,O:XPEV250321C00018000,18.0,2025-03-21,2025-02-04,1.31,1.68,1.31,1.47,125,20,1.31,,monthly_30d_25d_otm,weekly_1_strike0,49,64
XPEV,2025-01-31,2025-02-28,backfill,O:XPEV250321C00018000,18.0,2025-03-21,2025-02-05,1.26,1.26,1.09,1.11,211,8,1.26,,monthly_30d_25d_otm,weekly_1_strike0,49,64
XPEV,2025-01-31,2025-02-28,backfill,O:XPEV250321C00018000,18.0,2025-03-21,2025-02-06,1.4,1.54,1.33,1.37,181,23,1.4,,monthly_30d_25d_otm,weekly_1_strike0,49,64
XPEV,2025-01-31,2025-02-28,backfill,O:XPEV250321C00018000,18.0,2025-03-21,2025-02-07,1.6,1.62,1.2,1.2,132,7,1.6,,monthly_30d_25d_otm,weekly_1_strike0,49,64
XPEV,2025-01-31,2025-02-28,backfill,O:XPEV250321C00018000,18.0,2025-03-21,2025-02-10,1.12,1.22,0.93,1.09,14,9,1.12,,monthly_30d_25d_otm,weekly_1_strike0,49,64
XPEV,2025-01-31,2025-02-28,backfill,O:XPEV250321C00018000,18.0,2025-03-21,2025-02-11,0.68,0.87,0.66,0.66,137,10,0.68,,monthly_30d_25d_otm,weekly_1_strike0,49,64
XPEV,2025-01-31,2025-02-28,backfill,O:XPEV250321C00018000,18.0,2025-03-21,2025-02-12,0.82,0.85,0.8,0.8,15,4,0.82,,monthly_30d_25d_otm,weekly_1_strike0,49,64
XPEV,2025-01-31,2025-02-28,backfill,O:XPEV250321C00018000,18.0,2025-03-21,2025-02-13,0.7,0.77,0.7,0.77,62,4,0.7,,monthly_30d_25d_otm,weekly_1_strike0,49,64
XPEV,2025-01-31,2025-02-28,backfill,O:XPEV250321C00018000,18.0,2025-03-21,2025-02-14,0.97,1.1,0.91,0.91,195,13,0.97,,monthly_30d_25d_otm,weekly_1_strike0,49,64
XPEV,2025-01-31,2025-02-28,backfill,O:XPEV250321C00018000,18.0,2025-03-21,2025-02-18,1.57,1.57,1.19,1.3,149,20,1.57,,monthly_30d_25d_otm,weekly_1_strike0,49,64
XPEV,2025-01-31,2025-02-28,backfill,O:XPEV250321C00018000,18.0,2025-03-21,2025-02-19,1.55,1.69,1.46,1.53,398,29,1.55,,monthly_30d_25d_otm,weekly_1_strike0,49,64
XPEV,2025-01-31,2025-02-28,backfill,O:XPEV250321C00018000,18.0,2025-03-21,2025-02-20,1.4,1.54,1.23,1.35,309,19,1.4,,monthly_30d_25d_otm,weekly_1_strike0,49,64
XPEV,2025-01-31,2025-02-28,backfill,O:XPEV250321C00018000,18.0,2025-03-21,2025-02-21,1.77,2.3,1.71,1.71,483,36,1.77,,monthly_30d_25d_otm,weekly_1_strike0,49,64
XPEV,2025-01-31,2025-02-28,backfill,O:XPEV250321C00018000,18.0,2025-03-21,2025-02-24,1.69,1.69,1.48,1.59,136,10,1.69,,monthly_30d_25d_otm,weekly_1_strike0,49,64
XPEV,2025-01-31,2025-02-28,backfill,O:XPEV250321C00018000,18.0,2025-03-21,2025-02-25,2.25,2.32,2.06,2.25,170,14,2.25,,monthly_30d_25d_otm,weekly_1_strike0,49,64
XPEV,2025-01-31,2025-02-28,backfill,O:XPEV250321C00018000,18.0,2025-03-21,2025-02-26,3.5,4.65,3.2,4.35,193,13,3.5,,monthly_30d_25d_otm,weekly_1_strike0,49,64
XPEV,2025-01-31,2025-02-28,backfill,O:XPEV250321C00018000,18.0,2025-03-21,2025-02-27,4.54,4.85,4.53,4.85,25,3,4.54,,monthly_30d_25d_otm,weekly_1_strike0,49,64
XPEV,2025-01-31,2025-02-28,backfill,O:XPEV250321C00018000,18.0,2025-03-21,2025-02-28,1.94,3.84,1.84,3.71,20,4,1.94,,monthly_30d_25d_otm,weekly_1_strike0,49,64
ZM,2020-09-23,2020-10-20,backfill,O:ZM201016C00590000,590.0,2020-10-16,2020-09-23,7.8,22.7,7.8,11.5,207,62,7.8,,monthly_30d_30d_otm,weekly_2_strike0,23,207
ZM,2020-09-23,2020-10-20,backfill,O:ZM201016C00590000,590.0,2020-10-16,2020-09-24,9.7,10.5,4.47,4.65,133,40,9.7,,monthly_30d_30d_otm,weekly_2_strike0,23,207
ZM,2020-09-23,2020-10-20,backfill,O:ZM201016C00590000,590.0,2020-10-16,2020-09-25,7.2,10.0,5.9,9.0,60,29,7.2,,monthly_30d_30d_otm,weekly_2_strike0,23,207
ZM,2020-09-23,2020-10-20,backfill,O:ZM201016C00590000,590.0,2020-10-16,2020-09-28,11.27,13.5,5.4,6.34,161,73,11.27,,monthly_30d_30d_otm,weekly_2_strike0,23,207
ZM,2020-09-23,2020-10-20,backfill,O:ZM201016C00590000,590.0,2020-10-16,2020-09-29,4.95,5.67,3.3,3.5,162,54,4.95,,monthly_30d_30d_otm,weekly_2_strike0,23,207
ZM,2020-09-23,2020-10-20,backfill,O:ZM201016C00590000,590.0,2020-10-16,2020-09-30,3.2,4.5,2.85,3.0,78,44,3.2,,monthly_30d_30d_otm,weekly_2_strike0,23,207
ZM,2020-09-23,2020-10-20,backfill,O:ZM201016C00590000,590.0,2020-10-16,2020-10-01,2.66,3.83,2.56,3.71,122,32,2.66,,monthly_30d_30d_otm,weekly_2_strike0,23,207
ZM,2020-09-23,2020-10-20,backfill,O:ZM201016C00590000,590.0,2020-10-16,2020-10-02,4.8,8.8,3.23,3.66,347,105,4.8,,monthly_30d_30d_otm,weekly_2_strike0,23,207
ZM,2020-09-23,2020-10-20,backfill,O:ZM201016C00590000,590.0,2020-10-16,2020-10-05,4.4,4.69,2.68,4.0,157,60,4.4,,monthly_30d_30d_otm,weekly_2_strike0,23,207
ZM,2020-09-23,2020-10-20,backfill,O:ZM201016C00590000,590.0,2020-10-16,2020-10-06,4.15,4.15,1.78,1.82,162,78,4.15,,monthly_30d_30d_otm,weekly_2_strike0,23,207
ZM,2020-09-23,2020-10-20,backfill,O:ZM201016C00590000,590.0,2020-10-16,2020-10-07,2.0,2.3,1.06,1.2,85,54,2.0,,monthly_30d_30d_otm,weekly_2_strike0,23,207
ZM,2020-09-23,2020-10-20,backfill,O:ZM201016C00590000,590.0,2020-10-16,2020-10-08,1.26,1.7,0.6,0.65,145,59,1.26,,monthly_30d_30d_otm,weekly_2_strike0,23,207
ZM,2020-09-23,2020-10-20,backfill,O:ZM201016C00590000,590.0,2020-10-16,2020-10-09,0.8,1.85,0.51,0.8,596,151,0.8,,monthly_30d_30d_otm,weekly_2_strike0,23,207
ZM,2020-09-23,2020-10-20,backfill,O:ZM201016C00590000,590.0,2020-10-16,2020-10-12,1.07,1.15,0.35,0.5,866,114,1.07,,monthly_30d_30d_otm,weekly_2_strike0,23,207
ZM,2020-09-23,2020-10-20,backfill,O:ZM201016C00590000,590.0,2020-10-16,2020-10-13,0.65,1.69,0.48,1.42,1148,224,0.65,,monthly_30d_30d_otm,weekly_2_strike0,23,207
ZM,2020-09-23,2020-10-20,backfill,O:ZM201016C00590000,590.0,2020-10-16,2020-10-14,1.15,1.15,0.15,0.23,560,127,1.15,,monthly_30d_30d_otm,weekly_2_strike0,23,207
ZM,2020-09-23,2020-10-20,backfill,O:ZM201016C00590000,590.0,2020-10-16,2020-10-15,0.25,2.27,0.1,0.2,3772,242,0.25,,monthly_30d_30d_otm,weekly_2_strike0,23,207
ZM,2020-09-23,2020-10-20,backfill,O:ZM201016C00590000,590.0,2020-10-16,2020-10-16,0.2,1.4,0.01,0.01,3485,249,0.2,,monthly_30d_30d_otm,weekly_2_strike0,23,207
ZM,2022-05-24,2022-06-22,backfill,O:ZM220617C00103000,103.0,2022-06-17,2022-05-24,4.75,5.74,2.85,4.35,60,20,4.75,,monthly_30d_35d_otm,weekly_2_strike0,24,60
ZM,2022-05-24,2022-06-22,backfill,O:ZM220617C00103000,103.0,2022-06-17,2022-05-25,5.35,9.13,5.35,7.83,73,22,5.35,,monthly_30d_35d_otm,weekly_2_strike0,24,60
ZM,2022-05-24,2022-06-22,backfill,O:ZM220617C00103000,103.0,2022-06-17,2022-05-26,7.79,10.6,7.79,10.25,64,27,7.79,,monthly_30d_35d_otm,weekly_2_strike0,24,60
ZM,2022-05-24,2022-06-22,backfill,O:ZM220617C00103000,103.0,2022-06-17,2022-05-27,10.0,11.5,9.51,11.5,22,8,10.0,,monthly_30d_35d_otm,weekly_2_strike0,24,60
ZM,2022-05-24,2022-06-22,backfill,O:ZM220617C00103000,103.0,2022-06-17,2022-05-31,9.97,9.97,9.45,9.45,6,2,9.97,,monthly_30d_35d_otm,weekly_2_strike0,24,60
ZM,2022-05-24,2022-06-22,backfill,O:ZM220617C00103000,103.0,2022-06-17,2022-06-01,8.24,9.98,8.24,9.98,4,3,8.24,,monthly_30d_35d_otm,weekly_2_strike0,24,60
ZM,2022-05-24,2022-06-22,backfill,O:ZM220617C00103000,103.0,2022-06-17,2022-06-02,9.45,12.35,9.45,12.35,13,6,9.45,,monthly_30d_35d_otm,weekly_2_strike0,24,60
ZM,2022-05-24,2022-06-22,backfill,O:ZM220617C00103000,103.0,2022-06-17,2022-06-03,10.35,10.35,8.86,9.65,20,6,10.35,,monthly_30d_35d_otm,weekly_2_strike0,24,60
ZM,2022-05-24,2022-06-22,backfill,O:ZM220617C00103000,103.0,2022-06-17,2022-06-06,9.45,10.9,9.15,10.9,8,7,9.45,,monthly_30d_35d_otm,weekly_2_strike0,24,60
ZM,2022-05-24,2022-06-22,backfill,O:ZM220617C00103000,103.0,2022-06-17,2022-06-08,12.44,12.44,11.9,11.9,7,3,12.44,,monthly_30d_35d_otm,weekly_2_strike0,24,60
ZM,2022-05-24,2022-06-22,backfill,O:ZM220617C00103000,103.0,2022-06-17,2022-06-09,10.3,10.79,10.3,10.79,11,2,10.3,,monthly_30d_35d_otm,weekly_2_strike0,24,60
ZM,2022-05-24,2022-06-22,backfill,O:ZM220617C00103000,103.0,2022-06-17,2022-06-10,8.9,8.91,7.53,8.7,21,11,8.9,,monthly_30d_35d_otm,weekly_2_strike0,24,60
ZM,2022-05-24,2022-06-22,backfill,O:ZM220617C00103000,103.0,2022-06-17,2022-06-13,5.6,6.0,4.4,4.9,155,33,5.6,,monthly_30d_35d_otm,weekly_2_strike0,24,60
ZM,2022-05-24,2022-06-22,backfill,O:ZM220617C00103000,103.0,2022-06-17,2022-06-14,5.04,8.0,5.04,6.45,21,10,5.04,,monthly_30d_35d_otm,weekly_2_strike0,24,60
ZM,2022-05-24,2022-06-22,backfill,O:ZM220617C00103000,103.0,2022-06-17,2022-06-15,7.17,10.45,6.75,10.45,9,5,7.17,,monthly_30d_35d_otm,weekly_2_strike0,24,60
ZM,2022-05-24,2022-06-22,backfill,O:ZM220617C00103000,103.0,2022-06-17,2022-06-16,6.87,6.87,3.4,3.95,63,16,6.87,,monthly_30d_35d_otm,weekly_2_strike0,24,60
ZM,2022-05-24,2022-06-22,backfill,O:ZM220617C00103000,103.0,2022-06-17,2022-06-17,5.6,7.94,5.05,7.45,56,12,5.6,,monthly_30d_35d_otm,weekly_2_strike0,24,60
ZM,2023-08-28,2023-09-25,backfill,O:ZM231020C00075000,75.0,2023-10-20,2023-08-28,1.8,1.8,1.42,1.43,283,49,1.8,,monthly_45d_20d_otm,weekly_2_strike0,53,283
ZM,2023-08-28,2023-09-25,backfill,O:ZM231020C00075000,75.0,2023-10-20,2023-08-29,1.34,1.73,1.34,1.69,317,39,1.34,,monthly_45d_20d_otm,weekly_2_strike0,53,283
ZM,2023-08-28,2023-09-25,backfill,O:ZM231020C00075000,75.0,2023-10-20,2023-08-30,1.63,1.75,1.43,1.55,265,40,1.63,,monthly_45d_20d_otm,weekly_2_strike0,53,283
ZM,2023-08-28,2023-09-25,backfill,O:ZM231020C00075000,75.0,2023-10-20,2023-08-31,1.79,3.15,1.59,2.59,1038,108,1.79,,monthly_45d_20d_otm,weekly_2_strike0,53,283
ZM,2023-08-28,2023-09-25,backfill,O:ZM231020C00075000,75.0,2023-10-20,2023-09-01,2.82,3.0,2.54,2.64,1838,79,2.82,,monthly_45d_20d_otm,weekly_2_strike0,53,283
ZM,2023-08-28,2023-09-25,backfill,O:ZM231020C00075000,75.0,2023-10-20,2023-09-05,2.34,4.75,2.28,3.33,628,130,2.34,,monthly_45d_20d_otm,weekly_2_strike0,53,283
ZM,2023-08-28,2023-09-25,backfill,O:ZM231020C00075000,75.0,2023-10-20,2023-09-06,3.13,3.65,2.89,3.65,483,65,3.13,,monthly_45d_20d_otm,weekly_2_strike0,53,283
ZM,2023-08-28,2023-09-25,backfill,O:ZM231020C00075000,75.0,2023-10-20,2023-09-07,2.92,4.02,2.9,3.31,450,58,2.92,,monthly_45d_20d_otm,weekly_2_strike0,53,283
ZM,2023-08-28,2023-09-25,backfill,O:ZM231020C00075000,75.0,2023-10-20,2023-09-08,3.35,3.35,2.3,2.38,1191,61,3.35,,monthly_45d_20d_otm,weekly_2_strike0,53,283
ZM,2023-08-28,2023-09-25,backfill,O:ZM231020C00075000,75.0,2023-10-20,2023-09-11,2.26,2.57,2.02,2.15,482,68,2.26,,monthly_45d_20d_otm,weekly_2_strike0,53,283
ZM,2023-08-28,2023-09-25,backfill,O:ZM231020C00075000,75.0,2023-10-20,2023-09-12,1.72,2.06,1.6,1.6,890,75,1.72,,monthly_45d_20d_otm,weekly_2_strike0,53,283
ZM,2023-08-28,2023-09-25,backfill,O:ZM231020C00075000,75.0,2023-10-20,2023-09-13,1.55,1.59,1.1,1.36,1233,125,1.55,,monthly_45d_20d_otm,weekly_2_strike0,53,283
ZM,2023-08-28,2023-09-25,backfill,O:ZM231020C00075000,75.0,2023-10-20,2023-09-14,1.37,2.0,1.37,1.84,1745,103,1.37,,monthly_45d_20d_otm,weekly_2_strike0,53,283
ZM,2023-08-28,2023-09-25,backfill,O:ZM231020C00075000,75.0,2023-10-20,2023-09-15,2.13,2.13,1.53,1.7,933,76,2.13,,monthly_45d_20d_otm,weekly_2_strike0,53,283
ZM,2023-08-28,2023-09-25,backfill,O:ZM231020C00075000,75.0,2023-10-20,2023-09-18,1.58,1.58,1.22,1.36,387,56,1.58,,monthly_45d_20d_otm,weekly_2_strike0,53,283
ZM,2023-08-28,2023-09-25,backfill,O:ZM231020C00075000,75.0,2023-10-20,2023-09-19,1.33,1.33,0.92,1.07,183,45,1.33,,monthly_45d_20d_otm,weekly_2_strike0,53,283
ZM,2023-08-28,2023-09-25,backfill,O:ZM231020C00075000,75.0,2023-10-20,2023-09-20,1.15,1.16,0.89,0.89,375,25,1.15,,monthly_45d_20d_otm,weekly_2_strike0,53,283
ZM,2023-08-28,2023-09-25,backfill,O:ZM231020C00075000,75.0,2023-10-20,2023-09-21,0.51,0.9,0.51,0.85,257,36,0.51,,monthly_45d_20d_otm,weekly_2_strike0,53,283
ZM,2023-08-28,2023-09-25,backfill,O:ZM231020C00075000,75.0,2023-10-20,2023-09-22,0.85,1.02,0.82,0.82,186,29,0.85,,monthly_45d_20d_otm,weekly_2_strike0,53,283
ZM,2023-08-28,2023-09-25,backfill,O:ZM231020C00075000,75.0,2023-10-20,2023-09-25,0.7,0.88,0.69,0.72,49,15,0.7,,monthly_45d_20d_otm,weekly_2_strike0,53,283
ZM,2025-05-16,2025-06-12,backfill,O:ZM250620C00085000,85.0,2025-06-20,2025-05-16,4.1,4.55,4.07,4.3,98,33,4.1,,monthly_30d_40d_otm,weekly_1_strike0,35,98
ZM,2025-05-16,2025-06-12,backfill,O:ZM250620C00085000,85.0,2025-06-20,2025-05-19,3.9,4.1,3.15,3.26,115,20,3.9,,monthly_30d_40d_otm,weekly_1_strike0,35,98
ZM,2025-05-16,2025-06-12,backfill,O:ZM250620C00085000,85.0,2025-06-20,2025-05-20,3.21,3.21,2.91,3.19,76,18,3.21,,monthly_30d_40d_otm,weekly_1_strike0,35,98
ZM,2025-05-16,2025-06-12,backfill,O:ZM250620C00085000,85.0,2025-06-20,2025-05-21,2.85,3.5,2.76,2.78,338,60,2.85,,monthly_30d_40d_otm,weekly_1_strike0,35,98
ZM,2025-05-16,2025-06-12,backfill,O:ZM250620C00085000,85.0,2025-06-20,2025-05-22,1.13,1.75,0.65,1.3,381,79,1.13,,monthly_30d_40d_otm,weekly_1_strike0,35,98
ZM,2025-05-16,2025-06-12,backfill,O:ZM250620C00085000,85.0,2025-06-20,2025-05-23,1.23,1.44,0.62,0.62,373,26,1.23,,monthly_30d_40d_otm,weekly_1_strike0,35,98
ZM,2025-05-16,2025-06-12,backfill,O:ZM250620C00085000,85.0,2025-06-20,2025-05-27,0.55,0.59,0.28,0.35,101,25,0.55,,monthly_30d_40d_otm,weekly_1_strike0,35,98
ZM,2025-05-16,2025-06-12,backfill,O:ZM250620C00085000,85.0,2025-06-20,2025-05-28,0.33,0.59,0.33,0.5,93,16,0.33,,monthly_30d_40d_otm,weekly_1_strike0,35,98
ZM,2025-05-16,2025-06-12,backfill,O:ZM250620C00085000,85.0,2025-06-20,2025-05-29,0.45,0.5,0.42,0.45,49,9,0.45,,monthly_30d_40d_otm,weekly_1_strike0,35,98
ZM,2025-05-16,2025-06-12,backfill,O:ZM250620C00085000,85.0,2025-06-20,2025-05-30,0.44,0.57,0.4,0.57,24,8,0.44,,monthly_30d_40d_otm,weekly_1_strike0,35,98
ZM,2025-05-16,2025-06-12,backfill,O:ZM250620C00085000,85.0,2025-06-20,2025-06-02,0.65,0.89,0.54,0.62,781,105,0.65,,monthly_30d_40d_otm,weekly_1_strike0,35,98
ZM,2025-05-16,2025-06-12,backfill,O:ZM250620C00085000,85.0,2025-06-20,2025-06-03,0.55,0.55,0.22,0.43,384,52,0.55,,monthly_30d_40d_otm,weekly_1_strike0,35,98
ZM,2025-05-16,2025-06-12,backfill,O:ZM250620C00085000,85.0,2025-06-20,2025-06-04,0.46,0.49,0.31,0.42,127,19,0.46,,monthly_30d_40d_otm,weekly_1_strike0,35,98
ZM,2025-05-16,2025-06-12,backfill,O:ZM250620C00085000,85.0,2025-06-20,2025-06-05,0.49,0.7,0.37,0.44,316,49,0.49,,monthly_30d_40d_otm,weekly_1_strike0,35,98
ZM,2025-05-16,2025-06-12,backfill,O:ZM250620C00085000,85.0,2025-06-20,2025-06-06,0.45,0.45,0.23,0.25,154,33,0.45,,monthly_30d_40d_otm,weekly_1_strike0,35,98
ZM,2025-05-16,2025-06-12,backfill,O:ZM250620C00085000,85.0,2025-06-20,2025-06-09,0.19,0.23,0.17,0.19,194,14,0.19,,monthly_30d_40d_otm,weekly_1_strike0,35,98
ZM,2025-05-16,2025-06-12,backfill,O:ZM250620C00085000,85.0,2025-06-20,2025-06-10,0.15,0.15,0.07,0.1,55,13,0.15,,monthly_30d_40d_otm,weekly_1_strike0,35,98
ZM,2025-05-16,2025-06-12,backfill,O:ZM250620C00085000,85.0,2025-06-20,2025-06-11,0.08,0.08,0.05,0.05,19,9,0.08,,monthly_30d_40d_otm,weekly_1_strike0,35,98
ZM,2025-05-16,2025-06-12,backfill,O:ZM250620C00085000,85.0,2025-06-20,2025-06-12,0.05,0.07,0.03,0.04,42,9,0.05,,monthly_30d_40d_otm,weekly_1_strike0,35,98
ZS,2020-03-12,2020-04-08,backfill,O:ZS200515C00050000,50.0,2020-05-15,2020-03-12,2.53,2.53,2.13,2.13,14,3,2.53,,monthly_60d_25d_otm,weekly_2_strike0,64,14
ZS,2020-03-12,2020-04-08,backfill,O:ZS200515C00050000,50.0,2020-05-15,2020-03-13,2.15,2.75,2.15,2.7,7,4,2.15,,monthly_60d_25d_otm,weekly_2_strike0,64,14
ZS,2020-03-12,2020-04-08,backfill,O:ZS200515C00050000,50.0,2020-05-15,2020-03-16,1.8,3.5,1.8,3.5,22,3,1.8,,monthly_60d_25d_otm,weekly_2_strike0,64,14
ZS,2020-03-12,2020-04-08,backfill,O:ZS200515C00050000,50.0,2020-05-15,2020-03-17,4.8,5.6,4.8,5.3,7,4,4.8,,monthly_60d_25d_otm,weekly_2_strike0,64,14
ZS,2020-03-12,2020-04-08,backfill,O:ZS200515C00050000,50.0,2020-05-15,2020-03-18,6.9,7.0,4.2,7.0,14,5,6.9,,monthly_60d_25d_otm,weekly_2_strike0,64,14
ZS,2020-03-12,2020-04-08,backfill,O:ZS200515C00050000,50.0,2020-05-15,2020-03-19,7.5,7.5,7.5,7.5,25,2,7.5,,monthly_60d_25d_otm,weekly_2_strike0,64,14
ZS,2020-03-12,2020-04-08,backfill,O:ZS200515C00050000,50.0,2020-05-15,2020-03-20,9.07,9.07,8.0,8.0,5,2,9.07,,monthly_60d_25d_otm,weekly_2_strike0,64,14
ZS,2020-03-12,2020-04-08,backfill,O:ZS200515C00050000,50.0,2020-05-15,2020-03-23,9.0,10.0,9.0,10.0,29,4,9.0,,monthly_60d_25d_otm,weekly_2_strike0,64,14
ZS,2020-03-12,2020-04-08,backfill,O:ZS200515C00050000,50.0,2020-05-15,2020-03-24,13.2,15.7,13.2,14.01,17,9,13.2,,monthly_60d_25d_otm,weekly_2_strike0,64,14
ZS,2020-03-12,2020-04-08,backfill,O:ZS200515C00050000,50.0,2020-05-15,2020-03-25,16.56,16.84,12.0,12.0,8,7,16.56,,monthly_60d_25d_otm,weekly_2_strike0,64,14
ZS,2020-03-12,2020-04-08,backfill,O:ZS200515C00050000,50.0,2020-05-15,2020-03-26,13.26,13.62,13.26,13.62,8,3,13.26,,monthly_60d_25d_otm,weekly_2_strike0,64,14
ZS,2020-03-12,2020-04-08,backfill,O:ZS200515C00050000,50.0,2020-05-15,2020-03-31,10.84,14.0,10.84,12.67,23,4,10.84,,monthly_60d_25d_otm,weekly_2_strike0,64,14
ZS,2020-03-12,2020-04-08,backfill,O:ZS200515C00050000,50.0,2020-05-15,2020-04-01,14.91,14.91,14.91,14.91,10,1,14.91,,monthly_60d_25d_otm,weekly_2_strike0,64,14
ZS,2020-03-12,2020-04-08,backfill,O:ZS200515C00050000,50.0,2020-05-15,2020-04-06,15.65,15.65,14.12,14.12,7,2,15.65,,monthly_60d_25d_otm,weekly_2_strike0,64,14
ZS,2020-03-12,2020-04-08,backfill,O:ZS200515C00050000,50.0,2020-05-15,2020-04-07,12.8,13.6,12.8,13.6,6,3,12.8,,monthly_60d_25d_otm,weekly_2_strike0,64,14
ZS,2020-03-12,2020-04-08,backfill,O:ZS200515C00050000,50.0,2020-05-15,2020-04-08,14.2,15.3,14.2,15.3,7,4,14.2,,monthly_60d_25d_otm,weekly_2_strike0,64,14
ZS,2020-07-01,2020-07-29,backfill,O:ZS200821C00120000,120.0,2020-08-21,2020-07-01,4.73,5.81,3.85,5.5,321,71,4.73,,monthly_45d_30d_otm,weekly_2_strike0,51,321
ZS,2020-07-01,2020-07-29,backfill,O:ZS200821C00120000,120.0,2020-08-21,2020-07-02,5.98,5.98,4.5,4.55,116,44,5.98,,monthly_45d_30d_otm,weekly_2_strike0,51,321
ZS,2020-07-01,2020-07-29,backfill,O:ZS200821C00120000,120.0,2020-08-21,2020-07-06,5.5,10.0,5.4,6.0,1075,158,5.5,,monthly_45d_30d_otm,weekly_2_strike0,51,321
ZS,2020-07-01,2020-07-29,backfill,O:ZS200821C00120000,120.0,2020-08-21,2020-07-07,6.32,6.9,5.26,5.8,971,52,6.32,,monthly_45d_30d_otm,weekly_2_strike0,51,321
ZS,2020-07-01,2020-07-29,backfill,O:ZS200821C00120000,120.0,2020-08-21,2020-07-08,7.18,9.8,7.18,9.75,575,114,7.18,,monthly_45d_30d_otm,weekly_2_strike0,51,321
ZS,2020-07-01,2020-07-29,backfill,O:ZS200821C00120000,120.0,2020-08-21,2020-07-09,12.01,15.04,11.2,14.21,572,85,12.01,,monthly_45d_30d_otm,weekly_2_strike0,51,321
ZS,2020-07-01,2020-07-29,backfill,O:ZS200821C00120000,120.0,2020-08-21,2020-07-10,13.07,13.42,12.03,12.95,86,22,13.07,,monthly_45d_30d_otm,weekly_2_strike0,51,321
ZS,2020-07-01,2020-07-29,backfill,O:ZS200821C00120000,120.0,2020-08-21,2020-07-13,14.0,14.6,9.37,9.37,140,30,14.0,,monthly_45d_30d_otm,weekly_2_strike0,51,321
ZS,2020-07-01,2020-07-29,backfill,O:ZS200821C00120000,120.0,2020-08-21,2020-07-14,10.6,11.19,7.5,11.19,81,32,10.6,,monthly_45d_30d_otm,weekly_2_strike0,51,321
ZS,2020-07-01,2020-07-29,backfill,O:ZS200821C00120000,120.0,2020-08-21,2020-07-15,11.0,11.8,9.3,9.35,140,49,11.0,,monthly_45d_30d_otm,weekly_2_strike0,51,321
ZS,2020-07-01,2020-07-29,backfill,O:ZS200821C00120000,120.0,2020-08-21,2020-07-16,7.9,8.55,6.2,7.7,92,26,7.9,,monthly_45d_30d_otm,weekly_2_strike0,51,321
ZS,2020-07-01,2020-07-29,backfill,O:ZS200821C00120000,120.0,2020-08-21,2020-07-17,7.65,8.8,6.6,8.4,101,35,7.65,,monthly_45d_30d_otm,weekly_2_strike0,51,321
ZS,2020-07-01,2020-07-29,backfill,O:ZS200821C00120000,120.0,2020-08-21,2020-07-20,9.5,13.15,9.15,13.0,111,35,9.5,,monthly_45d_30d_otm,weekly_2_strike0,51,321
ZS,2020-07-01,2020-07-29,backfill,O:ZS200821C00120000,120.0,2020-08-21,2020-07-21,11.4,11.5,10.6,11.11,15,9,11.4,,monthly_45d_30d_otm,weekly_2_strike0,51,321
ZS,2020-07-01,2020-07-29,backfill,O:ZS200821C00120000,120.0,2020-08-21,2020-07-22,12.69,12.69,9.99,10.64,60,16,12.69,,monthly_45d_30d_otm,weekly_2_strike0,51,321
ZS,2020-07-01,2020-07-29,backfill,O:ZS200821C00120000,120.0,2020-08-21,2020-07-23,11.05,13.3,8.55,9.05,147,27,11.05,,monthly_45d_30d_otm,weekly_2_strike0,51,321
ZS,2020-07-01,2020-07-29,backfill,O:ZS200821C00120000,120.0,2020-08-21,2020-07-24,7.1,10.2,6.75,7.65,12,9,7.1,,monthly_45d_30d_otm,weekly_2_strike0,51,321
ZS,2020-07-01,2020-07-29,backfill,O:ZS200821C00120000,120.0,2020-08-21,2020-07-27,9.9,9.9,8.4,9.4,12,9,9.9,,monthly_45d_30d_otm,weekly_2_strike0,51,321
ZS,2020-07-01,2020-07-29,backfill,O:ZS200821C00120000,120.0,2020-08-21,2020-07-28,8.7,10.37,8.7,9.33,8,6,8.7,,monthly_45d_30d_otm,weekly_2_strike0,51,321
ZS,2020-07-01,2020-07-29,backfill,O:ZS200821C00120000,120.0,2020-08-21,2020-07-29,11.0,13.3,10.31,11.05,106,22,11.0,,monthly_45d_30d_otm,weekly_2_strike0,51,321
ZS,2021-11-03,2021-12-01,backfill,O:ZS211217C00340000,340.0,2021-12-17,2021-11-03,15.5,15.77,14.05,15.2,39,8,15.5,,monthly_30d_35d_otm,weekly_2_strike1,44,39
ZS,2021-11-03,2021-12-01,backfill,O:ZS211217C00340000,340.0,2021-12-17,2021-11-04,16.25,22.31,16.25,21.72,286,42,16.25,,monthly_30d_35d_otm,weekly_2_strike1,44,39
ZS,2021-11-03,2021-12-01,backfill,O:ZS211217C00340000,340.0,2021-12-17,2021-11-05,21.72,24.0,21.4,24.0,168,33,21.72,,monthly_30d_35d_otm,weekly_2_strike1,44,39
ZS,2021-11-03,2021-12-01,backfill,O:ZS211217C00340000,340.0,2021-12-17,2021-11-08,25.63,31.84,25.63,30.15,86,19,25.63,,monthly_30d_35d_otm,weekly_2_strike1,44,39
ZS,2021-11-03,2021-12-01,backfill,O:ZS211217C00340000,340.0,2021-12-17,2021-11-09,31.4,33.05,31.35,31.65,24,4,31.4,,monthly_30d_35d_otm,weekly_2_strike1,44,39
ZS,2021-11-03,2021-12-01,backfill,O:ZS211217C00340000,340.0,2021-12-17,2021-11-10,29.6,29.6,20.35,21.83,179,39,29.6,,monthly_30d_35d_otm,weekly_2_strike1,44,39
ZS,2021-11-03,2021-12-01,backfill,O:ZS211217C00340000,340.0,2021-12-17,2021-11-11,26.7,26.7,23.42,23.42,3,3,26.7,,monthly_30d_35d_otm,weekly_2_strike1,44,39
ZS,2021-11-03,2021-12-01,backfill,O:ZS211217C00340000,340.0,2021-12-17,2021-11-12,24.56,27.1,23.26,26.62,46,18,24.56,,monthly_30d_35d_otm,weekly_2_strike1,44,39
ZS,2021-11-03,2021-12-01,backfill,O:ZS211217C00340000,340.0,2021-12-17,2021-11-15,26.0,26.0,23.0,24.02,20,9,26.0,,monthly_30d_35d_otm,weekly_2_strike1,44,39
ZS,2021-11-03,2021-12-01,backfill,O:ZS211217C00340000,340.0,2021-12-17,2021-11-16,24.97,28.69,24.97,28.6,14,9,24.97,,monthly_30d_35d_otm,weekly_2_strike1,44,39
ZS,2021-11-03,2021-12-01,backfill,O:ZS211217C00340000,340.0,2021-12-17,2021-11-17,25.15,28.15,24.88,28.15,48,8,25.15,,monthly_30d_35d_otm,weekly_2_strike1,44,39
ZS,2021-11-03,2021-12-01,backfill,O:ZS211217C00340000,340.0,2021-12-17,2021-11-18,33.4,39.7,33.4,38.0,115,33,33.4,,monthly_30d_35d_otm,weekly_2_strike1,44,39
ZS,2021-11-03,2021-12-01,backfill,O:ZS211217C00340000,340.0,2021-12-17,2021-11-19,42.0,44.55,40.03,40.03,112,25,42.0,,monthly_30d_35d_otm,weekly_2_strike1,44,39
ZS,2021-11-03,2021-12-01,backfill,O:ZS211217C00340000,340.0,2021-12-17,2021-11-22,36.28,36.28,23.1,25.5,146,30,36.28,,monthly_30d_35d_otm,weekly_2_strike1,44,39
ZS,2021-11-03,2021-12-01,backfill,O:ZS211217C00340000,340.0,2021-12-17,2021-11-23,22.9,25.7,18.65,21.7,66,34,22.9,,monthly_30d_35d_otm,weekly_2_strike1,44,39
ZS,2021-11-03,2021-12-01,backfill,O:ZS211217C00340000,340.0,2021-12-17,2021-11-24,18.0,24.8,18.0,22.86,87,19,18.0,,monthly_30d_35d_otm,weekly_2_strike1,44,39
ZS,2021-11-03,2021-12-01,backfill,O:ZS211217C00340000,340.0,2021-12-17,2021-11-26,24.0,24.0,20.75,22.0,90,28,24.0,,monthly_30d_35d_otm,weekly_2_strike1,44,39
ZS,2021-11-03,2021-12-01,backfill,O:ZS211217C00340000,340.0,2021-12-17,2021-11-29,24.37,30.9,24.37,30.5,9,8,24.37,,monthly_30d_35d_otm,weekly_2_strike1,44,39
ZS,2021-11-03,2021-12-01,backfill,O:ZS211217C00340000,340.0,2021-12-17,2021-11-30,31.0,31.4,24.07,24.8,50,21,31.0,,monthly_30d_35d_otm,weekly_2_strike1,44,39
ZS,2021-11-03,2021-12-01,backfill,O:ZS211217C00340000,340.0,2021-12-17,2021-12-01,36.96,36.96,6.3,6.4,618,66,36.96,,monthly_30d_35d_otm,weekly_2_strike1,44,39
ZS,2025-03-18,2025-04-07,backfill,O:ZS250516C00200000,200.0,2025-05-16,2025-03-18,12.2,15.0,12.2,14.75,29,10,12.2,,monthly_45d_atm,weekly_2_strike0,59,29
ZS,2025-03-18,2025-04-07,backfill,O:ZS250516C00200000,200.0,2025-05-16,2025-03-19,15.58,16.45,15.15,15.55,544,14,15.58,,monthly_45d_atm,weekly_2_strike0,59,29
ZS,2025-03-18,2025-04-07,backfill,O:ZS250516C00200000,200.0,2025-05-16,2025-03-20,14.1,15.35,14.1,14.35,9,6,14.1,,monthly_45d_atm,weekly_2_strike0,59,29
ZS,2025-03-18,2025-04-07,backfill,O:ZS250516C00200000,200.0,2025-05-16,2025-03-21,13.0,15.28,13.0,15.1,24,11,13.0,,monthly_45d_atm,weekly_2_strike0,59,29
ZS,2025-03-18,2025-04-07,backfill,O:ZS250516C00200000,200.0,2025-05-16,2025-03-24,17.04,17.25,16.15,17.25,12,8,17.04,,monthly_45d_atm,weekly_2_strike0,59,29
ZS,2025-03-18,2025-04-07,backfill,O:ZS250516C00200000,200.0,2025-05-16,2025-03-25,20.45,22.2,20.45,21.48,16,8,20.45,,monthly_45d_atm,weekly_2_strike0,59,29
ZS,2025-03-18,2025-04-07,backfill,O:ZS250516C00200000,200.0,2025-05-16,2025-03-26,21.2,21.2,18.5,18.5,13,6,21.2,,monthly_45d_atm,weekly_2_strike0,59,29
ZS,2025-03-18,2025-04-07,backfill,O:ZS250516C00200000,200.0,2025-05-16,2025-03-27,15.3,15.3,14.93,15.11,4,2,15.3,,monthly_45d_atm,weekly_2_strike0,59,29
ZS,2025-03-18,2025-04-07,backfill,O:ZS250516C00200000,200.0,2025-05-16,2025-03-28,16.5,16.5,13.84,15.12,28,8,16.5,,monthly_45d_atm,weekly_2_strike0,59,29
ZS,2025-03-18,2025-04-07,backfill,O:ZS250516C00200000,200.0,2025-05-16,2025-03-31,13.19,13.19,8.75,10.75,40,14,13.19,,monthly_45d_atm,weekly_2_strike0,59,29
ZS,2025-03-18,2025-04-07,backfill,O:ZS250516C00200000,200.0,2025-05-16,2025-04-01,11.75,11.95,11.0,11.62,28,9,11.75,,monthly_45d_atm,weekly_2_strike0,59,29
ZS,2025-03-18,2025-04-07,backfill,O:ZS250516C00200000,200.0,2025-05-16,2025-04-02,13.0,15.8,13.0,15.25,17,12,13.0,,monthly_45d_atm,weekly_2_strike0,59,29
ZS,2025-03-18,2025-04-07,backfill,O:ZS250516C00200000,200.0,2025-05-16,2025-04-03,11.94,11.94,8.25,8.41,4,4,11.94,,monthly_45d_atm,weekly_2_strike0,59,29
ZS,2025-03-18,2025-04-07,backfill,O:ZS250516C00200000,200.0,2025-05-16,2025-04-04,5.4,7.25,5.3,6.05,917,40,5.4,,monthly_45d_atm,weekly_2_strike0,59,29
ZS,2025-03-18,2025-04-07,backfill,O:ZS250516C00200000,200.0,2025-05-16,2025-04-07,4.8,9.0,4.8,6.7,102,14,4.8,,monthly_45d_atm,weekly_2_strike0,59,29
ZTS,2020-08-13,2020-09-10,backfill,O:ZTS200918C00165000,165.0,2020-09-18,2020-08-13,2.25,2.25,1.95,2.0,23,5,2.25,,monthly_30d_25d_otm,weekly_2_strike2,36,23
ZTS,2020-08-13,2020-09-10,backfill,O:ZTS200918C00165000,165.0,2020-09-18,2020-08-14,1.75,1.8,1.25,1.38,13,5,1.75,,monthly_30d_25d_otm,weekly_2_strike2,36,23
ZTS,2020-08-13,2020-09-10,backfill,O:ZTS200918C00165000,165.0,2020-09-18,2020-08-17,1.5,1.5,1.13,1.21,7,5,1.5,,monthly_30d_25d_otm,weekly_2_strike2,36,23
ZTS,2020-08-13,2020-09-10,backfill,O:ZTS200918C00165000,165.0,2020-09-18,2020-08-18,1.2,1.8,1.2,1.75,130,6,1.2,,monthly_30d_25d_otm,weekly_2_strike2,36,23
ZTS,2020-08-13,2020-09-10,backfill,O:ZTS200918C00165000,165.0,2020-09-18,2020-08-19,1.75,2.0,1.35,1.35,30,7,1.75,,monthly_30d_25d_otm,weekly_2_strike2,36,23
ZTS,2020-08-13,2020-09-10,backfill,O:ZTS200918C00165000,165.0,2020-09-18,2020-08-20,1.0,1.4,1.0,1.3,16,6,1.0,,monthly_30d_25d_otm,weekly_2_strike2,36,23
ZTS,2020-08-13,2020-09-10,backfill,O:ZTS200918C00165000,165.0,2020-09-18,2020-08-21,1.3,1.35,1.1,1.35,135,12,1.3,,monthly_30d_25d_otm,weekly_2_strike2,36,23
ZTS,2020-08-13,2020-09-10,backfill,O:ZTS200918C00165000,165.0,2020-09-18,2020-08-24,1.05,1.05,0.74,0.74,16,4,1.05,,monthly_30d_25d_otm,weekly_2_strike2,36,23
ZTS,2020-08-13,2020-09-10,backfill,O:ZTS200918C00165000,165.0,2020-09-18,2020-08-25,0.95,0.95,0.8,0.85,17,5,0.95,,monthly_30d_25d_otm,weekly_2_strike2,36,23
ZTS,2020-08-13,2020-09-10,backfill,O:ZTS200918C00165000,165.0,2020-09-18,2020-08-26,0.85,1.35,0.85,1.23,18,3,0.85,,monthly_30d_25d_otm,weekly_2_strike2,36,23
ZTS,2020-08-13,2020-09-10,backfill,O:ZTS200918C00165000,165.0,2020-09-18,2020-08-27,1.25,1.55,1.25,1.25,31,13,1.25,,monthly_30d_25d_otm,weekly_2_strike2,36,23
ZTS,2020-08-13,2020-09-10,backfill,O:ZTS200918C00165000,165.0,2020-09-18,2020-08-28,1.11,1.53,0.95,1.2,82,17,1.11,,monthly_30d_25d_otm,weekly_2_strike2,36,23
ZTS,2020-08-13,2020-09-10,backfill,O:ZTS200918C00165000,165.0,2020-09-18,2020-08-31,1.29,1.8,1.15,1.57,105,24,1.29,,monthly_30d_25d_otm,weekly_2_strike2,36,23
ZTS,2020-08-13,2020-09-10,backfill,O:ZTS200918C00165000,165.0,2020-09-18,2020-09-01,1.52,2.15,1.22,2.15,103,30,1.52,,monthly_30d_25d_otm,weekly_2_strike2,36,23
ZTS,2020-08-13,2020-09-10,backfill,O:ZTS200918C00165000,165.0,2020-09-18,2020-09-02,2.2,4.1,2.2,4.1,205,40,2.2,,monthly_30d_25d_otm,weekly_2_strike2,36,23
ZTS,2020-08-13,2020-09-10,backfill,O:ZTS200918C00165000,165.0,2020-09-18,2020-09-03,2.7,2.95,1.2,1.72,76,14,2.7,,monthly_30d_25d_otm,weekly_2_strike2,36,23
ZTS,2020-08-13,2020-09-10,backfill,O:ZTS200918C00165000,165.0,2020-09-18,2020-09-04,0.91,1.35,0.91,1.35,3,3,0.91,,monthly_30d_25d_otm,weekly_2_strike2,36,23
ZTS,2020-08-13,2020-09-10,backfill,O:ZTS200918C00165000,165.0,2020-09-18,2020-09-08,0.71,0.82,0.45,0.5,24,10,0.71,,monthly_30d_25d_otm,weekly_2_strike2,36,23
ZTS,2020-08-13,2020-09-10,backfill,O:ZTS200918C00165000,165.0,2020-09-18,2020-09-09,0.42,1.25,0.42,1.1,50,9,0.42,,monthly_30d_25d_otm,weekly_2_strike2,36,23
ZTS,2020-08-13,2020-09-10,backfill,O:ZTS200918C00165000,165.0,2020-09-18,2020-09-10,0.85,1.3,0.75,0.75,11,5,0.85,,monthly_30d_25d_otm,weekly_2_strike2,36,23
ZTS,2021-12-02,2021-12-30,backfill,O:ZTS220121C00230000,230.0,2022-01-21,2021-12-02,4.0,6.5,4.0,6.5,11,6,4.0,,monthly_30d_30d_otm,weekly_3_strike0,50,11
ZTS,2021-12-02,2021-12-30,backfill,O:ZTS220121C00230000,230.0,2022-01-21,2021-12-03,6.6,6.6,6.4,6.4,6,3,6.6,,monthly_30d_30d_otm,weekly_3_strike0,50,11
ZTS,2021-12-02,2021-12-30,backfill,O:ZTS220121C00230000,230.0,2022-01-21,2021-12-06,7.6,7.6,5.8,5.8,21,2,7.6,,monthly_30d_30d_otm,weekly_3_strike0,50,11
ZTS,2021-12-02,2021-12-30,backfill,O:ZTS220121C00230000,230.0,2022-01-21,2021-12-07,7.07,7.3,5.81,5.81,7,4,7.07,,monthly_30d_30d_otm,weekly_3_strike0,50,11
ZTS,2021-12-02,2021-12-30,backfill,O:ZTS220121C00230000,230.0,2022-01-21,2021-12-08,7.52,7.8,4.5,7.8,60,8,7.52,,monthly_30d_30d_otm,weekly_3_strike0,50,11
ZTS,2021-12-02,2021-12-30,backfill,O:ZTS220121C00230000,230.0,2022-01-21,2021-12-09,7.65,8.33,7.1,8.25,151,32,7.65,,monthly_30d_30d_otm,weekly_3_strike0,50,11
ZTS,2021-12-02,2021-12-30,backfill,O:ZTS220121C00230000,230.0,2022-01-21,2021-12-10,9.03,9.03,7.6,8.24,94,9,9.03,,monthly_30d_30d_otm,weekly_3_strike0,50,11
ZTS,2021-12-02,2021-12-30,backfill,O:ZTS220121C00230000,230.0,2022-01-21,2021-12-13,7.9,8.25,6.8,8.25,8,3,7.9,,monthly_30d_30d_otm,weekly_3_strike0,50,11
ZTS,2021-12-02,2021-12-30,backfill,O:ZTS220121C00230000,230.0,2022-01-21,2021-12-14,7.54,7.54,5.8,6.15,57,7,7.54,,monthly_30d_30d_otm,weekly_3_strike0,50,11
ZTS,2021-12-02,2021-12-30,backfill,O:ZTS220121C00230000,230.0,2022-01-21,2021-12-15,7.05,7.38,6.3,7.1,18,10,7.05,,monthly_30d_30d_otm,weekly_3_strike0,50,11
ZTS,2021-12-02,2021-12-30,backfill,O:ZTS220121C00230000,230.0,2022-01-21,2021-12-16,7.9,9.0,7.1,7.5,64,17,7.9,,monthly_30d_30d_otm,weekly_3_strike0,50,11
ZTS,2021-12-02,2021-12-30,backfill,O:ZTS220121C00230000,230.0,2022-01-21,2021-12-17,9.85,10.45,8.36,9.1,24,18,9.85,,monthly_30d_30d_otm,weekly_3_strike0,50,11
ZTS,2021-12-02,2021-12-30,backfill,O:ZTS220121C00230000,230.0,2022-01-21,2021-12-20,7.7,8.6,6.5,8.5,76,11,7.7,,monthly_30d_30d_otm,weekly_3_strike0,50,11
ZTS,2021-12-02,2021-12-30,backfill,O:ZTS220121C00230000,230.0,2022-01-21,2021-12-21,9.4,10.5,9.4,10.5,38,5,9.4,,monthly_30d_30d_otm,weekly_3_strike0,50,11
ZTS,2021-12-02,2021-12-30,backfill,O:ZTS220121C00230000,230.0,2022-01-21,2021-12-22,11.1,12.9,11.0,12.9,10,9,11.1,,monthly_30d_30d_otm,weekly_3_strike0,50,11
ZTS,2021-12-02,2021-12-30,backfill,O:ZTS220121C00230000,230.0,2022-01-21,2021-12-23,14.62,16.5,14.0,14.0,10,6,14.62,,monthly_30d_30d_otm,weekly_3_strike0,50,11
ZTS,2021-12-02,2021-12-30,backfill,O:ZTS220121C00230000,230.0,2022-01-21,2021-12-27,16.6,17.5,14.49,17.5,23,13,16.6,,monthly_30d_30d_otm,weekly_3_strike0,50,11
ZTS,2021-12-02,2021-12-30,backfill,O:ZTS220121C00230000,230.0,2022-01-21,2021-12-28,17.0,17.0,15.0,15.0,11,5,17.0,,monthly_30d_30d_otm,weekly_3_strike0,50,11
ZTS,2021-12-02,2021-12-30,backfill,O:ZTS220121C00230000,230.0,2022-01-21,2021-12-29,16.1,17.37,15.9,17.37,5,4,16.1,,monthly_30d_30d_otm,weekly_3_strike0,50,11
ZTS,2021-12-02,2021-12-30,backfill,O:ZTS220121C00230000,230.0,2022-01-21,2021-12-30,16.5,16.89,16.48,16.89,4,3,16.5,,monthly_30d_30d_otm,weekly_3_strike0,50,11
